{
 "cells": [
  {
   "cell_type": "markdown",
   "metadata": {},
   "source": [
    "# Kernel methods for biological sequence classification\n",
    "\n",
    "MVA 2019 - Kernel methods for machine learning\n",
    "\n",
    "*Éloïse Berthier, Guillaume Dalle, Clément Mantoux*"
   ]
  },
  {
   "cell_type": "code",
   "execution_count": 1,
   "metadata": {
    "ExecuteTime": {
     "end_time": "2019-02-24T21:19:18.495831Z",
     "start_time": "2019-02-24T21:19:18.468788Z"
    }
   },
   "outputs": [],
   "source": [
    "%load_ext autoreload\n",
    "%autoreload 2"
   ]
  },
  {
   "cell_type": "code",
   "execution_count": 2,
   "metadata": {
    "ExecuteTime": {
     "end_time": "2019-02-24T21:19:18.733006Z",
     "start_time": "2019-02-24T21:19:18.499038Z"
    }
   },
   "outputs": [],
   "source": [
    "import numpy as np"
   ]
  },
  {
   "cell_type": "code",
   "execution_count": 3,
   "metadata": {
    "ExecuteTime": {
     "end_time": "2019-02-24T21:19:19.565504Z",
     "start_time": "2019-02-24T21:19:18.742691Z"
    }
   },
   "outputs": [],
   "source": [
    "import backend\n",
    "from kernels import LinearKernel, GaussianKernel, GramCSVKernel, FeatureCSVKernel, MultipleKernel"
   ]
  },
  {
   "cell_type": "markdown",
   "metadata": {},
   "source": [
    "Kernel computed on the fly on imported data"
   ]
  },
  {
   "cell_type": "code",
   "execution_count": 4,
   "metadata": {
    "ExecuteTime": {
     "end_time": "2019-02-24T21:19:21.816479Z",
     "start_time": "2019-02-24T21:19:19.568159Z"
    }
   },
   "outputs": [],
   "source": [
    "kernels1a = LinearKernel().load(\"mat100\", indices=[0, 1, 2])\n",
    "kernels1b = GaussianKernel(0.1).load(\"mat100\", indices=[0, 1, 2])"
   ]
  },
  {
   "cell_type": "markdown",
   "metadata": {},
   "source": [
    "Linear kernel computed on the fly on imported features"
   ]
  },
  {
   "cell_type": "code",
   "execution_count": 5,
   "metadata": {
    "ExecuteTime": {
     "end_time": "2019-02-24T21:19:33.155590Z",
     "start_time": "2019-02-24T21:19:21.818181Z"
    }
   },
   "outputs": [],
   "source": [
    "kernels2a = FeatureCSVKernel(\"SpectralKernel6\", {}).load(\"spectr6\", indices=[0, 1, 2])\n",
    "kernels2b = FeatureCSVKernel(\"SpectralKernel3\", {}).load(\"spectr3\", indices=[0, 1, 2])\n",
    "kernels2c = FeatureCSVKernel(\"TranslatedKernel\", {}).load(\"trans6\", indices=[0, 1, 2])\n",
    "kernels2d = FeatureCSVKernel(\"TfIdfKernel6\", {}).load(\"tfidf6\", indices=[0, 1, 2])"
   ]
  },
  {
   "cell_type": "markdown",
   "metadata": {},
   "source": [
    "Precomputed kernel defined from stored Gram matrices"
   ]
  },
  {
   "cell_type": "code",
   "execution_count": 6,
   "metadata": {
    "ExecuteTime": {
     "end_time": "2019-02-24T21:19:34.811376Z",
     "start_time": "2019-02-24T21:19:33.156961Z"
    }
   },
   "outputs": [],
   "source": [
    "kernels3 = GramCSVKernel(\"SubstringKernel\", {}).load(\"substring4_0.7\", indices=[0, 1])"
   ]
  },
  {
   "cell_type": "markdown",
   "metadata": {},
   "source": [
    "Parameter tuning"
   ]
  },
  {
   "cell_type": "code",
   "execution_count": 7,
   "metadata": {
    "ExecuteTime": {
     "end_time": "2019-02-24T21:19:34.839551Z",
     "start_time": "2019-02-24T21:19:34.812881Z"
    }
   },
   "outputs": [],
   "source": [
    "lambdas = np.logspace(-3, 3, 15)"
   ]
  },
  {
   "cell_type": "code",
   "execution_count": 8,
   "metadata": {
    "ExecuteTime": {
     "end_time": "2019-02-24T21:38:07.036188Z",
     "start_time": "2019-02-24T21:19:34.841422Z"
    }
   },
   "outputs": [
    {
     "name": "stderr",
     "output_type": "stream",
     "text": [
      "Tuning lambda on dataset 0 with kernel MultipleKernel and params {'kernel_names': ['LinearKernel', 'SpectralKernel6', 'SpectralKernel3', 'TranslatedKernel', 'TfIdfKernel6', 'SubstringKernel'], 'kernel_params': [{'suffix': 'mat100'}, {'suffix': 'spectr6'}, {'suffix': 'spectr3'}, {'suffix': 'trans6'}, {'suffix': 'tfidf6'}, {'suffix': 'substring4_0.7'}], 'grad_step': 0.5, 'iterations': 10}:   0%|          | 0/15 [00:00<?, ?it/s]"
     ]
    },
    {
     "name": "stdout",
     "output_type": "stream",
     "text": [
      "[0.11578742 0.2779715  0.10793301 0.13161882 0.26144738 0.10524187]\n",
      "[0.09481015 0.32797514 0.08083348 0.11815318 0.3023023  0.07592576]\n",
      "[0.07937083 0.36620324 0.05991214 0.10832624 0.33325521 0.05293234]\n",
      "[0.06689166 0.39806171 0.04234894 0.10037981 0.3589079  0.03341   ]\n",
      "[0.05632389 0.42578763 0.02698396 0.09360904 0.38112572 0.01616977]\n",
      "[0.04710358 0.45056869 0.01319083 0.08765037 0.40090149 0.00058504]\n",
      "[0.03562786 0.46982773 0.         0.07902441 0.41552    0.        ]\n",
      "[0.02182146 0.48458145 0.         0.06775983 0.42583726 0.        ]\n",
      "[0.00881213 0.49861917 0.         0.05701205 0.43555665 0.        ]\n",
      "[0.         0.51086046 0.         0.04555234 0.4435872  0.        ]\n",
      "[0.11772924 0.27435887 0.11044564 0.13173885 0.25848134 0.10724607]\n",
      "[0.0970571  0.32362578 0.08427549 0.11798534 0.29870408 0.07835221]\n",
      "[0.08185961 0.36115354 0.06420071 0.10796827 0.32906007 0.0557578 ]\n",
      "[0.06956546 0.39229727 0.04747568 0.09989269 0.35411106 0.03665783]\n",
      "[0.0591199  0.41931133 0.03293139 0.0930368  0.375743   0.01985758]\n",
      "[0.04996722 0.4433904  0.01993965 0.08702224 0.39495142 0.00472907]\n",
      "[0.03994977 0.46342555 0.00630471 0.07981027 0.4105097  0.        ]\n",
      "[0.02804489 0.47930986 0.         0.07046026 0.42218499 0.        ]\n",
      "[0.01537816 0.49283045 0.         0.06012459 0.43166681 0.        ]\n",
      "[0.00336049 0.50574247 0.         0.05023225 0.4406648  0.        ]\n",
      "[0.11882819 0.27504478 0.11011856 0.13135166 0.25696382 0.107693  ]\n",
      "[0.09878861 0.32408719 0.08371742 0.11765275 0.29632653 0.07942751]\n",
      "[0.08394858 0.36161868 0.06324107 0.10765473 0.32620639 0.05733055]\n",
      "[0.07183153 0.39299809 0.04594193 0.09952807 0.35104246 0.03865792]\n",
      "[0.06143894 0.4203142  0.03070614 0.09256128 0.37255211 0.02242734]\n",
      "[0.05216345 0.44463559 0.01685796 0.08630321 0.39160027 0.00843952]\n",
      "[0.04295388 0.46591796 0.00331119 0.07980758 0.40800939 0.        ]\n",
      "[0.0302079  0.48132943 0.         0.06956913 0.41889354 0.        ]\n",
      "[0.01741834 0.49514361 0.         0.05908245 0.4283556  0.        ]\n",
      "[0.00528438 0.50832872 0.         0.04906129 0.43732561 0.        ]\n",
      "[0.1162438  0.27669765 0.10823448 0.12851534 0.26497773 0.105331  ]\n",
      "[0.09568808 0.32600046 0.08153351 0.11382997 0.30658026 0.07636772]\n",
      "[0.08066533 0.36343744 0.06104535 0.10316385 0.33784436 0.05384367]\n",
      "[0.06853644 0.39456576 0.04387936 0.09453722 0.36368399 0.03479723]\n",
      "[0.0582428  0.42163332 0.02885648 0.08717927 0.38605247 0.01803567]\n",
      "[0.04924513 0.44576989 0.01537736 0.08069951 0.40589239 0.00301573]\n",
      "[0.03908054 0.46554827 0.00095029 0.07273402 0.42168689 0.        ]\n",
      "[0.02593945 0.48008359 0.         0.06153866 0.4324383  0.        ]\n",
      "[0.01335833 0.49365368 0.         0.05066094 0.44232705 0.        ]\n",
      "[0.00147916 0.50659538 0.         0.04025328 0.45167218 0.        ]\n",
      "[0.11716141 0.27876698 0.10967903 0.12980046 0.25764821 0.10694392]\n",
      "[0.0964935  0.32946601 0.08310058 0.11523615 0.29750926 0.07819449]\n",
      "[0.08134099 0.36791286 0.06267402 0.10469925 0.32756144 0.05581145]\n",
      "[0.06906521 0.39989306 0.04552244 0.09619046 0.35246975 0.03685908]\n",
      "[0.05860514 0.42772492 0.03048149 0.08894326 0.37407839 0.02016681]\n",
      "[0.04942964 0.45254794 0.0169523  0.08256436 0.39328219 0.00522356]\n",
      "[0.03957784 0.47339331 0.00291745 0.07517938 0.40893203 0.        ]\n",
      "[0.02681988 0.488954   0.         0.06463282 0.4195933  0.        ]\n",
      "[0.0141449  0.50299265 0.         0.05393012 0.42893233 0.        ]\n",
      "[0.00216097 0.51637462 0.         0.04368929 0.43777513 0.        ]\n"
     ]
    },
    {
     "name": "stderr",
     "output_type": "stream",
     "text": [
      "Tuning lambda on dataset 0 with kernel MultipleKernel and params {'kernel_names': ['LinearKernel', 'SpectralKernel6', 'SpectralKernel3', 'TranslatedKernel', 'TfIdfKernel6', 'SubstringKernel'], 'kernel_params': [{'suffix': 'mat100'}, {'suffix': 'spectr6'}, {'suffix': 'spectr3'}, {'suffix': 'trans6'}, {'suffix': 'tfidf6'}, {'suffix': 'substring4_0.7'}], 'grad_step': 0.5, 'iterations': 10}:   7%|▋         | 1/15 [02:04<29:04, 124.61s/it]"
     ]
    },
    {
     "name": "stdout",
     "output_type": "stream",
     "text": [
      "[0.08398721 0.33632979 0.07375225 0.11386711 0.32369655 0.0683671 ]\n",
      "[0.05208924 0.41138908 0.03290233 0.09405003 0.38667202 0.0228973 ]\n",
      "[0.026464   0.46610518 0.         0.07658108 0.43084974 0.        ]\n",
      "[0.         0.49814844 0.         0.04848587 0.45336569 0.        ]\n",
      "[0.         0.51942073 0.         0.01505887 0.4655204  0.        ]\n",
      "[0.         0.53140511 0.         0.         0.46859489 0.        ]\n",
      "[0.         0.53575323 0.         0.         0.46424677 0.        ]\n",
      "[0.         0.53998236 0.         0.         0.46001764 0.        ]\n",
      "[0.         0.54409497 0.         0.         0.45590503 0.        ]\n",
      "[0.         0.54809422 0.         0.         0.45190578 0.        ]\n",
      "[0.08816608 0.33144524 0.07689067 0.11513352 0.31878889 0.0695756 ]\n",
      "[0.05891233 0.40377971 0.03659093 0.09551135 0.38094763 0.02425806]\n",
      "[0.03595662 0.45663334 0.00337948 0.07879311 0.42523746 0.        ]\n",
      "[0.00616716 0.48969691 0.         0.05357626 0.45055967 0.        ]\n",
      "[0.         0.51181911 0.         0.02295251 0.46522838 0.        ]\n",
      "[0.         0.52695596 0.         0.         0.47304404 0.        ]\n",
      "[0.         0.53056229 0.         0.         0.46943771 0.        ]\n",
      "[0.         0.53407764 0.         0.         0.46592236 0.        ]\n",
      "[0.         0.53750423 0.         0.         0.46249577 0.        ]\n",
      "[0.         0.54084437 0.         0.         0.45915563 0.        ]\n",
      "[0.08515729 0.34082237 0.0714896  0.10695595 0.32862269 0.06695209]\n",
      "[0.05637948 0.41421591 0.03052717 0.08521549 0.39111022 0.02255172]\n",
      "[0.03295944 0.46681781 0.         0.06607722 0.43414553 0.        ]\n",
      "[0.00295561 0.49972561 0.         0.03904961 0.45826917 0.        ]\n",
      "[0.         0.52165461 0.         0.00662448 0.47172091 0.        ]\n",
      "[0.         0.52913033 0.         0.         0.47086967 0.        ]\n",
      "[0.         0.53319843 0.         0.         0.46680157 0.        ]\n",
      "[0.         0.53716373 0.         0.         0.46283627 0.        ]\n",
      "[0.         0.54102891 0.         0.         0.45897109 0.        ]\n",
      "[0.         0.54479657 0.         0.         0.45520343 0.        ]\n",
      "[0.08457858 0.33026576 0.07677255 0.11592552 0.32262749 0.06983009]\n",
      "[0.05219885 0.40236945 0.03712059 0.09780454 0.38508957 0.025417  ]\n",
      "[0.02703292 0.45517676 0.00515012 0.08297633 0.42966387 0.        ]\n",
      "[0.         0.48709379 0.         0.05837915 0.45452706 0.        ]\n",
      "[0.         0.5062962  0.         0.0266688  0.46703499 0.        ]\n",
      "[0.         0.52292704 0.         0.         0.47707296 0.        ]\n",
      "[0.         0.52618041 0.         0.         0.47381959 0.        ]\n",
      "[0.         0.52935562 0.         0.         0.47064438 0.        ]\n",
      "[0.         0.53245461 0.         0.         0.46754539 0.        ]\n",
      "[0.         0.53547926 0.         0.         0.46452074 0.        ]\n",
      "[0.08425883 0.33715869 0.0743451  0.11299739 0.32414159 0.0670984 ]\n",
      "[0.05398068 0.41139453 0.03412141 0.09422759 0.38517474 0.02110105]\n",
      "[2.96071472e-02 4.64762429e-01 3.97539613e-04 7.77690912e-02\n",
      " 4.27463793e-01 0.00000000e+00]\n",
      "[0.         0.49756175 0.         0.05210442 0.45033383 0.        ]\n",
      "[0.         0.51842429 0.         0.01987963 0.46169608 0.        ]\n",
      "[0.         0.53300692 0.         0.         0.46699308 0.        ]\n",
      "[0.        0.5375423 0.        0.        0.4624577 0.       ]\n",
      "[0.        0.5419515 0.        0.        0.4580485 0.       ]\n",
      "[0.         0.54623805 0.         0.         0.45376195 0.        ]\n",
      "[0.         0.55040545 0.         0.         0.44959455 0.        ]\n"
     ]
    },
    {
     "name": "stderr",
     "output_type": "stream",
     "text": [
      "Tuning lambda on dataset 0 with kernel MultipleKernel and params {'kernel_names': ['LinearKernel', 'SpectralKernel6', 'SpectralKernel3', 'TranslatedKernel', 'TfIdfKernel6', 'SubstringKernel'], 'kernel_params': [{'suffix': 'mat100'}, {'suffix': 'spectr6'}, {'suffix': 'spectr3'}, {'suffix': 'trans6'}, {'suffix': 'tfidf6'}, {'suffix': 'substring4_0.7'}], 'grad_step': 0.5, 'iterations': 10}:  13%|█▎        | 2/15 [04:09<27:00, 124.66s/it]"
     ]
    },
    {
     "name": "stdout",
     "output_type": "stream",
     "text": [
      "[0.07903214 0.33026216 0.07310674 0.12451257 0.33409002 0.05899637]\n",
      "[0.03666362 0.42300247 0.02006124 0.10223391 0.41803876 0.        ]\n",
      "[0.         0.47525204 0.         0.06380952 0.46093844 0.        ]\n",
      "[0.         0.50528181 0.         0.01338179 0.4813364  0.        ]\n",
      "[0.         0.51689279 0.         0.         0.48310721 0.        ]\n",
      "[0.         0.52171579 0.         0.         0.47828421 0.        ]\n",
      "[0.         0.52637408 0.         0.         0.47362592 0.        ]\n",
      "[0.         0.53087324 0.         0.         0.46912676 0.        ]\n",
      "[0.         0.53521882 0.         0.         0.46478118 0.        ]\n",
      "[0.         0.53941617 0.         0.         0.46058383 0.        ]\n",
      "[0.07156567 0.33698733 0.06804398 0.12340128 0.34513069 0.05487105]\n",
      "[0.0254728  0.42864455 0.01536029 0.10320003 0.42732233 0.        ]\n",
      "[0.         0.47516152 0.         0.06088854 0.46394995 0.        ]\n",
      "[0.         0.50501178 0.         0.01108866 0.48389956 0.        ]\n",
      "[0.        0.5155411 0.        0.        0.4844589 0.       ]\n",
      "[0.         0.52039954 0.         0.         0.47960046 0.        ]\n",
      "[0.         0.52509314 0.         0.         0.47490686 0.        ]\n",
      "[0.         0.52962703 0.         0.         0.47037297 0.        ]\n",
      "[0.         0.53400627 0.         0.         0.46599373 0.        ]\n",
      "[0.         0.53823588 0.         0.         0.46176412 0.        ]\n",
      "[0.07394571 0.33614387 0.07196925 0.11903631 0.34343289 0.05547198]\n",
      "[0.02754405 0.42970635 0.02058524 0.09500146 0.4271629  0.        ]\n",
      "[0.         0.47981119 0.         0.05288657 0.46730224 0.        ]\n",
      "[0.         0.51057612 0.         0.00152584 0.48789804 0.        ]\n",
      "[0.         0.51650271 0.         0.         0.48349729 0.        ]\n",
      "[0.         0.52149687 0.         0.         0.47850313 0.        ]\n",
      "[0.         0.52631986 0.         0.         0.47368014 0.        ]\n",
      "[0.         0.53097592 0.         0.         0.46902408 0.        ]\n",
      "[0.         0.53546955 0.         0.         0.46453045 0.        ]\n",
      "[0.         0.53980621 0.         0.         0.46019379 0.        ]\n",
      "[0.07664997 0.33356039 0.06997589 0.11878209 0.34270873 0.05832294]\n",
      "[0.03113838 0.42799745 0.01724969 0.09622148 0.42739299 0.        ]\n",
      "[0.         0.47769372 0.         0.05474603 0.46756025 0.        ]\n",
      "[0.         0.50793386 0.         0.0038555  0.48821064 0.        ]\n",
      "[0.         0.51469993 0.         0.         0.48530007 0.        ]\n",
      "[0.         0.51939713 0.         0.         0.48060287 0.        ]\n",
      "[0.         0.52394178 0.         0.         0.47605822 0.        ]\n",
      "[0.         0.52833911 0.         0.         0.47166089 0.        ]\n",
      "[0.         0.53259356 0.         0.         0.46740644 0.        ]\n",
      "[0.         0.53670912 0.         0.         0.46329088 0.        ]\n",
      "[0.07824699 0.3355365  0.06897229 0.11942727 0.3429305  0.05488644]\n",
      "[0.0361303  0.42763074 0.01573667 0.09496853 0.42553376 0.        ]\n",
      "[0.         0.47927745 0.         0.05385396 0.46686859 0.        ]\n",
      "[0.         0.5100952  0.         0.00251554 0.48738926 0.        ]\n",
      "[0.         0.51652676 0.         0.         0.48347324 0.        ]\n",
      "[0.         0.52153417 0.         0.         0.47846583 0.        ]\n",
      "[0.       0.526371 0.       0.       0.473629 0.      ]\n",
      "[0.         0.53104313 0.         0.         0.46895687 0.        ]\n",
      "[0.         0.53555642 0.         0.         0.46444358 0.        ]\n",
      "[0.         0.53991609 0.         0.         0.46008391 0.        ]\n"
     ]
    },
    {
     "name": "stderr",
     "output_type": "stream",
     "text": [
      "Tuning lambda on dataset 0 with kernel MultipleKernel and params {'kernel_names': ['LinearKernel', 'SpectralKernel6', 'SpectralKernel3', 'TranslatedKernel', 'TfIdfKernel6', 'SubstringKernel'], 'kernel_params': [{'suffix': 'mat100'}, {'suffix': 'spectr6'}, {'suffix': 'spectr3'}, {'suffix': 'trans6'}, {'suffix': 'tfidf6'}, {'suffix': 'substring4_0.7'}], 'grad_step': 0.5, 'iterations': 10}:  20%|██        | 3/15 [06:11<24:46, 123.91s/it]"
     ]
    },
    {
     "name": "stdout",
     "output_type": "stream",
     "text": [
      "[0.09474459 0.28591585 0.10056449 0.14178424 0.30246698 0.07452386]\n",
      "[0.04013087 0.38060918 0.04818302 0.12262137 0.40183131 0.00662424]\n",
      "[0.         0.44344585 0.         0.09201647 0.46453768 0.        ]\n",
      "[0.         0.47200938 0.         0.03747914 0.49051148 0.        ]\n",
      "[0.         0.49255483 0.         0.         0.50744517 0.        ]\n",
      "[0.         0.49465397 0.         0.         0.50534603 0.        ]\n",
      "[0.         0.49670145 0.         0.         0.50329855 0.        ]\n",
      "[0.         0.49869842 0.         0.         0.50130158 0.        ]\n",
      "[0.         0.50064604 0.         0.         0.49935396 0.        ]\n",
      "[0.         0.50254543 0.         0.         0.49745457 0.        ]\n",
      "[0.09380358 0.2897635  0.09478306 0.13860816 0.30647187 0.07656984]\n",
      "[0.03929767 0.38412893 0.03986664 0.11656479 0.40420109 0.01594087]\n",
      "[0.         0.44861257 0.         0.08380524 0.46758219 0.        ]\n",
      "[0.         0.47858215 0.         0.02664771 0.49477014 0.        ]\n",
      "[0.         0.49372947 0.         0.         0.50627053 0.        ]\n",
      "[0.         0.49572102 0.         0.         0.50427898 0.        ]\n",
      "[0.         0.49766567 0.         0.         0.50233433 0.        ]\n",
      "[0.        0.4995644 0.        0.        0.5004356 0.       ]\n",
      "[0.         0.50141818 0.         0.         0.49858182 0.        ]\n",
      "[0.         0.50322798 0.         0.         0.49677202 0.        ]\n",
      "[0.09744764 0.28253849 0.10088133 0.14265803 0.30109026 0.07538426]\n",
      "[0.04453629 0.37492831 0.04999396 0.12372712 0.39950524 0.00730908]\n",
      "[0.         0.43962205 0.         0.09559595 0.464782   0.        ]\n",
      "[0.         0.46779191 0.         0.04087264 0.49133545 0.        ]\n",
      "[0.         0.48950054 0.         0.         0.51049946 0.        ]\n",
      "[0.         0.49108271 0.         0.         0.50891729 0.        ]\n",
      "[0.         0.49262542 0.         0.         0.50737458 0.        ]\n",
      "[0.         0.49412966 0.         0.         0.50587034 0.        ]\n",
      "[0.         0.49559639 0.         0.         0.50440361 0.        ]\n",
      "[0.         0.49702655 0.         0.         0.50297345 0.        ]\n",
      "[0.09867732 0.28564313 0.09846201 0.13980238 0.30227432 0.07514083]\n",
      "[0.0479818  0.37985593 0.0450346  0.11844651 0.40113022 0.00755093]\n",
      "[0.         0.44577276 0.         0.08777858 0.46644866 0.        ]\n",
      "[0.         0.47541248 0.         0.03115833 0.49342919 0.        ]\n",
      "[0.         0.49271129 0.         0.         0.50728871 0.        ]\n",
      "[0.         0.49460219 0.         0.         0.50539781 0.        ]\n",
      "[0.         0.49644362 0.         0.         0.50355638 0.        ]\n",
      "[0.         0.49823681 0.         0.         0.50176319 0.        ]\n",
      "[0.         0.49998293 0.         0.         0.50001707 0.        ]\n",
      "[0.         0.50168314 0.         0.         0.49831686 0.        ]\n",
      "[0.09422552 0.29026649 0.09454685 0.14371159 0.30576033 0.07148922]\n",
      "[0.04024845 0.38701687 0.0403283  0.12544152 0.40547038 0.00149448]\n",
      "[0.         0.44708795 0.         0.089186   0.46372604 0.        ]\n",
      "[0.         0.47740658 0.         0.03227057 0.49032286 0.        ]\n",
      "[0.         0.49580423 0.         0.         0.50419577 0.        ]\n",
      "[0.         0.49825907 0.         0.         0.50174093 0.        ]\n",
      "[0.         0.50065684 0.         0.         0.49934316 0.        ]\n",
      "[0.         0.50299889 0.         0.         0.49700111 0.        ]\n",
      "[0.         0.50528658 0.         0.         0.49471342 0.        ]\n",
      "[0.         0.50752127 0.         0.         0.49247873 0.        ]\n"
     ]
    },
    {
     "name": "stderr",
     "output_type": "stream",
     "text": [
      "Tuning lambda on dataset 0 with kernel MultipleKernel and params {'kernel_names': ['LinearKernel', 'SpectralKernel6', 'SpectralKernel3', 'TranslatedKernel', 'TfIdfKernel6', 'SubstringKernel'], 'kernel_params': [{'suffix': 'mat100'}, {'suffix': 'spectr6'}, {'suffix': 'spectr3'}, {'suffix': 'trans6'}, {'suffix': 'tfidf6'}, {'suffix': 'substring4_0.7'}], 'grad_step': 0.5, 'iterations': 10}:  27%|██▋       | 4/15 [08:15<22:42, 123.84s/it]"
     ]
    },
    {
     "name": "stdout",
     "output_type": "stream",
     "text": [
      "[0.12705973 0.23270933 0.13254481 0.1571016  0.24305755 0.10752699]\n",
      "[0.08944691 0.29556538 0.09962483 0.14801482 0.31464332 0.05270473]\n",
      "[0.05371812 0.35563128 0.06771236 0.13958092 0.38148741 0.00186991]\n",
      "[0.01069062 0.4038485  0.02798718 0.12248931 0.43498439 0.        ]\n",
      "[0.         0.43635292 0.         0.09197048 0.4716766  0.        ]\n",
      "[0.         0.4556696  0.         0.04979556 0.49453484 0.        ]\n",
      "[0.         0.47483614 0.         0.00843688 0.51672698 0.        ]\n",
      "[0.         0.47779386 0.         0.         0.52220614 0.        ]\n",
      "[0.         0.47659402 0.         0.         0.52340598 0.        ]\n",
      "[0.         0.47540708 0.         0.         0.52459292 0.        ]\n",
      "[0.13100084 0.2306079  0.13424423 0.15549065 0.24068053 0.10797584]\n",
      "[0.09730223 0.29133509 0.10301332 0.14471139 0.31025814 0.05337983]\n",
      "[0.0657646  0.3487605  0.0730129  0.13441432 0.37527226 0.00277542]\n",
      "[0.0272901  0.39441631 0.03528463 0.11568822 0.42732073 0.        ]\n",
      "[0.         0.43416078 0.         0.09335679 0.47248243 0.        ]\n",
      "[0.         0.45275024 0.         0.05168971 0.49556006 0.        ]\n",
      "[0.         0.47118752 0.         0.01075982 0.51805266 0.        ]\n",
      "[0.         0.47476316 0.         0.         0.52523684 0.        ]\n",
      "[0.         0.47302897 0.         0.         0.52697103 0.        ]\n",
      "[0.         0.47131135 0.         0.         0.52868865 0.        ]\n",
      "[0.12943246 0.23240653 0.13537485 0.15767191 0.23768965 0.1074246 ]\n",
      "[0.09423835 0.29404428 0.10573785 0.14883033 0.3043628  0.0527864 ]\n",
      "[0.06106596 0.35238635 0.07733163 0.14045473 0.36671199 0.00204936]\n",
      "[0.02064624 0.39887568 0.0411827  0.12345761 0.41583777 0.        ]\n",
      "[0.         0.43907635 0.00116336 0.10202671 0.45773358 0.        ]\n",
      "[0.         0.45917708 0.         0.06195152 0.4788714  0.        ]\n",
      "[0.         0.47875465 0.         0.02211274 0.49913261 0.        ]\n",
      "[0.        0.4896332 0.        0.        0.5103668 0.       ]\n",
      "[0.         0.48954378 0.         0.         0.51045622 0.        ]\n",
      "[0.        0.4894551 0.        0.        0.5105449 0.       ]\n",
      "[0.13086274 0.22853742 0.13513141 0.1579613  0.23703542 0.1104717 ]\n",
      "[0.0970046  0.28721477 0.10461785 0.14970586 0.3031703  0.05828663]\n",
      "[0.06487426 0.34300316 0.07509467 0.14184094 0.36560531 0.00958165]\n",
      "[0.02729421 0.38898029 0.0393732  0.12722994 0.41712235 0.        ]\n",
      "[0.00000000e+00 4.29168132e-01 1.81106347e-04 1.08755359e-01\n",
      " 4.61895403e-01 0.00000000e+00]\n",
      "[0.         0.44701084 0.         0.06948051 0.48350864 0.        ]\n",
      "[0.         0.4646499  0.         0.03084357 0.50450652 0.        ]\n",
      "[0.        0.4785698 0.        0.        0.5214302 0.       ]\n",
      "[0.         0.47721465 0.         0.         0.52278535 0.        ]\n",
      "[0.         0.47587046 0.         0.         0.52412954 0.        ]\n",
      "[0.13053302 0.23096083 0.13361722 0.15670999 0.23940112 0.10877782]\n",
      "[0.09685264 0.29104965 0.10235671 0.14766496 0.30648102 0.05559502]\n",
      "[0.06522548 0.34783235 0.07249782 0.13933594 0.36875195 0.00635645]\n",
      "[0.02762492 0.39387289 0.03614376 0.12355743 0.41880099 0.        ]\n",
      "[0.         0.4340771  0.         0.10388594 0.46203696 0.        ]\n",
      "[0.         0.45273462 0.         0.06425426 0.48301112 0.        ]\n",
      "[0.         0.47126409 0.         0.0252535  0.50348242 0.        ]\n",
      "[0.        0.4830979 0.        0.        0.5169021 0.       ]\n",
      "[0.         0.48241141 0.         0.         0.51758859 0.        ]\n",
      "[0.        0.4817319 0.        0.        0.5182681 0.       ]\n"
     ]
    },
    {
     "name": "stderr",
     "output_type": "stream",
     "text": [
      "Tuning lambda on dataset 0 with kernel MultipleKernel and params {'kernel_names': ['LinearKernel', 'SpectralKernel6', 'SpectralKernel3', 'TranslatedKernel', 'TfIdfKernel6', 'SubstringKernel'], 'kernel_params': [{'suffix': 'mat100'}, {'suffix': 'spectr6'}, {'suffix': 'spectr3'}, {'suffix': 'trans6'}, {'suffix': 'tfidf6'}, {'suffix': 'substring4_0.7'}], 'grad_step': 0.5, 'iterations': 10}:  33%|███▎      | 5/15 [10:20<20:43, 124.34s/it]"
     ]
    },
    {
     "name": "stdout",
     "output_type": "stream",
     "text": [
      "[0.15076171 0.19251067 0.15396136 0.16348973 0.19661039 0.14266614]\n",
      "[0.13485676 0.21835467 0.14125606 0.16031278 0.22655411 0.11866561]\n",
      "[0.1189518  0.24419871 0.12855074 0.15713584 0.25649787 0.09466504]\n",
      "[0.10304684 0.27004274 0.11584541 0.1539589  0.28644162 0.07066448]\n",
      "[0.08716851 0.29586851 0.10312463 0.15079122 0.31636529 0.04668185]\n",
      "[0.07136285 0.32164615 0.09035946 0.14764788 0.34623625 0.02274741]\n",
      "[0.05543962 0.3471208  0.07744135 0.14433196 0.37566628 0.        ]\n",
      "[0.03515016 0.36794541 0.060122   0.13657008 0.40021234 0.        ]\n",
      "[0.01497232 0.38871197 0.0428642  0.12886667 0.42458484 0.        ]\n",
      "[0.         0.40815711 0.02434714 0.11993313 0.44756263 0.        ]\n",
      "[0.15088309 0.19275488 0.15360306 0.16310272 0.19761797 0.14203828]\n",
      "[0.13509952 0.21884307 0.14053947 0.15953878 0.22856925 0.1174099 ]\n",
      "[0.11931594 0.2449313  0.12747585 0.15597484 0.25952057 0.09278149]\n",
      "[0.10354925 0.27100499 0.11441762 0.15242329 0.2904309  0.06817395]\n",
      "[0.08784765 0.29702042 0.10137755 0.14891358 0.3211956  0.04364519]\n",
      "[0.07228403 0.32288342 0.08846869 0.14547311 0.35156812 0.01932263]\n",
      "[0.05587706 0.34766151 0.07464463 0.14111825 0.38069855 0.        ]\n",
      "[0.03571675 0.36852065 0.05698161 0.13295552 0.40582546 0.        ]\n",
      "[0.01563875 0.38933406 0.03938533 0.12483461 0.43080724 0.        ]\n",
      "[0.         0.40899986 0.02077759 0.11567996 0.45454259 0.        ]\n",
      "[0.15137891 0.19292374 0.15391685 0.16310718 0.19706126 0.14161205]\n",
      "[0.13609116 0.21918082 0.14116703 0.1595477  0.22745586 0.11655744]\n",
      "[0.1208034  0.24543789 0.12841721 0.15598821 0.25785045 0.09150283]\n",
      "[0.1055158  0.27169485 0.11566732 0.15242879 0.28824491 0.06644832]\n",
      "[0.09030267 0.29789865 0.10287936 0.14889939 0.31857775 0.04144218]\n",
      "[0.0752018  0.32401228 0.09009578 0.14542207 0.34872509 0.01654298]\n",
      "[0.0586239  0.34834693 0.0757977  0.14039702 0.37683445 0.        ]\n",
      "[0.03887076 0.36930018 0.05827431 0.13214325 0.40141149 0.        ]\n",
      "[0.01920451 0.39020829 0.04077863 0.12394265 0.42586592 0.        ]\n",
      "[0.         0.41097591 0.02322891 0.11570206 0.45009312 0.        ]\n",
      "[0.15222321 0.19248652 0.15321308 0.16232511 0.19606046 0.14369161]\n",
      "[0.13777976 0.21830638 0.13975949 0.15798355 0.22545426 0.12071656]\n",
      "[0.1233363  0.24412623 0.1263059  0.153642   0.25484805 0.09774151]\n",
      "[0.10889286 0.26994606 0.11285233 0.14930044 0.28424182 0.07476649]\n",
      "[0.0944494  0.29576592 0.09939873 0.14495889 0.31363563 0.05179142]\n",
      "[0.08000594 0.32158579 0.08594514 0.14061733 0.34302944 0.02881636]\n",
      "[0.06556587 0.34740307 0.07249306 0.13627706 0.3724156  0.00584534]\n",
      "[0.04778267 0.36975943 0.05565931 0.12855216 0.39824642 0.        ]\n",
      "[0.02889637 0.3909169  0.03768774 0.11969045 0.42280853 0.        ]\n",
      "[0.01009819 0.4120293  0.01974063 0.11087491 0.44725697 0.        ]\n",
      "[0.15194717 0.19232282 0.15357422 0.1632065  0.19689612 0.14205317]\n",
      "[0.13722768 0.21797896 0.14048178 0.15974634 0.22712557 0.11743967]\n",
      "[0.12250819 0.2436351  0.12738934 0.15628618 0.25735501 0.09282618]\n",
      "[0.10778871 0.26929123 0.11429691 0.15282601 0.28758443 0.0682127 ]\n",
      "[0.09306921 0.2949474  0.10120446 0.14936585 0.3178139  0.04359918]\n",
      "[0.07834971 0.32060356 0.088112   0.14590569 0.34804337 0.01898567]\n",
      "[0.06251965 0.3451267  0.07389216 0.14132836 0.37713313 0.        ]\n",
      "[0.0429697  0.36581409 0.05587461 0.13300037 0.40234123 0.        ]\n",
      "[0.0235108  0.38644979 0.03795821 0.12472555 0.42735565 0.        ]\n",
      "[0.00416025 0.4070264  0.02015262 0.11650906 0.45215167 0.        ]\n"
     ]
    },
    {
     "name": "stderr",
     "output_type": "stream",
     "text": [
      "Tuning lambda on dataset 0 with kernel MultipleKernel and params {'kernel_names': ['LinearKernel', 'SpectralKernel6', 'SpectralKernel3', 'TranslatedKernel', 'TfIdfKernel6', 'SubstringKernel'], 'kernel_params': [{'suffix': 'mat100'}, {'suffix': 'spectr6'}, {'suffix': 'spectr3'}, {'suffix': 'trans6'}, {'suffix': 'tfidf6'}, {'suffix': 'substring4_0.7'}], 'grad_step': 0.5, 'iterations': 10}:  40%|████      | 6/15 [12:16<18:16, 121.82s/it]"
     ]
    },
    {
     "name": "stdout",
     "output_type": "stream",
     "text": [
      "[0.16126848 0.17634102 0.16172868 0.1653617  0.17803197 0.15726816]\n",
      "[0.15587029 0.18601537 0.15679069 0.16405674 0.18939727 0.14786965]\n",
      "[0.15047211 0.19568972 0.1518527  0.16275177 0.20076257 0.13847114]\n",
      "[0.14507392 0.20536407 0.1469147  0.16144681 0.21212786 0.12907263]\n",
      "[0.13967574 0.21503842 0.14197671 0.16014185 0.22349316 0.11967412]\n",
      "[0.13427755 0.22471277 0.13703872 0.15883688 0.23485846 0.11027561]\n",
      "[0.12887936 0.23438712 0.13210073 0.15753192 0.24622376 0.1008771 ]\n",
      "[0.12348118 0.24406147 0.12716274 0.15622695 0.25758906 0.0914786 ]\n",
      "[0.11808299 0.25373582 0.12222475 0.15492199 0.26895436 0.08208009]\n",
      "[0.1126848  0.26341017 0.11728676 0.15361702 0.28031966 0.07268158]\n",
      "[0.16072094 0.17677708 0.16170947 0.16495271 0.17824891 0.15759089]\n",
      "[0.15477521 0.1868875  0.15675228 0.16323875 0.18983115 0.14851511]\n",
      "[0.14882948 0.19699792 0.15179509 0.16152479 0.20141339 0.13943933]\n",
      "[0.14288375 0.20710833 0.1468379  0.15981083 0.21299563 0.13036356]\n",
      "[0.13693802 0.21721875 0.14188071 0.15809687 0.22457787 0.12128778]\n",
      "[0.1309923  0.22732917 0.13692352 0.15638291 0.23616011 0.112212  ]\n",
      "[0.12504657 0.23743958 0.13196632 0.15466895 0.24774235 0.10313623]\n",
      "[0.11910084 0.24755    0.12700913 0.15295499 0.25932459 0.09406045]\n",
      "[0.11315511 0.25766042 0.12205194 0.15124103 0.27090683 0.08498467]\n",
      "[0.10720938 0.26777083 0.11709475 0.14952707 0.28248907 0.07590889]\n",
      "[0.160884   0.17651201 0.16123875 0.16558034 0.17823639 0.1575485 ]\n",
      "[0.15510134 0.18635736 0.15581084 0.16449402 0.18980612 0.14843033]\n",
      "[0.14931867 0.19620271 0.15038292 0.16340769 0.20137585 0.13931216]\n",
      "[0.14353601 0.20604806 0.144955   0.16232137 0.21294557 0.13019399]\n",
      "[0.13775334 0.2158934  0.13952709 0.16123504 0.2245153  0.12107582]\n",
      "[0.13197068 0.22573875 0.13409917 0.16014872 0.23608503 0.11195765]\n",
      "[0.12618801 0.2355841  0.12867126 0.15906239 0.24765476 0.10283948]\n",
      "[0.12040535 0.24542945 0.12324334 0.15797607 0.25922448 0.09372131]\n",
      "[0.11462269 0.25527479 0.11781542 0.15688974 0.27079421 0.08460314]\n",
      "[0.10884002 0.26512014 0.11238751 0.15580342 0.28236394 0.07548497]\n",
      "[0.16119264 0.17604363 0.16222386 0.16549284 0.17771805 0.15732897]\n",
      "[0.15571861 0.1854206  0.15778106 0.16431902 0.18876944 0.14799127]\n",
      "[0.15024458 0.19479757 0.15333825 0.1631452  0.19982083 0.13865357]\n",
      "[0.14477056 0.20417453 0.14889545 0.16197137 0.21087222 0.12931587]\n",
      "[0.13929653 0.2135515  0.14445264 0.16079755 0.22192361 0.11997817]\n",
      "[0.1338225  0.22292847 0.14000984 0.15962373 0.232975   0.11064047]\n",
      "[0.12834847 0.23230543 0.13556704 0.15844991 0.24402639 0.10130277]\n",
      "[0.12287444 0.2416824  0.13112423 0.15727608 0.25507777 0.09196507]\n",
      "[0.11740042 0.25105936 0.12668143 0.15610226 0.26612916 0.08262737]\n",
      "[0.11192639 0.26043633 0.12223862 0.15492844 0.27718055 0.07328967]\n",
      "[0.16084506 0.17624476 0.16218111 0.16510084 0.1777815  0.15784672]\n",
      "[0.15502345 0.18582286 0.15769556 0.16353502 0.18889633 0.14902678]\n",
      "[0.14920184 0.19540095 0.15321001 0.1619692  0.20001116 0.14020684]\n",
      "[0.14338023 0.20497905 0.14872446 0.16040338 0.21112599 0.1313869 ]\n",
      "[0.13755862 0.21455714 0.1442389  0.15883755 0.22224082 0.12256696]\n",
      "[0.13173701 0.22413524 0.13975335 0.15727173 0.23335565 0.11374701]\n",
      "[0.1259154  0.23371333 0.1352678  0.15570591 0.24447048 0.10492707]\n",
      "[0.1200938  0.24329143 0.13078225 0.15414009 0.25558531 0.09610713]\n",
      "[0.11427219 0.25286952 0.12629669 0.15257427 0.26670014 0.08728719]\n",
      "[0.10845058 0.26244762 0.12181114 0.15100844 0.27781498 0.07846725]\n"
     ]
    },
    {
     "name": "stderr",
     "output_type": "stream",
     "text": [
      "Tuning lambda on dataset 0 with kernel MultipleKernel and params {'kernel_names': ['LinearKernel', 'SpectralKernel6', 'SpectralKernel3', 'TranslatedKernel', 'TfIdfKernel6', 'SubstringKernel'], 'kernel_params': [{'suffix': 'mat100'}, {'suffix': 'spectr6'}, {'suffix': 'spectr3'}, {'suffix': 'trans6'}, {'suffix': 'tfidf6'}, {'suffix': 'substring4_0.7'}], 'grad_step': 0.5, 'iterations': 10}:  47%|████▋     | 7/15 [14:11<15:56, 119.61s/it]"
     ]
    },
    {
     "name": "stdout",
     "output_type": "stream",
     "text": [
      "[0.16457088 0.17020778 0.16481718 0.16624725 0.17084217 0.16331475]\n",
      "[0.16247509 0.17374889 0.16296769 0.16582784 0.17501766 0.15996283]\n",
      "[0.1603793  0.17729    0.1611182  0.16540843 0.17919316 0.15661091]\n",
      "[0.15828351 0.1808311  0.15926871 0.16498902 0.18336866 0.15325899]\n",
      "[0.15618773 0.18437221 0.15741922 0.16456961 0.18754416 0.14990707]\n",
      "[0.15409194 0.18791332 0.15556973 0.1641502  0.19171966 0.14655515]\n",
      "[0.15199615 0.19145443 0.15372024 0.16373078 0.19589516 0.14320323]\n",
      "[0.14990036 0.19499554 0.15187076 0.16331137 0.20007066 0.13985131]\n",
      "[0.14780457 0.19853665 0.15002127 0.16289196 0.20424616 0.13649939]\n",
      "[0.14570879 0.20207776 0.14817178 0.16247255 0.20842166 0.13314747]\n",
      "[0.16440811 0.17030246 0.16483952 0.16610751 0.17097169 0.16337071]\n",
      "[0.16214955 0.17393825 0.16301238 0.16554835 0.17527672 0.16007474]\n",
      "[0.159891   0.17757404 0.16118524 0.16498919 0.17958175 0.15677878]\n",
      "[0.15763244 0.18120983 0.1593581  0.16443003 0.18388678 0.15348282]\n",
      "[0.15537388 0.18484562 0.15753096 0.16387087 0.18819181 0.15018686]\n",
      "[0.15311533 0.18848141 0.15570381 0.16331171 0.19249683 0.1468909 ]\n",
      "[0.15085677 0.1921172  0.15387667 0.16275256 0.19680186 0.14359494]\n",
      "[0.14859822 0.19575299 0.15204953 0.1621934  0.20110689 0.14029898]\n",
      "[0.14633966 0.19938878 0.15022239 0.16163424 0.20541192 0.13700302]\n",
      "[0.1440811  0.20302457 0.14839525 0.16107508 0.20971695 0.13370706]\n",
      "[0.1645955  0.17029244 0.16485276 0.16631059 0.17080529 0.16314341]\n",
      "[0.16252434 0.17391822 0.16303885 0.16595451 0.17494392 0.15962016]\n",
      "[0.16045317 0.177544   0.16122494 0.16559844 0.17908255 0.1560969 ]\n",
      "[0.15838201 0.18116978 0.15941103 0.16524236 0.18322118 0.15257365]\n",
      "[0.15631084 0.18479555 0.15759712 0.16488629 0.1873598  0.1490504 ]\n",
      "[0.15423968 0.18842133 0.15578321 0.16453021 0.19149843 0.14552714]\n",
      "[0.15216851 0.19204711 0.1539693  0.16417413 0.19563706 0.14200389]\n",
      "[0.15009735 0.19567289 0.15215539 0.16381806 0.19977568 0.13848064]\n",
      "[0.14802618 0.19929866 0.15034148 0.16346198 0.20391431 0.13495738]\n",
      "[0.14595502 0.20292444 0.14852757 0.16310591 0.20805294 0.13143413]\n",
      "[0.16458427 0.17027802 0.16496077 0.16602532 0.17075093 0.16340069]\n",
      "[0.16250188 0.17388937 0.16325487 0.16538397 0.1748352  0.16013472]\n",
      "[0.16041949 0.17750072 0.16154897 0.16474262 0.17891946 0.15686875]\n",
      "[0.15833709 0.18111207 0.15984307 0.16410127 0.18300373 0.15360278]\n",
      "[0.1562547  0.18472342 0.15813717 0.16345992 0.18708799 0.15033681]\n",
      "[0.15417231 0.18833477 0.15643127 0.16281857 0.19117225 0.14707083]\n",
      "[0.15208991 0.19194612 0.15472537 0.16217721 0.19525652 0.14380486]\n",
      "[0.15000752 0.19555747 0.15301947 0.16153586 0.19934078 0.14053889]\n",
      "[0.14792513 0.19916882 0.15131357 0.16089451 0.20342505 0.13727292]\n",
      "[0.14584273 0.20278017 0.14960768 0.16025316 0.20750931 0.13400694]\n",
      "[0.16452987 0.17031796 0.1648667  0.16615864 0.17106382 0.163063  ]\n",
      "[0.16239308 0.17396924 0.16306674 0.16565062 0.17546098 0.15945934]\n",
      "[0.16025628 0.17762053 0.16126678 0.16514259 0.17985813 0.15585568]\n",
      "[0.15811949 0.18127182 0.15946681 0.16463457 0.18425529 0.15225202]\n",
      "[0.1559827  0.18492311 0.15766685 0.16412655 0.18865244 0.14864836]\n",
      "[0.1538459  0.1885744  0.15586689 0.16361852 0.19304959 0.1450447 ]\n",
      "[0.15170911 0.19222569 0.15406692 0.1631105  0.19744675 0.14144103]\n",
      "[0.14957231 0.19587698 0.15226696 0.16260247 0.2018439  0.13783737]\n",
