0.043554196241274004 0.08997658391230556 0.04193221774541681 0.17107165556635012 0.00013080340635803373 0.04314087290838107 0.030979819316094462 0.1930752370424338 0.03281718509803864 6.4078057132951695e-06 0.04516079933186108 0.15963937014062463 0.06832688744135279 0.020393659920934126 0.03844962722985388 0.02134467689300773
0.028659900131716272 0.05233221867831429 0.044962756416900986 0.1116688871493061 0.00020579205997915814 0.06176576493642598 0.03501948709764073 0.30894954996536 0.027651780544195325 2.485212018965018e-06 0.03356411609890111 0.1368014201250826 0.0793939841191708 0.02907218973411367 0.025508293264385428 0.024441374466488534
0.02838355353926092 0.07690589913428637 0.038271797303275054 0.11386449259743504 0.00016735646342589338 0.07550184131390994 0.05797079953504797 0.2425976264499925 0.02709709155999571 2.933337090459595e-06 0.041536725265508306 0.12938305181760357 0.1026414997155552 0.011916809277647256 0.022142927266462106 0.031615595423503784
0.0354445633973372 0.09331900613962607 0.05989267320090631 0.13807643052945712 0.00010357480460521096 0.027349744306405153 0.039044138279417336 0.15132432478779015 0.02856833553226606 1.0471519786004e-05 0.04593285952262683 0.13340912550452905 0.11577786289766046 0.05950876899952134 0.037205423586990735 0.03503269699107497
0.017877975051863972 0.054919491169205366 0.05723383767305437 0.06798849808607431 0.00014486002561601578 0.05865804185060179 0.03055617679330883 0.21757161439978023 0.03443388642604726 8.924227953972858e-06 0.03196321096513687 0.16131675065808962 0.12349560534368616 0.058252973597033825 0.04772687477562003 0.03785127895692732
0.024284676343948514 0.030132035434489623 0.015290016637919042 0.09861010326681115 0.0002407024003423821 0.06251018803569412 0.05232446346812331 0.3601721708483154 0.026917454891653925 2.0797022643969395e-06 0.026628575044294597 0.13457070224297518 0.07501361058256442 0.03771601092217149 0.03299645396139606 0.022590756217036365
0.03897476800813202 0.09482268888715692 0.04110524273437955 0.15182997363765818 0.00016465884651267526 0.03516036698791244 0.06663267678370266 0.24457695084721875 0.029272442414125854 2.2942519964592716e-06 0.026285283772917032 0.1424597815411587 0.06872166411266627 0.024542871086770945 0.013532070939358399 0.02191626514833311
0.034498961935076865 0.09972461564108946 0.05987947441169455 0.13262962127946584 7.092335373338869e-05 0.05015595347729157 0.042057911361785036 0.10573501378738805 0.03966787130277934 4.994008524710955e-06 0.050941912391083116 0.18661294506989004 0.10415745744898504 0.03343425957813735 0.028753334911799683 0.0316747500412759
0.032506049271801514 0.059880048254454254 0.026186660175197204 0.1289519947737946 0.00016207617198175892 0.05011289801664535 0.04318596069405326 0.2431727284836563 0.04526322015830003 1.050519120242363e-05 0.03827935627385671 0.22337761144594778 0.05967705849669282 0.014392585272457362 0.015756323863792096 0.019084923456166625
0.01953548772353025 0.05823690639012114 0.058213233522459315 0.07193516444309721 8.143051872918149e-05 0.041872049801841844 0.06809312330446496 0.11767616865219173 0.024193996506465615 2.5112603548146453e-06 0.04026144721088848 0.11375986680446928 0.16875738668932216 0.12307658923247718 0.045049671250702104 0.04925496668888465
0.029576040339628955 0.07096743204972131 0.07207130430671213 0.1145139361752247 0.0001668984141743397 0.05115220843103515 0.04549826877318754 0.2398162877479396 0.028477922366328533 2.414983408948646e-06 0.03201939119457778 0.13752007343588277 0.09572090387618296 0.044032814727373304 0.007306697640338254 0.03115740553828372
0.029333826700952047 0.08554347052410533 0.03548030338935177 0.11696913205885819 7.601284647062554e-05 0.03864022665250634 0.03378105122163999 0.10572053106156125 0.05209880820008304 8.381364003080844e-06 0.052084695284943 0.2522437587153272 0.08744343802805166 0.040570379479687425 0.04307146515904662 0.02693451931341231
0.032306445773010777 0.0959786439794485 0.030632346336456603 0.12821127678237124 0.0001400540522339022 0.039862995475501484 0.07155075889309001 0.19537688464848152 0.030124201939213238 3.3070139799098907e-06 0.02919346919668235 0.1485998139293324 0.09695782864764675 0.034249321059837086 0.03673134246362821 0.030081309809085983
0.03320688061091732 0.06176997269494148 0.039347780786946736 0.1330020985804618 0.00018509847270333315 0.04518397896994722 0.03728334722471243 0.2737832188969935 0.028134244642188454 7.722859109164625e-06 0.04141007974945617 0.1383687448284541 0.08577619947454226 0.03517790943977863 0.02075776562312994 0.02660495714571748
0.03106313007263537 0.0886447122369304 0.024088196995701857 0.12353069336799972 0.0001440179900158931 0.03407005542451069 0.04978986247857179 0.21302576707719864 0.03501939194408104 1.0208535501119087e-05 0.03806615166713214 0.1645280102295233 0.09390325224760268 0.031163317174968567 0.043503432023309106 0.029449800534317665
0.04110623299987425 0.07988534343450682 0.06401854940540326 0.1615245276255622 0.00012133029042709064 0.040400678979299366 0.02894631947653331 0.17805642372898778 0.034783001188763034 4.767514291180256e-06 0.03175568514149452 0.17108030853168887 0.0752191878760381 0.03717145295322394 0.03298445859823677 0.022941732255669544
0.049356402863854655 0.11994851298174017 0.06274255509268244 0.19369510331914852 8.794475285458442e-05 0.03058130764598151 0.030268768127347398 0.12718079135500462 0.02974590307883876 3.4900414120966388e-06 0.04271616226913693 0.14535622678883006 0.07770175004095692 0.02871272262627495 0.03884201152822875 0.023060347487707696
0.04012223219266156 0.08029243480241388 0.04223817311314609 0.15417884306009533 0.00010333908227486769 0.06344511270647205 0.03625064858116328 0.14772565210533734 0.023939536111377543 2.4364158260961926e-06 0.056149454915444055 0.11792837453755033 0.11079208145338144 0.04528609348447991 0.048107607934211476 0.03343797950416479
0.026862453425649205 0.04449225250952658 0.03116037968822861 0.10540570645580354 0.0001968606023695506 0.05901079339071472 0.07714410745210849 0.289390812812233 0.02347133093215588 1.1026350901731016e-05 0.02049753542468017 0.11443594887642061 0.11097100546371465 0.04374183029139715 0.018276454583539718 0.0349315017405564
0.02229332740582743 0.06621993599621118 0.05119296902852697 0.08801653984666216 0.00012355804397920684 0.06974604240190763 0.053410991447604854 0.18365010117581523 0.03209069983700957 3.080545591560573e-06 0.03567409169352793 0.1500539101020887 0.1234694061154959 0.05074164032782337 0.036690888154818066 0.036622817877110206
0.04420525007839773 0.08114832521641986 0.06699585574461854 0.17398720262393017 0.00012710692881624837 0.061655257851542515 0.05521900813428165 0.1899293201546665 0.0248377683595585 5.41425350556562e-06 0.023686623029041814 0.11978702604106244 0.08863486507665641 0.025955337475604214 0.017578469506345996 0.02624716952555178
0.042156997850464464 0.09639812425131769 0.0528995276616583 0.164980993800916 0.0001715606804521708 0.034675945148748964 0.05553450589135204 0.2561526417447933 0.020111706144439894 4.386842146035142e-06 0.021650730715458536 0.09684703768409415 0.0829954165987647 0.02548348544625084 0.024279252671625045 0.025657686867517807
0.039331632539608925 0.07917934480466568 0.044741781042976284 0.15357892478106594 0.0001569194138802252 0.04179606548376841 0.031914683033274695 0.2330630251383836 0.03589169120510478 4.454568717753278e-06 0.04351885044395706 0.17801074635647787 0.06175131742861829 0.019645997588554683 0.017547018581017187 0.019867547589928647
0.03679339820262661 0.09198857740424042 0.049072478059743026 0.14887821960071662 0.00016706806348758222 0.039106302373913 0.055215885017942216 0.2421444079109939 0.025895053328970637 6.1260463609712214e-06 0.012046885342558142 0.13036876696527858 0.08288289748465479 0.02493240879534006 0.03624900981941524 0.02425251558375823
0.04417684132846338 0.08105908345401629 0.06323088646869439 0.1778698224121923 0.0001426087461060452 0.04245009326548177 0.026201387636976693 0.2084336331237127 0.03545720697656154 7.405241053142824e-06 0.039256655283916336 0.1728034849737165 0.06100290034425839 0.015432667693184458 0.013330908065892407 0.01914441498577366
0.039207453823401926 0.0907793590362099 0.06088449790123953 0.15566334270449517 0.0001163983750270767 0.0422652541032605 0.03340596564241415 0.1717371343545458 0.03444636592587538 3.6411745055377487e-06 0.04032110353351473 0.16285265174234195 0.0828711776926854 0.03178624412922693 0.027942030029134562 0.025717379832121422
0.03142840371470161 0.07837100706612013 0.04595798028824009 0.12147033170321539 0.00012082383116485612 0.07263741794468903 0.05485814856739524 0.16941331262704795 0.020810933414432856 3.3153365413315034e-06 0.019629750299855905 0.09816986233530854 0.129236262625636 0.04433449049663059 0.07418707997768845 0.039370879771332065
0.025178543826374314 0.07401647804863791 0.03924078644685332 0.09918795405437207 0.00011942581841365468 0.03549823637329698 0.032330206394120535 0.17957688388941634 0.04573717497984882 1.0049702530827237e-05 0.038758212933397956 0.22242525545352926 0.09530366926468888 0.04480441306751786 0.039277801570871955 0.028534908176129255
0.012867452349465701 0.01945390521160011 0.03583739525165895 0.05065312837539405 7.014508614689557e-05 0.046100949380465626 0.012062597856257224 0.10018214926128867 0.03482691649186973 2.8632258631033534e-05 0.08670019949591364 0.16557296462487275 0.19472785721258057 0.12197713167152792 0.06182228012736937 0.05711629534495784
0.02115591709960721 0.02909722849697991 0.033521993671273134 0.08454169241530805 0.0001880406631862026 0.0571828430491574 0.06343851100503517 0.27523020924301733 0.038379698578950704 3.504431669815081e-06 0.017415576705435764 0.19172597275919126 0.08408589518692827 0.05466788429903025 0.023035468976893445 0.02632956341833616
0.022636342317355552 0.0736120815015048 0.024874172056891217 0.08679819620345632 0.00016542934955801896 0.08436168056840898 0.03724607975729204 0.2346624538890974 0.025685610963984987 1.542201607401478e-05 0.06087902898112249 0.12134073011802643 0.1301100567527747 0.011418595565857788 0.04370864716054382 0.04248547279805142
0.033247820185932815 0.06424121538060852 0.06834200416212106 0.1311986632416346 0.00012850411632730948 0.08719709275839349 0.04807202894795767 0.18143405734563836 0.02115035748202652 1.9539067631540513e-06 0.02734174914875001 0.10002079094760884 0.12020189323224699 0.03649603949328868 0.04480493551755045 0.036120894133151504
0.03261986758411116 0.06595641993506614 0.02228854803391876 0.12665991692215148 0.00011027893744950522 0.05150298604859864 0.044633901490785464 0.1611785760974238 0.04378869300230248 5.214390038181747e-06 0.05661347744781824 0.216424298328158 0.08440220701874458 0.03949123588095181 0.028160371945782622 0.02616400693669919
0.03152468751440618 0.0833216312759028 0.04510700446917455 0.12717538961180358 0.0001334681896653951 0.06512042508098352 0.05181046314015731 0.18986633665850067 0.02501922082182537 6.253410003992369e-06 0.04874455685255221 0.12424977089581644 0.11622411075890217 0.03028948521131251 0.027471653877167258 0.033935542231825974
0.02128604714650003 0.08152317314105569 0.043183098780365095 0.0817304532093069 0.000135935550292383 0.025614612991962184 0.026668274466600098 0.19510592946639285 0.03098012867762191 1.5570524495789033e-05 0.04192542705314184 0.1548016460219682 0.13280924471109384 0.0668992951363615 0.05736839322600044 0.03995276989684127
0.029820688342379772 0.050646398342372806 0.035214880534546376 0.11204080505792878 0.0001590239272256344 0.07692605044574977 0.06898212292257191 0.2301704264668289 0.013235025744300456 5.301772036294945e-06 0.029731162499195465 0.0659394010735767 0.13339345714532777 0.06151234082357275 0.05167513162392153 0.0405477832784651
0.028353385300473214 0.08572977829173252 0.05207450847840869 0.11107005070166277 9.105103245347332e-05 0.04424744144072747 0.022380387721454963 0.13130092178556213 0.03804882958455182 1.5998612287226717e-05 0.07349871402183467 0.1854661607516233 0.12444094460425953 0.045208821739373975 0.020952687345331424 0.03712031858826278
0.030146229320127903 0.07204049812944033 0.02855139229900128 0.11678663272667802 8.903148591619438e-05 0.05143580530538997 0.03246894063734344 0.1338280047495682 0.04224250753599702 7.476020488224898e-06 0.06587483540958342 0.19880587410323824 0.10421210381287102 0.05015132030217629 0.041235428774648336 0.03212391938753208
0.03779430388140821 0.07807544911574182 0.050368979165427825 0.150592951005739 0.00019239985483788865 0.05465145922192256 0.03608845308153073 0.2853053116040851 0.025750467308014464 1.9326991544854924e-06 0.02727275556842145 0.12519266620658784 0.06591371698754608 0.012000738399213477 0.02985285558293433 0.020945560317434816
0.04320435051059343 0.08789647652414687 0.03942163330392497 0.1760121931266813 0.00011104288025618236 0.026964773571214053 0.03290317916447778 0.1578427865622698 0.02875372981502413 6.061850467523303e-06 0.028521337015074023 0.14073867329963236 0.091026149026291 0.05281338582415677 0.0673772862357406 0.02640694129004928
0.04325918689129443 0.07941296804897238 0.08116622221568214 0.1723992466064273 0.00015419712697917708 0.04925760652689612 0.022375921292799826 0.23514296812263177 0.03158524998463898 3.77728652827834e-06 0.01773187855415055 0.14869889615488022 0.061536720991498754 0.014703483565604516 0.0234399972563402 0.01913167937467535
0.03959791874715269 0.06529347069034623 0.05641864749939058 0.1555216462314273 0.00011239953840387554 0.05539820781696682 0.031178965566768135 0.16083517955310872 0.03753094713989431 4.93481199271542e-06 0.04492005244023111 0.1848707982811492 0.08183752984430381 0.038098673717807154 0.022817003439070747 0.025563624681986603
0.039040569996812303 0.06623301585292268 0.07033926515317714 0.15111982226441464 0.00020810494311787514 0.05420330919061087 0.05183462671942758 0.30959554330525957 0.015795236737135187 8.303025027926211e-07 0.014759703231302499 0.07835512081816844 0.07701094129244807 0.03337104818051993 0.01404656496309691 0.0240862970490836
0.040483409434496326 0.07852190883224133 0.05217133767551085 0.15555601732507815 0.0001290547424632229 0.062494120327808635 0.03232597240542287 0.19217956539559233 0.027093120339412424 5.542986485185928e-06 0.050077645290151546 0.13074448346315876 0.09116915259056588 0.026236099539009457 0.03309140463936914 0.027721165013233736
0.03148625100123639 0.06947777677247777 0.022525252514566847 0.12403547218696653 9.411725026691177e-05 0.06152226797349032 0.08062834639036819 0.13498299115815182 0.03116805617351215 3.6634537261324203e-06 0.047270550673680044 0.14928050197630943 0.12153083445584854 0.05987912281054054 0.03002841370984255 0.03608638149901586
0.03330336515385153 0.06919369247846262 0.06266263285720627 0.13187001248077662 0.00019932970759279904 0.04048571933624213 0.032669397172325434 0.292982187447206 0.027116442827586396 2.5141128398302857e-06 0.025669841147639396 0.1353300137931225 0.07421743401324282 0.03194916171342646 0.01901228532930338 0.02333597042917588
0.032230047971896124 0.07969509105115624 0.04889500093502514 0.12630857291320963 8.947718484002489e-05 0.041585041892727964 0.03575225964770472 0.13049401335393518 0.04417371388154437 1.1474457603997747e-05 0.05510249180063109 0.21754400302853738 0.09699773143705395 0.04089406160481471 0.021366812722474725 0.028860206116844745
0.03369401446887093 0.09424503115094196 0.07076057802409001 0.12803304962342385 9.553294274457211e-05 0.047799949086900786 0.029739293972048417 0.14018700617652405 0.03441883968969514 3.7335376383623174e-06 0.03873013927163394 0.16447104987727018 0.1051675801634582 0.043020865536441584 0.03712562553377033 0.03250771094454772
0.016317691396806527 0.06727201417803993 0.039740208488928695 0.06478889781741295 0.00014682948404184988 0.046881262049488864 0.034804698119530665 0.21519691331723562 0.03536426067227645 1.3607326954049584e-05 0.04197873296458617 0.17016815151143086 0.1307512673075477 0.048785063045117504 0.04828177342065794 0.039508628899944165
0.02916784484158378 0.07832641834628447 0.05854191004348789 0.11119154954092111 9.61691749463533e-05 0.06520442527459919 0.043660476020810655 0.13856368200489133 0.018597447747407417 1.7977459520736567e-06 0.039064279728621 0.09085132626316803 0.14831726078919716 0.0715052550622133 0.0643078704947735 0.042602286921142755
0.050151149298190305 0.09284812450799083 0.05813521272473484 0.20480610752848996 0.00016794211297729532 0.03942410885299045 0.052619058343680115 0.24442255405668875 0.022585648420276425 1.9471946719325685e-06 0.02333964141819477 0.11248860455101528 0.05618738807645268 0.015932842181499866 0.010363153699310792 0.016526517032835666
0.020613090056913974 0.05561826508822245 0.03175281828057505 0.08013463845547665 0.00016861862217260715 0.07739771482091169 0.06661997440898645 0.2419523060093154 0.024699101836984122 2.4225865980575557e-06 0.03229891499662089 0.12121738236197513 0.1242429882215509 0.04439535019025967 0.04146148480270136 0.0374249292607356
0.03061179324527692 0.08851906666674106 0.06856396959164977 0.11923586356563917 7.73854363381698e-05 0.039734639727081314 0.04666480344863637 0.11154297336814216 0.0413369636500477 7.6174908946727836e-06 0.03009819666082173 0.1958839548715032 0.10669305784357389 0.052903910928236764 0.03516215439646269 0.03296364910895442
0.02753443137065906 0.06144973682612979 0.04809471454921514 0.11044586972924351 0.0001623950408641003 0.0736461188516268 0.07168392320096834 0.23074518666891697 0.020686573641541472 3.975937192459559e-06 0.02010192019595019 0.09782139161145449 0.12022219728606261 0.042637607776992256 0.037772610514428796 0.036991346798753995
0.03386099532016913 0.07728033962544688 0.0423061070612002 0.1336812708644709 0.0001533881854780701 0.037192967343969784 0.033925123823548765 0.2257582236173004 0.03196663418348063 6.315831516155452e-06 0.03661131599389021 0.15913850626834072 0.08434085585962137 0.03850290288598227 0.04023119463114185 0.02504385850444263
0.03830512177213551 0.07871132154403812 0.06799219221597219 0.15162502783419077 0.0001386577869547781 0.03143846961132941 0.034944239408452635 0.20080536586653053 0.03220055868959113 6.387117403390674e-06 0.029973765420728635 0.15564107095049468 0.08296334704569257 0.045655094026205496 0.023249048448778623 0.02635033226150154
0.01826178671372254 0.072177011274793 0.03405896950715123 0.07352203448453128 9.543192381792934e-05 0.044264669432245544 0.02205962924486379 0.13160007137927077 0.04987728637932711 1.5049029786371724e-05 0.06714048226839445 0.23940282588684852 0.12178051421739693 0.04363653200386259 0.04416620501564889 0.03794150123833908
0.03641580755333061 0.10323118037234542 0.04918591258277958 0.14780076285788107 0.00010554103667764417 0.02661838156069986 0.03609066234184238 0.15500719723899792 0.039629282197603644 9.330470446571351e-06 0.05077341935849145 0.18681569074573556 0.08276748804902244 0.03441041902256956 0.025493340652269596 0.02564558395930672
0.032759409200391505 0.05536300539027977 0.023416070655928278 0.12608527712963805 0.0001145586409445251 0.05173505984270949 0.04482915054560117 0.17064796364401216 0.04142723258963112 1.1526641055722587e-05 0.03961090812712093 0.20607904551347936 0.09095131864756009 0.04656738032467717 0.04293822073650417 0.0274638723704665
0.018992286151895656 0.09279999549491194 0.034054613793099965 0.07197488673831026 0.00011032673449271544 0.07187391487757681 0.06288935633914665 0.15225511492007096 0.03064883089022712 5.920240567899649e-06 0.039487401383955054 0.1476796296634677 0.14211361420210727 0.03807901133383621 0.053987002736995415 0.04304809449933834
0.03279722779484247 0.08175286364963938 0.06832351477271886 0.12405708685210623 0.00015570301078639485 0.05192836336999209 0.05493496919667843 0.2296146277888797 0.02204074068429248 2.9834470661801024e-06 0.00972464134385336 0.1068454959109266 0.1103744924423466 0.03701984273662182 0.036316175714916334 0.034111271284333076
0.030272353215079695 0.07918885047356121 0.059589706760798083 0.11807780242184814 0.00010191664027358643 0.052526934130263256 0.04820431958558517 0.14669158211912547 0.020922364469391386 2.5776141010723645e-06 0.02733496704913903 0.10025494235251703 0.14015442478385767 0.07359709197468807 0.06256695365191542 0.04051321275785568
0.0406271764099365 0.1046393843593456 0.0331523706198027 0.15821473197725183 0.0001058685881567828 0.05071145666600513 0.03331207395156922 0.15349436317050644 0.029361651998883607 4.202866868714805e-06 0.055937615199680144 0.14241930221179522 0.09630666246012662 0.02437624770107652 0.04783449994671421 0.029502391872280688
0.03422687860249317 0.07707481166593583 0.06509246167937044 0.14043753122051744 0.00016219722860720873 0.03504860891990871 0.03909044407264889 0.2326294428481421 0.02212619909140247 1.8916480221284716e-06 0.023719053931698767 0.10266770681402515 0.1001200545826319 0.05798088800007481 0.03905291061774866 0.030568919076772342
0.029506851567231204 0.08937181685789858 0.06303426411177873 0.11511677043338853 9.477352020605368e-05 0.04589051553935645 0.027178316402190372 0.13475718661745503 0.03830988161701444 3.623164987972701e-06 0.05318786792232819 0.1857263500679466 0.1027632538247246 0.04891428982308279 0.03532503759021958 0.030819200940190847
0.03144554493681234 0.09794616206256816 0.06211781970539513 0.12532215646354125 0.00010046749315362003 0.0400906078718436 0.016174301914838478 0.14165442470036232 0.03910945719523206 1.1921836185840913e-05 0.058074631703602546 0.18993270213626673 0.10146638692397013 0.030020874979006018 0.035823428632917945 0.03070911144430393
0.011559444904547446 0.02794680417716077 0.016292108410141372 0.043211543498249426 5.822947893555153e-05 0.04558630515009412 0.01581007066368343 0.08706024619243542 0.046158917053268175 2.9692433231977507e-05 0.0693636423932816 0.2210814114865549 0.17763287888832255 0.10212130539481701 0.08354514372034039 0.052542256154935844
0.042875981852716814 0.10286115869856202 0.058599613554748575 0.17190086965634882 0.00013210391565859816 0.034092164941329904 0.03827048208985435 0.1948319817264245 0.034148251374114764 3.7494492553216003e-06 0.04232791175246996 0.1611438498003976 0.06626888545867952 0.018979113573877094 0.012584165062733282 0.020979717092828913
0.018311455838355074 0.0663673754337126 0.03262778515417945 0.07081219545494101 0.00011278335056163149 0.06324512095196687 0.05345291830405411 0.16041690016569463 0.03596133316345086 6.537125996705265e-06 0.048911548405151 0.1725463238796589 0.1352360500371232 0.057205059813416934 0.043734161322808725 0.041052451598928376
0.031968349725959015 0.08192227631687342 0.08214584509307753 0.12079521203240687 0.00015954943428125336 0.06135800452344935 0.036474794987721326 0.23864131442088468 0.018354698433615865 5.951780718383786e-06 0.03014367525881694 0.09010953591298744 0.11662540135843033 0.035982107436759496 0.0204737225642552 0.0348395607197629
0.040412924433592415 0.09113606462531113 0.0515921837894473 0.15349249051798577 0.0001626075198876764 0.040929095664539394 0.04188021072782214 0.24376075935507763 0.022434823722186407 2.450900817359904e-06 0.03528272592362744 0.11059683113653714 0.08214122880362713 0.029292011401484224 0.03137377607507401 0.025509815402982947
0.02696172973629239 0.07714872904278132 0.047253450368069605 0.10606183342711413 0.00011993943869558826 0.04670935387839039 0.048009561662512426 0.17248787769366897 0.03947084835151699 3.299448509658019e-06 0.03809326531284505 0.18975931956039563 0.09472682896328655 0.04810239537466287 0.03588539879928071 0.029206168941977802
0.03856730641936504 0.07870433784311219 0.0352493742924815 0.15440967451434823 8.178406952622453e-05 0.034400607639951605 0.0438574402564802 0.11967997001424 0.05523942668252367 9.990751180743224e-06 0.04934423884657584 0.271643967482096 0.061710895547108076 0.02540423423035411 0.012795183751585072 0.018901567659071555
0.03329401486980139 0.08914286207988424 0.05196874471373525 0.132525071405886 0.00010932833429420521 0.04039541709826543 0.046407766320284184 0.1606122407224037 0.041228256371382374 5.65550403419848e-06 0.03659315482688188 0.1994006560699787 0.08532120437215097 0.0322623012168767 0.024857388948847453 0.025875937145293192
0.04344382118928441 0.0848139779274965 0.06390644794953292 0.17417238659705253 0.00014835003098282053 0.04911144284215002 0.05775667836895965 0.21971620202523418 0.028462364911468165 2.366072982160735e-06 0.01900175490085997 0.14065232599587782 0.07163046218293098 0.01769660602577151 0.008515238772565638 0.020969574206850673
0.03131814954783083 0.0803532039840437 0.05403492106299209 0.12142243827642048 8.841464659489626e-05 0.03985441945814472 0.039107241270427084 0.12887071670404124 0.04298632517756194 1.1029061209205165e-05 0.04755436275639346 0.2064779859751324 0.10105706426365309 0.04654309820763398 0.029032908907263042 0.031287720700657835
0.032937020855308925 0.08144263959534517 0.0324017579219409 0.13044630439968222 0.00014764983675348412 0.05701857383524919 0.0443000834195307 0.21536537607678347 0.03356463566887524 5.1444042723516335e-06 0.025625956234539927 0.16852703596954013 0.08655578910736193 0.01532401621516943 0.05062720500116675 0.02571081145848012
0.03525327206749729 0.09566694537620528 0.04558287395776587 0.14032859176684848 8.075264418353558e-05 0.025889036699864348 0.03062054616992284 0.11172649616919761 0.04223323757116796 1.4108947073518108e-05 0.053256423325032956 0.20152593312702258 0.09762861973070099 0.04761282785947244 0.04223741235874827 0.030342922229296146
0.030261256434063407 0.07305993106398481 0.044584165121546004 0.1194213800536731 0.00014313939645247363 0.06547425117003491 0.05326725314997176 0.20784802955086756 0.02716394930554551 1.0418519197702634e-05 0.04754260457116278 0.13320381968330192 0.11472634596958098 0.02848346711051774 0.020508670630288574 0.034301318269810734
0.027069183904359327 0.09048614416271579 0.028732269443792684 0.1012371549643797 0.00012274860492417295 0.051390235815163936 0.07655555369940803 0.17886215494981078 0.01679470241758656 3.7897706943676834e-06 0.061199358892757745 0.08041799050311975 0.15036422856417742 0.05889652073305107 0.033504633486286274 0.044363330087772386
0.022215265697106936 0.06383274082697334 0.04928976560764958 0.08248401004648795 0.00010520105349890563 0.05168710982679547 0.03656533028661028 0.14926612120933297 0.037324965986568225 9.519865756119569e-06 0.04754029845916857 0.18245194836177445 0.12940455095729222 0.0637113005181051 0.044479678721968514 0.03963219257491139
0.037160536557035745 0.09335759303482886 0.036424685814427565 0.14988886776202467 0.0001579103612021626 0.030838799607337045 0.03215071736530744 0.23388227563645042 0.03851066023932995 4.847878124357499e-06 0.04246452996621222 0.18634669458960076 0.05735656685284278 0.015098117338084954 0.02846750732035847 0.01788968967683261
0.0490315465714681 0.09628647757242116 0.09994274986040655 0.19038279035213984 7.637136309908448e-05 0.05064306169623974 0.04696710879421683 0.1102342502256523 0.024721081733874148 2.733485118808701e-06 0.01595709494359707 0.11773493142156835 0.09736340444925766 0.04707009301666334 0.024418342986722116 0.029167961527554905
0.044245268161227674 0.07785165834023001 0.057612488318203085 0.1767262287446956 0.00016290004921663804 0.059835679042319914 0.04273070640122055 0.2339043778735795 0.019468645106172397 4.272885740899655e-06 0.022287379279319633 0.0968535641149057 0.08243416810670116 0.021686671606517532 0.03882660482977642 0.025369387140173214
0.03482403585196077 0.08765725197043969 0.07074832037629332 0.1434040551676428 0.00020939269901506475 0.045253823476694495 0.029119164009937182 0.31155623367573937 0.0232858627471905 1.8853877618323117e-06 0.028553235411112956 0.10657485803809313 0.07208108113161488 0.01024583256069689 0.013805857235135593 0.022679110260671455
0.03961593233869127 0.06995115580083514 0.04020183372116886 0.1571617712086117 9.559344535447631e-05 0.036309586788957134 0.03319546524176857 0.13832014660312772 0.04333179155157817 1.6150451780928192e-05 0.04371116772929056 0.20997059323764744 0.0833593932275943 0.041317700271758025 0.03707144932759939 0.02637026905423639
0.02146497556884055 0.07025513192583624 0.03395471165062618 0.08224597293390493 0.000178609364018478 0.06599885487539772 0.06041534693823269 0.2595458026837372 0.02444384402046468 1.6849563843768106e-06 0.03351946011505246 0.12025283269027669 0.11954014111080029 0.03292639241612238 0.038877087706083675 0.036379151044221396
0.03409214096743086 0.10944854743346721 0.04341101449280607 0.1298799802746127 4.979489153348826e-05 0.02701381856330632 0.03608174478293883 0.06556751304935006 0.038340754409686595 1.0618301300453145e-05 0.062473285003995065 0.18630405515630497 0.12127905541030647 0.0582082283079367 0.05111811339735142 0.036721335557672756
0.04839793614436428 0.0849136669050521 0.0526758016015027 0.19025021911145712 0.00011835990346629662 0.04573655238071738 0.04054184435164665 0.17102898593842708 0.03447629580591252 6.173363626318909e-06 0.04113420417188317 0.17190807913382553 0.06375295201746826 0.018534504188834625 0.01635514004931362 0.02016928493250231
0.023057347085755794 0.04406971106338496 0.03550919113821888 0.08548256259382847 9.805741264403872e-05 0.06951479763165282 0.0420492956916039 0.14576359183835666 0.04639929109472233 5.7660319775354584e-06 0.046160762987099854 0.2242658630545171 0.10734222109110172 0.054427565921077135 0.042625040961923696 0.03322893440213509
0.03359993875041053 0.08603102481987551 0.06793194585766942 0.1292687737403614 0.00013274847101841212 0.04874230466347267 0.05127863463148011 0.19687601520432585 0.026013080135125745 4.127748950303351e-06 0.034199658204045046 0.11800095569405714 0.10460285810490959 0.04527432966484794 0.025443780174254256 0.032599824135196145
0.03464729258547746 0.07016355381182696 0.02491525348759004 0.1376006327883729 0.0001974494082696751 0.06330264180148787 0.07307800221503093 0.2891644808326372 0.023192783286159396 1.608958104113691e-06 0.03324499441379648 0.11187744502510831 0.0798334100164802 0.01592532001001229 0.017430471902957132 0.025424659456688994
0.03993069409679603 0.08625066714020942 0.045076602014801 0.15547471001552024 0.00014579301153017774 0.03929500748113672 0.06490107665834051 0.21248980601730938 0.02123562669941905 6.167603352520106e-06 0.02346342437142697 0.10380963281094996 0.09859599229191698 0.04346151087935244 0.035919589029127966 0.02994369987881052
0.03387869428481324 0.08433724372591536 0.06616798064530753 0.13244776451228074 0.00011181670204467088 0.057947848368581814 0.054158035759123195 0.16501002194252753 0.02561581287125072 1.9788930149505604e-06 0.019357524622273962 0.12334151529662868 0.1140599115799151 0.04533112723364479 0.045188319739088406 0.033044403823589336
0.03553438219317897 0.11701007498281879 0.045317204260193776 0.1387720019301451 0.0001188650273726561 0.03148562330123995 0.065709362505459 0.1700128818391957 0.030409650272014418 3.4387362968435467e-06 0.028960823840820576 0.1485468792300761 0.09628251800190135 0.03075594458898172 0.03161714894235516 0.029463200347949876
0.034367210341772446 0.09362506763517638 0.04276905005352823 0.1361693650388299 0.0001033819519326904 0.04423220267332568 0.0323714657079521 0.15101572194401724 0.041504448252170846 5.2233214857288654e-06 0.06395766213803109 0.20146335935761925 0.08558593721450533 0.024277242399820136 0.022821576784553183 0.02573108518527976
0.023348010400086446 0.06794159013289514 0.03185764430386017 0.09467453734137608 0.00018684082417316048 0.05971224884702464 0.06301851242611824 0.2632210117640701 0.022816507628989336 4.461743886463198e-06 0.03226494507611959 0.11323091723417296 0.11630289786217832 0.03719622443589289 0.03840391059112889 0.035819739388027655
0.03438936583489823 0.08512596438246789 0.063766423139591 0.1335499298113597 0.00013440296084640658 0.06623095236348937 0.06207227906804339 0.18839404877593757 0.01811860575778355 3.8165738880519385e-06 0.023410692816551035 0.08717975613890608 0.11965552025046594 0.03991940352805084 0.04163863947049544 0.036410199127225436
0.042932196690580876 0.0955048734350722 0.05988031868198099 0.17792023495474216 7.894435933399712e-05 0.022049816430667286 0.022566036766751084 0.11372104402740606 0.0592751838011734 1.0023658681927602e-05 0.05076937750489679 0.28598501899564394 0.039963499886472166 0.015034311480601352 0.0016017201303143189 0.012707399195681472
0.02327591381720005 0.09899569561412151 0.044142283880870874 0.091011849262065 0.00014750199626539762 0.04227212506975567 0.05170723062589945 0.2128038353773864 0.022616717079302975 9.991655231478548e-06 0.03756010319637814 0.10813001975225574 0.13815273603197342 0.04046849641645693 0.04706581094401615 0.04163968928082084
0.02839440090485083 0.08694803353102998 0.03451014383338154 0.10757316430499511 0.00015017333418814352 0.04841205991062337 0.05818167389567984 0.21998876612683538 0.02492031083978474 9.369941032668037e-06 0.03477051786944312 0.11851762313191769 0.11759478978548686 0.03843047912319509 0.04507136498258837 0.036527128484967315
0.054945668982655474 0.06325922268675017 0.07207430032990392 0.21566140206009637 0.00013307792461612683 0.04807720991089444 0.04149718034544473 0.19742124469033184 0.024083795862452427 4.62955503807871e-06 0.019064525857414315 0.11526289030925356 0.06459029173955882 0.04058510404783046 0.02250574685342402 0.020833708844335216
0.034746241076849156 0.08278967498515014 0.056138903388483784 0.13325587361882385 8.867070885294187e-05 0.04893137488864314 0.03268117153959965 0.1262195749421122 0.03921272929035377 9.470936862327633e-06 0.04913336192785425 0.18887216061720688 0.10183270026835753 0.03950048225607181 0.034658153590911206 0.03192945596386738
0.01918184715060011 0.05280208192605938 0.051422843477962145 0.07461302942557638 0.00016652735271866512 0.07928948927008211 0.05223306250585806 0.2445485446337174 0.017011039127266814 7.679120370783677e-06 0.03457006300029732 0.07712409003919381 0.14977598236361095 0.055030598968056836 0.04729857406687778 0.044924547571751426
0.012367841042942215 0.06355021177853092 0.03347221415936842 0.04902557460331686 0.0001259914261702688 0.06793063426803711 0.0419810126554757 0.18699206462061393 0.03350638307476182 3.633041530331404e-06 0.04908972477611088 0.15502402148383462 0.14261877096776504 0.0622781806668629 0.05999094694359171 0.04204279449108729
0.04145384351944169 0.09188792088515708 0.050543480508431764 0.162649408552316 7.965757444092457e-05 0.04191854083871588 0.043794106800820784 0.12212848686523035 0.04865821448081437 8.278731892331016e-06 0.04529341517828723 0.2327727648763328 0.06571221277505998 0.020056731777339708 0.012714893743607139 0.020328042892112
0.019112190876482856 0.06030720271457362 0.025672614368568127 0.07312581382255363 6.611711724931372e-05 0.04707047986409959 0.019353874659326396 0.09192536994348309 0.05182489491838269 2.625796977006704e-05 0.10230148039145462 0.2517879607797984 0.13971777781729192 0.054254184222783254 0.02043092439525882 0.04302285613892342
0.0322365488796301 0.09387318274278905 0.04371908298312462 0.12720088836475327 0.00012176678753271466 0.05144302750862094 0.0821845896331322 0.173181309140021 0.029784966721022457 1.6338044070908798e-06 0.033020485283586025 0.13521271617118244 0.10052610853321878 0.0411560524367147 0.02442545657398905 0.031912184436275505
0.029454216745150325 0.07889072783625144 0.04566137012351546 0.11332041796835009 8.817359953754134e-05 0.03739655647571302 0.024544936751777158 0.1260891450541604 0.042251199519574796 8.331143719986985e-06 0.06531988894582799 0.209252263559194 0.10472222706112688 0.05465206155540778 0.03696506245860929 0.031383421202083775
0.04745186753027772 0.09325291280711419 0.05757637250127987 0.18785746102271442 7.326336484606405e-05 0.04655745469623089 0.034243178003524756 0.10724491581658642 0.03966706727079793 4.450058077738227e-06 0.05925117412431369 0.18820602141809778 0.07163748743770465 0.028987066799317358 0.015743683562105083 0.02224562358701152
0.039580481883670485 0.08806788181875003 0.07145421920049683 0.15733306066143912 0.00012359459587901807 0.039493330297375034 0.04808036682392577 0.1796294409560875 0.02213201159387196 1.2283531674227337e-05 0.019085792303077737 0.10728476405652458 0.11291962677873496 0.047445543779418065 0.0337546410760733 0.0336029606430014
0.03780378026852728 0.11251648490868861 0.06967292976612625 0.1463434387200242 7.903775010724614e-05 0.029735507133330015 0.034199746141686214 0.11420353075705475 0.03325118948393818 3.494987633356524e-06 0.03764859295342159 0.1568194948522346 0.102325075975833 0.04906005256427875 0.0453935076341695 0.030944136102946464
0.03451359283407307 0.07168440190796273 0.03916559142867431 0.14176512670057703 0.00014263323593475887 0.05882608626019852 0.02851810850068675 0.2095428749734771 0.04072986796651933 6.100338781159364e-06 0.0510322619681402 0.19536048259784644 0.06908417666126343 0.013683355374561846 0.024205458354196074 0.02173988089710737
0.024581764323881518 0.06958554669927378 0.01830124658405364 0.09545223447199896 6.683038106006952e-05 0.03823319877455826 0.022123555823192906 0.08809126650633729 0.04302225107664784 2.107537350794735e-05 0.11303714496688223 0.21025616224632832 0.14026136026068378 0.06357616035320747 0.030895917762521586 0.04249428439586443
0.05249208698132751 0.10016854984336172 0.06407201590999378 0.2090099215227427 0.00012676838575562764 0.037579040946716734 0.023726651232735752 0.18609229191003945 0.029577880693994512 4.435264389661601e-06 0.04384722693320724 0.14439223928662642 0.053345400568110796 0.01583879720596741 0.023707193269904354 0.016019500045126357
0.03493502334790084 0.07923529653257447 0.03172594674896599 0.14123244624184586 0.00016908456502219145 0.03855581931518781 0.032077261456423464 0.24602951783168334 0.037404037066975225 3.666575957314319e-06 0.0477047844916251 0.18221424453870974 0.05955162145879709 0.022167535983804287 0.027406870027442028 0.0195868438170853
0.040903391096157836 0.07900474809282831 0.07658862859652543 0.15993887577884483 0.00014630011044188126 0.0515494151793138 0.0592375609652011 0.21579939701236994 0.015431112684065962 2.2102560520645016e-06 0.026228443962912747 0.07715011428508804 0.10417361763445068 0.048485313461159016 0.014940885399329829 0.030419985485258504
0.02018322386923754 0.05577536053805188 0.021922024119844955 0.08033721325504387 0.00015967836985825173 0.07259036960635924 0.06646394263556485 0.22712264305158397 0.02928515750776987 3.7048998185822944e-06 0.051706595733943095 0.13682632403668624 0.11876882534222843 0.04805580366771463 0.0332695795173486 0.03752955384894597
0.023136390763313044 0.04305746898513772 0.040990054528882845 0.0908358877028644 0.00021880447222140322 0.07102688856469065 0.06229228640284534 0.3219075651146981 0.0254268292389648 2.839661127228024e-06 0.020991519207388593 0.12189564357568769 0.09588260628917644 0.031129243987765003 0.02021918123865943 0.030986790266577347
0.030488932667916527 0.06922139544399439 0.03549346995736488 0.12222194450498162 0.00021075517877626972 0.048582531913866404 0.04233516325254908 0.3148121437142142 0.03092152814313893 9.14059938312691e-06 0.046771198244056594 0.15002090529064907 0.07122879779770185 0.010068396022969509 0.00484206838887819 0.02277162887955938
0.02658434055059944 0.06387319800999657 0.026734072875770645 0.10063017074185115 0.00014825222402030025 0.047729638501581094 0.05773151394917911 0.22112326859254622 0.03683503321489443 8.101863870983432e-06 0.030948246033488322 0.1797333713629938 0.09427771411025852 0.04533119340888227 0.03879981180228074 0.029512072757786417
0.018688599743077454 0.03786026501419895 0.03049843343996965 0.07136854338691236 7.1971663409297e-05 0.04206892032005478 0.030849681507414926 0.10522724829129923 0.0412402352156142 1.5762391494930935e-05 0.05724780955857304 0.19852589580461485 0.1502694142623021 0.10415476439948507 0.06762052283951883 0.04429193216206038
