0.001684670917578949 0.04151001538136144 0.02343133333246498 0.06208685165572335 1.3491687823495976e-07 0.046426710160885495 0.0170967897435478 0.09489220676284686 0.011488200108298336 1.0240530979598182e-06 0.06835989243364379 0.22708157647426688 0.1772308627197495 0.09007197384118086 0.06512560635251335 0.07351215114596221
0.0002611064145805348 0.019614905775567494 0.0003653204638401183 0.009461637643041554 4.860551785281302e-07 0.05245102097442044 0.025996111147008984 0.34729495608081784 0.016715054335305447 1.1987408276770885e-06 0.0506227291390878 0.33860161184418497 0.08315222307839308 0.011901483479752112 0.008485042283449835 0.03507511254454358
0.004828264538092191 0.06488885470920248 0.04255490042655924 0.1847576832964431 1.9233357894041564e-07 0.03281627851558123 0.02691210713260702 0.1382912239984308 0.012691304038337438 2.1732022160411197e-07 0.032351009231749564 0.25198717237998847 0.10337455593986561 0.037057819356075335 0.024504822571573215 0.042983594211693774
0.001034986197417806 0.06188768549050127 0.006401639602401757 0.03958657979878808 1.8637436944769724e-07 0.07189054975669852 0.06644041939724941 0.1289955771449499 0.009551167519675439 3.5739260766643666e-07 0.05990953304780644 0.1879646846141678 0.17634145417060518 0.058479561678972274 0.058942656562345715 0.07257296125144318
0.002250391846437377 0.0689625057304668 0.023016951672942158 0.0839879725323319 1.5482561843045487e-07 0.054960861874021154 0.024558518070238157 0.10859927711131039 0.011581285926645922 1.0068095351165732e-07 0.07560888244817039 0.22964141411254696 0.1479884098905425 0.055208602396625235 0.052505579368250184 0.061129091512898935
0.0034861322082086863 0.09858097568943382 0.04460777447281638 0.13055284040181836 1.0716199944318885e-07 0.03114120295096953 0.022649495352885216 0.07492206582127454 0.012002913830972158 1.1570637693624192e-07 0.04517552479948336 0.23985114863346457 0.13859970264956678 0.04713722236245604 0.053983134216940946 0.05730964374133328
0.002485575173601456 0.041059182582372816 0.020299742154732306 0.09457134167345184 1.5965149520082132e-07 0.042010801529677004 0.013560816330002638 0.11274505417199347 0.016737764701977992 1.5647900900741053e-06 0.05134990384473058 0.33785136072260724 0.13010170436378896 0.044564479664087144 0.03898160760591092 0.053678941039480337
0.005958041390225665 0.05761707625658861 0.02465462835224541 0.2286019371692572 3.2129267655358787e-07 0.03973516536883896 0.06789613021196557 0.2290020464928555 0.005921416523725482 1.3108138911750835e-08 0.015535305306148285 0.11715712644812594 0.10074660576036949 0.03896278167851075 0.02637310155173206 0.041838303088595645
0.002602064811676286 0.06614558759450433 0.010387524185317123 0.09908264519068048 1.7204557939453314e-07 0.04582251356509561 0.0315250989732529 0.12067201739627015 0.012251079219886265 1.0036362998791318e-06 0.03983801712901908 0.24493960298509176 0.14675996539386904 0.042193672122816675 0.07739478855583896 0.060384247194802065
0.0007690938510237556 0.009199146252376436 0.0006631173828253605 0.02897260290981405 5.96430379873183e-07 0.0211638827611383 0.011851905979695862 0.43233014948225124 0.021967458720756696 8.909759254853357e-08 0.01638762821186477 0.4467933388212712 0.0066254010557602275 0.00047240322875843053 2.4058706367563257e-13 0.0028031858142506566
0.0017928626588250296 0.09315788522475021 0.026066241417340003 0.06710182258027289 1.9006858483237388e-07 0.045917677292417365 0.039020623007771926 0.1328832918094437 0.007896600423631533 4.099648704449102e-08 0.05221588309534366 0.15770925766275562 0.16887632586184426 0.0621687217148605 0.07655604293444264 0.06863653325122882
0.0026531885711087297 0.06771259868366841 0.02639909673879291 0.10125491798662795 1.6692113011846662e-07 0.04494457723486412 0.017004608623660683 0.11626846900252333 0.009397146276067695 6.482766101147108e-07 0.03242249415177261 0.1859024835727773 0.16311861189476343 0.06896617538776474 0.09677561886324192 0.06717919781462599
0.004096632806537165 0.0740403944759519 0.05378501514640481 0.15520667044239325 2.2317783232079468e-07 0.05874029643144706 0.03975963508883422 0.1589255878761439 0.008823005376089103 3.555386156546233e-08 0.024226517009386498 0.17487123413987074 0.12605868913088467 0.032656196834521437 0.03651372495762861 0.0522961415522128
0.0022357558226074182 0.06585027657376963 0.014849279165747764 0.08538152012104351 1.9039444405979814e-07 0.053440821708617456 0.05220360757104982 0.1319791427021263 0.009341182592884538 3.3462979935060603e-07 0.05438802716590645 0.18379520808665725 0.15994569806008654 0.06449711516330876 0.05568459313459961 0.06640724710735167
0.003122469156961539 0.047937416399611237 0.007685182793874749 0.11947275343173067 2.102082220312566e-07 0.04610886074531847 0.051872150997609244 0.14954353052409777 0.012513334448234175 8.0595363435998e-07 0.04481613397941439 0.24960041868802402 0.12698630368894315 0.04622821826611906 0.041776695563697085 0.052335515154508044
0.0011183992492572869 0.05953618654768077 0.006552749505581807 0.04170355578658905 2.510451062339119e-07 0.046152725308109446 0.07163788799057696 0.17923883862650442 0.012054142278999003 8.50051171383714e-07 0.0256246196644727 0.23954811077763413 0.14684201249548687 0.05185280197158137 0.05785698124582774 0.06027988745542085
0.0057055065473824275 0.035620994732805014 0.028321085449102255 0.21748112614199738 2.3136679296560975e-07 0.056754399304448075 0.03485997591820391 0.16581113598481242 0.010067942709071931 6.743251978044005e-07 0.016958494107778662 0.2006956611351793 0.10768605353431357 0.03282101778744856 0.0420525957887411 0.0451631051667245
0.0024097070031822024 0.014873624648775414 0.009092153860206151 0.09243639567595503 1.3153718309983305e-07 0.03716915593420708 0.01797426829778756 0.09337129571597076 0.016775940933291985 1.759351397320973e-06 0.044200836550733716 0.3350610671249731 0.14744068870667312 0.06846528041009914 0.05948887691883306 0.06123881733073129
0.0010715978194121548 0.04254611309336343 0.004749455706547594 0.040741744271765926 1.4200258642905529e-07 0.048404915693819 0.031497274215937246 0.09831548986983556 0.008951003649619592 1.281548108764079e-06 0.04992078428360959 0.17875069289489967 0.20161299920426476 0.10012747804846289 0.11147393238345166 0.08183509531431568
0.002809642421289132 0.08870425934351327 0.031053688453991354 0.10515518205843395 1.155018967982987e-07 0.03285520974571891 0.04399671384470179 0.08156380249184092 0.012111027913403977 1.5467187747938634e-07 0.03570775934014313 0.23930977094586253 0.14523801429034008 0.058452503577628045 0.06299773511163241 0.06004442028772617
0.0017185091912402558 0.06362676961015502 0.019660748200849423 0.06350882448290382 2.2589252630132702e-07 0.06658601603312778 0.023726637404181183 0.15721187314541224 0.00687137106605563 6.065847575979598e-08 0.07414382118018802 0.1368065292734984 0.16878885342065658 0.07033911230435788 0.0774920999029637 0.06951854823340795
0.0034338674823574146 0.05997573998486072 0.024134659410569706 0.13027751530042997 2.6911359402851427e-07 0.05061888827092741 0.035314419058655414 0.19129414632910036 0.01117546897615616 8.047180255416202e-08 0.03433883629998565 0.22181234692532295 0.11387167635918034 0.034352517445309906 0.0414200709017537 0.047979497669993716
0.0029521371173528484 0.0582514104497256 0.013826105721151942 0.11308915859295773 2.8902599962051075e-07 0.04267748937042284 0.03827221613874638 0.2061787183361183 0.00883313734013488 1.696448944721477e-07 0.044066288497532066 0.1748231767946663 0.13361382964172475 0.05294372133227262 0.0555855170113709 0.05488663498492874
0.0029585123172183162 0.13063842916963414 0.0154480196253599 0.10838078146204506 1.3082615392615335e-07 0.03340477435828471 0.020339940895258923 0.09477000540545097 0.00779500050254967 7.271210661697039e-07 0.040857875280361756 0.14936619907622045 0.1699881375575621 0.03146628307676144 0.12395138911460406 0.07063379421146847
0.006256148000085043 0.08737954778811755 0.032922896200495086 0.23977804167466865 1.4076807556738252e-07 0.022123336328251978 0.036102527303724444 0.10018983718410644 0.010214579131562821 4.00565078766305e-07 0.035903007077962894 0.2014067657006431 0.11308315182985956 0.033901793275366555 0.03363923082164845 0.04709859635035315
0.0031562101812868623 0.07962291931690973 0.02621325913053126 0.11873038364849987 1.4074415153384148e-07 0.0525961336671318 0.03553183286747511 0.09999070460242968 0.009454508612735871 2.6560076901409916e-07 0.0410403583006825 0.18712862986205023 0.15162579512524837 0.052869265768541895 0.07977662803807468 0.062262964533481596
0.0035400161096600085 0.05532799073983561 0.02507821556095382 0.13387555976776835 3.3326895698787345e-07 0.0383496158870119 0.05116912412780419 0.23721359998355362 0.008956866614478037 3.654569161774755e-07 0.031029987922377173 0.17783456218444643 0.11909850166463298 0.04150178802815809 0.02692273194978724 0.05010074073365926
0.0025134778309525195 0.028293037656275534 0.002291076722761894 0.09561527907713875 1.8432298217220166e-07 0.03130814630170348 0.024827681353569376 0.13198279990293307 0.01691237964864026 1.004271231552715e-06 0.0287239167229855 0.3405013132185287 0.11642391426426267 0.06088563080100562 0.07186283289749353 0.047857325007535215
0.004120165564703516 0.07365660037940518 0.0243304759726085 0.15531850065754024 2.204081210340002e-07 0.04661545222098998 0.023312462120078127 0.15779463752803857 0.010296931707557435 4.2358561883240245e-07 0.04147434777920476 0.2056540395018764 0.12006682460271481 0.029246558516718573 0.058410890375512836 0.049701469079311236
0.00621607469501928 0.04923196197717845 0.021755618935246617 0.2396280275608725 2.0118818807042577e-07 0.039136014689146396 0.025408727161728376 0.14337584904014508 0.011459268131608146 9.81048556865333e-07 0.036650689183702775 0.2291167844084095 0.10136040821961076 0.026361153359312675 0.028016038420506244 0.04228220198076836
0.003412824050994235 0.04818452672637609 0.01818443087410847 0.12823802032871925 3.436702573027616e-07 0.026215029193580215 0.03393090907246293 0.24678441113300642 0.008973647301767473 4.4509300564731673e-07 0.018038686056265636 0.1809080136281692 0.11387182611064829 0.059895558659319406 0.06657137585996066 0.046789952241358776
0.0017771598479735748 0.06019647596095506 0.008786699601228727 0.06785352597598125 1.6131486725199964e-07 0.05269854008300619 0.03237524227662431 0.11294585830570027 0.013874085421825581 3.784810031348436e-07 0.06471701673035377 0.2778441629311739 0.14268238059629432 0.054815654807977336 0.050839482252344026 0.058593175412691226
0.0030925448234165646 0.038472980652071005 0.017206322046728156 0.11944597425996248 1.695295909813336e-07 0.05645624948808119 0.0212713994692272 0.12029198349329868 0.016917572669825597 1.5778148708874319e-06 0.050570529057025464 0.338450914517684 0.12094539873214818 0.020918217812488087 0.025468519249631984 0.050489646383949545
0.005035856393395836 0.061121701758131364 0.03997230866796243 0.19089983615080747 2.3252706454619567e-07 0.054849738650108226 0.04870078491837227 0.1637759765777223 0.006041295256866837 2.0747625785521628e-08 0.03189802880636072 0.12047649677330508 0.1306106534573229 0.05069362463989978 0.04189658885515403 0.0540268558199005
0.003978939702148861 0.06658240407523064 0.0265655257710959 0.15039788292677211 2.1846280771396934e-07 0.054225949112389205 0.019061605413763616 0.15443499928826718 0.00992501185787499 2.8416267475006047e-07 0.049131805968849994 0.19836864058485765 0.12785167332966116 0.03507011112356781 0.05110264512650142 0.05330230309353694
0.0028579333615137772 0.0406404702906358 0.01561371599424663 0.10920471203677212 1.4738698425993693e-07 0.05293618351714184 0.03254598040589043 0.10263650057117159 0.0139110675714235 1.1742129471496457e-06 0.03517715038621097 0.27764328109674513 0.14233977037738443 0.052325138028130255 0.06292655784051787 0.05924021692228427
0.004262782680457648 0.06821609978927726 0.012121478249776543 0.16292439175573606 3.9932971286727744e-07 0.024682024766821596 0.03434516404585473 0.28750706532295733 0.00987745880358488 3.8876721291890926e-07 0.029404637247510735 0.1983412775579291 0.08153716053502338 0.017850267134864185 0.03516334278094584 0.033766061232334894
0.0033418904113065233 0.03171133165844284 0.025265164349808474 0.12780042546163028 2.4628393329223333e-07 0.05793149142014016 0.0554894829781318 0.1737074921890819 0.01082767703626063 4.071665399924556e-07 0.021028646999648713 0.21566802127279813 0.12469228844194426 0.05627842372307574 0.04436513139300373 0.05189187921425347
0.003794978474852612 0.04591496627894056 0.014788260470074225 0.1434225868553405 2.2296914830828193e-07 0.014541816269960553 0.012788960114981872 0.1607878125270974 0.014169202294023481 1.616867360756981e-06 0.04879098047346896 0.2835728538304933 0.1199394599309933 0.04787619350121262 0.03941661291626394 0.05019347622578756
0.0018518453915815432 0.042093741613196754 0.013423522039478974 0.07134376224287142 1.342605383268676e-07 0.04945064025174366 0.012860864052076391 0.09610420301980008 0.01903588637022215 1.6304337557828141e-06 0.045998969725577425 0.38050806792589015 0.13344090962239163 0.029352659186756506 0.04929897968008732 0.0552341841840319
0.004833129932126888 0.10808364001669526 0.02323049556275447 0.18068441765674018 2.788343058416284e-07 0.019663873564725615 0.03836404388028494 0.199397546294941 0.00536971263531845 4.973252496304662e-08 0.01564836287353033 0.10769474604575498 0.12103929469089726 0.03634773339249173 0.08975587314352158 0.04988680174338643
0.0037015594084839547 0.06036761426752818 0.021579925681365845 0.14207367291984974 1.649845195825374e-07 0.039649041076056615 0.04368856179293933 0.11468203412668251 0.012650285883811714 1.2009269431785352e-07 0.012330348216918467 0.2522469685788527 0.12322455298338543 0.05284642908287217 0.06966794691088396 0.05129077399315547
0.0016670102481470544 0.0438351219686463 0.02242611346062335 0.060784625609712 1.0287631903491996e-07 0.03227455403793494 0.03393051630622888 0.07240868816565577 0.008389854827985495 1.3482913924741862e-06 0.032932594970005426 0.16659699398982453 0.20573527013654277 0.11934753382401139 0.11564317636375065 0.08402649492321992
0.003599417333133216 0.05598701686279025 0.009971785531749827 0.13836257235153462 2.475600255298084e-07 0.03711084697125289 0.053142341114088464 0.17707329702790048 0.01349859112564074 1.1071703677894476e-07 0.025636864116818384 0.26779512710981096 0.09880362348540285 0.036625897266862606 0.041206073011626154 0.041186188414326204
0.0015305491308506174 0.05333394017348121 0.005145981032570237 0.058801410851216755 1.3649822684836626e-07 0.05765102707961022 0.05565304153710659 0.0946165869642643 0.016595410560317627 4.604135256824178e-07 0.04772738177576114 0.33171635121079157 0.13329056280978802 0.04256903767567899 0.0463782078431651 0.05498991444364511
0.0021702100716387415 0.03878402731840788 0.017292405249152997 0.08036721874693899 1.2253865081994993e-07 0.05229009601161913 0.040646638356025104 0.08528096487588316 0.011690549655896726 1.5253018116644896e-07 0.053174449106160364 0.23216455167805877 0.1576216036407313 0.08999936015323448 0.07343347689925808 0.06508417316816228
0.002969392000985184 0.09644260013301847 0.015854869127301666 0.11245591101592238 1.3285647035605437e-07 0.03732832588647932 0.035786894725984855 0.09520147821423378 0.013228975274461511 4.917727320594692e-07 0.04910543888545617 0.26439776733467696 0.1362614693388123 0.030516222453444115 0.05474674913205174 0.05570328184796909
0.008099378093940223 0.05803957048759597 0.007178064169288655 0.31282160111056145 1.0329042090392145e-07 0.003703748187051954 0.01059320260246834 0.07481185681114792 0.01919947976373112 4.7068476733709604e-07 0.03841158440652949 0.3879330196004176 0.039764081652168604 0.010479294280533055 0.01234563819068433 0.016618906668693218
0.005074023429756465 0.06281443946329436 0.025049502357912354 0.19419074762032396 1.9096067696146506e-07 0.03888885587152167 0.02232878192713822 0.13680197322086116 0.012092512193833534 5.547071708431952e-07 0.03369373152334897 0.24134191444693376 0.10990696996044798 0.032562794188499194 0.039498112893386964 0.0457548952348936
0.0031152532933604537 0.08297055838608895 0.0028343878914964607 0.11900059250826209 3.457789186991526e-07 0.012987267116074811 0.02630459766010775 0.24783650231618587 0.015518463008349359 4.840964715133991e-07 0.027980727447149113 0.3129359690123864 0.07118310646941978 0.0040229663993590105 0.043648443818316854 0.029660334798052867
0.004177231667563834 0.11037154128447423 0.01710918479047888 0.1554707551287702 1.9245580535489984e-07 0.020610242121262265 0.04997801068795968 0.13733234681418063 0.00945664064247447 2.6366885612807e-07 0.03998896598579736 0.18817789207910968 0.12576725201246822 0.03380896742473256 0.055331179555906766 0.05241933368015977
0.002207533530830283 0.037934992412567335 0.015226373458089394 0.0832449619846516 1.1912729109871899e-07 0.051948180406768664 0.04185869694451247 0.08441082530360598 0.00951977669369588 2.395407235874286e-07 0.05869556969920375 0.1892101566406342 0.17363623895397268 0.10268872368634847 0.07907415030242175 0.0703434613146828
0.0036431040989452004 0.06225451607998666 0.03503390584498197 0.13669223635232378 1.1292898176786973e-07 0.027641170821967244 0.04118264466838468 0.07969092306581481 0.01606233327032467 1.600020076985616e-07 0.028715828283100642 0.32155831210793334 0.11113923183989706 0.058190582247075844 0.031601505797699374 0.04659343259057524
0.004560504168850816 0.09928233228856086 0.014663769546729403 0.16862210686714604 1.463971306715842e-07 0.05050003107188885 0.03352398541730015 0.10409464899486844 0.007349641314844234 3.4466999609863435e-07 0.03638244711722237 0.14438637877912544 0.14391898153405275 0.03130689675317893 0.10115598939216815 0.06025179568693675
0.0018656547105775389 0.07207368928795006 0.02525921731916695 0.06911827036547377 2.1132717379550072e-07 0.02653564747665326 0.04540244565788531 0.14588347771650548 0.005068193526823207 9.06691053227567e-07 0.08366629663521878 0.09938341502809288 0.19168852371858938 0.10292307835212959 0.05175781895250333 0.07937315323420342
0.0054950635968303106 0.04255043616970875 0.027609642861205267 0.21147357024354288 2.1593368472986486e-07 0.03832251731833344 0.014859746684780762 0.154738312142409 0.013636794038639138 3.174725587122909e-07 0.021577982254546615 0.2717155993035624 0.09004362720498489 0.027545368093463314 0.04256701459977881 0.037863792081971
0.002300650639640672 0.04164284718923153 0.016596532099036585 0.08797482155723972 1.0979261968077537e-07 0.04108707439675573 0.008817741509475919 0.07880794558827739 0.015744976677305293 1.5974608821291445e-06 0.0780680721659979 0.3121259477552205 0.15397174328242189 0.05745891924541792 0.04166578734646099 0.06373523329401606
0.004229759973203839 0.07145458472119222 0.04077080131466523 0.16077257676321594 2.1378428529045734e-07 0.020404445639895845 0.024428570219871597 0.15318657233614527 0.01095919581478932 1.9165036858888453e-07 0.019388584144386302 0.21717678086570333 0.1192062881591724 0.04855065979235831 0.059940074843998006 0.04953069997674851
0.0023982275288693877 0.043474137525640465 0.011521331707303966 0.09112115472333472 3.3004827270150067e-07 0.04157809917594154 0.02750452554253735 0.23784773830255534 0.014738022961053579 1.0034176943455749e-06 0.02667425500067543 0.29522038198691325 0.10184889450306725 0.025044180777106694 0.03841026950177788 0.042617447297256104
0.00384612515876274 0.07478226372213274 0.04439366411309986 0.14430467967927196 2.3253091981792347e-07 0.03547814248145406 0.024710090481487347 0.16753430678336645 0.01013783236533062 4.0120335648986114e-07 0.043137049246421075 0.20415045975914928 0.12284034362789688 0.042237264148415846 0.032133161063139556 0.050313983635795256
0.004399489658613635 0.05157332216263959 0.025621155991820976 0.16593078466217331 1.544829158240728e-07 0.03856104848335036 0.031179879396780494 0.10847673941913154 0.00881714451165128 8.830370158872208e-08 0.02272983303257566 0.17637372623127937 0.1422756124730479 0.08000463615270914 0.08532132155030155 0.058735063487307726
0.0035735696102091067 0.08329900551649666 0.01784093791387741 0.13291024933565446 1.9290861269943996e-07 0.04489248618189869 0.07641684979813154 0.1361162136856145 0.009318350386135566 6.366787194583763e-08 0.05256199701846238 0.1856443414027776 0.137674433187372 0.04386096035709583 0.018468063537969665 0.05742228549181995
0.003723017015848184 0.0665380196994999 0.024605615260302336 0.14275711040058725 9.690504014582779e-08 0.05614725276406154 0.014707637200354907 0.06775887451668201 0.011706153856073277 1.1003271345659259e-07 0.08104354106865155 0.23398286830988843 0.14125335095160665 0.05406995968255539 0.04422305118686717 0.057483341149267786
0.00278011173893954 0.0629678037074092 0.017890734565797234 0.10448016186904215 1.3162355125670061e-07 0.06618043417963938 0.04795719439805149 0.09378303187796577 0.010916975265397122 6.668799782697127e-07 0.04835320863013324 0.21795687199676864 0.15788982827182926 0.04535106194936874 0.05896709028099973 0.06452469276512895
0.0029905336706845397 0.044364359939556515 0.006902683648913731 0.11405925442401355 3.130855480566463e-07 0.06435122194695074 0.03633759320984 0.2260435450249879 0.009732500294292531 4.807473647143412e-07 0.05577303397171056 0.19191972756088962 0.12221537323839958 0.031971916829857186 0.04303008220540384 0.05030738020158693
0.0016412715890381441 0.042106139338308264 0.013184017305766623 0.06188045295500578 2.0535839839070897e-07 0.06979694910099635 0.06312555385062045 0.14430501446226204 0.010433921800523977 7.243818394349834e-07 0.06174865012450769 0.20504442646540613 0.16227378861582042 0.06092119179917688 0.03588279302473149 0.06765489982759797
0.00369799169611823 0.05686185081870033 0.016657132490761565 0.1406048071726377 4.100201221269864e-07 0.030939189000413723 0.03128461454464348 0.2942114299991771 0.008978246868137913 7.047240062906755e-08 0.01911785520864363 0.1798246195300257 0.09634403811034864 0.029532287273546745 0.051804252325941665 0.04014120446838078
0.004838251827624126 0.075176594576089 0.02172673160583348 0.18538713486174058 2.1056788559531775e-07 0.03290449069343063 0.05338458926880245 0.15133447184611898 0.013553213655261152 3.9435398056419755e-07 0.03203813441129107 0.27123994074778407 0.09231972601899283 0.016053574601554547 0.011908447024283033 0.038134093939328005
0.0015429888950102089 0.03494757841872528 0.002347833191563582 0.06017150048479995 5.16393020731045e-07 0.0386624599053147 0.04497382226612249 0.3718087459899974 0.016706179536658067 1.6362459104576718e-08 0.023742444089105315 0.33578898377415395 0.04482868565620162 0.0021614808877805872 0.003287639026561644 0.019029125122525446
0.004313297130016344 0.06924581693285446 0.07204387564314646 0.1613277033632897 1.3770356785526896e-07 0.03873310038053174 0.021854227797805457 0.09782837570225338 0.0073518503172629104 3.6058267718921185e-07 0.0265812329232908 0.1442843779589473 0.15640134784510545 0.08393136678162641 0.05095369112433492 0.06514923781328959
0.0026729735121524276 0.06822074843155944 0.005493078301018184 0.10183102153744818 2.0684816146111749e-07 0.02968269337435917 0.05988167346870153 0.14805918868501544 0.013040591696002503 5.819787444685008e-07 0.024773830317020913 0.25921469897852917 0.12445950435402649 0.048518260422459686 0.06295680720521568 0.05119414088958529
0.002118121738900399 0.05021220152636388 0.017154208803921614 0.07903031941596264 1.4104010171741093e-07 0.04138779015369828 0.04679389933139558 0.09993698135599255 0.010105250265503388 7.794557005571375e-08 0.05709708984474055 0.20012431461745328 0.16325528604784192 0.101195149003471 0.06480823008412835 0.06678093882495469
0.002770617164011672 0.042160867243678186 0.017866127348599894 0.10551921992687854 9.609712545263369e-08 0.02434089672926154 0.03788361377090001 0.0664882646898417 0.012690134720927617 1.2741807465312017e-06 0.03269017975179925 0.2516481143168236 0.1641343191056142 0.09401414711871636 0.07995760355628927 0.06783452427878617
0.002629915646851097 0.08557182151098255 0.020788461599030205 0.09893059332234408 8.439390587696629e-08 0.011143216957689422 0.008116325301765634 0.059948294138718286 0.01776365897467352 8.551250849873757e-07 0.07359158239350412 0.35418845796218285 0.12760490925445542 0.050553161293222806 0.03573467162990726 0.05343399049568182
0.003581318161229098 0.09735736028153957 0.031681141263558255 0.13470691296694037 1.1044834433836915e-07 0.02785593903992347 0.05220255680751535 0.07835723528837527 0.015574668136210631 1.2516857083955473e-07 0.03185177944390928 0.30900907081566564 0.11139664947530983 0.02704679197062864 0.0322700688745098 0.047108271857769536
0.0023968117452152333 0.061085041138868985 0.026229381148706533 0.08850658774938745 1.0546818021519665e-07 0.03757964290197449 0.01755957355025182 0.0735735493667222 0.013360418273360949 4.4019104432626725e-07 0.056448184929931026 0.2668246199720003 0.14946336486380535 0.07592045795449592 0.0688737132800936 0.06217810746596153
0.00231845214043328 0.08119145838777801 0.008199328513477471 0.08650858274048945 1.1517606960439452e-07 0.06894599985331025 0.03837225992143169 0.08080043693037657 0.010619229426844158 1.6977817698851668e-07 0.06793202956438263 0.2085772841018833 0.16186808596824162 0.04396321174801153 0.07392674071836837 0.066776615030725
0.002070665891560741 0.03531233124480313 0.013835367656026842 0.077494506494738 9.667832474941392e-08 0.04660036263110205 0.05346040237119903 0.06825597000254247 0.015039705423482003 9.514944689612475e-07 0.03139383929247506 0.3001001572549205 0.1565464873059068 0.07602318196724009 0.05923691217689608 0.06462906211431346
0.003880375981879732 0.07289169829424325 0.025458250213180315 0.14529442798594425 1.5855823047362617e-07 0.04007534155346465 0.025532213090531393 0.11261010857995173 0.014277277559276127 4.35505363854448e-07 0.045921854773962135 0.2863350856267443 0.11103301960800632 0.029664517652867598 0.040409727243814204 0.04661550777253962
0.0024793876111931386 0.07224569541600204 0.018070855771044957 0.095322873082948 1.0189558582746345e-07 0.01705308377127266 0.009629278008443083 0.07232743731479743 0.019124599590660686 2.358525251699871e-06 0.051751635924132865 0.3845669505144102 0.13626950528096038 0.025489181187630702 0.03935503685310878 0.05631201925255757
0.002805239500859367 0.04208330624373045 0.017852018468896228 0.10557626746968228 3.002012181852836e-07 0.06426527942860218 0.04643444699732525 0.21603264664018113 0.009237122572366285 6.228804060724468e-07 0.033567986193968995 0.18491704063048636 0.1347812515154599 0.03816912027031381 0.048995425295688524 0.05528192569081497
0.0057543426369575474 0.07227587175327191 0.03785277054376708 0.22075067843234011 1.906373467729388e-07 0.02264385932011176 0.01880276928003561 0.13677100254468408 0.010598345459075963 5.356653530335477e-07 0.038469180215437895 0.20835768123439052 0.11073225608405567 0.038890217611005744 0.03167095407478454 0.04642934450738177
0.003148500445018804 0.03710873630389798 0.018958763013989185 0.11900182201927226 1.372973727946727e-07 0.03614403557792418 0.03465945164738484 0.09751320716048652 0.01445619378713091 1.1484290649305649e-06 0.02491866158082373 0.2873566694703072 0.13958794220779125 0.06342424045706709 0.06552838937191584 0.058192101230552545
0.003883556144483175 0.08149252196987701 0.01582249160368585 0.1463261827572015 2.3556049170802654e-07 0.06721594430802587 0.04390633812293871 0.16610520478082094 0.0071646918348387285 3.436483825894824e-07 0.05045737516808091 0.1403973913288958 0.14270211935571975 0.017521919326270025 0.05731110320579555 0.05969258088449196
0.0027007062555627777 0.06826051545952058 0.015307920298200418 0.10184966986790432 1.7610297343013056e-07 0.0528943361390892 0.030014174831589257 0.12501210500555604 0.01246233549094406 1.2107550072819913e-06 0.03679218433270586 0.24777397239163984 0.14648744020349652 0.028525041350494194 0.07119977922331183 0.060718432292004375
0.0016776353823012569 0.08976627098409776 0.022626515650586508 0.0641473997651927 1.5492143248092661e-07 0.054118971530487586 0.022768781096179646 0.1112309043330884 0.011296737174103242 6.61256839393084e-07 0.05342554674238121 0.22240576769796325 0.1614427031095677 0.03854311827754861 0.08101189292860259 0.06553693914962766
0.002385939969468358 0.07838533088417783 0.007021077927873103 0.09042547300065892 1.636979716971834e-07 0.07200483346201876 0.0512567214034579 0.11436204381278929 0.006968286441379325 6.405060214235612e-08 0.05445700726018366 0.13659444422803285 0.1714735367097869 0.05290837643230604 0.09183962542100307 0.06991707529829007
0.0020709290669611493 0.07511466755124743 0.023264781175748473 0.07776744398822115 1.2315204838661358e-07 0.017250610506475347 0.013264159602585602 0.08829698792700946 0.014949668586272745 5.401538863534249e-07 0.07620578947354936 0.29498261564767775 0.14046294504373957 0.07356422143822625 0.04435208685432239 0.05845242983202864
0.004716200684930243 0.16570274952645186 0.004782998309144473 0.17133270494481995 1.637589399848366e-07 0.005640613759539178 0.034129770374912105 0.11864529369076716 0.007016446245764551 2.5955847844854096e-07 0.004539635393101558 0.13695851028780398 0.13393303997602182 0.008574844480343605 0.14741009827606252 0.05661667073291855
0.0034363784651309844 0.10644051672461002 0.019898168125991766 0.12765067925852464 1.298963127677326e-07 0.018625085869935915 0.04842465227799109 0.09136597353991864 0.010523443060209144 2.663561575187002e-07 0.04903261599909888 0.20777040725780177 0.14155147014427077 0.05769203751545413 0.058499519931418685 0.059088655577173195
0.0014968944180109905 0.03737873831350973 0.00186172177592345 0.058272546482654834 4.170542126373901e-07 0.038305893613379036 0.038054304457587784 0.2998770086371968 0.019977528123876185 7.323579025394142e-08 0.033015899103096005 0.402452044091693 0.046283803217537514 0.001871342015820158 0.001565673696622593 0.019586111763089036
0.0017764138340792821 0.030766285196650332 0.0014905239835027817 0.06497667797586662 1.0828484033962795e-07 0.07021744506480385 0.024230055612007247 0.07386922272151687 0.012993796754034437 1.7238793339493497e-06 0.03589796377199214 0.25803720866394636 0.18082569860410114 0.05759603479681841 0.11167872389978893 0.07564211695671734
0.004906025853695403 0.0863698567182502 0.029267168721329992 0.18638764177603126 1.91879650865628e-07 0.04005777736948131 0.030467565086333175 0.13739525774374256 0.011128966866224832 3.744049066585364e-07 0.031807452093285074 0.2243899393088508 0.11276694715114617 0.016408112652527305 0.04240992260050741 0.04623679977403695
0.003456281230546561 0.070726878870672 0.02368738082322104 0.12985223135278812 2.1538874433063192e-07 0.05893089895372865 0.046542166606119276 0.15195246162566517 0.008074231810702106 3.777888798370747e-08 0.03878830648670586 0.16105821600291198 0.13860317099106959 0.04667098417297265 0.06429543660178179 0.057361101303482966
0.00455080293545156 0.054250933519858595 0.005252901341808294 0.17356912457911916 1.8525526967602885e-07 0.04246605866540037 0.04184564656996589 0.13350989168758193 0.015584387460463107 1.5605427455540373e-07 0.029458718820112327 0.31139238122950647 0.08757774337982185 0.021083828122188446 0.04295188793539317 0.036505352443784674
0.0032712615285623325 0.04481913553514383 0.015986925126726143 0.12404148969075579 2.163930004676073e-07 0.050252549893698414 0.05159410561273792 0.1555788706748206 0.012919999053205863 2.4422277981727114e-07 0.026698976404973842 0.25741048328933747 0.11538720817600798 0.045239014279259006 0.0492434282289142 0.04755609189007622
0.006714115359987586 0.07554241523405339 0.016067556792587485 0.25811155617772796 1.641201320368739e-07 0.011293906288885172 0.020913735097493624 0.11630704597863767 0.013836490475450342 8.707327411187321e-07 0.04503511231872157 0.27776118983942366 0.08771527942548818 0.017391097957074213 0.01615927071041354 0.037150193491182495
0.0017345019529143608 0.061516668929781596 0.031222555038156196 0.06394211566330626 2.1737491756955254e-07 0.05854174097858921 0.03340682903310591 0.15557596508863486 0.012055466549865846 3.869589219710164e-07 0.06582809157265433 0.23894773808687464 0.14184142296126392 0.04690712038908657 0.029577136046045387 0.05890204337588132
0.004126523425519813 0.07428741022514508 0.025481465731595647 0.15353034319199685 8.211662261517824e-08 0.025875450911593788 0.035931533605597 0.0570048145543054 0.01022011402186629 7.763798015487189e-08 0.023675484493676555 0.20372808622271463 0.1453692674166282 0.08391922372797471 0.0965970501624843 0.060253072554298966
0.0025835269861147043 0.07715843688120287 0.04081997328865324 0.09725984502224701 2.6373861662495855e-07 0.05781548241877552 0.04450320471695377 0.18480976199694119 0.0075518483647115785 1.8480514753584524e-07 0.011692694375052486 0.14907210413825672 0.14601802031321395 0.04215447332613377 0.07788917687284158 0.06067100275513743
0.0035278001215364747 0.05709716581455314 0.014224143306754727 0.13307168283636356 3.0968747838878555e-07 0.06737615774325875 0.029532576679105818 0.21992263905847387 0.009266551392468556 4.59847676502853e-07 0.035552345934240254 0.18290341510284247 0.11908461079348957 0.016640204896669473 0.061422112866094926 0.05037782391899356
0.003168281667428238 0.08213517689356228 0.03338502222342146 0.11893528159182565 1.9649505168412018e-07 0.04033427371685468 0.049069460227872126 0.1383188418374493 0.005709147913129991 1.5616556580110754e-07 0.011860378807437795 0.11114318840099512 0.16652043951323928 0.07000427129058813 0.10082943146733422 0.06858645178824425
0.0038347820365563336 0.05482412319389013 0.022202254189240562 0.14686161285754068 2.1383950773134535e-07 0.0430913771960556 0.022130536314461793 0.15259965482819268 0.015460762190251224 7.219161985606888e-07 0.042042199257422384 0.3088329502994942 0.09938817027034857 0.019116468637249577 0.027821188187246118 0.041792984786343836
0.0045708369830829145 0.17042869582389383 0.0060981079948806555 0.16543701266348912 8.653065084568432e-08 0.0051895397701439295 0.013251718600027622 0.0607665758912568 0.00841956495450693 2.421462592655773e-07 0.023623544447927032 0.16597645043150475 0.14476165969092875 0.015755094943595876 0.15434639281092533 0.061374476316926316
0.004012634475558978 0.06083406296504018 0.018874852349750556 0.1539022125858879 2.4735519864398963e-07 0.03414697962094972 0.03836590276425797 0.17501162273484114 0.013223324015069383 1.246046090338153e-07 0.01987190461920217 0.26393434973141644 0.10108836968512708 0.029114867267572144 0.045044490368761875 0.04257405485675677
0.004289909226666533 0.06643439805570177 0.011390893902588383 0.1654095512902908 2.2565715056549347e-07 0.019250879459275318 0.017561525531219733 0.1612071713325524 0.013520063850276367 1.2708733286033206e-06 0.052242278166352345 0.2708700504763793 0.11192048443641635 0.025154011373438465 0.03432108913857433 0.04642619722978865
0.003708566599433172 0.08722344433448727 0.03561269093040831 0.14078203080893856 1.5542743399085042e-07 0.026108693011466427 0.0430082571430613 0.1091007162002165 0.010991534220370452 6.17215171881609e-07 0.048121503605621424 0.21811406773111344 0.1384108094947662 0.0501125763854105 0.031224038195815616 0.05748029869628494
0.001966360762055249 0.06485835006839637 0.00977359041168432 0.07191655024301258 2.5602509124895387e-07 0.07251810240619966 0.06531817885222059 0.17899514588480536 0.005047713865303156 3.0418395230892393e-07 0.052809271372180534 0.10055855216272244 0.17760048449848792 0.05718370703117739 0.06836210055281619 0.07309133167989472
0.00316382230350538 0.035168222520176685 0.017896687302982626 0.12198908965551354 2.621534522727996e-07 0.03273258836972736 0.03713910248100554 0.18755378957007227 0.013855457841926462 5.006516667505215e-07 0.037122801881998894 0.27575391289173456 0.1065768413709598 0.05676540488047855 0.029815602484230784 0.04446591364056851
0.004687352188887907 0.08073327810383811 0.03500062845212423 0.1766084442254468 1.318021346588824e-07 0.015905619353437726 0.020015155847011832 0.0927919642845445 0.013984744779738907 1.0385241523890845e-07 0.03225844272375678 0.28048938191141576 0.10418047913900255 0.04918972030684748 0.05039963973485588 0.04375491329454163
0.002164749837028622 0.026553305154634277 0.0059285800695489 0.08416524612690704 2.4741858642494524e-07 0.033786396736087694 0.017437894819974587 0.17649823330257902 0.01765877607544139 2.401559220784925e-06 0.04409365596929048 0.3540867505544632 0.12375749912674858 0.03086817813297842 0.031171055165667195 0.05182702995084345
0.004827188881856946 0.09406341950894379 0.016268900413922687 0.18187019416557354 1.2454746953593703e-07 0.03164622140299333 0.018815674492733216 0.08815184094294252 0.009334250414596327 5.926521599006753e-08 0.03193052199153625 0.18645794060587914 0.13279374916456216 0.049718340043773006 0.09940975713286589 0.05471181702513562
0.0033453698473737362 0.08238092800852628 0.04531695850605423 0.12638248621230314 2.8671622000809273e-07 0.04421886864451299 0.028385061457498695 0.20462350595404552 0.007970912313078355 4.791650485038336e-08 0.021550790943328926 0.15859706070827598 0.1250801461229418 0.03593690047287685 0.06474180722246908 0.05146886895398946
0.0019467882823133702 0.05984054168216418 0.014620587676769657 0.0721069338439013 2.2374571994667865e-07 0.05589086662338959 0.055105425208659846 0.15633021709549794 0.010961848875322143 7.464762300817868e-08 0.048588646151919906 0.21767715309741217 0.14038158179569638 0.05542322404536157 0.0524519667514919 0.05867392047675709
0.0034944736529013685 0.03624129754920772 0.05798753680900789 0.12999946426611078 1.2248501865424638e-07 0.06726832728520053 0.03523636940062027 0.08561399271034865 0.010133898401206133 6.346185028033218e-07 0.015485381930000382 0.20210285732751837 0.16213987850545114 0.07098635165225989 0.05593606679402473 0.06737334661262064
0.005092482033969761 0.07246172144593817 0.04669040437695392 0.192587075311455 2.4844274661922203e-07 0.041591137117559594 0.028811709088105045 0.17712165782683628 0.00907822841310076 3.283982207199704e-08 0.036747366961093805 0.1818971440632111 0.1068760000180234 0.03120339417939914 0.025307610290699143 0.04453378759108625
0.003717312219318633 0.05417416988508971 0.018691193222368112 0.14123910685144134 3.6550513580462103e-07 0.02935100761685445 0.015331076070759932 0.26224824387655676 0.014237167627950228 4.993414631277501e-07 0.01566255975790643 0.28693145644099705 0.07354947261923417 0.010180746490473883 0.04369778355016965 0.030987838924280725
0.003650482131306073 0.056677498555470746 0.019612126525533076 0.13788167496590792 3.5279624142987786e-07 0.0287086444992218 0.015331052340793478 0.2529896533340404 0.014190139081968188 4.785111592074579e-07 0.0158216278838894 0.2868194376913001 0.08014694052970266 0.01067706596101109 0.043697783550445075 0.03379504164200952
0.0031820162619535094 0.09476092492946536 0.0296106577525341 0.11997115353129455 8.820649228562479e-08 0.024226192659293738 0.022082826175767022 0.06260178404755587 0.011024641128155337 3.229372272643928e-07 0.0679908451766895 0.21801389372822494 0.15809768585378653 0.06459022073609692 0.05901383574035183 0.06483291113511126
0.0036650065384508717 0.04942284667934025 0.025678858577049594 0.13905507038337714 2.3740791597113395e-07 0.059689615117676856 0.057632718429814975 0.16980614191587934 0.008618366901137401 4.285123870064784e-07 0.01886782241970594 0.17053318414696766 0.13560778542857627 0.048186199572086495 0.05735611300268735 0.05587960496694687
0.005989927721128959 0.05756671867238185 0.015826624156143502 0.22754742251965263 1.4922851374428176e-07 0.04105080859615621 0.050231847980096646 0.10673699617543142 0.009835162533146249 1.201062134435982e-07 0.051276932108025024 0.19631352782687275 0.11878695017910335 0.04484259089529068 0.024801593785797476 0.049192627516046084
