0.0 0.003377502098066547 0.0 0.0 0.0 0.0005474591213482981 0.0 0.0 0.0 2.5703957560267563e-08 0.0 0.0 0.0 0.0032453098673420515 0.0 0.0 0.0 0.0 0.05050678097986211 0.0 0.0 0.0 0.0008742902981144382 0.0 0.0 0.0 0.042956755117541184 0.0 0.0 0.0 0.04350191020064845 0.0 6.878444960801668e-05 0.0 0.0 0.02961982074080189 3.8127420992803105e-08 0.0 0.0 0.021373905738679717 1.2261709263692657e-05 0.0 0.0 0.019617729584346617 0.011728156568352723 0.0 0.0 0.0033843999853539765 0.0008010192419251167 0.0 0.0 0.05764833761633887 2.0222152990277163e-08 0.0 0.0 0.012709847773934206 0.0005551147483712411 0.0 0.0 0.07888035826312224 0.06256640722404225 0.0 0.0 0.017596061280863096 0.0 0.0 0.0 0.0 0.0 9.129398246927535e-08 0.0 0.0 0.0 5.665979728848217e-12 0.0 0.0 0.0 1.8981500766566525e-07 0.0 0.0 0.0 0.0 0.0 0.0 0.0 0.0 0.0032598576472753628 0.0 0.0 0.0 0.12190599686295066 0.0 0.0 0.0 0.029135378971114945 0.0 0.0 0.0 0.0 0.0 7.213525309692119e-10 0.0 0.0 0.0008743159177529913 0.00208447050887378 0.0 0.0 0.05831305458818597 0.003217035928527726 0.0 0.0 0.0005692121132363229 0.0 0.0 0.0 0.0 1.1768756836729924e-07 0.0 0.0 0.06687673929536957 0.010131613749188166 0.0 0.0 0.16262047710164196 0.08677283315495565 0.0 0.0 0.0223275951437603 0.0 0.003981298626544821 0.0 0.0 0.0 0.006745316385593399 0.0 0.0 0.0 2.114793085530895e-07 0.0 0.0 0.0 0.026505170820397793 0.0 0.0 0.0 0.0 1.010142856642004e-07 0.0 0.0 0.0 5.7094653330386685e-08 0.0 0.0 0.0 1.1596154170665224e-06 0.0 0.0 0.0 2.693815319275303e-06 0.0 0.0015432915197551081 0.0 0.0 0.02753693990465111 4.142194935798594e-08 0.0 0.0 0.023149087912828853 0.0052840217458622165 0.0 0.0 0.1107965340375027 0.04181802741650086 0.0 0.0 0.036119119619203645 0.0009375692116685697 0.0 0.0 0.03701192228639599 5.126151966279541e-08 0.0 0.0 0.11212769105005799 0.013154104303938952 0.0 0.0 0.26132514291612774 0.25790172585650867 0.0 0.0 0.13473112041517893 0.0 0.12011844518761401 0.0 0.0 0.0 0.1470083666804168 0.0 0.0 0.0 3.7743507432433267e-06 0.0 0.0 0.0 0.3183183250077884 0.0 0.0 0.0 0.0 0.03045063852162306 0.0 0.0 0.0 0.06092388473788619 0.0 0.0 0.0 0.0813831519823449 0.0 0.0 0.0 0.15064417289403703 0.0 0.0014402600926471248 0.0 0.0 0.03178044639238983 9.445646434515768e-13 0.0 0.0 0.053821896567268934 0.0022273178139232998 0.0 0.0 0.030923028425812474 0.05922329760527023 0.0 0.0 0.042397279072540026 0.0009882918160763266 0.0 0.0 0.028255285679553502 1.1671747647895944e-08 0.0 0.0 0.05779589187659173 0.003783092732423219 0.0 0.0 0.09471300238465678 0.06879304469216535 0.0 0.0 0.03522954507956121
0.0 0.0 0.0 0.0 0.0 0.0017843202003577558 0.0 0.0 0.0 0.0 0.0 0.0 0.0 0.0 0.0 0.0 0.0 0.0 0.0 0.0 0.0 0.0 0.10323575597449777 0.0 0.0 0.0 0.0 0.0 0.0 0.0 0.0 0.0 0.0 0.0 0.0 0.0 5.559583496255713e-14 0.0 0.0 0.0015509934799478244 0.0 0.0 0.0 0.0 0.0 0.0 0.0 0.0 0.0 0.0 0.0 0.0 5.472379305435346e-08 0.0 0.0 0.04250700547159753 0.0 0.0 0.0 0.0 0.0 0.0 0.0 0.0 0.0 0.0 0.0 0.0 0.0 3.205875465467331e-07 0.0 0.0 0.0 4.5252053525194466e-11 0.0 0.0 0.0 6.24125485420103e-08 0.0 0.0 0.0 0.0 0.0 0.0 0.0 0.0 0.006087330060252377 0.0 0.0 0.0 0.19052733582633943 0.0 0.0 0.0 0.030252827790898027 0.0 0.0 0.0 0.0 0.0 5.104933402732721e-12 0.0 0.0 0.006090486674217017 0.004887020355913745 0.0 0.0 0.1004879258921004 0.016393047642001432 0.0 0.0 0.005685534678600905 0.0 0.0 0.0 0.0 1.2276119301864283e-07 0.0 0.0 0.1865925797120188 0.08530167990914737 0.0 0.0 1.4077335961742412 0.03558253460977874 0.0 0.0 0.011471412766338764 0.0 0.0 0.0 0.0 0.0 0.05995093182696833 0.0 0.0 0.0 0.0 0.0 0.0 0.0 0.04074593119779664 0.0 0.0 0.0 0.0 0.0 0.0 0.0 0.0 7.0729757537859215e-06 0.0 0.0 0.0 0.0 0.0 0.0 0.0 2.2419214902538728e-11 0.0 0.0 0.0 0.0 0.0 7.808184960114313e-08 0.0 0.0 0.22685534503868524 0.0 0.0 0.0 0.0 0.015858256677375157 0.0 0.0 0.00917898685467929 0.0 0.0 0.0 0.0 1.9236331406677189e-07 0.0 0.0 1.203967678215924 0.0 0.0 0.0 0.0 0.23436140507072228 0.0 0.0 0.24647522962792232 0.0 0.10323575597449777 0.0 0.0 0.0 0.15989248458582192 0.0 0.0 0.0 7.072952920947298e-06 0.0 0.0 0.0 0.03906017302445949 0.0 0.0 0.0 0.0 0.0015509934800034203 0.0 0.0 0.0 0.012378484224989432 0.0 0.0 0.0 0.06136533082624982 0.0 0.0 0.0 0.004511358103561976 0.0 0.001364446867366407 0.0 0.0 0.02741317370475559 3.803363060587339e-14 0.0 0.0 0.0014752072247673786 0.0002099182772537713 0.0 0.0 0.004301439842181621 2.294065672930783e-17 0.0 0.0 5.163898932232001e-13 0.00041987333299134866 0.0 0.0 0.015093886490635 7.690351913101036e-09 0.0 0.0 0.0747173660244473 0.010298244482450087 0.0 0.0 0.17228154336935955 2.4253782246573544e-07 0.0 0.0 0.006120936283722794
0.0 0.01015454240199314 0.0 0.0 0.0 0.001365542334223457 0.0 0.0 0.0 7.931505970392678e-08 0.0 0.0 0.0 0.0032656138961587268 0.0 0.0 0.0 0.0 0.06747218045465385 0.0 0.0 0.0 0.03272770554854541 0.0 0.0 0.0 0.06013648195375489 0.0 0.0 0.0 0.03492868779246416 0.0 0.0023903988712997027 0.0 0.0 0.06266918225778899 3.824189606770217e-09 0.0 0.0 0.0013659461389613772 0.006316171481838749 0.0 0.0 0.04735748238718752 0.014551765770878975 0.0 0.0 0.003059994681974346 0.007179806453099255 0.0 0.0 0.192137384178371 9.39020470444859e-08 0.0 0.0 0.05781438860218019 0.00954485495289064 0.0 0.0 0.1875571977430921 0.09523276107435015 0.0 0.0 0.03550853748446781 0.0 3.0881452107872336e-07 0.0 0.0 0.0 1.2888192732038534e-07 0.0 0.0 0.0 2.3020690335742262e-12 0.0 0.0 0.0 1.0321556035296491e-07 0.0 0.0 0.0 0.0 0.025917826758599317 0.0 0.0 0.0 0.006264884621551809 0.0 0.0 0.0 0.03613425052223701 0.0 0.0 0.0 0.026816327518638768 0.0 6.902335113985026e-05 0.0 0.0 0.004762577903688187 4.4194364176780437e-14 0.0 0.0 2.3877753847912354e-08 0.0021434724328014574 0.0 0.0 0.0726767074729662 0.007004420790804656 0.0 0.0 0.0012827070360944368 0.0016589361876456139 0.0 0.0 0.09195623411793535 1.3222155003539244e-07 0.0 0.0 0.08700851074731986 0.002341635883083974 0.0 0.0 0.13543374795366814 0.09777094891748618 0.0 0.0 0.022581626438327455 0.0 0.021597286396897553 0.0 0.0 0.0 0.013373475779055453 0.0 0.0 0.0 2.1577333468047906e-07 0.0 0.0 0.0 0.004863471618623721 0.0 0.0 0.0 0.0 5.734456931969681e-08 0.0 0.0 0.0 5.702404250867928e-07 0.0 0.0 0.0 5.239775452431326e-08 0.0 0.0 0.0 6.98017791590474e-08 0.0 0.00012690601659934569 0.0 0.0 0.02192017309981095 1.6879684497881445e-08 0.0 0.0 0.01664863621374549 0.00340180341608379 0.0 0.0 0.04480594186537968 0.011219073124968493 0.0 0.0 0.003377798304610352 0.0024762791253397504 0.0 0.0 0.17151788550045965 1.321014370050744e-07 0.0 0.0 0.2187069830527113 0.01623477948151423 0.0 0.0 0.277560701683139 0.0427071733144799 0.0 0.0 0.031106094185685412 0.0 0.16351291813600657 0.0 0.0 0.0 0.08039414242582069 0.0 0.0 0.0 4.7619236492379894e-07 0.0 0.0 0.0 0.09177168372963079 0.0 0.0 0.0 0.0 0.04432088085629678 0.0 0.0 0.0 0.048945772454770525 0.0 0.0 0.0 0.005229580401687789 0.0 0.0 0.0 0.006634219148906286 0.0 9.79050862269438e-05 0.0 0.0 0.006775476314980551 1.2133524920523799e-07 0.0 0.0 0.02673943630475071 0.0007907397235411771 0.0 0.0 0.01421271085947182 0.025458832603705246 0.0 0.0 0.009307532616875728 0.0007865228560845667 0.0 0.0 0.03323611101746346 4.065010923190062e-08 0.0 0.0 0.03046784752959383 0.00051332815485636 0.0 0.0 0.010344391451460301 0.04173376869478446 0.0 0.0 0.01164132390639164
0.0 0.0017212068707505523 0.0 0.0 0.0 0.00041047374734720914 0.0 0.0 0.0 2.5444705285169652e-08 0.0 0.0 0.0 0.00020825176912069005 0.0 0.0 0.0 0.0 0.0027365131288933937 0.0 0.0 0.0 0.097994734932833 0.0 0.0 0.0 0.08421126329303387 0.0 0.0 0.0 0.045030200945843625 0.0 2.1051461310156657e-15 0.0 0.0 9.079849687159825e-09 2.7931628488571164e-14 0.0 0.0 0.0006815908737539079 0.0002703462561888824 0.0 0.0 0.005635490761830878 0.016789377975377714 0.0 0.0 0.00344596055186858 6.856341130443717e-09 0.0 0.0 0.033155480443421474 9.499648316050457e-09 0.0 0.0 0.013752840084164638 0.00407999762636819 0.0 0.0 0.09386895851416462 0.007631340713267682 0.0 0.0 0.0021213008030383906 0.0 0.0 0.0 0.0 0.0 2.2825494342585021e-07 0.0 0.0 0.0 4.828044822586368e-12 0.0 0.0 0.0 2.3203116360967026e-07 0.0 0.0 0.0 0.0 0.0 0.0 0.0 0.0 0.030829121033986332 0.0 0.0 0.0 0.13310008681038824 0.0 0.0 0.0 0.10391042330414946 0.0 0.0 0.0 0.0 0.0 5.338323408169062e-08 0.0 0.0 0.034630755501614714 0.008495999313077079 0.0 0.0 0.12392464831756257 0.07250547904963943 0.0 0.0 0.01679899372187527 0.0 0.0 0.0 0.0 1.1763889814859647e-07 0.0 0.0 0.12260580608361499 0.009691279805133039 0.0 0.0 0.2137597986793696 0.10711366012835705 0.0 0.0 0.03819015917814028 0.0 0.004847660176256034 0.0 0.0 0.0 0.003857567779222112 0.0 0.0 0.0 1.4180252177895164e-07 0.0 0.0 0.0 0.023609010309703558 0.0 0.0 0.0 0.0 9.080266306061566e-09 0.0 0.0 0.0 6.73065994654328e-13 0.0 0.0 0.0 1.0048953257494664e-06 0.0 0.0 0.0 1.425457699515468e-07 0.0 0.0001153246040827437 0.0 0.0 0.01270932656476327 1.0801631099126822e-07 0.0 0.0 0.049865362133509575 0.0022274579934423 0.0 0.0 0.056934080546143594 0.08131467222085677 0.0 0.0 0.025890917481444023 0.0016058913465196011 0.0 0.0 0.05594822098662873 4.4112300168773235e-08 0.0 0.0 0.05911656709575912 0.007549230351893186 0.0 0.0 0.1589673826862235 0.30685467479669654 0.0 0.0 0.1265288283344044 0.0 0.2234038452535973 0.0 0.0 0.0 0.2635713613670112 0.0 0.0 0.0 9.238767194449108e-07 0.0 0.0 0.0 0.1971030762813415 0.0 0.0 0.0 0.0 0.024086253289739984 0.0 0.0 0.0 0.12753207331951075 0.0 0.0 0.0 0.004262130038519763 0.0 0.0 0.0 0.06297190769337978 0.0 3.154385132064398e-05 0.0 0.0 0.015039978070865741 8.018091336099955e-08 0.0 0.0 0.12418124029627607 6.243630259735715e-19 0.0 0.0 3.870816559639997e-13 0.056449522697253715 0.0 0.0 0.016210309392008623 0.0005871911736575125 0.0 0.0 0.03775691939488553 4.7459602081336e-08 0.0 0.0 0.08652665944482005 4.7980571674651476e-08 0.0 0.0 0.0333501144830604 0.060358423961364836 0.0 0.0 0.020652140146493476
0.0 0.0012194049305064914 0.0 0.0 0.0 0.0019337024623622891 0.0 0.0 0.0 1.0197588973361658e-07 0.0 0.0 0.0 0.00010271572645849114 0.0 0.0 0.0 0.0 0.0748181619165117 0.0 0.0 0.0 0.006841982690471929 0.0 0.0 0.0 0.19196557376707435 0.0 0.0 0.0 0.04035072359389596 0.0 3.10131192305015e-05 0.0 0.0 0.0010695347485600896 1.0542872119118706e-08 0.0 0.0 0.04327011264753306 0.003944077733232162 0.0 0.0 0.06729663761165022 0.00011868620091405953 0.0 0.0 2.388068649994822e-05 0.0002298835593910768 0.0 0.0 0.020024317459053993 6.121750106773044e-08 0.0 0.0 0.04534644617251339 0.010007804003766399 0.0 0.0 0.31113969930791074 0.006609204459913298 0.0 0.0 0.0014909471989452345 0.0 0.0 0.0 0.0 0.0 7.647440704045192e-08 0.0 0.0 0.0 6.030082073345732e-12 0.0 0.0 0.0 2.999420006701245e-07 0.0 0.0 0.0 0.0 0.0 0.0 0.0 0.0 0.07850588115749738 0.0 0.0 0.0 0.14015707622977777 0.0 0.0 0.0 0.045827606696689276 0.0 0.0 0.0 0.0 0.0 1.4292843572436452e-08 0.0 0.0 0.015504821145910478 0.001135953387319657 0.0 0.0 0.02415085673636351 0.06609296658619307 0.0 0.0 0.015379162195526255 0.0 0.0 0.0 0.0 6.045873775069117e-08 0.0 0.0 0.05207762007048464 0.015737562505396548 0.0 0.0 0.30578012980138214 0.12382700377236525 0.0 0.0 0.04104990800698713 0.0 0.019101142478902967 0.0 0.0 0.0 0.011379457213061382 0.0 0.0 0.0 1.7962581559834938e-07 0.0 0.0 0.0 0.023284361830827237 0.0 0.0 0.0 0.0 3.892733585389578e-08 0.0 0.0 0.0 2.5141659609497428e-08 0.0 0.0 0.0 4.4893753919088765e-08 0.0 0.0 0.0 3.227044443465275e-07 0.0 5.4755188614387075e-05 0.0 0.0 0.03452775123158771 3.7063141263345595e-10 0.0 0.0 0.04114264220773327 0.009010962104862952 0.0 0.0 0.18116104931672286 0.08872801156471395 0.0 0.0 0.020620259576119068 0.0010476122435733937 0.0 0.0 0.18874948926312068 1.2606539627221248e-07 0.0 0.0 0.19095853833465287 0.013786214526615461 0.0 0.0 0.23430697033187195 0.38677875733050177 0.0 0.0 0.113638339259544 0.0 0.2984579135052339 0.0 0.0 0.0 0.24520207456069368 0.0 0.0 0.0 1.500594583149701e-07 0.0 0.0 0.0 0.247142498428952 0.0 0.0 0.0 0.0 0.04093575244728036 0.0 0.0 0.0 0.025285487063506747 0.0 0.0 0.0 0.04312273667037961 0.0 0.0 0.0 0.1611858997470717 0.0 0.0017704590078303983 0.0 0.0 0.12693931583769624 4.503127145044348e-08 0.0 0.0 0.0336457047198725 8.732899682480061e-10 0.0 0.0 2.96708334416879e-08 0.0599373534597317 0.0 0.0 0.025071644141575568 0.0012245159417359425 0.0 0.0 0.06632977979311963 5.8442555895486914e-08 0.0 0.0 0.08543589311511543 0.00014256601412403948 0.0 0.0 0.005430674578541611 0.05871065318000466 0.0 0.0 0.032305845442187564
0.0 0.00556426658967371 0.0 0.0 0.0 0.0002676979029094948 0.0 0.0 0.0 1.3828910598958133e-07 0.0 0.0 0.0 0.0015464622165068463 0.0 0.0 0.0 0.0 0.08811369548473948 0.0 0.0 0.0 0.0007916243971638719 0.0 0.0 0.0 0.12165022735277357 0.0 0.0 0.0 0.13564913566565154 0.0 0.0015834829778758578 0.0 0.0 0.05880356928502137 5.614053785982273e-13 0.0 0.0 0.02607060675868704 0.00013078005210220836 0.0 0.0 0.025351140062033074 0.06291030055494572 0.0 0.0 0.009057862497309778 0.0012440325327210066 0.0 0.0 0.10693440647816635 1.9847374937573456e-13 0.0 0.0 0.010333421418793693 0.009483548400455493 0.0 0.0 0.29294437158329734 0.07177506491007878 0.0 0.0 0.01876797798201912 0.0 0.0 0.0 0.0 0.0 9.957047585433792e-09 0.0 0.0 0.0 4.487310135783187e-12 0.0 0.0 0.0 3.903479228613344e-08 0.0 0.0 0.0 0.0 0.0 0.0 0.0 0.0 0.029284012349428176 0.0 0.0 0.0 0.05128392451051328 0.0 0.0 0.0 0.03341770909159175 0.0 0.0 0.0 0.0 0.0 1.4770062381640204e-14 0.0 0.0 0.0005779655010668176 0.0031981584689341662 0.0 0.0 0.08123758475721839 0.0012431546920038223 0.0 0.0 0.00046901321415257843 0.0 0.0 0.0 0.0 1.732628165333963e-13 0.0 0.0 0.007601362670583386 0.01139283283485598 0.0 0.0 0.22752100420713062 0.03082361672321657 0.0 0.0 0.008973168200870947 0.0 0.015098286164254647 0.0 0.0 0.0 0.007079022914640462 0.0 0.0 0.0 1.451729808821123e-07 0.0 0.0 0.0 0.018276880571582187 0.0 0.0 0.0 0.0 5.995237520459153e-08 0.0 0.0 0.0 2.1981818583752415e-07 0.0 0.0 0.0 6.036203449818624e-08 0.0 0.0 0.0 1.3402589059765756e-07 0.0 0.0003081767424403186 0.0 0.0 0.04078937864287774 1.631445278230264e-13 0.0 0.0 0.006359505858344292 0.0017278333389698513 0.0 0.0 0.022892606463437902 0.0755786010815191 0.0 0.0 0.025641430586906946 0.0016739404468702828 0.0 0.0 0.1669102609210656 2.2783370104038896e-12 0.0 0.0 0.13641465331964386 0.012741428444791337 0.0 0.0 0.2248813795659833 0.2665095427273144 0.0 0.0 0.10101696722486837 0.0 0.3177748692521222 0.0 0.0 0.0 0.10663891517693563 0.0 0.0 0.0 1.9069191195613e-07 0.0 0.0 0.0 0.1415511789563363 0.0 0.0 0.0 0.0 0.08974693381324267 0.0 0.0 0.0 0.056650020068612646 0.0 0.0 0.0 0.0003633204893379802 0.0 0.0 0.0 0.01289936905865997 0.0 0.000730329111355552 0.0 0.0 0.05089112403071612 2.4981487741838175e-08 0.0 0.0 0.06508074592798752 0.0015686745337125947 0.0 0.0 0.03069012974918416 0.02513765153025276 0.0 0.0 0.007867651691156547 0.0015134226329706632 0.0 0.0 0.06383022785598828 2.4011450046319722e-08 0.0 0.0 0.033873723181724234 0.00021107874963654887 0.0 0.0 0.004629956264530746 0.05714114045554222 0.0 0.0 0.017646461656249966
0.0 0.002766834192864871 0.0 0.0 0.0 0.004070276526794123 0.0 0.0 0.0 8.772970303178062e-08 0.0 0.0 0.0 0.0014554974481441945 0.0 0.0 0.0 0.0 0.025173436606322337 0.0 0.0 0.0 0.009666924785517747 0.0 0.0 0.0 0.05416369625920992 0.0 0.0 0.0 0.03495389199396293 0.0 5.638076077397675e-05 0.0 0.0 0.0007309445184822399 1.2072847958855106e-13 0.0 0.0 0.003361435456558785 0.0005794017520868002 0.0 0.0 0.00568974105265985 0.019619521683883718 0.0 0.0 0.030710841172649175 0.0003766524979684431 0.0 0.0 0.03306249757523593 9.997279066591263e-08 0.0 0.0 0.04506800940986576 0.00740953439319755 0.0 0.0 0.14974115034391017 0.05153352872453103 0.0 0.0 0.01714358435594849 0.0 0.0 0.0 0.0 0.0 4.41481477080203e-08 0.0 0.0 0.0 6.539484962531423e-12 0.0 0.0 0.0 1.6377292129281249e-07 0.0 0.0 0.0 0.0 0.0 0.0 0.0 0.0 0.0072111229737469055 0.0 0.0 0.0 0.0906073160108752 0.0 0.0 0.0 0.030440158169274648 0.0 0.0 0.0 0.0 0.0 3.130624439166515e-08 0.0 0.0 0.027482357473040425 0.00027349930554178785 0.0 0.0 0.009796915351739576 0.0002740720681004525 0.0 0.0 0.0035436891800525333 0.0 0.0 0.0 0.0 4.960609474773942e-09 0.0 0.0 0.02747318528985886 0.011940364581278767 0.0 0.0 0.2603823816539121 0.023306101729074876 0.0 0.0 0.03568593430804792 0.0 0.01802041184418155 0.0 0.0 0.0 0.008181856716859467 0.0 0.0 0.0 3.108773078515562e-07 0.0 0.0 0.0 0.01782142575420521 0.0 0.0 0.0 0.0 8.362550548888373e-08 0.0 0.0 0.0 3.6461394589771926e-06 0.0 0.0 0.0 1.516548947422199e-07 0.0 0.0 0.0 1.7447857372155445e-06 0.0 0.0002886072351504992 0.0 0.0 0.03873134674021654 5.604961213666526e-13 0.0 0.0 0.02615730111194907 0.001106895029946707 0.0 0.0 0.04003384577608077 0.015990179784525622 0.0 0.0 0.03732435746199639 0.005303514277747846 0.0 0.0 0.18632302088378927 5.176216594308999e-08 0.0 0.0 0.15215738272394946 0.013979197923133046 0.0 0.0 0.4422135679518193 0.1289127727164301 0.0 0.0 0.11078325025534454 0.0 0.10317070360796653 0.0 0.0 0.0 0.11600641976209544 0.0 0.0 0.0 5.205429044258021e-06 0.0 0.0 0.0 0.10565497672442936 0.0 0.0 0.0 0.0 0.03557474616538746 0.0 0.0 0.0 0.024488870785995535 0.0 0.0 0.0 0.009112720586317785 0.0 0.0 0.0 0.05575572616199929 0.0 0.0006476025183570325 0.0 0.0 0.024526849757273917 8.176223510347517e-09 0.0 0.0 0.03485475010605774 0.0018035822328005243 0.0 0.0 0.01635995676851635 0.02460594919653796 0.0 0.0 0.01835282235520704 0.0016199386075084236 0.0 0.0 0.02096039779845009 1.1748893275405102e-08 0.0 0.0 0.04223355095150182 0.006187191678414353 0.0 0.0 0.1219482086840263 0.060595179620451856 0.0 0.0 0.014785703623789675
0.0 0.024800938247065796 0.0 0.0 0.0 0.00951238048857059 0.0 0.0 0.0 6.524289053674053e-08 0.0 0.0 0.0 0.002437194750690686 0.0 0.0 0.0 0.0 0.05743670709958379 0.0 0.0 0.0 0.1519442952862645 0.0 0.0 0.0 0.03675130114524206 0.0 0.0 0.0 0.0222217414179537 0.0 0.0004404894320541102 0.0 0.0 0.013006569207027991 3.9067921013028e-08 0.0 0.0 0.031019334256707415 0.0009203669233746716 0.0 0.0 0.010859586809173576 0.05873508708565566 0.0 0.0 0.010897023829937616 0.016776087854449583 0.0 0.0 0.4716466667781637 2.6436548881444936e-07 0.0 0.0 0.2942799020503354 0.011193558032905242 0.0 0.0 0.13497760805252898 0.1185997213076876 0.0 0.0 0.030487339365718586 0.0 5.718887418235975e-07 0.0 0.0 0.0 8.314654784997743e-07 0.0 0.0 0.0 5.805154654392812e-12 0.0 0.0 0.0 2.304687282496687e-07 0.0 0.0 0.0 0.0 0.014959562592228557 0.0 0.0 0.0 0.09974227029536106 0.0 0.0 0.0 0.03947407278504117 0.0 0.0 0.0 0.04258194102170575 0.0 0.00463164493961121 0.0 0.0 0.11087017289153128 6.761828470213531e-08 0.0 0.0 0.06304767801226668 0.008918221679695125 0.0 0.0 0.10493369145761268 0.03596008299451504 0.0 0.0 0.0051256223406628935 0.007659452638830999 0.0 0.0 0.20260794590975745 9.258571713719403e-07 0.0 0.0 0.4699913069213117 0.020775218497027254 0.0 0.0 0.2639793895385776 0.12254247926546916 0.0 0.0 0.03716775166656269 0.0 0.029761977098190374 0.0 0.0 0.0 0.007739295096730087 0.0 0.0 0.0 7.675866449694812e-09 0.0 0.0 0.0 0.010615061469645286 0.0 0.0 0.0 0.0 1.9041571591504516e-08 0.0 0.0 0.0 2.5789039503032664e-08 0.0 0.0 0.0 1.8820099941486213e-13 0.0 0.0 0.0 2.809376284555314e-08 0.0 0.00023849675384719646 0.0 0.0 0.006255998551659704 1.9167712649374378e-09 0.0 0.0 0.031199387142383007 0.004337967487106172 0.0 0.0 0.02806831502775644 0.003976432686321529 0.0 0.0 0.002148774364626115 0.006526022595888362 0.0 0.0 0.24927121526801535 1.603381904553883e-07 0.0 0.0 0.10708799437147207 0.001971008720323731 0.0 0.0 0.014298322640287815 0.11397525628520734 0.0 0.0 0.063986933306552 0.0 0.2186210419004961 0.0 0.0 0.0 0.1795053396435574 0.0 0.0 0.0 0.0 0.0 0.0 0.0 0.15901876301624646 0.0 0.0 0.0 0.0 0.053482219242419075 0.0 0.0 0.0 0.08180059056351459 0.0 0.0 0.0 0.0 0.0 0.0 0.0 0.03989103581599921 0.0 0.0005625595419647372 0.0 0.0 0.028596699209071354 1.064629920280338e-07 0.0 0.0 0.07365183590029072 0.0 0.0 0.0 0.0 0.008468295247143954 0.0 0.0 0.002206265777978686 0.0010166504595927476 0.0 0.0 0.038450180507157344 6.820193407778248e-08 0.0 0.0 0.05444703163994138 0.0 0.0 0.0 0.0 0.06450411614696078 0.0 0.0 0.017965253304843512
0.0 0.006304967885275693 0.0 0.0 0.0 0.0029710216068651522 0.0 0.0 0.0 5.857039595643555e-08 0.0 0.0 0.0 0.016582351497334544 0.0 0.0 0.0 0.0 0.006916684482559816 0.0 0.0 0.0 0.0055481697900636884 0.0 0.0 0.0 0.23643405197839917 0.0 0.0 0.0 0.3819540387101201 0.0 0.00031014322122641124 0.0 0.0 0.05279378210138025 1.6119939324478237e-08 0.0 0.0 0.006916567599051013 0.0004283778437068688 0.0 0.0 0.027087827000442113 0.00772539498255428 0.0 0.0 0.002611020505279738 0.0031702450422158744 0.0 0.0 0.11466767968722377 1.5932896542446035e-07 0.0 0.0 0.07664581676505629 0.0005452870360928666 0.0 0.0 0.19591315362066766 0.3570165778749695 0.0 0.0 0.1549281285291513 0.0 4.5651426510287677e-07 0.0 0.0 0.0 1.0646053061830063e-06 0.0 0.0 0.0 7.203413864113713e-12 0.0 0.0 0.0 7.281673419009547e-07 0.0 0.0 0.0 0.0 0.057418130270317766 0.0 0.0 0.0 0.16280962854279732 0.0 0.0 0.0 0.017658665920577153 0.0 0.0 0.0 0.18612892957340957 0.0 5.665010757215426e-05 0.0 0.0 0.002572606268191201 6.312979885072137e-08 0.0 0.0 0.08326216958806114 9.757536875131505e-09 0.0 0.0 0.013523321145818876 0.1686219512896433 0.0 0.0 0.030845501941653662 0.003678862744711858 0.0 0.0 0.12043679651482375 1.0451763943790763e-06 0.0 0.0 0.30641653621728776 0.006146078550799533 0.0 0.0 0.4230806806677691 0.13753145451055004 0.0 0.0 0.121443692986988 0.0 0.06613230948966205 0.0 0.0 0.0 0.013295315833622028 0.0 0.0 0.0 8.400510696567784e-07 0.0 0.0 0.0 0.0216557541870723 0.0 0.0 0.0 0.0 1.9167653114859133e-07 0.0 0.0 0.0 1.5083891135611834e-07 0.0 0.0 0.0 1.8417518652187787e-06 0.0 0.0 0.0 3.843756880397665e-06 0.0 3.1407517348448634e-09 0.0 0.0 7.730797392973711e-08 2.2392581516045094e-13 0.0 0.0 1.1947155241999995e-07 0.021450396204475287 0.0 0.0 0.16296413468315987 0.14692412378190317 0.0 0.0 0.03578756069576712 0.017383229755961092 0.0 0.0 0.37689294467882467 3.557527987950061e-07 0.0 0.0 0.26294931173271435 0.06425562501247745 0.0 0.0 1.040471679236126 0.2905672402355089 0.0 0.0 0.14963373581245484 0.0 0.55841521107194 0.0 0.0 0.0 0.4077479522613084 0.0 0.0 0.0 7.5586944596882774e-06 0.0 0.0 0.0 0.3741180056584365 0.0 0.0 0.0 0.0 0.03353812294417127 0.0 0.0 0.0 0.13052432405650374 0.0 0.0 0.0 0.10531969781118394 0.0 0.0 0.0 0.14297469469832633 0.0 3.135934332844897e-05 0.0 0.0 0.14799784778185304 4.27216359849553e-07 0.0 0.0 0.25968528569078336 0.001977026448194107 0.0 0.0 0.10337820491397011 0.1568199421401583 0.0 0.0 0.04117141320408921 0.0012279062041037725 0.0 0.0 0.08752531354407196 1.8256963605159098e-07 0.0 0.0 0.12285934030481808 0.006122290106448575 0.0 0.0 0.2436039780754483 0.07508204287085714 0.0 0.0 0.03856966231760097
0.0 0.0 0.0 0.0 0.0 0.0015891061656666482 0.0 0.0 0.0 1.1807006384295936e-08 0.0 0.0 0.0 0.0 0.0 0.0 0.0 0.0 0.0 0.0 0.0 0.0 0.025323502250589387 0.0 0.0 0.0 0.0022890823161528314 0.0 0.0 0.0 0.0 0.0 0.0 0.0 0.0 0.0 2.0145776771232163e-09 0.0 0.0 0.0018697994247731992 1.9281722197261533e-14 0.0 0.0 3.7619173992016753e-13 0.0 0.0 0.0 0.0 0.0 0.0 0.0 0.0 1.430859498663179e-08 0.0 0.0 0.060225640962763546 0.0011969990820996966 0.0 0.0 0.026183261836667433 0.0 0.0 0.0 0.0 0.0 1.243796173534986e-07 0.0 0.0 0.0 3.57321823396858e-07 0.0 0.0 0.0 2.1665053703813337e-11 0.0 0.0 0.0 0.0 0.0 0.0 0.0 0.0 0.0013949775547173558 0.0 0.0 0.0 0.009930092597723612 0.0 0.0 0.0 0.040618102049745655 0.0 0.0 0.0 0.0 0.0 0.000712451517690493 0.0 0.0 0.024610949459833303 1.8620608510795907e-13 0.0 0.0 0.005982460500013881 0.00020155680236060654 0.0 0.0 0.0037464453313815816 0.0 0.0 0.0 0.0 0.0007863295367427945 0.0 0.0 0.031833877636042326 1.0901892604778012e-07 0.0 0.0 0.2214418208999013 0.04052914072682922 0.0 0.0 1.0126708916339247 0.0 0.0 0.0 0.0 0.0 0.0022890823161528314 0.0 0.0 0.0 0.05035370871469657 0.0 0.0 0.0 2.1817391007743604e-07 0.0 0.0 0.0 0.0004748238846335205 0.0 0.0 0.0 0.0 3.9547346211742903e-13 0.0 0.0 0.0 2.6876315308037065e-07 0.0 0.0 0.0 3.214865109018972e-08 0.0 0.0 0.0 3.2505925127773404e-13 0.0 6.182755974074686e-10 0.0 0.0 0.0012861095451257647 9.446283192008017e-09 0.0 0.0 0.035643665196556255 0.00047457203019982336 0.0 0.0 0.00962868254366444 0.0013218909033599297 0.0 0.0 0.00018126111344634493 1.118873078688847e-08 0.0 0.0 0.026094151373641364 3.4693453769443217e-07 0.0 0.0 0.9820987824683581 0.01084918993863256 0.0 0.0 0.27574085558815997 0.024001486967612097 0.0 0.0 0.003689892172944853 0.0 0.02532337787097203 0.0 0.0 0.0 0.0 0.0 0.0 0.0 0.0 0.0 0.0 0.0 0.0 0.0 0.0 0.0 0.0 0.0004748238846335205 0.0 0.0 0.0 0.0 0.0 0.0 0.0 0.0 0.0 0.0 0.0 0.0 0.0 8.479518078152753e-15 0.0 0.0 3.165797331995813e-13 0.0 0.0 0.0 0.0 0.0 0.0 0.0 0.0 0.0 0.0 0.0 0.0 9.032511122488118e-05 0.0 0.0 0.0037808281751663163 0.0 0.0 0.0 0.0 0.0 0.0 0.0 0.0 0.0 0.0 0.0 0.0
0.0 0.002694664845084817 0.0 0.0 0.0 0.0008425628165210256 0.0 0.0 0.0 4.2061808731035744e-08 0.0 0.0 0.0 0.002023026476850341 0.0 0.0 0.0 0.0 0.06395534256549089 0.0 0.0 0.0 0.009224551815538664 0.0 0.0 0.0 0.16209340087586718 0.0 0.0 0.0 0.14479144831172494 0.0 7.814519058062549e-05 0.0 0.0 0.008928229595041765 2.1270377435371655e-15 0.0 0.0 8.284791858973247e-05 0.00011597215217836943 0.0 0.0 0.036703113892173615 0.04799475703517609 0.0 0.0 0.015191963243945417 0.00024864620374695615 0.0 0.0 0.046879654251450305 7.048086599610779e-13 0.0 0.0 0.03077826499910876 0.004274844129976209 0.0 0.0 0.12423844729171689 0.05475250078609425 0.0 0.0 0.021743896999464746 0.0 5.061292355474144e-08 0.0 0.0 0.0 2.284575569536585e-07 0.0 0.0 0.0 5.279910402723854e-12 0.0 0.0 0.0 2.4464881760610597e-07 0.0 0.0 0.0 0.0 0.03513443528609911 0.0 0.0 0.0 0.039978490185234444 0.0 0.0 0.0 0.05580438088501632 0.0 0.0 0.0 0.019526046763872696 0.0 0.0016550355738523031 0.0 0.0 0.029839793562449753 9.657572202800098e-08 0.0 0.0 0.05398842258436595 0.0015269545405992746 0.0 0.0 0.04560292592882619 0.02192213579892878 0.0 0.0 0.007943710048305234 0.0005067298241891658 0.0 0.0 0.014720410241416354 1.3545132762225034e-07 0.0 0.0 0.1106737644981186 0.014207531955402398 0.0 0.0 0.251212254639062 0.1157383121465098 0.0 0.0 0.03951068834589149 0.0 0.007180776731637999 0.0 0.0 0.0 0.008259587870633908 0.0 0.0 0.0 1.1250421443790551e-07 0.0 0.0 0.0 0.008603958637958148 0.0 0.0 0.0 0.0 8.56353211204862e-13 0.0 0.0 0.0 3.348002661505169e-08 0.0 0.0 0.0 3.690198578608918e-08 0.0 0.0 0.0 8.418843432499193e-08 0.0 0.00047120308341523984 0.0 0.0 0.017372701125123624 4.845855027078347e-13 0.0 0.0 0.029149570743005837 0.0003798385746938275 0.0 0.0 0.03939242868762045 0.11208453994895783 0.0 0.0 0.01904753649956792 0.0004957890360439124 0.0 0.0 0.05633598512385312 3.784446074109283e-08 0.0 0.0 0.16723190781371394 0.0035392943915944124 0.0 0.0 0.1613294266922167 0.21673539333549802 0.0 0.0 0.05281076289423505 0.0 0.37018925137897535 0.0 0.0 0.0 0.17207910782248984 0.0 0.0 0.0 0.0 0.0 0.0 0.0 0.23918517240813075 0.0 0.0 0.0 0.0 0.01000525117524138 0.0 0.0 0.0 0.11327606016804186 0.0 0.0 0.0 0.0 0.0 0.0 0.0 0.13239261224701063 0.0 0.0008189959951358959 0.0 0.0 0.04135445707068167 1.7391836943129083e-07 0.0 0.0 0.10373342213563248 0.0 0.0 0.0 0.0 0.13586762447318546 0.0 0.0 0.025305338095625116 0.0012857512933008158 0.0 0.0 0.06748502369224632 9.393493188821826e-08 0.0 0.0 0.06112164507565082 0.0 0.0 0.0 0.0 0.05920881486619867 0.0 0.0 0.021963851166826115
0.0 0.0063188216491796715 0.0 0.0 0.0 0.0020173213341641103 0.0 0.0 0.0 1.3794844463416687e-08 0.0 0.0 0.0 0.0034857906812004015 0.0 0.0 0.0 0.0 0.021656766559179332 0.0 0.0 0.0 0.02824683632476731 0.0 0.0 0.0 0.030903682295449167 0.0 0.0 0.0 0.0783646993522612 0.0 0.0009557654478776505 0.0 0.0 0.005548414539294138 7.93587692880872e-10 0.0 0.0 0.0008099223448090619 8.962565235102712e-05 0.0 0.0 0.024770474206310178 0.03946220822609991 0.0 0.0 0.0076100335557443685 0.006028454939243293 0.0 0.0 0.04169726817338931 1.3055770002178796e-07 0.0 0.0 0.07853311038918959 0.0003108202661901959 0.0 0.0 0.05353270552907277 0.059833920125607315 0.0 0.0 0.03045799154752244 0.0 1.8201364245799482e-07 0.0 0.0 0.0 2.3568909325489094e-08 0.0 0.0 0.0 2.9033158096178335e-12 0.0 0.0 0.0 2.9034006290830255e-07 0.0 0.0 0.0 0.0 0.004843877286577977 0.0 0.0 0.0 0.010983139113864268 0.0 0.0 0.0 0.02820976272069142 0.0 0.0 0.0 0.0940989049755241 0.0 0.00024421952667222856 0.0 0.0 0.01794666525778784 3.339700691618064e-10 0.0 0.0 0.00011414574259735858 0.0002259110350479299 0.0 0.0 0.025473475989246496 0.0014148241582793877 0.0 0.0 0.0006850844458937505 0.0012593699658248123 0.0 0.0 0.05791117725765806 4.254889250929564e-08 0.0 0.0 0.01630447912782093 0.006637003810127373 0.0 0.0 0.10386482905831018 0.07091168770951428 0.0 0.0 0.05210385185916119 0.0 0.009680137266088112 0.0 0.0 0.0 0.00949014045502862 0.0 0.0 0.0 1.2857945889669771e-07 0.0 0.0 0.0 0.006296178861359013 0.0 0.0 0.0 0.0 6.094800471378007e-08 0.0 0.0 0.0 1.756133755560323e-08 0.0 0.0 0.0 6.304393096451917e-07 0.0 0.0 0.0 7.344333600509346e-07 0.0 0.00015770486059305092 0.0 0.0 0.0052625560849524486 8.713865023858008e-09 0.0 0.0 0.006416414974945585 0.0016025260808739442 0.0 0.0 0.02976429445374162 0.03774463774454462 0.0 0.0 0.00981899770720828 0.0024997027373701223 0.0 0.0 0.09200715984720936 1.2419377046971102e-07 0.0 0.0 0.06629878540921612 0.012736930390413988 0.0 0.0 0.17511013354463764 0.12594535491182662 0.0 0.0 0.03940873983013716 0.0 0.16593005021095197 0.0 0.0 0.0 0.12662819873855571 0.0 0.0 0.0 1.2634033542903156e-06 0.0 0.0 0.0 0.17106744664943954 0.0 0.0 0.0 0.0 0.053272508797655035 0.0 0.0 0.0 0.006874333489525926 0.0 0.0 0.0 0.02680561287262226 0.0 0.0 0.0 0.09389725137225867 0.0 0.00011357165291801763 0.0 0.0 0.02390414232346624 1.4966923426829003e-07 0.0 0.0 0.10886749991727913 0.0001983377007860452 0.0 0.0 0.035227570722958595 0.07242787179378425 0.0 0.0 0.02562244635297749 0.0006660303014805747 0.0 0.0 0.030132001074072667 3.911449795261073e-08 0.0 0.0 0.031648083431451576 0.0006707526508424125 0.0 0.0 0.04670378439365431 0.0558864543326452 0.0 0.0 0.019527816475766253
0.0 0.008314906538589848 0.0 0.0 0.0 0.004583984698159626 0.0 0.0 0.0 1.0890199986190923e-07 0.0 0.0 0.0 0.003159569963546015 0.0 0.0 0.0 0.0 0.13374254073339592 0.0 0.0 0.0 0.047102696049436815 0.0 0.0 0.0 0.08961168102280652 0.0 0.0 0.0 0.013481592340926895 0.0 0.0011659568614261744 0.0 0.0 0.02788484256397528 5.586857624215279e-08 0.0 0.0 0.03958459425020374 0.0064992629853714975 0.0 0.0 0.09950089395128174 0.03665592912053532 0.0 0.0 0.009489403254738788 0.001667377423042414 0.0 0.0 0.12874701233009556 2.009038769485446e-07 0.0 0.0 0.16717644233019688 0.011917916132078498 0.0 0.0 0.26629142285728713 0.0767389491356893 0.0 0.0 0.032773205584863796 0.0 2.485164284701221e-07 0.0 0.0 0.0 2.453819962543485e-07 0.0 0.0 0.0 3.8164138911329176e-12 0.0 0.0 0.0 2.654561073133155e-07 0.0 0.0 0.0 0.0 0.0574511908411187 0.0 0.0 0.0 0.07530783525614387 0.0 0.0 0.0 0.015748196709713 0.0 0.0 0.0 0.10030487759917672 0.0 0.00024825407768761806 0.0 0.0 0.009337074734808375 8.418588267160907e-08 0.0 0.0 0.04560612846608203 0.005541585275181651 0.0 0.0 0.07335155160052265 0.030068169260822657 0.0 0.0 0.011103863439311462 0.0019340590516896874 0.0 0.0 0.060253159828492275 1.30654681730229e-07 0.0 0.0 0.13753355015566363 0.02387750064441649 0.0 0.0 0.22607846456695005 0.19437868223356056 0.0 0.0 0.051816103161696596 0.0 0.03348342310542538 0.0 0.0 0.0 0.010785351646166022 0.0 0.0 0.0 4.9857573410356535e-08 0.0 0.0 0.0 0.008828072056770737 0.0 0.0 0.0 0.0 3.280731395069898e-08 0.0 0.0 0.0 5.5084762271244147e-08 0.0 0.0 0.0 2.0683211206031806e-08 0.0 0.0 0.0 5.018810225818194e-08 0.0 5.258340691949532e-05 0.0 0.0 0.03672781399349087 9.753321983271117e-09 0.0 0.0 0.01219811617115413 0.000958104200405202 0.0 0.0 0.011040607181116342 0.033256946942285114 0.0 0.0 0.011125716767037584 0.004355109579698033 0.0 0.0 0.26997833590775244 6.256234939641217e-08 0.0 0.0 0.19238971653262132 0.004302527428482215 0.0 0.0 0.06984801534936164 0.15302105181660067 0.0 0.0 0.05221613632965381 0.0 0.26421858693968714 0.0 0.0 0.0 0.22583203250822032 0.0 0.0 0.0 0.0 0.0 0.0 0.0 0.11421502856560639 0.0 0.0 0.0 0.0 0.04569510560134389 0.0 0.0 0.0 0.04321252624275734 0.0 0.0 0.0 0.0 0.0 0.0 0.0 0.037295304197929216 0.0 0.004967570845261732 0.0 0.0 0.09981197466293004 2.646546437373725e-13 0.0 0.0 2.1100877937282944e-07 0.0 0.0 0.0 0.0 0.034436149223776746 0.0 0.0 0.011865918585122566 0.0017927923692448375 0.0 0.0 0.05733525543235768 1.4990737857719397e-07 0.0 0.0 0.07555237913320008 0.0 0.0 0.0 0.0 0.045709770280243436 0.0 0.0 0.014925803247771841
0.0 0.003021178388269131 0.0 0.0 0.0 0.0019563293432783373 0.0 0.0 0.0 4.209301289253176e-08 0.0 0.0 0.0 0.0013700217572903855 0.0 0.0 0.0 0.0 0.0043522296809080895 0.0 0.0 0.0 0.0812180346486485 0.0 0.0 0.0 0.13461407242023152 0.0 0.0 0.0 0.01662900394482432 0.0 7.420716835138684e-05 0.0 0.0 0.0028106769239118843 3.469887422124947e-08 0.0 0.0 0.01715981509530106 0.0003996975347342935 0.0 0.0 0.031523736042471016 0.0012006909230748476 0.0 0.0 0.00026666344419960824 0.0022420984696233503 0.0 0.0 0.05914308534221603 5.4467167392041984e-08 0.0 0.0 0.07877442167993 0.006154756440953462 0.0 0.0 0.1138815993617161 0.039267725516129864 0.0 0.0 0.012909370387760832 0.0 2.4587822233201313e-07 0.0 0.0 0.0 1.4258454955052664e-07 0.0 0.0 0.0 3.191840666528785e-12 0.0 0.0 0.0 2.2516761696244326e-07 0.0 0.0 0.0 0.0 0.00623796703339496 0.0 0.0 0.0 0.045967062151970425 0.0 0.0 0.0 0.05883620317216764 0.0 0.0 0.0 0.08117109182851737 0.0 7.642762374679481e-10 0.0 0.0 4.081859104281553e-08 1.7381692001569544e-07 0.0 0.0 0.09049179769586006 0.0053704597013780634 0.0 0.0 0.04759041934694205 0.02967038572682803 0.0 0.0 0.013606214117136266 0.0009229481930216886 0.0 0.0 0.06448227328577358 1.2236287976082506e-07 0.0 0.0 0.0784711293076597 0.005477987680574982 0.0 0.0 0.13347709600222485 0.15120646481641983 0.0 0.0 0.04674126022324078 0.0 0.010071416056808502 0.0 0.0 0.0 0.004314130120221936 0.0 0.0 0.0 1.3927595210677408e-07 0.0 0.0 0.0 0.019151703663178022 0.0 0.0 0.0 0.0 1.4785067753140625e-08 0.0 0.0 0.0 2.6432410018589114e-08 0.0 0.0 0.0 3.869003890641738e-08 0.0 0.0 0.0 2.8761438413512853e-06 0.0 5.9797057622099065e-05 0.0 0.0 0.0028266421782195904 5.813409397650199e-09 0.0 0.0 0.002779842377818315 0.006858025494495101 0.0 0.0 0.1233257852295225 0.04557502092110374 0.0 0.0 0.016737068940875854 0.0019976597913038113 0.0 0.0 0.09250968409089796 5.6752015735111075e-08 0.0 0.0 0.06454941447740446 0.007649030065106618 0.0 0.0 0.18456262312464392 0.2020902824916192 0.0 0.0 0.11048216569242093 0.0 0.2237205003713125 0.0 0.0 0.0 0.18594172213800056 0.0 0.0 0.0 2.7746792011894594e-06 0.0 0.0 0.0 0.1920996898625566 0.0 0.0 0.0 0.0 0.04284531033154751 0.0 0.0 0.0 0.05954436875490279 0.0 0.0 0.0 0.004711873730628536 0.0 0.0 0.0 0.0855409899882404 0.0 0.0006497045084713577 0.0 0.0 0.04849202026948185 1.0445792359309581e-07 0.0 0.0 0.08750228987793958 2.292811065339362e-14 0.0 0.0 3.704429201684091e-13 0.04494887178463127 0.0 0.0 0.008634472594200275 0.0004011556291808164 0.0 0.0 0.04210868875640506 6.126439056998046e-08 0.0 0.0 0.061050571359882004 0.0016274321988951198 0.0 0.0 0.02947965737752169 0.07619295266643318 0.0 0.0 0.022443878943617292
0.0 0.0056194587586378296 0.0 0.0 0.0 0.0011452949307812074 0.0 0.0 0.0 7.779047901790898e-08 0.0 0.0 0.0 0.0025161056125015506 0.0 0.0 0.0 0.0 0.009074933588233875 0.0 0.0 0.0 0.011298562106897742 0.0 0.0 0.0 0.06453893805894946 0.0 0.0 0.0 0.04794498405292323 0.0 2.6100864127558587e-10 0.0 0.0 9.519641916376565e-09 6.642840268956971e-14 0.0 0.0 0.0023826848798325904 1.536883987960333e-08 0.0 0.0 0.021814033236296514 5.550111282327363e-07 0.0 0.0 1.2717412698814983e-07 0.0006106574096048447 0.0 0.0 0.1033927196646585 1.0736937566242245e-12 0.0 0.0 0.04452234768224115 0.0035228036524220284 0.0 0.0 0.14751969029658432 0.05650712568268491 0.0 0.0 0.011728881668420697 0.0 0.0 0.0 0.0 0.0 1.1199503378592916e-07 0.0 0.0 0.0 4.0967989768024535e-12 0.0 0.0 0.0 1.422170151501351e-07 0.0 0.0 0.0 0.0 0.0 0.0 0.0 0.0 0.09022686727895732 0.0 0.0 0.0 0.00910493396769534 0.0 0.0 0.0 0.04131943192934326 0.0 0.0 0.0 0.0 0.0 1.4802465894280057e-09 0.0 0.0 0.006316967165022368 0.003336509715083048 0.0 0.0 0.06166576127701688 0.07119001620037758 0.0 0.0 0.014319065256353014 0.0 0.0 0.0 0.0 1.2711712880837439e-08 0.0 0.0 0.08150270817170548 0.01396090045707283 0.0 0.0 0.2086763425834991 0.11188349672881528 0.0 0.0 0.02835785087211335 0.0 0.01641516689499578 0.0 0.0 0.0 0.011532485363839216 0.0 0.0 0.0 1.5098310235234686e-07 0.0 0.0 0.0 0.010687429730615658 0.0 0.0 0.0 0.0 6.853453265015511e-07 0.0 0.0 0.0 2.483088298406547e-07 0.0 0.0 0.0 4.921434318828746e-08 0.0 0.0 0.0 2.8986005971064284e-06 0.0 0.0016056127089175984 0.0 0.0 0.03214316473421827 3.463454865574422e-08 0.0 0.0 0.024833580285957172 0.0028361823162218708 0.0 0.0 0.03694068028243492 0.007862467009688128 0.0 0.0 0.02693844809680503 0.006316991652625269 0.0 0.0 0.18091393706748776 1.5715470147680586e-07 0.0 0.0 0.20102905265569487 0.008541023454384029 0.0 0.0 0.18907747215308487 0.07378702544442517 0.0 0.0 0.05876839992054737 0.0 0.11082279215337071 0.0 0.0 0.0 0.12477463467265183 0.0 0.0 0.0 3.6526919475821974e-06 0.0 0.0 0.0 0.13671554179831655 0.0 0.0 0.0 0.0 0.015121806517380813 0.0 0.0 0.0 0.04806297390387886 0.0 0.0 0.0 0.05951628575620641 0.0 0.0 0.0 0.02721815318098285 0.0 0.0005575437367947914 0.0 0.0 0.028560466311069916 8.502368441447632e-09 0.0 0.0 0.03173474440826832 0.002711674257524803 0.0 0.0 0.02128630300513904 0.02530184270138383 0.0 0.0 0.006332884841297304 0.00019013132344846133 0.0 0.0 0.022793928760613754 3.973112082917264e-08 0.0 0.0 0.03282315718528295 0.005124284359115497 0.0 0.0 0.059730023932298704 0.025784092537783555 0.0 0.0 0.016043043343807156
0.0 0.0 0.0 0.0 0.0 0.001701137961000939 0.0 0.0 0.0 1.6359656287611895e-08 0.0 0.0 0.0 0.001508068757091003 0.0 0.0 0.0 0.0 0.0 0.0 0.0 0.0 0.22021571214732152 0.0 0.0 0.0 0.004568358146486299 0.0 0.0 0.0 0.10070540763792737 0.0 0.0 0.0 0.0 0.0 1.8036668376467633e-08 0.0 0.0 0.02789862244245923 3.801250015540387e-14 0.0 0.0 7.411565251990611e-13 0.0015587810505904424 0.0 0.0 0.0006336795150865722 0.0 0.0 0.0 0.0 1.1231433831960091e-07 0.0 0.0 0.06306778451884328 0.0020813155446717984 0.0 0.0 0.04549754118517838 0.03910392302365335 0.0 0.0 0.012931833725967075 0.0 1.2513867297736304e-07 0.0 0.0 0.0 4.1701894163365215e-07 0.0 0.0 0.0 1.1310747800536559e-11 0.0 0.0 0.0 1.8053493918460491e-07 0.0 0.0 0.0 0.0 0.0009126975666112727 0.0 0.0 0.0 0.08104445773098229 0.0 0.0 0.0 0.10867677837022359 0.0 0.0 0.0 0.04130955082673516 0.0 0.0003591590440393084 0.0 0.0 0.012502962338384643 1.5159982265920408e-08 0.0 0.0 0.0915270149481307 0.011304329658478177 0.0 0.0 0.21441017467703896 0.04064138155373189 0.0 0.0 0.009338458424888584 0.0009586010164798158 0.0 0.0 0.03741368613258392 1.575186476423007e-07 0.0 0.0 0.2446057875174909 0.02323621762824141 0.0 0.0 0.5288754306798301 0.07332560674607491 0.0 0.0 0.04397374686071803 0.0 0.004568358146486299 0.0 0.0 0.0 0.030154581554103 0.0 0.0 0.0 2.398014883089302e-07 0.0 0.0 0.0 0.0272185499982806 0.0 0.0 0.0 0.0 7.79169025354465e-13 0.0 0.0 0.0 5.135487980186575e-06 0.0 0.0 0.0 5.512299313010673e-08 0.0 0.0 0.0 1.202153963940847e-07 0.0 8.962510745756362e-15 0.0 0.0 2.324893401641251e-08 1.9286360792638682e-08 0.0 0.0 0.02464433336957331 0.0001791036893256131 0.0 0.0 0.004630571697928355 0.057470838438699615 0.0 0.0 0.048492794741495385 1.6359647325101147e-08 0.0 0.0 0.04757883348091616 3.4944290704273207e-07 0.0 0.0 0.4145206619900231 0.014034517776710276 0.0 0.0 0.2940388993321859 0.32964269362047993 0.0 0.0 0.16294177782691133 0.0 0.3209211197852489 0.0 0.0 0.0 0.2000873479605067 0.0 0.0 0.0 5.054654693535449e-06 0.0 0.0 0.0 0.23743281605991678 0.0 0.0 0.0 0.0 0.030091101044804624 0.0 0.0 0.0 0.07881819043839049 0.0 0.0 0.0 0.02217249283262305 0.0 0.0 0.0 0.13727027741144773 0.0 0.0020185722729281264 0.0 0.0 0.06678160631056514 6.933629734034312e-10 0.0 0.0 0.008073858855801995 0.00441945890801005 0.0 0.0 0.06059590436671787 0.09479788302051541 0.0 0.0 0.04854165769740344 0.0011906344451638154 0.0 0.0 0.04832204727223689 5.0251597130356815e-08 0.0 0.0 0.07805117045774425 0.006686786294882856 0.0 0.0 0.11470922789016041 0.08220590757090576 0.0 0.0 0.02551823308107417
0.0 0.02162253970259618 0.0 0.0 0.0 0.005397814016394371 0.0 0.0 0.0 4.589322955295475e-08 0.0 0.0 0.0 0.005786114292574417 0.0 0.0 0.0 0.0 0.028255968096271688 0.0 0.0 0.0 0.008588232912575638 0.0 0.0 0.0 0.017049525819880555 0.0 0.0 0.0 0.06657622132970976 0.0 0.0007524853588091025 0.0 0.0 0.02664922409220261 8.825057902777961e-10 0.0 0.0 0.006163490451529519 0.0015515830955063698 0.0 0.0 0.03362255697334058 0.004842753324550963 0.0 0.0 0.009827110691430918 0.01987998688665118 0.0 0.0 0.2879275874879601 7.877233689896176e-08 0.0 0.0 0.10821298017282137 0.004007357137617778 0.0 0.0 0.13631282689267052 0.0809091348742332 0.0 0.0 0.05669321060178694 0.0 4.829894956434514e-07 0.0 0.0 0.0 1.6576154192276283e-07 0.0 0.0 0.0 4.346396721774047e-12 0.0 0.0 0.0 1.6154531664113725e-07 0.0 0.0 0.0 0.0 0.023634965184508635 0.0 0.0 0.0 0.07228117296389205 0.0 0.0 0.0 0.03173332260831868 0.0 0.0 0.0 0.055548345313147444 0.0 8.180877857401725e-09 0.0 0.0 0.0009280855706115695 1.4205180609335965e-07 0.0 0.0 0.053703175502431755 0.0025636197738802546 0.0 0.0 0.05248218595185161 0.0019785024787976886 0.0 0.0 0.0017936159148255653 0.0050709599458600265 0.0 0.0 0.16290939394089166 2.172521126336381e-07 0.0 0.0 0.0986496715825018 0.007450026814130403 0.0 0.0 0.1304053899617589 0.08816012750726737 0.0 0.0 0.04506314305289069 0.0 0.009337717418613535 0.0 0.0 0.0 0.01221466964523526 0.0 0.0 0.0 1.4555080582909704e-07 0.0 0.0 0.0 0.009045368054371217 0.0 0.0 0.0 0.0 3.676321836171539e-08 0.0 0.0 0.0 1.45886362213361e-06 0.0 0.0 0.0 7.106665785822388e-07 0.0 0.0 0.0 4.7365191531966495e-08 0.0 0.0001232023787480352 0.0 0.0 0.02878289724195503 3.2470942546735365e-09 0.0 0.0 0.005105155334248955 0.0005213081641807508 0.0 0.0 0.012249407175018203 0.0005773810267010881 0.0 0.0 0.0007389865654439289 0.003419266654157841 0.0 0.0 0.08669947675147077 2.8557330547428584e-07 0.0 0.0 0.20731297245078018 0.012792497569941799 0.0 0.0 0.19907047598776118 0.06580441802685763 0.0 0.0 0.05219639616959815 0.0 0.08332729460612845 0.0 0.0 0.0 0.1655851566466952 0.0 0.0 0.0 2.0725452559058653e-06 0.0 0.0 0.0 0.07220468447447602 0.0 0.0 0.0 0.0 0.027076548158720765 0.0 0.0 0.0 0.03257847068499259 0.0 0.0 0.0 0.005518932257737015 0.0 0.0 0.0 0.021862377265287933 0.0 0.0005496253187179483 0.0 0.0 0.06767085280796438 1.0855337529715648e-08 0.0 0.0 0.004133622425956008 0.001331773216433532 0.0 0.0 0.03015449547983279 0.03141441046682684 0.0 0.0 0.008732200702267644 0.00030101170535909325 0.0 0.0 0.013618563215354682 7.166620192916097e-08 0.0 0.0 0.054427862137143866 0.001589471600283925 0.0 0.0 0.05767520280657951 0.04743248056732083 0.0 0.0 0.010897742336066121
0.0 0.005287819227890675 0.0 0.0 0.0 0.0 0.0 0.0 0.0 6.505231354668059e-08 0.0 0.0 0.0 0.0030253928253889473 0.0 0.0 0.0 0.0 0.014772188822859229 0.0 0.0 0.0 0.0 0.0 0.0 0.0 0.02301147276702422 0.0 0.0 0.0 0.012047694864818341 0.0 1.7591197197418924e-08 0.0 0.0 0.0188579389359465 0.0 0.0 0.0 0.0 0.001198803975379814 0.0 0.0 0.012761558576451662 0.0010185914759960888 0.0 0.0 0.0012905888034462135 0.00047503179690847096 0.0 0.0 0.03355498278797353 0.0 0.0 0.0 0.0 0.009324237056418805 0.0 0.0 0.20902178964212656 0.061804117877095416 0.0 0.0 0.030235582897418397 0.0 8.513070251212173e-08 0.0 0.0 0.0 1.127386160805152e-07 0.0 0.0 0.0 4.035491557683569e-12 0.0 0.0 0.0 2.515641662246219e-07 0.0 0.0 0.0 0.0 0.0014972738767965643 0.0 0.0 0.0 0.0025174099319382535 0.0 0.0 0.0 0.02168201060295023 0.0 0.0 0.0 0.12368194809163635 0.0 4.375350374842263e-14 0.0 0.0 8.731135150951664e-08 2.588350518125009e-13 0.0 0.0 0.0025173671847357783 1.9612974406129306e-08 0.0 0.0 2.2466606584587326e-07 0.03706953170895936 0.0 0.0 0.018721166683479826 1.5633359695139195e-08 0.0 0.0 0.034976527629133766 4.1118192903038236e-08 0.0 0.0 0.06791304818903372 0.007088823420186557 0.0 0.0 0.08065089043795086 0.11267015837361921 0.0 0.0 0.03612284981062927 0.0 0.021770391120841722 0.0 0.0 0.0 0.010393000284444186 0.0 0.0 0.0 4.814427392314229e-07 0.0 0.0 0.0 0.02185894840666653 0.0 0.0 0.0 0.0 7.332628723545039e-07 0.0 0.0 0.0 2.5137808075196275e-07 0.0 0.0 0.0 2.5820250695928754e-06 0.0 0.0 0.0 4.070786555826017e-06 0.0 0.000684249211596248 0.0 0.0 0.006706671711032294 1.9431407563790216e-08 0.0 0.0 0.008725776400436463 0.0034572940819470118 0.0 0.0 0.06970978290311118 0.03599892918868912 0.0 0.0 0.039210152584256114 0.0069253799028931836 0.0 0.0 0.21923050186047877 1.9904434435821195e-07 0.0 0.0 0.16325070136822561 0.021441186871705806 0.0 0.0 0.5619204851404074 0.12487572313428358 0.0 0.0 0.14279207171342684 0.0 0.022773060975266875 0.0 0.0 0.0 0.13898552948026113 0.0 0.0 0.0 7.003642094992678e-06 0.0 0.0 0.0 0.2518636703058216 0.0 0.0 0.0 0.0 0.01885730339588933 0.0 0.0 0.0 0.05579073585785032 0.0 0.0 0.0 0.1128658422438481 0.0 0.0 0.0 0.08838405480367319 0.0 9.843241447234595e-05 0.0 0.0 0.02591298122179235 1.4197599058184804e-07 0.0 0.0 0.060065752239939665 0.0037252167597129613 0.0 0.0 0.11127753747056315 0.008593788303650656 0.0 0.0 0.009635565113686557 0.0001301505551222742 0.0 0.0 0.0051760506002324356 4.786732606687627e-08 0.0 0.0 0.036949709229734715 0.00628996559956974 0.0 0.0 0.16704831967947675 0.05321566395258711 0.0 0.0 0.025995132497234456
0.0 0.0 0.0 0.0 0.0 0.0 0.0 0.0 0.0 7.059829087074185e-09 0.0 0.0 0.0 0.00583637996979134 0.0 0.0 0.0 0.0 0.0 0.0 0.0 0.0 0.0 0.0 0.0 0.0 0.0661605370690936 0.0 0.0 0.0 0.11803908669372554 0.0 0.0 0.0 0.0 0.0 0.0 0.0 0.0 0.0 5.977611672830539e-05 0.0 0.0 0.0009902374606952447 0.016129857589157092 0.0 0.0 0.0038422993007774875 0.0 0.0 0.0 0.0 0.0 0.0 0.0 0.0 0.0008863531271365491 0.0 0.0 0.013727716363841715 0.09573739665720597 0.0 0.0 0.04680117497997827 0.0 1.402854983405627e-07 0.0 0.0 0.0 4.7040557970108746e-08 0.0 0.0 0.0 2.038648036035716e-12 0.0 0.0 0.0 3.3629684065583086e-07 0.0 0.0 0.0 0.0 0.00557941278939671 0.0 0.0 0.0 0.006835562232042045 0.0 0.0 0.0 0.050518969208719726 0.0 0.0 0.0 0.1123361103602984 0.0 0.00018021889057820325 0.0 0.0 0.00752235675368975 1.1425931452776688e-08 0.0 0.0 0.0064344142397304675 0.0005783016292818069 0.0 0.0 0.04576529671154641 0.0564761077318593 0.0 0.0 0.013689241713838363 0.0024608272094494748 0.0 0.0 0.06608167126871202 4.378136049228164e-08 0.0 0.0 0.02764223487903981 0.004234963649594709 0.0 0.0 0.1443763503907922 0.10698219035971374 0.0 0.0 0.03781452232674751 0.0 0.013301781913654259 0.0 0.0 0.0 0.008565997274091991 0.0 0.0 0.0 2.862393487675205e-07 0.0 0.0 0.0 0.01720973584838159 0.0 0.0 0.0 0.0 1.3432502741204989e-08 0.0 0.0 0.0 4.062982799570106e-06 0.0 0.0 0.0 2.404154727259475e-07 0.0 0.0 0.0 2.0226660663883905e-06 0.0 3.1598505722551167e-14 0.0 0.0 4.095163077518727e-13 2.0601860302299943e-09 0.0 0.0 0.04751356858399802 0.0031221472112567604 0.0 0.0 0.040178494299171044 0.0659125399819954 0.0 0.0 0.051117621231424284 0.001777861482141869 0.0 0.0 0.025832656769922267 1.2562068693062746e-07 0.0 0.0 0.1484778114715487 0.021905292270444778 0.0 0.0 0.30300436195226627 0.1500320823828763 0.0 0.0 0.08393682027721625 0.0 0.17089770156366654 0.0 0.0 0.0 0.19587868574863673 0.0 0.0 0.0 6.046195624923018e-06 0.0 0.0 0.0 0.41881676832475384 0.0 0.0 0.0 0.0 0.015442744245458672 0.0 0.0 0.0 0.1258722840748233 0.0 0.0 0.0 0.09116462667518661 0.0 0.0 0.0 0.2121084169812517 0.0 0.0009449118158914782 0.0 0.0 0.026818064134710204 2.6759165056905175e-07 0.0 0.0 0.11017300301640091 0.0012626109715321119 0.0 0.0 0.04820514576592926 0.1777982356777505 0.0 0.0 0.08193545851136173 0.00047256763152780316 0.0 0.0 0.030897892200718743 8.64343011902077e-08 0.0 0.0 0.05902343631813433 0.007028356299501586 0.0 0.0 0.13871940928286122 0.08638128362593805 0.0 0.0 0.04576767684550015
0.0 0.005636406933355554 0.0 0.0 0.0 0.0019580603740882484 0.0 0.0 0.0 1.588261182902129e-07 0.0 0.0 0.0 0.0015839692246367144 0.0 0.0 0.0 0.0 0.08998186695558717 0.0 0.0 0.0 0.11531066093338835 0.0 0.0 0.0 0.07147123416189982 0.0 0.0 0.0 0.16583315014444794 0.0 0.00011540675136441131 0.0 0.0 0.03969136079587543 1.0161255309647806e-13 0.0 0.0 0.005450150417694726 0.001796239475954291 0.0 0.0 0.04388257474924858 0.031018523353221264 0.0 0.0 0.018337493538979847 0.0008366297247128518 0.0 0.0 0.10581982065386501 1.1824910392448294e-12 0.0 0.0 0.0709463217253529 0.010889389556468256 0.0 0.0 0.2592907901339274 0.05809096126609823 0.0 0.0 0.015633692650328435 0.0 1.7669493790392158e-07 0.0 0.0 0.0 0.0 0.0 0.0 0.0 5.386934134340523e-12 0.0 0.0 0.0 8.778897306503186e-09 0.0 0.0 0.0 0.0 0.002008814584372385 0.0 0.0 0.0 0.0 0.0 0.0 0.0 0.10464097746183722 0.0 0.0 0.0 0.03281644247533153 0.0 3.199170951429564e-14 0.0 0.0 1.0224831792246454e-12 0.0 0.0 0.0 0.0 0.005912561663567353 0.0 0.0 0.2111367263538252 0.0025636200872196147 0.0 0.0 0.0005708959554505738 0.0012599324990947597 0.0 0.0 0.04514737458349255 0.0 0.0 0.0 0.0 0.01001826347328271 0.0 0.0 0.2977033497604776 0.009974882456721023 0.0 0.0 0.00249044860933203 0.0 0.010034652857613851 0.0 0.0 0.0 0.009720781962177872 0.0 0.0 0.0 1.855898631698589e-07 0.0 0.0 0.0 0.02366500096659845 0.0 0.0 0.0 0.0 2.5704551639578938e-08 0.0 0.0 0.0 5.852564923252501e-07 0.0 0.0 0.0 3.806611075895907e-08 0.0 0.0 0.0 2.080547799938135e-07 0.0 0.001650445839859337 0.0 0.0 0.06432601750159654 9.978005221433787e-09 0.0 0.0 0.002534147219361988 0.0010408090376237025 0.0 0.0 0.03299285630336048 0.05916216271770043 0.0 0.0 0.014588163112929072 0.0011076967366843167 0.0 0.0 0.11654635481150269 2.292414663934416e-07 0.0 0.0 0.18140943979430446 0.011411562993436352 0.0 0.0 0.29346863655027006 0.4212675712460955 0.0 0.0 0.15914507098322558 0.0 0.426925675709416 0.0 0.0 0.0 0.13070049926590985 0.0 0.0 0.0 5.126605663233954e-07 0.0 0.0 0.0 0.22400590974413767 0.0 0.0 0.0 0.0 0.048301041837928965 0.0 0.0 0.0 0.1048725949757805 0.0 0.0 0.0 0.00018236202058896135 0.0 0.0 0.0 0.09814089782831555 0.0 0.002024784111404688 0.0 0.0 0.08121918049511861 1.6452626835459223e-12 0.0 0.0 0.09582286621367615 0.0018156359967847657 0.0 0.0 0.03446950416823641 0.06719502490021732 0.0 0.0 0.020815850092627767 0.0021836996950464513 0.0 0.0 0.06875749686946231 8.779521871354791e-09 0.0 0.0 0.05593441766708298 0.0005361591791359148 0.0 0.0 0.011412124337639697 0.09752647199042493 0.0 0.0 0.02489512743674944
0.0 0.0 0.0 0.0 0.0 0.0015035141602458247 0.0 0.0 0.0 3.4541209104643716e-08 0.0 0.0 0.0 0.001408233692881707 0.0 0.0 0.0 0.0 0.0 0.0 0.0 0.0 0.03739799565610066 0.0 0.0 0.0 0.1382392755945247 0.0 0.0 0.0 0.011961110599839297 0.0 0.0 0.0 0.0 0.0 5.94499321180763e-08 0.0 0.0 0.036635682641592046 0.0010665742976536884 0.0 0.0 0.013121845584432003 0.006399184697621263 0.0 0.0 0.001967862399832876 0.0 0.0 0.0 0.0 2.95510599823017e-08 0.0 0.0 0.04523221234633389 0.0053335917276374515 0.0 0.0 0.08377766586507207 0.05376523966894914 0.0 0.0 0.015075489294824133 0.0 4.9286935090972145e-08 0.0 0.0 0.0 1.318625602540948e-07 0.0 0.0 0.0 3.2380170309451036e-12 0.0 0.0 0.0 4.6938286460245515e-07 0.0 0.0 0.0 0.0 0.016792990612498435 0.0 0.0 0.0 0.001842710447044351 0.0 0.0 0.0 0.07158266479587196 0.0 0.0 0.0 0.11610535836622753 0.0 3.4953964802649626e-05 0.0 0.0 0.0007363616889670525 8.988029285737263e-14 0.0 0.0 5.06536170568857e-08 0.00306661066946786 0.0 0.0 0.017547908986782972 0.028714654760303663 0.0 0.0 0.017020076605913873 0.0005129381932641742 0.0 0.0 0.012115079704848748 9.681659763855508e-08 0.0 0.0 0.0585417571227231 0.008071428471772071 0.0 0.0 0.14127037468339615 0.18142424306391206 0.0 0.0 0.0794284261392041 0.0 0.006311630881729334 0.0 0.0 0.0 0.012475200302267318 0.0 0.0 0.0 6.953181869208128e-08 0.0 0.0 0.0 0.005872307200820555 0.0 0.0 0.0 0.0 7.834516816498635e-08 0.0 0.0 0.0 3.056937738975605e-08 0.0 0.0 0.0 2.3921453015655738e-08 0.0 0.0 0.0 2.493886931789949e-08 0.0 0.000470887254830274 0.0 0.0 0.021709779161521794 1.0006882862381853e-07 0.0 0.0 0.06704926241571947 0.0009754355135344207 0.0 0.0 0.04408652556871437 0.06723092222160253 0.0 0.0 0.024015288260456527 0.0006696098192615775 0.0 0.0 0.06141513489143725 2.458361955206175e-07 0.0 0.0 0.13182177496682457 0.004271550495204758 0.0 0.0 0.10162826222585539 0.0884030588328841 0.0 0.0 0.0258250127045799 0.0 0.18128670168180025 0.0 0.0 0.0 0.18455632567166577 0.0 0.0 0.0 5.3698602074541694e-08 0.0 0.0 0.0 0.18405810019966395 0.0 0.0 0.0 0.0 0.04239814011339739 0.0 0.0 0.0 0.0215003043329442 0.0 0.0 0.0 0.015716236153358334 0.0 0.0 0.0 0.10656770845419365 0.0 0.0010420302838604026 0.0 0.0 0.07034084257500585 2.451407072524061e-08 0.0 0.0 0.06139495771211157 0.0015848909907492728 0.0 0.0 0.010462240335167551 0.053601157647640486 0.0 0.0 0.013209765288557319 0.0001813628783175581 0.0 0.0 0.03686703043209596 6.02891825561825e-08 0.0 0.0 0.06466443544450262 0.0002891257506163722 0.0 0.0 0.0021398265228225193 0.07179194859915668 0.0 0.0 0.0236569215805299
0.0 0.007837475584474002 0.0 0.0 0.0 0.002585696830511443 0.0 0.0 0.0 4.459325580002175e-08 0.0 0.0 0.0 0.002754430279110806 0.0 0.0 0.0 0.0 0.06037867087831887 0.0 0.0 0.0 0.07623009951788287 0.0 0.0 0.0 0.037857022056676626 0.0 0.0 0.0 0.030040421516387066 0.0 0.00040777537021624566 0.0 0.0 0.03479374737931263 8.11338586529871e-09 0.0 0.0 0.013450309940297356 0.002487272743807051 0.0 0.0 0.03496574613377219 0.0028855160102790565 0.0 0.0 0.0009090095066655499 0.004441984994947453 0.0 0.0 0.1428815591635063 8.293788580763599e-08 0.0 0.0 0.08683466935344777 0.0036984780785300707 0.0 0.0 0.1359124764260516 0.0796461645501875 0.0 0.0 0.02704515149209886 0.0 2.0295138991591391e-07 0.0 0.0 0.0 5.82541458187228e-07 0.0 0.0 0.0 2.9414987370803076e-12 0.0 0.0 0.0 2.889179930260661e-07 0.0 0.0 0.0 0.0 0.0016858970446269523 0.0 0.0 0.0 0.006736576227599387 0.0 0.0 0.0 0.08706081069786567 0.0 0.0 0.0 0.08322357675744532 0.0 0.00024977994659226523 0.0 0.0 0.006906717543216978 6.260252658396952e-08 0.0 0.0 0.03932668976691739 0.005216173034977864 0.0 0.0 0.06872410853916264 0.00566211230226623 0.0 0.0 0.0021167262800987786 0.002390038198304895 0.0 0.0 0.06040771099323338 4.5085965301411587e-07 0.0 0.0 0.2763171980499854 0.008027405266448333 0.0 0.0 0.15335306250674394 0.14158180718635913 0.0 0.0 0.05397687526529527 0.0 0.015145504645359551 0.0 0.0 0.0 0.010837905770369572 0.0 0.0 0.0 2.098397773799798e-07 0.0 0.0 0.0 0.008112706817556213 0.0 0.0 0.0 0.0 2.1601294946745186e-08 0.0 0.0 0.0 2.2480653190880598e-08 0.0 0.0 0.0 1.316915571495213e-07 0.0 0.0 0.0 7.86624693915915e-08 0.0 4.801596000321292e-06 0.0 0.0 0.00011053250571471543 7.977862307032282e-08 0.0 0.0 0.03220854741144002 0.005694360981299325 0.0 0.0 0.07982750946661951 0.005948488612823226 0.0 0.0 0.0011236440935792572 0.001723146466335735 0.0 0.0 0.1262966865400236 2.396863725514034e-07 0.0 0.0 0.13605407156595267 0.008972636968000072 0.0 0.0 0.33534723111693326 0.15618617122050601 0.0 0.0 0.043549950625159234 0.0 0.17433102823019503 0.0 0.0 0.0 0.16528267558519816 0.0 0.0 0.0 0.0 0.0 0.0 0.0 0.10675726461296561 0.0 0.0 0.0 0.0 0.02258644964615153 0.0 0.0 0.0 0.04523567178962331 0.0 0.0 0.0 0.0 0.0 0.0 0.0 0.02626484216285328 0.0 0.001789370302363564 0.0 0.0 0.05036706971000224 1.2259931331409178e-07 0.0 0.0 0.05363805104803061 0.0 0.0 0.0 0.0 0.027184748000013102 0.0 0.0 0.006549496189035412 0.001049276593583382 0.0 0.0 0.036438192227162054 2.7836022421107077e-08 0.0 0.0 0.058225011189952165 0.0 0.0 0.0 0.0 0.035961924916762075 0.0 0.0 0.012202764150463806
0.0 0.00616661934090878 0.0 0.0 0.0 0.00470539156305938 0.0 0.0 0.0 2.5722132931685625e-08 0.0 0.0 0.0 0.002154880668539343 0.0 0.0 0.0 0.0 0.008116514694468285 0.0 0.0 0.0 0.07135881481973781 0.0 0.0 0.0 0.09142285924721642 0.0 0.0 0.0 0.03425709410208241 0.0 7.768108803208057e-10 0.0 0.0 2.3007441273339984e-08 9.957401279522692e-09 0.0 0.0 0.007566056885234896 0.002225306298824631 0.0 0.0 0.037093288843770215 0.006083054863174463 0.0 0.0 0.0016419889357046857 0.002772069789705729 0.0 0.0 0.09268004167846254 1.45665701408715e-07 0.0 0.0 0.13584011968446025 0.003392560602238463 0.0 0.0 0.08533649786141238 0.08152426424716218 0.0 0.0 0.020652409567066918 0.0 2.2564998140073547e-07 0.0 0.0 0.0 5.726795014424301e-07 0.0 0.0 0.0 4.1863162261186666e-12 0.0 0.0 0.0 3.10050131119165e-07 0.0 0.0 0.0 0.0 0.0015776660345020543 0.0 0.0 0.0 0.033641627373999616 0.0 0.0 0.0 0.06656580535054721 0.0 0.0 0.0 0.0523441974323136 0.0 9.86084291103377e-10 0.0 0.0 6.947230174451284e-08 1.2679709681380996e-07 0.0 0.0 0.03516992510778296 0.003243149570547446 0.0 0.0 0.06812379269429529 0.02918698626781745 0.0 0.0 0.007533302821089927 0.001873104297138421 0.0 0.0 0.06970577975185709 4.928013604181177e-07 0.0 0.0 0.2603930631036513 0.0062632923506177295 0.0 0.0 0.22158819098913107 0.15087739654963062 0.0 0.0 0.05268519164647731 0.0 0.014376870933356664 0.0 0.0 0.0 0.0105623953545684 0.0 0.0 0.0 1.1242766083331126e-07 0.0 0.0 0.0 0.006231616351807641 0.0 0.0 0.0 0.0 4.450038701656932e-08 0.0 0.0 0.0 5.730187066114352e-08 0.0 0.0 0.0 1.1007746069299448e-08 0.0 0.0 0.0 1.0542553110778663e-06 0.0 0.00026762053726840705 0.0 0.0 0.003610032872085277 6.607442519018026e-08 0.0 0.0 0.04985266861815608 0.003618252131552234 0.0 0.0 0.0424967652583741 0.049627070729503765 0.0 0.0 0.01491683526278726 0.0058990161973789725 0.0 0.0 0.15873853043918618 2.2285781800434904e-07 0.0 0.0 0.19563355146468922 0.010475847858139568 0.0 0.0 0.1628795498921222 0.07877531752694465 0.0 0.0 0.033340221353308115 0.0 0.1846115669392581 0.0 0.0 0.0 0.13886093659423326 0.0 0.0 0.0 1.0289113347436556e-06 0.0 0.0 0.0 0.17460048881672796 0.0 0.0 0.0 0.0 0.04491550433900497 0.0 0.0 0.0 0.03825685422140781 0.0 0.0 0.0 0.00640063587864261 0.0 0.0 0.0 0.09891266769654479 0.0 0.001796866500757593 0.0 0.0 0.05913247467022468 1.2907271290630027e-08 0.0 0.0 0.03527312945835135 0.0011839778752473138 0.0 0.0 0.016335070462401628 0.07184988139206686 0.0 0.0 0.017462648557392987 0.00041823820949614106 0.0 0.0 0.03833115720465108 3.132272587323194e-08 0.0 0.0 0.04365799716753791 0.0007686083802261492 0.0 0.0 0.011889101588080056 0.055636223640598656 0.0 0.0 0.02047916704785881
0.0 0.0 0.0 0.0 0.0 0.006359730603407432 0.0 0.0 0.0 1.7002605771575487e-08 0.0 0.0 0.0 0.0029572867478632014 0.0 0.0 0.0 0.0 0.0 0.0 0.0 0.0 0.06660838392878929 0.0 0.0 0.0 0.055894739383404744 0.0 0.0 0.0 0.3713085153355164 0.0 0.0 0.0 0.0 0.0 5.082552539638454e-10 0.0 0.0 0.0005721842441418055 0.0018147102146512154 0.0 0.0 0.025442701834432303 0.00899302365996394 0.0 0.0 0.00862920819360346 0.0 0.0 0.0 0.0 1.1177047766655738e-07 0.0 0.0 0.10478468018619505 0.001440576606385418 0.0 0.0 0.022402309703280485 0.21005415618177214 0.0 0.0 0.0400281383498401 0.0 1.896208311662083e-07 0.0 0.0 0.0 2.3219672493711067e-08 0.0 0.0 0.0 1.6249747907829266e-12 0.0 0.0 0.0 1.2423332818415767e-07 0.0 0.0 0.0 0.0 0.029758689519041478 0.0 0.0 0.0 0.00112020313440983 0.0 0.0 0.0 0.05395905648340564 0.0 0.0 0.0 0.02640815431353284 0.0 0.0002645649809938383 0.0 0.0 0.013594086778626866 3.467123922575283e-08 0.0 0.0 0.011050860223261206 0.0006881166850956723 0.0 0.0 0.038050387722643096 0.003408926062271996 0.0 0.0 0.006067049096709856 0.0008351409842431681 0.0 0.0 0.0982074011092767 6.574468161411942e-08 0.0 0.0 0.02349383125498895 0.0030070381296228438 0.0 0.0 0.1539505287153809 0.04522082820491945 0.0 0.0 0.025889972833997597 0.0 0.0 0.0 0.0 0.0 0.009650063740513215 0.0 0.0 0.0 1.2990039986222103e-08 0.0 0.0 0.0 0.013400061058349049 0.0 0.0 0.0 0.0 0.0 0.0 0.0 0.0 1.8226627827610439e-06 0.0 0.0 0.0 1.8363507396627636e-09 0.0 0.0 0.0 1.2317959457902618e-06 0.0 0.0 0.0 0.0 0.0 6.196989096085835e-10 0.0 0.0 0.0015500822095425657 0.0023517599032689043 0.0 0.0 0.02600755797694621 0.04846714288669225 0.0 0.0 0.046306798140335725 0.0 0.0 0.0 0.0 9.155823708978494e-08 0.0 0.0 0.16712303045049193 0.0005452568672282056 0.0 0.0 0.006760428674419262 0.27740234832205046 0.0 0.0 0.07806765502391967 0.0 0.4938114490268793 0.0 0.0 0.0 0.09523628588679664 0.0 0.0 0.0 3.0263010034184598e-06 0.0 0.0 0.0 0.07250497603600291 0.0 0.0 0.0 0.0 0.0156931391360065 0.0 0.0 0.0 0.00539361649485987 0.0 0.0 0.0 0.038091181967311066 0.0 0.0 0.0 0.032551371264852864 0.0 0.006743987405975534 0.0 0.0 0.19966684245181 5.839359432486994e-13 0.0 0.0 9.345762083514772e-07 0.010223024768642295 0.0 0.0 0.1999116536136539 0.005943458623536894 0.0 0.0 0.01524406613723091 0.0014733409826638644 0.0 0.0 0.06724164245823738 3.2202283123137594e-08 0.0 0.0 0.042029203832281335 0.0035713775165474417 0.0 0.0 0.06918490006712161 0.04215954961391589 0.0 0.0 0.00992166956572706
0.0 0.016988889481533095 0.0 0.0 0.0 0.00325598951863352 0.0 0.0 0.0 5.166764787552719e-08 0.0 0.0 0.0 0.004322933957313255 0.0 0.0 0.0 0.0 0.04650614209328486 0.0 0.0 0.0 0.08571042169385129 0.0 0.0 0.0 0.09871385098291938 0.0 0.0 0.0 0.039829719166717556 0.0 0.0024317685370743827 0.0 0.0 0.06529436490031874 7.786549342517706e-09 0.0 0.0 0.0039146804033636925 0.0001316384569094672 0.0 0.0 0.0160537374583653 0.015374557685870151 0.0 0.0 0.003441858573572083 0.01405866412128188 0.0 0.0 0.2919418613063372 1.824570624355963e-07 0.0 0.0 0.12572956336045477 0.01764317300138405 0.0 0.0 0.14852863514409312 0.10147385243184642 0.0 0.0 0.05416792340459556 0.0 2.962224056737659e-07 0.0 0.0 0.0 7.915531132859951e-08 0.0 0.0 0.0 1.414355232970641e-12 0.0 0.0 0.0 5.720020853068781e-08 0.0 0.0 0.0 0.0 0.026524108264547562 0.0 0.0 0.0 0.006279758263483109 0.0 0.0 0.0 0.0068048010858819475 0.0 0.0 0.0 0.026789627823622583 0.0 0.00015468812137721074 0.0 0.0 0.004551991753933773 2.1135108436216507e-15 0.0 0.0 0.00013298265508909757 0.0003553185945577611 0.0 0.0 0.08162629054255229 0.023267267136889556 0.0 0.0 0.005180790819139029 0.002818575420488538 0.0 0.0 0.09087082320005589 8.14942938319897e-13 0.0 0.0 0.05604742141670366 0.0042244581949296 0.0 0.0 0.09436985605487687 0.05670423930566316 0.0 0.0 0.012978500697285717 0.0 0.02835645958141302 0.0 0.0 0.0 0.003336559874127095 0.0 0.0 0.0 1.4380092620774817e-07 0.0 0.0 0.0 0.005763234164401973 0.0 0.0 0.0 0.0 8.065225204742112e-07 0.0 0.0 0.0 4.0033625631863744e-08 0.0 0.0 0.0 1.4048859445711434e-08 0.0 0.0 0.0 8.447125383513832e-08 0.0 0.0008692534598423951 0.0 0.0 0.03515229714775638 4.159817400271316e-09 0.0 0.0 0.002674548056320784 0.0036116417243713056 0.0 0.0 0.06696163776071576 0.002054531157754622 0.0 0.0 0.0006185662187117788 0.0032743282911747804 0.0 0.0 0.21341794170861209 3.688022657014233e-08 0.0 0.0 0.056449052487286794 0.007931987007760741 0.0 0.0 0.17133554162298367 0.11112858817838696 0.0 0.0 0.036585599538001536 0.0 0.2254144886514213 0.0 0.0 0.0 0.05980566688946325 0.0 0.0 0.0 7.732276430300544e-07 0.0 0.0 0.0 0.08243707595981692 0.0 0.0 0.0 0.0 0.033611556921670255 0.0 0.0 0.0 0.023279109632580813 0.0 0.0 0.0 0.006423813567701 0.0 0.0 0.0 0.03428015751342818 0.0 0.0002152358046295032 0.0 0.0 0.007916706577826322 1.5997752778199692e-07 0.0 0.0 0.052470399670331076 0.002340411135587064 0.0 0.0 0.022444629329244337 0.026740706616851687 0.0 0.0 0.003975586705420381 0.0007453508692590549 0.0 0.0 0.044397868632214975 4.131733930131246e-08 0.0 0.0 0.020595226241268524 0.0026771485258550685 0.0 0.0 0.028573465705373752 0.03091397026279562 0.0 0.0 0.00903322741590012
0.0 0.0017421487127538618 0.0 0.0 0.0 0.001715645354951974 0.0 0.0 0.0 8.76438395033777e-08 0.0 0.0 0.0 0.002186604066983987 0.0 0.0 0.0 0.0 0.023313514826206142 0.0 0.0 0.0 0.006694928704822621 0.0 0.0 0.0 0.07918973071359564 0.0 0.0 0.0 0.12695801444081375 0.0 1.9162523409699785e-10 0.0 0.0 0.0005709621761140223 4.4206273095280714e-13 0.0 0.0 4.136927291910998e-07 0.002628666091107211 0.0 0.0 0.047364844523077855 0.025646538045228096 0.0 0.0 0.006008266345330535 2.2490769644914675e-08 0.0 0.0 0.0334592209167525 8.800446524393042e-08 0.0 0.0 0.05067479355681029 0.009339782009296825 0.0 0.0 0.1864491702473006 0.04466222660582481 0.0 0.0 0.030881827752704333 0.0 8.74227342727215e-08 0.0 0.0 0.0 6.417621202637652e-08 0.0 0.0 0.0 1.0526327542883063e-12 0.0 0.0 0.0 1.4082756977389363e-07 0.0 0.0 0.0 0.0 0.005435130572259647 0.0 0.0 0.0 0.03857799995063667 0.0 0.0 0.0 0.04216073724876303 0.0 0.0 0.0 0.06879814940220177 0.0 0.0011386201888904943 0.0 0.0 0.04702604175043154 1.924399780680559e-09 0.0 0.0 0.003500600413825522 0.0010099636790253809 0.0 0.0 0.030807181648920823 0.01948842081140894 0.0 0.0 0.005816325226834276 0.0003315706431722221 0.0 0.0 0.0346973533938439 5.209646610442188e-08 0.0 0.0 0.04655008540979197 0.002576925977980891 0.0 0.0 0.07115986472981073 0.11697943884318476 0.0 0.0 0.025261002145686048 0.0 0.022743275641202265 0.0 0.0 0.0 0.004064345345392889 0.0 0.0 0.0 1.110003008980211e-07 0.0 0.0 0.0 0.008209448516042224 0.0 0.0 0.0 0.0 4.396216425845737e-07 0.0 0.0 0.0 3.5400481062366444e-08 0.0 0.0 0.0 3.087712426769954e-08 0.0 0.0 0.0 9.98334120910953e-08 0.0 0.00013079532701472404 0.0 0.0 0.01425544307092223 1.6838195286947407e-08 0.0 0.0 0.01819828388619993 0.001955049655409978 0.0 0.0 0.05776997126745654 0.018822702569225885 0.0 0.0 0.011412970334732825 0.003124438881916369 0.0 0.0 0.13700321539996602 2.8837870327038953e-08 0.0 0.0 0.09590902832030328 0.01406488411824195 0.0 0.0 0.13301049568124118 0.11788013302679755 0.0 0.0 0.05047518831956433 0.0 0.20501717527560218 0.0 0.0 0.0 0.14919196229730422 0.0 0.0 0.0 4.070874669715819e-07 0.0 0.0 0.0 0.1345667005914083 0.0 0.0 0.0 0.0 0.04909280781093833 0.0 0.0 0.0 0.0635141915877964 0.0 0.0 0.0 0.0011947341096744377 0.0 0.0 0.0 0.03106571841739949 0.0 0.00025147663968643765 0.0 0.0 0.03301379625746811 5.94465169775172e-08 0.0 0.0 0.03719286825258253 0.0012563642666689216 0.0 0.0 0.008441696064443555 0.09475232955722937 0.0 0.0 0.025924669100554357 0.0006675547201501168 0.0 0.0 0.03692947052437248 4.5279212922478595e-08 0.0 0.0 0.045530219707693914 0.0021855447052071177 0.0 0.0 0.016464188423649693 0.05297081692328094 0.0 0.0 0.015234981295455889
0.0 0.003827960432924144 0.0 0.0 0.0 0.007675405071957152 0.0 0.0 0.0 5.076011723020278e-08 0.0 0.0 0.0 0.004180691756625209 0.0 0.0 0.0 0.0 0.058458113218246094 0.0 0.0 0.0 0.08895563111572041 0.0 0.0 0.0 0.050194325428879895 0.0 0.0 0.0 0.007484102961407917 0.0 9.166721362679233e-09 0.0 0.0 0.029620299260288915 1.0153985864098242e-08 0.0 0.0 0.005970267759119015 0.003900176609254644 0.0 0.0 0.05646383823613566 9.163378445686331e-08 0.0 0.0 0.0016926611480808046 0.0012752859179974865 0.0 0.0 0.057349978535833415 2.2876201583439492e-07 0.0 0.0 0.19846175020122467 0.010459704295177973 0.0 0.0 0.14241228610145465 0.05168252531205936 0.0 0.0 0.047858662087050856 0.0 5.850942519327289e-07 0.0 0.0 0.0 4.335444774674837e-07 0.0 0.0 0.0 4.460286622839098e-12 0.0 0.0 0.0 4.368375246498922e-07 0.0 0.0 0.0 0.0 0.008077461925354794 0.0 0.0 0.0 0.06936887865172926 0.0 0.0 0.0 0.05661021780160027 0.0 0.0 0.0 0.007067296015666209 0.0 9.984188807197046e-09 0.0 0.0 0.028408019849527302 7.741415918848564e-08 0.0 0.0 0.07324656929733032 0.00346017199527103 0.0 0.0 0.036821109085411946 0.042302459705472986 0.0 0.0 0.01308744304100409 0.0023134586118929287 0.0 0.0 0.07409919943379284 3.959740657943255e-07 0.0 0.0 0.23371276144826664 0.0187624007032696 0.0 0.0 0.22304230510701262 0.26923800658445984 0.0 0.0 0.08226638577890377 0.0 0.027521918190610336 0.0 0.0 0.0 0.015386910651981263 0.0 0.0 0.0 9.317850089235051e-08 0.0 0.0 0.0 0.004170520852870147 0.0 0.0 0.0 0.0 3.925473478862973e-08 0.0 0.0 0.0 1.5014543318811442e-06 0.0 0.0 0.0 1.670921387157128e-08 0.0 0.0 0.0 6.745670331742532e-08 0.0 0.0013812947240400076 0.0 0.0 0.02102654643882523 1.3760510654304405e-08 0.0 0.0 0.06220570777241001 0.000111949800106242 0.0 0.0 0.03160738728882025 7.636295761687012e-09 0.0 0.0 2.8981023221271017e-09 0.00732497858535272 0.0 0.0 0.20617560423745698 6.950343444483759e-07 0.0 0.0 0.2611013760234475 0.00749649870214757 0.0 0.0 0.11131570085322265 0.049577714269687184 0.0 0.0 0.021517510152347024 0.0 0.17374170900646793 0.0 0.0 0.0 0.11806110512593464 0.0 0.0 0.0 1.3805217340482676e-06 0.0 0.0 0.0 0.14707603146355525 0.0 0.0 0.0 0.0 0.03111173956903506 0.0 0.0 0.0 0.03899984915058412 0.0 0.0 0.0 0.002313441910337605 0.0 0.0 0.0 0.08111617931814513 0.0 0.0023419506391777717 0.0 0.0 0.05762650357928191 7.88798737721084e-13 0.0 0.0 0.026826915418408155 2.545974706399895e-08 0.0 0.0 4.589131273251374e-07 0.006324566064205536 0.0 0.0 0.0025471907104790002 0.0010471203922526515 0.0 0.0 0.035194269877807625 3.4380843754005563e-08 0.0 0.0 0.04190956572145775 0.0016652248763346677 0.0 0.0 0.033652379951722156 0.04483130608452528 0.0 0.0 0.019168019423112796
0.0 0.0 0.0 0.0 0.0 0.002167324596454853 0.0 0.0 0.0 1.4895697591511885e-07 0.0 0.0 0.0 0.0005645860919631002 0.0 0.0 0.0 0.0 0.0 0.0 0.0 0.0 0.05658451600675796 0.0 0.0 0.0 0.06997865960057595 0.0 0.0 0.0 0.0038197333743514744 0.0 0.0 0.0 0.0 0.0 1.3050056038676348e-13 0.0 0.0 0.00508756656749689 1.1274473127501295e-08 0.0 0.0 0.005693941565099208 1.0551140246845542e-08 0.0 0.0 2.1268984754002447e-09 0.0 0.0 0.0 0.0 1.484516743707804e-12 0.0 0.0 0.08144186723052727 0.02009232240304317 0.0 0.0 0.34007873940838856 0.03592386456385046 0.0 0.0 0.00811889475941357 0.0 8.134522314055892e-08 0.0 0.0 0.0 5.08546482058387e-08 0.0 0.0 0.0 7.118161123145385e-12 0.0 0.0 0.0 3.275040651169079e-07 0.0 0.0 0.0 0.0 0.00512818032588544 0.0 0.0 0.0 0.0028255308025702166 0.0 0.0 0.0 0.04675321746298227 0.0 0.0 0.0 0.0877536935673959 0.0 4.581210892348457e-09 0.0 0.0 0.01514054347517465 3.3901015971719512e-18 0.0 0.0 1.6165066884819424e-07 0.0037333672242076243 0.0 0.0 0.06488122086602201 0.036536437745355095 0.0 0.0 0.005557066630076264 7.59938339303148e-09 0.0 0.0 0.028158274140739802 8.529948179013821e-13 0.0 0.0 0.04560134815887709 0.019297153548250796 0.0 0.0 0.34960595556759244 0.09219972895137106 0.0 0.0 0.06851529440744052 0.0 0.03134862717547639 0.0 0.0 0.0 0.032443799013096075 0.0 0.0 0.0 5.325956929604819e-07 0.0 0.0 0.0 0.020948406228546008 0.0 0.0 0.0 0.0 1.2006377717094935e-06 0.0 0.0 0.0 2.5313403101181436e-07 0.0 0.0 0.0 2.3102728146622685e-07 0.0 0.0 0.0 3.4400001599282866e-06 0.0 0.00014368983688289107 0.0 0.0 0.018335816725707568 1.8547599337781257e-08 0.0 0.0 0.0192688167047042 0.0020264470397564575 0.0 0.0 0.07883067615494645 0.006449825442448015 0.0 0.0 0.01386529056882895 0.0015252944932048216 0.0 0.0 0.3360621028718952 3.94821287999339e-07 0.0 0.0 0.3841305409878374 0.028019187850095283 0.0 0.0 0.6659563888141043 0.127124436499538 0.0 0.0 0.12217115006618305 0.0 0.09903420046098585 0.0 0.0 0.0 0.11071498236612845 0.0 0.0 0.0 4.443239457079098e-06 0.0 0.0 0.0 0.30267205624413235 0.0 0.0 0.0 0.0 0.005652151121581299 0.0 0.0 0.0 0.06643854194270958 0.0 0.0 0.0 0.02218847293003419 0.0 0.0 0.0 0.23207585016963211 0.0 0.0008931066271588502 0.0 0.0 0.06992251841353045 7.799020374666835e-08 0.0 0.0 0.06571197282789745 0.0031405722504699108 0.0 0.0 0.039709978778206964 0.12111792263054749 0.0 0.0 0.031535800191124064 0.00016995650755302012 0.0 0.0 0.018036432739659835 3.0952393227809585e-08 0.0 0.0 0.04769694272637149 0.008432303422515048 0.0 0.0 0.12023259524978616 0.06071824076911133 0.0 0.0 0.02671359347733
0.0 0.006884996443136104 0.0 0.0 0.0 0.00562466914329327 0.0 0.0 0.0 1.5231760459571874e-07 0.0 0.0 0.0 0.0016821326161356575 0.0 0.0 0.0 0.0 0.08194793700490562 0.0 0.0 0.0 0.07056120011736859 0.0 0.0 0.0 0.12810410317479992 0.0 0.0 0.0 0.06475026890813514 0.0 2.0926026048374826e-08 0.0 0.0 0.038697444387919326 2.307134838180303e-09 0.0 0.0 0.0009025768918749669 0.0030380550824408857 0.0 0.0 0.05207879712734265 0.023660615757641435 0.0 0.0 0.005341995610792685 0.0019013072803976178 0.0 0.0 0.11462284582826276 1.8837891988627545e-07 0.0 0.0 0.16696591503205596 0.02448154056290399 0.0 0.0 0.3780282762244618 0.03578897602991716 0.0 0.0 0.0152087421997664 0.0 4.6248318554527477e-07 0.0 0.0 0.0 2.2932139135668227e-07 0.0 0.0 0.0 4.725699325375189e-12 0.0 0.0 0.0 3.0809984946171543e-07 0.0 0.0 0.0 0.0 0.004625409237797123 0.0 0.0 0.0 0.034981520821587835 0.0 0.0 0.0 0.0645903505315783 0.0 0.0 0.0 0.11124826710162339 0.0 1.3888425446039513e-08 0.0 0.0 0.041502574463316434 2.3752644370607818e-08 0.0 0.0 0.01581491648465271 0.0010923055628449007 0.0 0.0 0.021080555302230866 0.02852474468096963 0.0 0.0 0.007608231695702127 0.001402614763944902 0.0 0.0 0.14771256665984855 2.823110878509345e-07 0.0 0.0 0.14444666880515383 0.017313680003225546 0.0 0.0 0.23759948121430116 0.18992168224651046 0.0 0.0 0.05318404916838088 0.0 0.025165512143674653 0.0 0.0 0.0 0.015939212655769124 0.0 0.0 0.0 1.227672934630765e-07 0.0 0.0 0.0 0.01468553064930576 0.0 0.0 0.0 0.0 3.464540068743853e-08 0.0 0.0 0.0 9.925498718925149e-08 0.0 0.0 0.0 5.059121900244047e-08 0.0 0.0 0.0 3.796352019497833e-06 0.0 0.0017598900833128777 0.0 0.0 0.03265514810167835 1.711598717650585e-08 0.0 0.0 0.030153730979808065 0.0007305653835352692 0.0 0.0 0.07260148873674094 0.022762349268699255 0.0 0.0 0.043582717073814906 0.008149875847443368 0.0 0.0 0.22513500142326695 3.4594347109069725e-07 0.0 0.0 0.29558296666888384 0.005303459917420919 0.0 0.0 0.16541886447443788 0.22346981936681584 0.0 0.0 0.08598307028238067 0.0 0.31800588960291687 0.0 0.0 0.0 0.19388143657213291 0.0 0.0 0.0 3.6197467803419507e-06 0.0 0.0 0.0 0.11914042871285797 0.0 0.0 0.0 0.0 0.03714613816669938 0.0 0.0 0.0 0.010080545636842863 0.0 0.0 0.0 0.0013664526600490232 0.0 0.0 0.0 0.08691526361455759 0.0 0.000877711331298243 0.0 0.0 0.1179330016284794 8.794598030713745e-08 0.0 0.0 0.06020712659042478 9.195687824065013e-10 0.0 0.0 1.3226705335629722e-08 0.06886862907102004 0.0 0.0 0.015031025262858731 0.0012137955510444956 0.0 0.0 0.06174347783498603 5.215392654265928e-08 0.0 0.0 0.077507123719599 0.0027700614774990836 0.0 0.0 0.04467076234352694 0.0380345582131143 0.0 0.0 0.013686467744497648
0.0 0.023229502164438157 0.0 0.0 0.0 0.004760327191126464 0.0 0.0 0.0 1.1594901589737455e-07 0.0 0.0 0.0 0.00414035621253131 0.0 0.0 0.0 0.0 0.036526309386653674 0.0 0.0 0.0 0.05391555558555106 0.0 0.0 0.0 0.08663168137062416 0.0 0.0 0.0 0.050425988216100996 0.0 0.002138201522772875 0.0 0.0 0.0651927977558048 1.306193201803443e-08 0.0 0.0 0.004923557415735339 0.000475585906732936 0.0 0.0 0.004736358111204002 0.02577482622473856 0.0 0.0 0.005615417570673338 0.018932700027045876 0.0 0.0 0.43507097647825577 3.459588615942822e-07 0.0 0.0 0.17852123717636487 0.01893463172970147 0.0 0.0 0.3250394924339499 0.15969142645559387 0.0 0.0 0.04489722898784756 0.0 8.475849585054448e-07 0.0 0.0 0.0 4.128782162602992e-07 0.0 0.0 0.0 2.6096327977607583e-12 0.0 0.0 0.0 2.657814628716075e-07 0.0 0.0 0.0 0.0 0.046964543224065576 0.0 0.0 0.0 0.004697355821743004 0.0 0.0 0.0 0.08085222213506038 0.0 0.0 0.0 0.03988444209402137 0.0 0.00013728785216389917 0.0 0.0 0.005800182864116542 8.642551375353945e-09 0.0 0.0 0.002933345415897873 0.0022926163768479733 0.0 0.0 0.107291379930339 0.005533965439330636 0.0 0.0 0.0038639139453734 0.004896637301414584 0.0 0.0 0.28116995211868073 2.772032430701484e-07 0.0 0.0 0.08921701459417694 0.008904735276138422 0.0 0.0 0.13962849722440449 0.08036175692659416 0.0 0.0 0.06405248492487464 0.0 0.03081661791635474 0.0 0.0 0.0 0.014634185179041087 0.0 0.0 0.0 4.828755139621967e-07 0.0 0.0 0.0 0.01807208680137624 0.0 0.0 0.0 0.0 1.2252353332018061e-06 0.0 0.0 0.0 1.78811090519507e-06 0.0 0.0 0.0 1.214904451450226e-06 0.0 0.0 0.0 3.634717301588601e-07 0.0 0.00029324665149316073 0.0 0.0 0.040945144518163924 5.5774692217872e-08 0.0 0.0 0.013042724299800842 0.004340599685536597 0.0 0.0 0.08280009412840289 0.02892117257807728 0.0 0.0 0.008707459119691601 0.005095621921763911 0.0 0.0 0.31024180198020523 6.391156971354411e-07 0.0 0.0 0.26286585118734906 0.022870992018835842 0.0 0.0 0.3258044818884877 0.06362468125586443 0.0 0.0 0.12279527316283158 0.0 0.1734525668931785 0.0 0.0 0.0 0.15071301939437437 0.0 0.0 0.0 3.992895280513593e-06 0.0 0.0 0.0 0.10974226585989941 0.0 0.0 0.0 0.0 0.025364679723541412 0.0 0.0 0.0 0.05739994347000043 0.0 0.0 0.0 0.011565378345722542 0.0 0.0 0.0 0.03762497311600545 0.0 0.00015242708226693015 0.0 0.0 0.010182979005262573 1.8396041302527107e-07 0.0 0.0 0.07239607425538401 3.802135060917571e-08 0.0 0.0 5.849297671425428e-07 0.03219530793142048 0.0 0.0 0.013008171711993198 0.00048417915819059485 0.0 0.0 0.03248420452713141 6.51108387223277e-08 0.0 0.0 0.05846016475438928 0.005704173757142179 0.0 0.0 0.12799845388447978 0.037808708231113354 0.0 0.0 0.011741609539139476
0.0 0.003669154737641689 0.0 0.0 0.0 0.009856807656343386 0.0 0.0 0.0 7.614133751303308e-08 0.0 0.0 0.0 0.0021786123367177734 0.0 0.0 0.0 0.0 0.04164238980510262 0.0 0.0 0.0 0.05680694063226002 0.0 0.0 0.0 0.049961171599726885 0.0 0.0 0.0 0.08474963137800381 0.0 1.7595087112882206e-09 0.0 0.0 4.1822859091563396e-08 1.1148800771134447e-07 0.0 0.0 0.07344545750487007 0.0001335066011991344 0.0 0.0 0.0013910232298400746 0.009210529425605678 0.0 0.0 0.0026172257799173867 0.001367417918908835 0.0 0.0 0.050175174595520095 5.467347097687249e-07 0.0 0.0 0.29573394886174365 0.010693735545808944 0.0 0.0 0.17995593848093988 0.07743668406070187 0.0 0.0 0.017515678298135356 0.0 3.5207521640088267e-07 0.0 0.0 0.0 4.965083930405389e-07 0.0 0.0 0.0 1.178438633188469e-11 0.0 0.0 0.0 5.057222222516752e-07 0.0 0.0 0.0 0.0 0.012958361798264251 0.0 0.0 0.0 0.04250709070647704 0.0 0.0 0.0 0.02193441128285139 0.0 0.0 0.0 0.040644455525292 0.0 0.0011388008734556274 0.0 0.0 0.038902445960362485 5.997730681093689e-09 0.0 0.0 0.021880226922103996 0.0029819425995371274 0.0 0.0 0.061309661191664235 0.03345253040970079 0.0 0.0 0.010266072733581917 0.002824330108329379 0.0 0.0 0.08945698014368339 3.434130927501026e-07 0.0 0.0 0.27460146869059604 0.040949895798911756 0.0 0.0 0.45394917295249715 0.21789338923251825 0.0 0.0 0.08515976893484872 0.0 0.025641215254572348 0.0 0.0 0.0 0.030503801010807855 0.0 0.0 0.0 7.468711802390825e-08 0.0 0.0 0.0 0.005774683125566882 0.0 0.0 0.0 0.0 5.268966696126644e-07 0.0 0.0 0.0 1.3559574487153395e-07 0.0 0.0 0.0 1.105593551246708e-06 0.0 0.0 0.0 3.663338147778286e-12 0.0 0.000560289459938721 0.0 0.0 0.0497716840418475 1.9316858159104728e-08 0.0 0.0 0.0286464732387139 0.00028165539336571653 0.0 0.0 0.005493090485711991 3.054754233979429e-08 0.0 0.0 0.0010542546384149 0.006187923416118322 0.0 0.0 0.2568279931692469 3.2615156242324176e-07 0.0 0.0 0.47354723820378836 0.004730812551809718 0.0 0.0 0.0863474419279844 1.075045283248073e-06 0.0 0.0 0.04159704695929982 0.0 0.2038494113476629 0.0 0.0 0.0 0.0805487507352095 0.0 0.0 0.0 1.6172493891457808e-06 0.0 0.0 0.0 0.2748936350523291 0.0 0.0 0.0 0.0 0.03219661911177138 0.0 0.0 0.0 0.07061755946699592 0.0 0.0 0.0 0.013910808646263697 0.0 0.0 0.0 0.17425857453250185 0.0 0.0025668145508689804 0.0 0.0 0.1121121564596061 2.25205975988495e-08 0.0 0.0 0.010426793591629704 0.0013025853025711972 0.0 0.0 0.02207528160589638 0.14723822347345603 0.0 0.0 0.027308650839639275 0.0010590727849117854 0.0 0.0 0.03563264830334273 4.129794585558406e-08 0.0 0.0 0.032115193666703394 0.000845640284861509 0.0 0.0 0.05871824755055908 0.07406044053321889 0.0 0.0 0.028646830365412074
0.0 0.0 0.0 0.0 0.0 0.00017486590973592522 0.0 0.0 0.0 6.020250048967125e-08 0.0 0.0 0.0 0.0007015453136903063 0.0 0.0 0.0 0.0 0.0 0.0 0.0 0.0 0.028411911614318077 0.0 0.0 0.0 0.10746135498848833 0.0 0.0 0.0 0.07395437518117207 0.0 0.0 0.0 0.0 0.0 5.327117921313e-15 0.0 0.0 0.0002947856493141008 0.0007658775799018208 0.0 0.0 0.012648846770222107 0.017252937643011227 0.0 0.0 0.003619430385333159 0.0 0.0 0.0 0.0 1.0470991512624994e-13 0.0 0.0 0.006496333798060419 0.0019508755893187634 0.0 0.0 0.19557405761341543 0.0373017129898309 0.0 0.0 0.008681586373116515 0.0 0.0 0.0 0.0 0.0 4.016856543133827e-08 0.0 0.0 0.0 7.506917649206008e-12 0.0 0.0 0.0 1.7638586460481947e-07 0.0 0.0 0.0 0.0 0.0 0.0 0.0 0.0 0.027447954420428324 0.0 0.0 0.0 0.12484583251636795 0.0 0.0 0.0 0.030407452096788037 0.0 0.0 0.0 0.0 0.0 4.193659888380315e-08 0.0 0.0 0.028135866480349353 0.0007532997938469309 0.0 0.0 0.04269884360051599 0.027076051730122473 0.0 0.0 0.012767288552372977 0.0 0.0 0.0 0.0 3.1845296404741155e-08 0.0 0.0 0.015171859091838708 0.01673698652281359 0.0 0.0 0.3102555951604883 0.02625457156811955 0.0 0.0 0.04500604755288658 0.0 0.015866090504769136 0.0 0.0 0.0 0.01356662146303978 0.0 0.0 0.0 2.3619257127482046e-07 0.0 0.0 0.0 0.01670328695840259 0.0 0.0 0.0 0.0 8.547507894046398e-07 0.0 0.0 0.0 1.0506410680462753e-07 0.0 0.0 0.0 7.298937674454129e-08 0.0 0.0 0.0 1.2635672516469325e-07 0.0 8.300372106228923e-09 0.0 0.0 0.022726421584841554 5.488808740866313e-08 0.0 0.0 0.03966438668968099 0.005565686008187282 0.0 0.0 0.06313821614686123 0.0835376641508998 0.0 0.0 0.017762860749581368 0.0002948251573201336 0.0 0.0 0.17337918153113896 6.232004074627132e-08 0.0 0.0 0.19441404837581414 0.016246942969325023 0.0 0.0 0.30420571238060246 0.21871430775200346 0.0 0.0 0.08781651769085017 0.0 0.19396155127920933 0.0 0.0 0.0 0.16895971149224315 0.0 0.0 0.0 8.627584194363612e-07 0.0 0.0 0.0 0.16170793162473224 0.0 0.0 0.0 0.0 0.03458102327699833 0.0 0.0 0.0 0.05557142099495342 0.0 0.0 0.0 8.803802427875593e-05 0.0 0.0 0.0 0.06671104154264496 0.0 0.0002466288440990606 0.0 0.0 0.023141087714661418 2.221848203153683e-12 0.0 0.0 0.06666268132855005 0.0021064378421895695 0.0 0.0 0.03657281865308971 0.0313675060077028 0.0 0.0 0.013314011668500447 0.00033500912413542074 0.0 0.0 0.03075787553320481 2.5569581625091977e-08 0.0 0.0 0.06258513032783534 0.0020101288131998056 0.0 0.0 0.029977507851899822 0.06376687649619507 0.0 0.0 0.01691160237560994
0.0 0.009106672814236542 0.0 0.0 0.0 0.0014321785597391343 0.0 0.0 0.0 8.749237730723243e-08 0.0 0.0 0.0 0.002419249166612862 0.0 0.0 0.0 0.0 0.02813995877247314 0.0 0.0 0.0 0.003932758245841944 0.0 0.0 0.0 0.07017411324037584 0.0 0.0 0.0 0.008430929549081378 0.0 0.00016481145257303794 0.0 0.0 0.0030672828482774155 1.0105732349244347e-07 0.0 0.0 0.023278319033463942 0.0007086391459157319 0.0 0.0 0.02375150713871592 5.192530669190059e-07 0.0 0.0 0.0009421276336902036 0.007619994073170844 0.0 0.0 0.10084901535010853 2.0788907664593464e-08 0.0 0.0 0.030935716439059614 0.004551327891255199 0.0 0.0 0.16892024865087107 0.01923443094791445 0.0 0.0 0.028551837573969986 0.0 2.2226459502100893e-07 0.0 0.0 0.0 4.26854635744021e-08 0.0 0.0 0.0 3.8366771775358516e-12 0.0 0.0 0.0 1.4585323502885413e-07 0.0 0.0 0.0 0.0 0.003133823081028848 0.0 0.0 0.0 0.053473313930207336 0.0 0.0 0.0 0.06709483673951737 0.0 0.0 0.0 0.04784917454992492 0.0 1.1924343155014244e-09 0.0 0.0 2.786765013018951e-08 5.576789933345728e-10 0.0 0.0 0.0024304683379550917 0.0035594322524407705 0.0 0.0 0.034220927626117524 0.02201769594050708 0.0 0.0 0.001985931249599695 0.0012507159482438351 0.0 0.0 0.08498385083255157 2.3872655325701564e-09 0.0 0.0 0.03346481328793318 0.0073823503418289325 0.0 0.0 0.18563792365793777 0.01409097688758167 0.0 0.0 0.03321426376782322 0.0 0.01303740964968466 0.0 0.0 0.0 0.008563263484409063 0.0 0.0 0.0 3.199067683513897e-07 0.0 0.0 0.0 0.02044556776080385 0.0 0.0 0.0 0.0 1.302374951263079e-06 0.0 0.0 0.0 1.0005330012599314e-07 0.0 0.0 0.0 1.4697142181083563e-06 0.0 0.0 0.0 1.3492362944863994e-06 0.0 0.0002916660567328761 0.0 0.0 0.007612134904805585 6.037839619698431e-08 0.0 0.0 0.027625405104294988 0.003630649041358922 0.0 0.0 0.053194094178936495 0.046120350669952216 0.0 0.0 0.015207505930516152 0.003259329494598483 0.0 0.0 0.12474589283006661 1.618881582610612e-07 0.0 0.0 0.1723378385266167 0.015609283132872567 0.0 0.0 0.37440738995836403 0.17034781015718867 0.0 0.0 0.1351415280534273 0.0 0.08209843621298411 0.0 0.0 0.0 0.1615556635710667 0.0 0.0 0.0 3.8139761967725507e-06 0.0 0.0 0.0 0.04328526637906343 0.0 0.0 0.0 0.0 0.01618212144752152 0.0 0.0 0.0 0.006808312795034183 0.0 0.0 0.0 0.01641147868017549 0.0 0.0 0.0 0.02674831623698398 0.0 5.910255245127001e-10 0.0 0.0 0.001787765833804967 3.3353981871322e-08 0.0 0.0 0.022258720794528224 0.0017444900344312868 0.0 0.0 0.05667540525336798 1.0892324420661884e-07 0.0 0.0 0.0005632447879007105 0.00037166366145075495 0.0 0.0 0.018718200501884726 3.039541828913355e-08 0.0 0.0 0.04769361558731394 0.006296254181943024 0.0 0.0 0.12739538730906075 0.015131287359855765 0.0 0.0 0.0036404174994556227
0.0 0.02148853815845905 0.0 0.0 0.0 0.006991781598829355 0.0 0.0 0.0 2.7557810616203128e-08 0.0 0.0 0.0 0.006802504436457817 0.0 0.0 0.0 0.0 0.0687313679965469 0.0 0.0 0.0 0.05048925040594983 0.0 0.0 0.0 0.07635542545217093 0.0 0.0 0.0 0.09121493833476171 0.0 0.003416861683567407 0.0 0.0 0.07654305381254627 3.803270246839543e-09 0.0 0.0 0.04900704018396626 0.00015427350727220142 0.0 0.0 0.0022441251780889234 0.05590336879626859 0.0 0.0 0.015591804245948717 0.01337961082731143 0.0 0.0 0.35016735215672823 3.27559205955932e-07 0.0 0.0 0.18463529715886523 0.0030853450938719625 0.0 0.0 0.06372265356582885 0.19792024190563215 0.0 0.0 0.06925269334606135 0.0 3.795336579652556e-07 0.0 0.0 0.0 3.75708547835486e-07 0.0 0.0 0.0 5.59944183073703e-12 0.0 0.0 0.0 2.1218613094899812e-07 0.0 0.0 0.0 0.0 0.06705189423022752 0.0 0.0 0.0 0.09355441375063822 0.0 0.0 0.0 0.07922663359693546 0.0 0.0 0.0 0.019685761303375623 0.0 0.0028905773949734733 0.0 0.0 0.035241433516278196 9.523081243391863e-08 0.0 0.0 0.08524448279514721 0.004502703174544698 0.0 0.0 0.07527498975873718 0.024714152721848164 0.0 0.0 0.00876563188195557 0.00500669261939545 0.0 0.0 0.13241210663053987 1.4870058480585923e-07 0.0 0.0 0.20936541809438539 0.0272037167886727 0.0 0.0 0.29899812452565544 0.09776473982857838 0.0 0.0 0.04315196921816926 0.0 0.022098932398758563 0.0 0.0 0.0 0.0057143619149463976 0.0 0.0 0.0 5.5852946098844066e-08 0.0 0.0 0.0 0.007879515616680299 0.0 0.0 0.0 0.0 2.7952539488715448e-12 0.0 0.0 0.0 2.0394068305198835e-12 0.0 0.0 0.0 4.204496832153711e-08 0.0 0.0 0.0 4.136655317456143e-08 0.0 0.0016081612572051123 0.0 0.0 0.036238287058515756 4.559172740894693e-08 0.0 0.0 0.03241911897912157 2.603257778040143e-08 0.0 0.0 0.03763878608692562 0.03397549866388771 0.0 0.0 0.013702177424113752 0.006620515595684806 0.0 0.0 0.1760371876121129 1.6458986976764295e-07 0.0 0.0 0.1074281592773389 0.0007468011863920121 0.0 0.0 0.10717613915123365 0.14685977586948284 0.0 0.0 0.04018607498435471 0.0 0.23208612459626835 0.0 0.0 0.0 0.24681218365885324 0.0 0.0 0.0 0.0 0.0 0.0 0.0 0.21595399194161696 0.0 0.0 0.0 0.0 0.06064400314398718 0.0 0.0 0.0 0.09259040231566948 0.0 0.0 0.0 0.0 0.0 0.0 0.0 0.07740181872122938 0.0 0.0014523628810287727 0.0 0.0 0.046252784936920414 3.4273104672119306e-08 0.0 0.0 0.05573537448358103 0.0 0.0 0.0 0.0 0.056588627159888556 0.0 0.0 0.028273375991396475 0.0012110316994077498 0.0 0.0 0.046518627022503346 1.4768536090031198e-07 0.0 0.0 0.09006802543357562 0.0 0.0 0.0 0.0 0.08112589525115223 0.0 0.0 0.025862458784861223
0.0 0.007660105855649612 0.0 0.0 0.0 0.0029573321874133045 0.0 0.0 0.0 3.7353573500908753e-08 0.0 0.0 0.0 0.003427482863406286 0.0 0.0 0.0 0.0 0.038184178747500505 0.0 0.0 0.0 0.04364416759033964 0.0 0.0 0.0 0.09714799043684914 0.0 0.0 0.0 0.05351531560546419 0.0 5.908681455990392e-05 0.0 0.0 0.0023770729977513503 4.931445209811434e-08 0.0 0.0 0.024281066358704667 0.00033626820351350897 0.0 0.0 0.003099190323882916 0.046242102954601856 0.0 0.0 0.02112355616738199 0.002925161738573168 0.0 0.0 0.12564973136493965 9.079447098864086e-08 0.0 0.0 0.10597263127359348 0.0061746247759977505 0.0 0.0 0.14083936143274695 0.10838674267057925 0.0 0.0 0.05027333976892513 0.0 3.19504659621659e-07 0.0 0.0 0.0 1.2657009867152853e-07 0.0 0.0 0.0 5.40263383785801e-12 0.0 0.0 0.0 1.792194787042862e-07 0.0 0.0 0.0 0.0 0.02068405724045565 0.0 0.0 0.0 0.006429953488557695 0.0 0.0 0.0 0.07628706291455188 0.0 0.0 0.0 0.08498098556338358 0.0 0.0004801706330139983 0.0 0.0 0.028601919716851474 4.1097453331030335e-15 0.0 0.0 0.00016098306063521783 0.0008933880509777539 0.0 0.0 0.017847391578660127 0.015205903599711306 0.0 0.0 0.005301352572957976 0.0035557186357065085 0.0 0.0 0.12353315178828693 6.447032034600775e-08 0.0 0.0 0.06415100741797364 0.008499497595128086 0.0 0.0 0.25018333489322786 0.07542209729011044 0.0 0.0 0.03131588677712699 0.0 0.019962019150471456 0.0 0.0 0.0 0.011179174772356327 0.0 0.0 0.0 1.3227381614268218e-07 0.0 0.0 0.0 0.012077731115190265 0.0 0.0 0.0 0.0 5.486435626935898e-07 0.0 0.0 0.0 7.220962415696247e-08 0.0 0.0 0.0 2.6204864610749714e-08 0.0 0.0 0.0 1.757247993132747e-07 0.0 0.0015423456864603782 0.0 0.0 0.053821624239794454 5.5946357600557525e-08 0.0 0.0 0.045148767756208644 0.003180200457141983 0.0 0.0 0.060744035995817326 0.008474223010088872 0.0 0.0 0.0019898163099170167 0.0018450277593247046 0.0 0.0 0.09968377203936044 2.5137387684484896e-07 0.0 0.0 0.1912691504681403 0.018551579779236153 0.0 0.0 0.16512149781568758 0.1666667331884384 0.0 0.0 0.058388793178129984 0.0 0.20486920786937282 0.0 0.0 0.0 0.1742454256770805 0.0 0.0 0.0 6.531500584971479e-07 0.0 0.0 0.0 0.09302151315123307 0.0 0.0 0.0 0.0 0.038649608503329436 0.0 0.0 0.0 0.018416915924290476 0.0 0.0 0.0 0.0014659898455206353 0.0 0.0 0.0 0.03081614285737086 0.0 0.0021554729765848706 0.0 0.0 0.06255844777371655 6.997108504307034e-08 0.0 0.0 0.06551541051380554 0.0033651473812661412 0.0 0.0 0.04066397432876112 0.0009709063968626749 0.0 0.0 0.00013869412688537723 0.001481974015819173 0.0 0.0 0.043995963899125565 4.3429072600326516e-08 0.0 0.0 0.060161742018819325 0.002218351068572812 0.0 0.0 0.023028019233410437 0.04085491966654518 0.0 0.0 0.011053161320077049
0.0 0.005436720936355015 0.0 0.0 0.0 0.0011272687118458928 0.0 0.0 0.0 6.094000229136862e-08 0.0 0.0 0.0 0.003604535864739788 0.0 0.0 0.0 0.0 0.011052533856183043 0.0 0.0 0.0 0.04696122891477131 0.0 0.0 0.0 0.0452258515830956 0.0 0.0 0.0 0.09810673026492191 0.0 1.1807508915931315e-14 0.0 0.0 4.52894531859528e-08 2.190937520570178e-10 0.0 0.0 0.00013890676180326544 0.005781348680306564 0.0 0.0 0.03850552501238889 0.03278721907104469 0.0 0.0 0.004928729020845889 2.9397328617053633e-08 0.0 0.0 0.12919124267484658 4.599448685056094e-08 0.0 0.0 0.048892930834117755 0.02397054127952998 0.0 0.0 0.22643800753109258 0.05738563591647289 0.0 0.0 0.045988103452271896 0.0 1.781503557005181e-07 0.0 0.0 0.0 7.821523626386116e-08 0.0 0.0 0.0 8.106933505153725e-12 0.0 0.0 0.0 7.605427645849791e-08 0.0 0.0 0.0 0.0 0.033203812333135026 0.0 0.0 0.0 0.02201395144529889 0.0 0.0 0.0 0.10729563574578113 0.0 0.0 0.0 0.0924403781882614 0.0 2.8035854740932527e-05 0.0 0.0 0.002408115370980727 1.355690772358274e-07 0.0 0.0 0.06755581928440361 0.003176716173130935 0.0 0.0 0.047183347765643695 0.026724109543447505 0.0 0.0 0.009829279889111149 0.001259460246866994 0.0 0.0 0.06022077948003944 1.725337746664941e-08 0.0 0.0 0.05611057038678476 0.011953283433458046 0.0 0.0 0.26743273333641393 0.05155133241174994 0.0 0.0 0.013695586785391213 0.0 0.03474256056448295 0.0 0.0 0.0 0.008365362206659012 0.0 0.0 0.0 4.885251288243789e-07 0.0 0.0 0.0 0.0387419738483125 0.0 0.0 0.0 0.0 5.485479793165484e-08 0.0 0.0 0.0 1.2600396274043863e-06 0.0 0.0 0.0 2.4509957223019425e-06 0.0 0.0 0.0 2.200336905603447e-06 0.0 0.0006657275932394073 0.0 0.0 0.024059147559261054 9.142202784250849e-09 0.0 0.0 0.0060442986606346946 0.005479942584583686 0.0 0.0 0.10612202426428166 0.021921130529765683 0.0 0.0 0.008403182232824928 0.007766739489617927 0.0 0.0 0.22412691424695722 1.1752026952525808e-07 0.0 0.0 0.1312695245847848 0.023346102631237597 0.0 0.0 0.4477712796157588 0.2801480454177396 0.0 0.0 0.23350575625116463 0.0 0.15060301126777653 0.0 0.0 0.0 0.24817046322406494 0.0 0.0 0.0 5.416753815192178e-06 0.0 0.0 0.0 0.2197171751306356 0.0 0.0 0.0 0.0 0.030595233606512777 0.0 0.0 0.0 0.08792911905174852 0.0 0.0 0.0 0.020171524242194847 0.0 0.0 0.0 0.12336788399750817 0.0 5.099736514068059e-09 0.0 0.0 0.039529542338014256 5.4258664892870264e-09 0.0 0.0 0.1177779901673715 0.003425046068465143 0.0 0.0 0.05838588819878389 0.07371023222107621 0.0 0.0 0.02108848326828308 0.0004485733026380052 0.0 0.0 0.02162458797561899 6.493978196998123e-08 0.0 0.0 0.0802844550898201 0.0047174042938713375 0.0 0.0 0.15609567403316668 0.07426836126499577 0.0 0.0 0.022009962016154683
0.0 0.008711667165126275 0.0 0.0 0.0 0.006298271861805803 0.0 0.0 0.0 2.7726201462437857e-08 0.0 0.0 0.0 0.002629019205442017 0.0 0.0 0.0 0.0 0.014632059595381976 0.0 0.0 0.0 0.09267984396837774 0.0 0.0 0.0 0.05018939365277639 0.0 0.0 0.0 0.03825822391593534 0.0 0.0005663153008813849 0.0 0.0 0.011872600706289295 1.13350424891784e-08 0.0 0.0 0.008412494081231318 2.9539234709327032e-09 0.0 0.0 5.2396757358919334e-08 0.016171620417962218 0.0 0.0 0.0022129055013864352 0.008061008219222721 0.0 0.0 0.16357666153309253 2.4978606224027664e-07 0.0 0.0 0.18892386113890075 0.000926834864919455 0.0 0.0 0.06740958127399002 0.043548319357577775 0.0 0.0 0.015705804470264387 0.0 1.1922080751445734e-07 0.0 0.0 0.0 7.926313239355411e-07 0.0 0.0 0.0 4.7940550287072444e-12 0.0 0.0 0.0 1.3959353569472674e-07 0.0 0.0 0.0 0.0 0.0013104451375203514 0.0 0.0 0.0 0.004104630562471428 0.0 0.0 0.0 0.03712698073942708 0.0 0.0 0.0 0.024780953021274307 0.0 4.792786196341423e-10 0.0 0.0 2.2458881040169315e-08 9.375748875627654e-08 0.0 0.0 0.040193254623139246 0.003172535914639672 0.0 0.0 0.051482344116269264 0.006473287849822295 0.0 0.0 0.0017295565027286373 0.000528994967774893 0.0 0.0 0.027791890952879615 5.310681045789172e-07 0.0 0.0 0.4001727956146026 0.015472792697852147 0.0 0.0 0.2779544983498643 0.11188156032544389 0.0 0.0 0.0329233420100474 0.0 0.021557120238292326 0.0 0.0 0.0 0.00915207660348655 0.0 0.0 0.0 9.296917632609428e-08 0.0 0.0 0.0 0.0028654686683549785 0.0 0.0 0.0 0.0 4.0490270921001635e-08 0.0 0.0 0.0 5.2481712295421594e-08 0.0 0.0 0.0 1.662435984012072e-08 0.0 0.0 0.0 1.2126622304013744e-06 0.0 9.206833711876795e-05 0.0 0.0 0.002253813219525064 9.198664449149593e-11 0.0 0.0 0.01909980620078178 0.0016853624321712302 0.0 0.0 0.027827750332164447 0.013159163217431501 0.0 0.0 0.024125183039616038 0.0054931368707966215 0.0 0.0 0.17802413336399056 1.599061888652679e-07 0.0 0.0 0.1791682172358382 0.01203055223107228 0.0 0.0 0.13624506471390807 0.0328317141891288 0.0 0.0 0.015911677874664368 0.0 0.16549061450824532 0.0 0.0 0.0 0.05187186836407687 0.0 0.0 0.0 1.2015589730558167e-06 0.0 0.0 0.0 0.04057642220701844 0.0 0.0 0.0 0.0 0.02329345747030073 0.0 0.0 0.0 0.006266568689686065 0.0 0.0 0.0 0.0009267958956029219 0.0 0.0 0.0 0.019343027377040398 0.0 0.002392359434949259 0.0 0.0 0.0708429564688851 1.1731998626267347e-12 0.0 0.0 0.010653998808215728 7.195410705632797e-10 0.0 0.0 1.0383569684170376e-08 0.003145169000137772 0.0 0.0 0.0021042309072454575 0.0005051023485532918 0.0 0.0 0.033790241940486715 5.504414425483231e-09 0.0 0.0 0.020101978283859834 0.0016708246353970412 0.0 0.0 0.027032640024058252 0.016528602121526226 0.0 0.0 0.007196968038457843
0.0 0.02800668672768471 0.0 0.0 0.0 0.007013742548455874 0.0 0.0 0.0 2.372402672104161e-07 0.0 0.0 0.0 0.005379352482678293 0.0 0.0 0.0 0.0 0.1044217757377052 0.0 0.0 0.0 0.10369581536420938 0.0 0.0 0.0 0.08338889497978945 0.0 0.0 0.0 0.019276821396508256 0.0 0.0005521365321891793 0.0 0.0 0.11678138718385096 5.5406777965858706e-14 0.0 0.0 0.0013630425861038832 0.01014340059055634 0.0 0.0 0.13758257930539272 0.0047142159871484375 0.0 0.0 0.0035067684059800473 0.014344373859732662 0.0 0.0 0.46260458317822695 2.4790311835029346e-07 0.0 0.0 0.19937469869208121 0.02461929498539745 0.0 0.0 0.4709765361179866 0.11770354032849398 0.0 0.0 0.057050999461873836 0.0 7.926854321244454e-07 0.0 0.0 0.0 4.2794894025182516e-07 0.0 0.0 0.0 1.1734717723600195e-11 0.0 0.0 0.0 8.582706577192483e-07 0.0 0.0 0.0 0.0 0.06691121357638766 0.0 0.0 0.0 0.18769221257738494 0.0 0.0 0.0 0.13244354196429295 0.0 0.0 0.0 0.23438382653443376 0.0 0.0014351647009320698 0.0 0.0 0.08568519458970415 3.5827207794918783e-07 0.0 0.0 0.12270904467010631 0.02596356257858468 0.0 0.0 0.23849637617159294 0.06831796724639448 0.0 0.0 0.026446062556942655 0.0025882825339497927 0.0 0.0 0.25864274803895976 3.4312413730034e-07 0.0 0.0 0.3124927075954014 0.0231202445462246 0.0 0.0 0.618134765040984 0.4478708946560808 0.0 0.0 0.15732303201756315 0.0 0.0388572558701119 0.0 0.0 0.0 0.04315444975276251 0.0 0.0 0.0 4.5129436611866865e-07 0.0 0.0 0.0 0.03137329851241364 0.0 0.0 0.0 0.0 5.833269148420949e-08 0.0 0.0 0.0 1.0559945658083482e-07 0.0 0.0 0.0 2.0495930692090444e-07 0.0 0.0 0.0 3.196549130608596e-07 0.0 0.0004621681333796182 0.0 0.0 0.016216772142089254 4.717082242902788e-08 0.0 0.0 0.026217682025258985 0.005384458567463678 0.0 0.0 0.06745544052580939 0.01948768248962286 0.0 0.0 0.08060839084894314 0.019412708972614993 0.0 0.0 0.34031443267447825 6.195037011764311e-07 0.0 0.0 0.657338039167388 0.024154494161427426 0.0 0.0 0.629715893711016 0.33266257520453185 0.0 0.0 0.1587628274776238 0.0 0.24391857219498356 0.0 0.0 0.0 0.5540502156083611 0.0 0.0 0.0 3.6346065876840682e-06 0.0 0.0 0.0 0.5198133389896283 0.0 0.0 0.0 0.0 0.1033104829444926 0.0 0.0 0.0 0.2541402347808523 0.0 0.0 0.0 0.0030720412176099693 0.0 0.0 0.0 0.19604408931242312 0.0 0.0004978542097483127 0.0 0.0 0.015459889865970498 1.58439514996876e-07 0.0 0.0 0.2632390374053137 2.0055897292923835e-09 0.0 0.0 3.650647511466285e-08 0.13092791556832378 0.0 0.0 0.03958016289734208 0.0011073300565394566 0.0 0.0 0.050969266853631255 2.1080723639566778e-07 0.0 0.0 0.1743603313348182 0.00470578723861576 0.0 0.0 0.09603434745646322 0.19610096991896442 0.0 0.0 0.05950786265807368
0.0 0.007246571405841151 0.0 0.0 0.0 0.00350124540877887 0.0 0.0 0.0 1.2897444925067314e-07 0.0 0.0 0.0 0.007222396853471393 0.0 0.0 0.0 0.0 0.048620191156879766 0.0 0.0 0.0 0.011366516422593629 0.0 0.0 0.0 0.0961748582952138 0.0 0.0 0.0 0.08223661549854427 0.0 3.6503838247163704e-05 0.0 0.0 0.04873434010913362 1.3400088848188409e-08 0.0 0.0 0.0086229290771469 0.0007100600441607549 0.0 0.0 0.006580340186760073 0.0035249706429792567 0.0 0.0 0.0043221040448745175 0.002704886016445675 0.0 0.0 0.15427247917872264 1.1271852390526773e-07 0.0 0.0 0.08115517165497586 0.014039548214386468 0.0 0.0 0.24875602467240776 0.1688612271215364 0.0 0.0 0.04777065188491823 0.0 2.6002345864619484e-07 0.0 0.0 0.0 4.600359977107002e-07 0.0 0.0 0.0 4.491320573856434e-12 0.0 0.0 0.0 2.558977418387483e-07 0.0 0.0 0.0 0.0 0.013256343850699197 0.0 0.0 0.0 0.015708999133565257 0.0 0.0 0.0 0.0049373489992611905 0.0 0.0 0.0 0.050643749961716014 0.0 0.0016604773806084046 0.0 0.0 0.03820731614179273 1.6266356591093929e-12 0.0 0.0 0.01136945082362678 0.0002332554522501134 0.0 0.0 0.010458167717221079 0.003923950015718528 0.0 0.0 0.0018376808058975444 0.0037557610977009075 0.0 0.0 0.10008882452890216 2.069167258212956e-07 0.0 0.0 0.2868588491347817 0.0028957009203593263 0.0 0.0 0.2954134929527411 0.11602416879163399 0.0 0.0 0.03686217189150802 0.0 0.024944018815597362 0.0 0.0 0.0 0.02455690438625905 0.0 0.0 0.0 3.463196561849972e-07 0.0 0.0 0.0 0.028040889243032174 0.0 0.0 0.0 0.0 9.951516284265178e-08 0.0 0.0 0.0 3.1246429864017236e-06 0.0 0.0 0.0 1.5299282141107784e-06 0.0 0.0 0.0 9.428619521678793e-06 0.0 6.111326198344965e-05 0.0 0.0 0.003956527439187446 9.668431865964505e-08 0.0 0.0 0.04461157116089145 0.009072474145248201 0.0 0.0 0.10154302213378585 0.04182311910047463 0.0 0.0 0.056393038053789625 0.005491582047541481 0.0 0.0 0.2794846249668515 5.190552473557393e-07 0.0 0.0 0.4017347331397832 0.027703812419752626 0.0 0.0 0.4895547471459915 0.1282878656974481 0.0 0.0 0.1640296140141659 0.0 0.17535608686332402 0.0 0.0 0.0 0.05648783211420602 0.0 0.0 0.0 1.3707407288277702e-05 0.0 0.0 0.0 0.261205576116655 0.0 0.0 0.0 0.0 0.009054657214598359 0.0 0.0 0.0 0.040611658139596524 0.0 0.0 0.0 0.15634722475699023 0.0 0.0 0.0 0.09045557799971533 0.0 0.003654990340749239 0.0 0.0 0.08292645062357817 3.538542209379242e-13 0.0 0.0 8.492814811288086e-08 0.009068738491007828 0.0 0.0 0.11956338643940091 0.004032426027157652 0.0 0.0 0.00409929522910154 0.0006210896671773782 0.0 0.0 0.04232469133689689 2.7184804436201065e-08 0.0 0.0 0.0075463863149990455 0.013818569077379456 0.0 0.0 0.22441831723847344 0.02658547510452475 0.0 0.0 0.03220560425127778
0.0 0.002301160651876498 0.0 0.0 0.0 0.0010707669870093286 0.0 0.0 0.0 9.353992211196304e-08 0.0 0.0 0.0 0.00016183105088541836 0.0 0.0 0.0 0.0 0.024450540547182573 0.0 0.0 0.0 0.002049838998735935 0.0 0.0 0.0 0.03229733687975603 0.0 0.0 0.0 0.08239333374411659 0.0 5.362507841700127e-05 0.0 0.0 0.0014655851073595363 1.1499898253534492e-13 0.0 0.0 6.373004521111951e-08 0.0014344548083862591 0.0 0.0 0.024252123455986055 1.225653264201518e-05 0.0 0.0 0.0050981423419309965 0.0010171439354947362 0.0 0.0 0.03132910975880216 4.375809871702877e-08 0.0 0.0 0.027187869065562052 0.007246892838998938 0.0 0.0 0.14692917625391436 0.000241669429880686 0.0 0.0 0.003018514519243041 0.0 1.3722122427273275e-07 0.0 0.0 0.0 0.0 0.0 0.0 0.0 2.160945439166094e-12 0.0 0.0 0.0 1.2228795424004605e-07 0.0 0.0 0.0 0.0 0.001771949406025552 0.0 0.0 0.0 0.0 0.0 0.0 0.0 0.09254762607028512 0.0 0.0 0.0 0.06473544382185176 0.0 1.900747361781555e-09 0.0 0.0 2.2317638139417685e-08 0.0 0.0 0.0 0.0 0.0003224576295936057 0.0 0.0 0.035895804247213906 0.0015748199804309203 0.0 0.0 0.0013619591320998138 0.002049880889500087 0.0 0.0 0.05679517334399709 0.0 0.0 0.0 0.0 0.0013412199368737728 0.0 0.0 0.14267013496996894 0.04576178155081736 0.0 0.0 0.038108785924677153 0.0 0.008506474506789354 0.0 0.0 0.0 0.014366226742645252 0.0 0.0 0.0 4.864935157861121e-07 0.0 0.0 0.0 0.02069296881885542 0.0 0.0 0.0 0.0 6.630198100071118e-07 0.0 0.0 0.0 3.552806030116352e-07 0.0 0.0 0.0 2.1712513320683906e-06 0.0 0.0 0.0 1.39254594999279e-06 0.0 1.1021713690729296e-08 0.0 0.0 0.022869772180464456 5.1652654618964543e-08 0.0 0.0 0.02051127345148987 0.0016633315030251889 0.0 0.0 0.025157032043495987 0.04199303112574311 0.0 0.0 0.02957550372204769 2.8024931339263535e-08 0.0 0.0 0.08985738140455615 1.4764820134991483e-07 0.0 0.0 0.17728202300136964 0.02579656604637429 0.0 0.0 0.5535520634535818 0.17098897328412896 0.0 0.0 0.13075970351763616 0.0 0.13038327778990103 0.0 0.0 0.0 0.14361802556850786 0.0 0.0 0.0 4.004088998645334e-06 0.0 0.0 0.0 0.05485689368417673 0.0 0.0 0.0 0.0 0.006093098081863939 0.0 0.0 0.0 0.03710487092838479 0.0 0.0 0.0 0.017174194152401977 0.0 0.0 0.0 0.02066080316077988 0.0 1.2662014422339926e-06 0.0 0.0 1.5372095686081896e-05 3.8874106514390837e-13 0.0 0.0 0.020645297362361294 0.003233833669090959 0.0 0.0 0.1201032137482331 0.03615057373085149 0.0 0.0 0.0021030003065123258 0.00041189517744690706 0.0 0.0 0.014638003351491093 1.6451881032262104e-08 0.0 0.0 0.041100450005006305 0.004062610446245419 0.0 0.0 0.12819938675112622 0.032138774431711016 0.0 0.0 0.005632867383799775
0.0 0.004570333558066496 0.0 0.0 0.0 0.01427877435330576 0.0 0.0 0.0 3.238805139884226e-08 0.0 0.0 0.0 0.004842591024824945 0.0 0.0 0.0 0.0 0.0412587025849049 0.0 0.0 0.0 0.15926806156972778 0.0 0.0 0.0 0.06905474177343313 0.0 0.0 0.0 0.2631182855515108 0.0 4.71777458007351e-05 0.0 0.0 0.0010633031692271052 9.426998600301246e-08 0.0 0.0 0.02385129514216271 9.2437349893001e-05 0.0 0.0 0.0013196752702777728 0.07239379973120237 0.0 0.0 0.017799796886790186 0.0023981730703516637 0.0 0.0 0.09927989915509587 8.318505972926628e-07 0.0 0.0 0.446610496375823 0.004806533805627646 0.0 0.0 0.0733441686961638 0.22989301421683792 0.0 0.0 0.055962066150436286 0.0 1.0197426260557557e-06 0.0 0.0 0.0 3.394056216142478e-07 0.0 0.0 0.0 5.291645164509731e-12 0.0 0.0 0.0 2.4585216498979035e-07 0.0 0.0 0.0 0.0 0.005793221651764681 0.0 0.0 0.0 0.010730562038664446 0.0 0.0 0.0 0.008018580031679117 0.0 0.0 0.0 0.07657561464282515 0.0 0.0023450194310459726 0.0 0.0 0.0893046235354584 1.8875118862757885e-07 0.0 0.0 0.055263704043184425 0.002392071323919617 0.0 0.0 0.030327802653944226 0.007599642739444552 0.0 0.0 0.002408381599184106 0.009362438984591085 0.0 0.0 0.2895072480770385 2.322113383518395e-07 0.0 0.0 0.18170095568908046 0.009809206276662225 0.0 0.0 0.2962267147032122 0.1103659696284909 0.0 0.0 0.05074612767696823 0.0 0.01236545042819854 0.0 0.0 0.0 0.013035570168016956 0.0 0.0 0.0 4.668599823801088e-08 0.0 0.0 0.0 0.003787251956479569 0.0 0.0 0.0 0.0 4.907998308665529e-08 0.0 0.0 0.0 2.999669839353908e-08 0.0 0.0 0.0 1.345139079421859e-12 0.0 0.0 0.0 9.276972765862923e-08 0.0 0.0010561320545928558 0.0 0.0 0.038498637775824754 4.635961499634751e-08 0.0 0.0 0.031402272338549836 0.0004400236247829485 0.0 0.0 0.0031608150610192925 0.002489899975159284 0.0 0.0 0.00034685139114093655 0.0020321881467939614 0.0 0.0 0.09466513179805354 1.881448065593928e-07 0.0 0.0 0.20325787513139115 0.010729047862492881 0.0 0.0 0.08474845961999267 0.1202064728395606 0.0 0.0 0.021787020351378708 0.0 0.5157629877506855 0.0 0.0 0.0 0.07499055114310745 0.0 0.0 0.0 9.276841299588536e-08 0.0 0.0 0.0 0.137694468782461 0.0 0.0 0.0 0.0 0.06951560624868723 0.0 0.0 0.0 0.019642789652918706 0.0 0.0 0.0 0.0003213567742275343 0.0 0.0 0.0 0.05762265755272417 0.0 0.004377798862534339 0.0 0.0 0.2027753853331096 5.768530385386391e-08 0.0 0.0 0.03549522379280435 0.0008413597227988989 0.0 0.0 0.04377033415402896 0.07103923721141531 0.0 0.0 0.041427782461320506 0.0020728030285379886 0.0 0.0 0.09720095447712575 3.7080814881344875e-08 0.0 0.0 0.018488929928497523 7.763927251608601e-05 0.0 0.0 0.004528413735831105 0.06984837022572815 0.0 0.0 0.018681055188875553
0.0 0.004898149531887775 0.0 0.0 0.0 0.00048374422471567395 0.0 0.0 0.0 6.290245473941987e-08 0.0 0.0 0.0 0.003042236508933566 0.0 0.0 0.0 0.0 0.0364597040154328 0.0 0.0 0.0 0.07550849582727753 0.0 0.0 0.0 0.007893921128858523 0.0 0.0 0.0 0.10019276918329809 0.0 0.0001471393997132399 0.0 0.0 0.004657829513516124 6.143146182409806e-09 0.0 0.0 0.0162527194212712 0.0033219333788329724 0.0 0.0 0.039498351579913084 0.00905015655106428 0.0 0.0 0.0025475842006941886 0.002883333454494505 0.0 0.0 0.12804445998684685 6.246773683842354e-08 0.0 0.0 0.01400934145698737 0.005809692531503099 0.0 0.0 0.19140290074108537 0.12553955429926117 0.0 0.0 0.042972684699774825 0.0 2.9184731534924466e-07 0.0 0.0 0.0 1.3589943908654466e-07 0.0 0.0 0.0 3.718619278003616e-12 0.0 0.0 0.0 4.405168187864446e-08 0.0 0.0 0.0 0.0 0.013815347083254239 0.0 0.0 0.0 0.0444533454776247 0.0 0.0 0.0 0.02953297039539362 0.0 0.0 0.0 0.05801033071824992 0.0 0.0009687791273308205 0.0 0.0 0.02964509371219532 2.8733482877825233e-08 0.0 0.0 0.039549487842285985 0.0009180264426751042 0.0 0.0 0.05078045413156655 0.022461572319277385 0.0 0.0 0.008864678089093518 0.0001416116522851448 0.0 0.0 0.09710136929913218 4.823896983393188e-09 0.0 0.0 0.09308761312516166 0.006682244119125379 0.0 0.0 0.19543129035054677 0.010853297054110797 0.0 0.0 0.0060644473087212965 0.0 0.017421112937305822 0.0 0.0 0.0 0.005913679822043552 0.0 0.0 0.0 2.2112328505586618e-07 0.0 0.0 0.0 0.011909981980342495 0.0 0.0 0.0 0.0 7.365770759744433e-08 0.0 0.0 0.0 4.2760110991554214e-08 0.0 0.0 0.0 9.098668388950786e-08 0.0 0.0 0.0 1.5488287823501123e-07 0.0 3.5535993377323415e-06 0.0 0.0 0.00028191866560878237 1.7997983450900761e-13 0.0 0.0 8.93579413347489e-05 0.00024982550061709353 0.0 0.0 0.02913811264774792 0.013210978996682641 0.0 0.0 0.0025757797307308285 0.0022229664663226422 0.0 0.0 0.192579113755987 1.2686003150203637e-07 0.0 0.0 0.10025116215743404 0.016059386174478458 0.0 0.0 0.3441517185513483 0.20019276977814102 0.0 0.0 0.05545532007425088 0.0 0.197735335838358 0.0 0.0 0.0 0.13941443372832418 0.0 0.0 0.0 7.825792229895359e-08 0.0 0.0 0.0 0.15563504238472597 0.0 0.0 0.0 0.0 0.025200595431756637 0.0 0.0 0.0 0.03322623633289435 0.0 0.0 0.0 0.008122544571303682 0.0 0.0 0.0 0.08156567690492157 0.0 0.0010782479786596063 0.0 0.0 0.03220649331437032 1.931694701188724e-07 0.0 0.0 0.10704363459128695 0.0021050503963087612 0.0 0.0 0.05749474936902871 0.03645205131182998 0.0 0.0 0.005836492938494021 0.000978561489848063 0.0 0.0 0.02614575139003349 4.960421045091675e-08 0.0 0.0 0.03907856119721826 9.883731943605567e-05 0.0 0.0 0.003014986446757051 0.05538742063239893 0.0 0.0 0.019304547631412153
0.0 0.0008399995682611025 0.0 0.0 0.0 0.001253068533057156 0.0 0.0 0.0 1.6719793832582026e-08 0.0 0.0 0.0 0.0026022035868537513 0.0 0.0 0.0 0.0 0.03253450988359723 0.0 0.0 0.0 0.003938932308516498 0.0 0.0 0.0 0.019582574777183632 0.0 0.0 0.0 0.08354743753645703 0.0 0.0007263773985350618 0.0 0.0 0.013587276131532953 2.173654127655203e-14 0.0 0.0 1.4109265737875773e-08 0.0006616140368786135 0.0 0.0 0.03293004415963757 0.012914390913247338 0.0 0.0 0.006229114050966232 0.00039434171654750794 0.0 0.0 0.01478773838153383 3.606070202782073e-08 0.0 0.0 0.026243070528440687 0.002192648023720037 0.0 0.0 0.038938466902797855 0.09219918406495378 0.0 0.0 0.022553520627548767 0.0 1.2604048438010781e-08 0.0 0.0 0.0 1.67373572052492e-08 0.0 0.0 0.0 2.0833099523568027e-12 0.0 0.0 0.0 3.7231611341425096e-07 0.0 0.0 0.0 0.0 0.007615548194027584 0.0 0.0 0.0 0.02362941895678841 0.0 0.0 0.0 0.028679507297686615 0.0 0.0 0.0 0.045143891706996495 0.0 9.761370503711076e-09 0.0 0.0 0.01886031221452307 6.436732772452666e-14 0.0 0.0 3.5605677488902184e-08 0.0025735554147058065 0.0 0.0 0.040438934625323074 0.03697293914680722 0.0 0.0 0.01166138469653088 2.28933970127815e-09 0.0 0.0 0.004959236476694551 1.2586011239000904e-08 0.0 0.0 0.007805637654105138 0.006552215542145062 0.0 0.0 0.04749627327807153 0.07866199426621835 0.0 0.0 0.07904039018736439 0.0 0.005080513336301027 0.0 0.0 0.0 0.013127254978777743 0.0 0.0 0.0 1.4431941042973363e-07 0.0 0.0 0.0 0.017052385918040834 0.0 0.0 0.0 0.0 1.710086640620684e-08 0.0 0.0 0.0 5.894064766056895e-08 0.0 0.0 0.0 1.4291830804825086e-06 0.0 0.0 0.0 3.671777797630476e-06 0.0 0.0002791526091210171 0.0 0.0 0.018963569911718502 8.36040785881161e-08 0.0 0.0 0.018970961388674833 0.0003307800657414455 0.0 0.0 0.008935417744669761 0.03657225912725876 0.0 0.0 0.019263935201275867 0.0013962812833080516 0.0 0.0 0.03715070883869268 2.1392356242737265e-07 0.0 0.0 0.09364191332427416 0.014483651928666281 0.0 0.0 0.19629442753845847 0.09173110255327536 0.0 0.0 0.08685761774238236 0.0 0.13368292899714385 0.0 0.0 0.0 0.090688025906307 0.0 0.0 0.0 5.015961104607492e-06 0.0 0.0 0.0 0.36833799305140574 0.0 0.0 0.0 0.0 0.02689875562159402 0.0 0.0 0.0 0.08293876125904985 0.0 0.0 0.0 0.05505264839458804 0.0 0.0 0.0 0.22119765412989928 0.0 0.0012638473953673524 0.0 0.0 0.0657634534984051 1.4327067375100135e-08 0.0 0.0 0.04500736316302839 0.004061771959347923 0.0 0.0 0.03795602035734442 0.1298505943459724 0.0 0.0 0.05332894374630073 0.0006352759543766469 0.0 0.0 0.023236710853143813 4.1158094606183755e-08 0.0 0.0 0.03284676650648355 0.004404061581324863 0.0 0.0 0.1185663325263171 0.10101094820321217 0.0 0.0 0.037892391183321224
0.0 0.0070447781374088645 0.0 0.0 0.0 0.0012451679630083904 0.0 0.0 0.0 5.0529385184921377e-08 0.0 0.0 0.0 0.0007316749418306194 0.0 0.0 0.0 0.0 0.009027443254442742 0.0 0.0 0.0 0.0489250401391898 0.0 0.0 0.0 0.03528939786585417 0.0 0.0 0.0 0.07476030758644663 0.0 0.00020816658343811523 0.0 0.0 0.005365404367724804 2.6072250238212744e-13 0.0 0.0 0.011814423389169281 0.0008413452558905239 0.0 0.0 0.009607960166756387 0.0014045197166742648 0.0 0.0 0.00019220591663366663 0.004434529245699477 0.0 0.0 0.15364239881828615 1.254388639165315e-08 0.0 0.0 0.057830502902485606 0.007909923117714402 0.0 0.0 0.15602783020589958 0.035037158394281585 0.0 0.0 0.0076892803821333984 0.0 7.131559000462676e-08 0.0 0.0 0.0 2.2340312006283332e-07 0.0 0.0 0.0 3.4606817036118477e-12 0.0 0.0 0.0 2.2805456065545178e-07 0.0 0.0 0.0 0.0 0.0015966930358536262 0.0 0.0 0.0 0.05034362618336329 0.0 0.0 0.0 0.036774348613796824 0.0 0.0 0.0 0.021691259774314887 0.0 5.9846640510641024e-09 0.0 0.0 0.022056351233289074 1.9489699838079614e-13 0.0 0.0 0.002953377528522251 0.0043902810062583855 0.0 0.0 0.10523396604547006 0.02207286385662696 0.0 0.0 0.005811552838656422 0.0002514016056354892 0.0 0.0 0.03600305029396782 9.342974162137742e-08 0.0 0.0 0.12642539986205809 0.0057612840284696374 0.0 0.0 0.17733177438204495 0.14486540968676492 0.0 0.0 0.045188979665076456 0.0 0.016810418188915165 0.0 0.0 0.0 0.017386285619913063 0.0 0.0 0.0 1.907042358206915e-07 0.0 0.0 0.0 0.003567679204590958 0.0 0.0 0.0 0.0 5.893583900471435e-08 0.0 0.0 0.0 8.180446144745013e-08 0.0 0.0 0.0 1.1891258791744927e-07 0.0 0.0 0.0 3.158044369847531e-08 0.0 0.00012719278194519703 0.0 0.0 0.00414576993540395 2.012499296596949e-08 0.0 0.0 0.009832045853272332 0.0027819784051744834 0.0 0.0 0.05377236221502818 0.005788598185365618 0.0 0.0 0.00149293038659955 0.003367561060319917 0.0 0.0 0.15527171950457702 2.9001755297699974e-07 0.0 0.0 0.2423653571903076 0.017562039320873878 0.0 0.0 0.28532875125610024 0.060539816079044025 0.0 0.0 0.01847230476745628 0.0 0.14414692120401934 0.0 0.0 0.0 0.09177425062128709 0.0 0.0 0.0 0.0 0.0 0.0 0.0 0.09984005193180456 0.0 0.0 0.0 0.0 0.018809830170412392 0.0 0.0 0.0 0.06324965036666753 0.0 0.0 0.0 0.0 0.0 0.0 0.0 0.022080153595706857 0.0 0.00013257087957971374 0.0 0.0 0.022885950063275304 8.197621293477323e-08 0.0 0.0 0.05354144181160384 0.0 0.0 0.0 0.0 0.03127620508379162 0.0 0.0 0.010695502722448662 0.0005002434303510981 0.0 0.0 0.023200991393862492 2.468388889434161e-08 0.0 0.0 0.031064844416340005 0.0 0.0 0.0 0.0 0.034776652754561946 0.0 0.0 0.011007941053186627
0.0 0.0 0.0 0.0 0.0 0.0004454455676383341 0.0 0.0 0.0 3.9002084874105994e-08 0.0 0.0 0.0 0.0013325939432290062 0.0 0.0 0.0 0.0 0.0 0.0 0.0 0.0 0.062227666714454365 0.0 0.0 0.0 0.0656656596824818 0.0 0.0 0.0 0.032159276169702135 0.0 0.0 0.0 0.0 0.0 2.0082065600605104e-08 0.0 0.0 0.013794757093740874 3.892427229979609e-05 0.0 0.0 0.0006610620214022138 2.911257465497413e-08 0.0 0.0 7.510932147721914e-09 0.0 0.0 0.0 0.0 5.98637899422865e-09 0.0 0.0 0.013707137687283022 0.004524448633151414 0.0 0.0 0.10945993265170224 0.04422993505222536 0.0 0.0 0.012453191342897898 0.0 0.0 0.0 0.0 0.0 7.252369435581998e-08 0.0 0.0 0.0 4.183762274006641e-12 0.0 0.0 0.0 9.70999664631346e-08 0.0 0.0 0.0 0.0 0.0 0.0 0.0 0.0 0.027597168219666415 0.0 0.0 0.0 0.07038165620404756 0.0 0.0 0.0 0.06864859152542517 0.0 0.0 0.0 0.0 0.0 9.320690665933968e-09 0.0 0.0 0.012466974715948004 0.0010794450539831158 0.0 0.0 0.10939488495168183 0.04235293554855001 0.0 0.0 0.007964287653435854 0.0 0.0 0.0 0.0 1.6523257657480186e-08 0.0 0.0 0.050110791828304094 0.00523936841903412 0.0 0.0 0.14454643351612734 0.07224566323607245 0.0 0.0 0.019196835576859472 0.0 0.013104499466152475 0.0 0.0 0.0 0.002788103100296321 0.0 0.0 0.0 3.5887054313847326e-07 0.0 0.0 0.0 0.013640566210641273 0.0 0.0 0.0 0.0 7.022249901236385e-08 0.0 0.0 0.0 2.160104134359949e-08 0.0 0.0 0.0 8.735423238630902e-07 0.0 0.0 0.0 1.8999603987405103e-07 0.0 1.369642153016808e-09 0.0 0.0 0.0023260474744512117 3.0970398379076665e-08 0.0 0.0 0.03680503198445381 0.0004944387258817022 0.0 0.0 0.04616714009976821 0.04446624200464993 0.0 0.0 0.014052340518759407 0.0011029391141579568 0.0 0.0 0.13375816423903253 1.4168416904731808e-08 0.0 0.0 0.050581831306954435 0.018035474500912006 0.0 0.0 0.5665269461814993 0.15468659368989957 0.0 0.0 0.07373751135188057 0.0 0.1469481031004858 0.0 0.0 0.0 0.16339379475751012 0.0 0.0 0.0 6.867657211162661e-07 0.0 0.0 0.0 0.11433499734843126 0.0 0.0 0.0 0.0 0.014494729870516278 0.0 0.0 0.0 0.08343368070912735 0.0 0.0 0.0 0.0035872697670274135 0.0 0.0 0.0 0.02779257425559692 0.0 0.00017206994010237876 0.0 0.0 0.02260696173560864 3.930794339240375e-08 0.0 0.0 0.05503535750384412 1.7489030784273587e-18 0.0 0.0 1.911588366946096e-12 0.030603928027418716 0.0 0.0 0.02018227542993526 0.0005030680890497259 0.0 0.0 0.025683477904546594 3.3268692986768435e-08 0.0 0.0 0.05883722697912674 2.1600550332033218e-08 0.0 0.0 0.026470366241976608 0.03609225530075763 0.0 0.0 0.011460724655356773
0.0 0.0021992035660439563 0.0 0.0 0.0 0.00020035868610884325 0.0 0.0 0.0 4.844980702033313e-08 0.0 0.0 0.0 0.0021373147557665344 0.0 0.0 0.0 0.0 0.024656130405735985 0.0 0.0 0.0 0.023255958413125822 0.0 0.0 0.0 0.032013224214040355 0.0 0.0 0.0 0.0359596058094772 0.0 0.00027973595876658645 0.0 0.0 0.029411734970849306 2.1725537356558257e-09 0.0 0.0 0.0006610575080183828 0.0002998799757022988 0.0 0.0 0.0083075776848388 0.014670545004381287 0.0 0.0 0.002853835608405617 0.001453719076998695 0.0 0.0 0.03559822754624326 2.0760228748470743e-08 0.0 0.0 0.0070821863015103894 0.004153880875378796 0.0 0.0 0.14242289184950838 0.05369219618279344 0.0 0.0 0.015484838005359663 0.0 9.303114675148294e-08 0.0 0.0 0.0 1.4436574586251152e-08 0.0 0.0 0.0 3.6388240348862974e-12 0.0 0.0 0.0 4.82448096462549e-08 0.0 0.0 0.0 0.0 0.0050442673316617795 0.0 0.0 0.0 0.030675934724984817 0.0 0.0 0.0 0.08566122057333138 0.0 0.0 0.0 0.03695741768565065 0.0 0.00035239107007555915 0.0 0.0 0.02290357818405754 3.9182242820884547e-13 0.0 0.0 0.021653981118264998 0.0017866837551897394 0.0 0.0 0.06564038841028051 0.010800629769130652 0.0 0.0 0.004316827482866972 0.0017345040188225715 0.0 0.0 0.03236433404732764 1.5633734981033517e-13 0.0 0.0 0.010069237402719282 0.007252638474030532 0.0 0.0 0.18285449104053428 0.03361435875718448 0.0 0.0 0.007909469584995374 0.0 0.0048512159272305466 0.0 0.0 0.0 0.004940247238753001 0.0 0.0 0.0 1.9045542689963997e-07 0.0 0.0 0.0 0.019766258113675394 0.0 0.0 0.0 0.0 2.3121929535368667e-08 0.0 0.0 0.0 5.251716398895842e-08 0.0 0.0 0.0 1.4993190127089245e-07 0.0 0.0 0.0 1.5851715221724072e-07 0.0 8.157016183649472e-10 0.0 0.0 0.0024170621006650438 5.361338673679608e-13 0.0 0.0 0.01888624102189734 0.005248044917698267 0.0 0.0 0.09100640371511672 0.044414404699713 0.0 0.0 0.007371806863172906 1.5338079800877358e-08 0.0 0.0 0.055130850379485355 2.6113889020837834e-08 0.0 0.0 0.10097176847394426 0.011661317896554793 0.0 0.0 0.23527931534030738 0.2251147794129668 0.0 0.0 0.07772759849187087 0.0 0.10883440631795809 0.0 0.0 0.0 0.15319821995419217 0.0 0.0 0.0 1.6835411527273444e-07 0.0 0.0 0.0 0.269004883638761 0.0 0.0 0.0 0.0 0.026783948024188726 0.0 0.0 0.0 0.07352253413498319 0.0 0.0 0.0 0.05166937536793567 0.0 0.0 0.0 0.1421014594275375 0.0 0.00024247268089834514 0.0 0.0 0.06183399061859295 7.365580568638771e-08 0.0 0.0 0.06374002774585792 0.0002760721430524802 0.0 0.0 0.003071839802109873 0.07754036700052837 0.0 0.0 0.01687822868445771 0.00047408649838317775 0.0 0.0 0.020228182750800253 3.301260832302638e-08 0.0 0.0 0.05273453375355794 0.00033679165379583883 0.0 0.0 0.007044920362082723 0.05740570313562384 0.0 0.0 0.02986145110246436
0.0 0.003705300272447776 0.0 0.0 0.0 0.0014198206373797462 0.0 0.0 0.0 4.4698039447490415e-08 0.0 0.0 0.0 0.0011755704069552322 0.0 0.0 0.0 0.0 0.03271457179132862 0.0 0.0 0.0 0.07609682927043336 0.0 0.0 0.0 0.062064583767102416 0.0 0.0 0.0 0.0793206960573936 0.0 8.9351234245789e-06 0.0 0.0 0.004970973171668497 1.166045775396273e-09 0.0 0.0 0.0007700478807225633 0.0001324812496714895 0.0 0.0 0.011321893085572125 0.024394923933839418 0.0 0.0 0.003819488676204645 0.0011080554749730524 0.0 0.0 0.07249616000488014 3.2445056865086834e-08 0.0 0.0 0.03671726443908435 0.0007183241840420543 0.0 0.0 0.15577066469301776 0.05137799084035708 0.0 0.0 0.012417323843334004 0.0 7.395594610611244e-08 0.0 0.0 0.0 1.4287053502786632e-07 0.0 0.0 0.0 2.1436115232553235e-12 0.0 0.0 0.0 2.9018522131924534e-08 0.0 0.0 0.0 0.0 3.78089839531798e-08 0.0 0.0 0.0 0.023486102627179914 0.0 0.0 0.0 0.058892021575162684 0.0 0.0 0.0 0.02539609172982005 0.0 2.1901415007617428e-14 0.0 0.0 6.562610907223748e-08 5.987006647863416e-08 0.0 0.0 0.028388895454824974 0.001323904535287021 0.0 0.0 0.04819776830217473 0.02197144167578903 0.0 0.0 0.004378038882411119 8.558135363569953e-09 0.0 0.0 0.02875081301048426 1.3842578022411724e-07 0.0 0.0 0.0918796555500167 0.00781712130878857 0.0 0.0 0.11377717595388875 0.028809519305244065 0.0 0.0 0.0056978762672556145 0.0 0.00995550286104713 0.0 0.0 0.0 0.004027379607322072 0.0 0.0 0.0 1.9945203647525852e-07 0.0 0.0 0.0 0.011741003159746183 0.0 0.0 0.0 0.0 4.1602808422694e-08 0.0 0.0 0.0 1.2304291145471696e-06 0.0 0.0 0.0 1.1684766706317852e-07 0.0 0.0 0.0 5.60894135108646e-07 0.0 5.509595308290492e-05 0.0 0.0 0.001145657905593397 2.4130290010609944e-14 0.0 0.0 0.0009728307475213608 0.0030297948311966143 0.0 0.0 0.07379508274642595 0.032614195683511635 0.0 0.0 0.03205861429835806 0.0012389499760895374 0.0 0.0 0.10260874754010127 1.3949615938241505e-12 0.0 0.0 0.08125155609366494 0.010602855738860722 0.0 0.0 0.3438369347790231 0.19202379677514156 0.0 0.0 0.04782281774559474 0.0 0.2597844079430988 0.0 0.0 0.0 0.10232691062590975 0.0 0.0 0.0 1.705621505607416e-06 0.0 0.0 0.0 0.06740668164363389 0.0 0.0 0.0 0.0 0.014401961478638058 0.0 0.0 0.0 0.004676012019956513 0.0 0.0 0.0 0.02271454997578187 0.0 0.0 0.0 0.04403457801378126 0.0 0.0030577273793177128 0.0 0.0 0.07780657244967538 1.7216383678744402e-13 0.0 0.0 0.006285184395599853 0.00040406510657466587 0.0 0.0 0.002733652285439834 0.05018180738081965 0.0 0.0 0.013944616905585485 0.0009270067129198228 0.0 0.0 0.04653630947187952 1.3938606278471432e-08 0.0 0.0 0.030466873818158772 0.001695538125730724 0.0 0.0 0.029952486804328625 0.014428578102188566 0.0 0.0 0.011260730671755785
0.0 0.02248264811553738 0.0 0.0 0.0 0.0035067789815850453 0.0 0.0 0.0 3.0058755955352254e-07 0.0 0.0 0.0 0.0011708354301341994 0.0 0.0 0.0 0.0 0.031302461531925056 0.0 0.0 0.0 0.05186681638456351 0.0 0.0 0.0 0.16244484021833736 0.0 0.0 0.0 0.006331302929541517 0.0 0.00013943679387556682 0.0 0.0 0.017978236486865348 4.885060153187102e-09 0.0 0.0 0.003343817936565986 0.00037175303140526896 0.0 0.0 0.01117270804978854 0.0017029031605854178 0.0 0.0 0.00034215626944227625 0.012319895442061017 0.0 0.0 0.45308265262897224 1.0180424617712523e-07 0.0 0.0 0.13666623673497422 0.03970843319552512 0.0 0.0 0.8120666877341085 0.07133206953413355 0.0 0.0 0.016812611039660582 0.0 1.0668785530681728e-07 0.0 0.0 0.0 0.0 0.0 0.0 0.0 4.97485427487048e-12 0.0 0.0 0.0 3.441688304662005e-08 0.0 0.0 0.0 0.0 0.0010747694857098577 0.0 0.0 0.0 0.0 0.0 0.0 0.0 0.010617775760286876 0.0 0.0 0.0 0.0023944061217919667 0.0 8.404559756775394e-10 0.0 0.0 0.002884583468204682 0.0 0.0 0.0 0.0 3.344128652800705e-08 0.0 0.0 0.048982276327203 9.566780261385184e-13 0.0 0.0 2.1014933175184747e-13 1.1664893705780083e-08 0.0 0.0 0.044886467034629264 0.0 0.0 0.0 0.0 0.012070749773083138 0.0 0.0 0.270250738965407 0.037272128088660164 0.0 0.0 0.009179370553246769 0.0 0.08652775056295095 0.0 0.0 0.0 0.010580172386203653 0.0 0.0 0.0 3.516559131640837e-07 0.0 0.0 0.0 0.006519988951027887 0.0 0.0 0.0 0.0 1.4323165106537184e-06 0.0 0.0 0.0 7.76937535091274e-08 0.0 0.0 0.0 1.893561505406251e-07 0.0 0.0 0.0 7.79821740222531e-08 0.0 0.0003907463793115995 0.0 0.0 0.10510279666577167 1.723317974448946e-09 0.0 0.0 0.011571521558381712 0.004869839403705366 0.0 0.0 0.05956881493917129 0.00183093888936561 0.0 0.0 0.003825974052492128 0.015156257918725166 0.0 0.0 0.9162776173369518 3.2697088902950906e-08 0.0 0.0 0.22207788984999813 0.03962972105993435 0.0 0.0 0.628620171311357 0.03886252475342835 0.0 0.0 0.04665237373500958 0.0 0.147571019880149 0.0 0.0 0.0 0.0 0.0 0.0 0.0 1.052719280067526e-06 0.0 0.0 0.0 0.04711379467147833 0.0 0.0 0.0 0.0 0.002672364653595829 0.0 0.0 0.0 0.0 0.0 0.0 0.0 0.005102092784853326 0.0 0.0 0.0 0.047030196031074306 0.0 0.00013908104452077882 0.0 0.0 0.013506516948198575 0.0 0.0 0.0 0.0 5.98242549283134e-09 0.0 0.0 6.081919714793663e-08 0.03644463594964873 0.0 0.0 0.005665682320591094 0.0001305248940570173 0.0 0.0 0.03136424930647388 0.0 0.0 0.0 0.0 0.003528199149970153 0.0 0.0 0.040214527726022596 0.0072406668941289234 0.0 0.0 0.003042841678324937
0.0 0.01179944467143596 0.0 0.0 0.0 0.0014870421868961126 0.0 0.0 0.0 5.7912627440830106e-08 0.0 0.0 0.0 0.0030600353267951773 0.0 0.0 0.0 0.0 0.021026323808325663 0.0 0.0 0.0 0.02883270804343824 0.0 0.0 0.0 0.04215642738540042 0.0 0.0 0.0 0.054310084486320714 0.0 0.0013593339573787213 0.0 0.0 0.03852630640698882 1.5186638891004038e-09 0.0 0.0 0.0011927838952751858 0.0007622515557707322 0.0 0.0 0.011968341405251562 0.013807952086154499 0.0 0.0 0.0033287033734451248 0.009853719173454276 0.0 0.0 0.19132491434604007 4.42956191702186e-08 0.0 0.0 0.05065443276919449 0.009869662915518525 0.0 0.0 0.15435529271633025 0.07963089426363029 0.0 0.0 0.03758536011819068 0.0 2.6115485670994963e-07 0.0 0.0 0.0 2.3330754478520238e-07 0.0 0.0 0.0 2.080127901516167e-12 0.0 0.0 0.0 1.6914404743043131e-07 0.0 0.0 0.0 0.0 0.024300166706268812 0.0 0.0 0.0 0.002654320987738182 0.0 0.0 0.0 0.04789303054755652 0.0 0.0 0.0 0.023868886302075714 0.0 3.405249210695124e-05 0.0 0.0 0.0016500291222538554 4.912279407926624e-09 0.0 0.0 0.0016672636165144074 0.0009187005384121106 0.0 0.0 0.054142668616337264 0.003131279646122011 0.0 0.0 0.0021849078337664936 0.001414343926839075 0.0 0.0 0.08215716354312402 1.5771493000273985e-07 0.0 0.0 0.05045602793371794 0.004414044577063802 0.0 0.0 0.13913259384581142 0.06674033679190827 0.0 0.0 0.0410194414638919 0.0 0.017760628638273806 0.0 0.0 0.0 0.010870461361218053 0.0 0.0 0.0 1.8755897305030703e-07 0.0 0.0 0.0 0.004743688020401305 0.0 0.0 0.0 0.0 6.999797228771228e-07 0.0 0.0 0.0 6.571443581400944e-07 0.0 0.0 0.0 3.598479737960523e-08 0.0 0.0 0.0 5.256753877761383e-08 0.0 0.00012036957820948719 0.0 0.0 0.022953917430027768 2.7589671396149887e-08 0.0 0.0 0.0064590355055084495 0.002525580576326843 0.0 0.0 0.04710112901671495 0.010796642524135494 0.0 0.0 0.0030858897229530074 0.0020778447824433576 0.0 0.0 0.14880956924585925 2.8679013459845403e-07 0.0 0.0 0.20178156550000825 0.011641949897217356 0.0 0.0 0.21262115932959402 0.06370648497340702 0.0 0.0 0.027223259137013817 0.0 0.1395179580739044 0.0 0.0 0.0 0.08343307356870698 0.0 0.0 0.0 1.2002027365553975e-06 0.0 0.0 0.0 0.0751782778320039 0.0 0.0 0.0 0.0 0.026135494995692395 0.0 0.0 0.0 0.025546499777104322 0.0 0.0 0.0 0.0029930980257930695 0.0 0.0 0.0 0.02830707752465803 0.0 0.0011128046596413658 0.0 0.0 0.025840575552246302 1.0402129726615596e-07 0.0 0.0 0.02309011325652006 0.0007855524965042643 0.0 0.0 0.012587748028070883 0.024281549974061088 0.0 0.0 0.018787652892252024 0.00047701682480719805 0.0 0.0 0.026028183784607205 3.67656565162778e-08 0.0 0.0 0.032264198028889 0.002457223022052581 0.0 0.0 0.03595318669756736 0.03603536941793318 0.0 0.0 0.009133102013628283
0.0 0.005145442943398196 0.0 0.0 0.0 0.002577097599959145 0.0 0.0 0.0 6.427331793737622e-08 0.0 0.0 0.0 0.0024140414602613065 0.0 0.0 0.0 0.0 0.007239944983892277 0.0 0.0 0.0 0.12582621862516213 0.0 0.0 0.0 0.07998383803358221 0.0 0.0 0.0 0.18459184121106798 0.0 2.5615429408623258e-14 0.0 0.0 1.1887396666787204e-12 2.1489301898540255e-10 0.0 0.0 0.0073485724781328175 2.8695644260024424e-05 0.0 0.0 0.0005444692924886888 0.004155152134328917 0.0 0.0 0.0011315434791120643 0.0015967089693159275 0.0 0.0 0.0830752308308972 4.11008747296455e-09 0.0 0.0 0.10689142629356035 0.005255847350453487 0.0 0.0 0.1568304047276926 0.16409656489392893 0.0 0.0 0.03184016773617269 0.0 1.7804056885274845e-07 0.0 0.0 0.0 1.513336772707163e-07 0.0 0.0 0.0 2.2320173384503644e-11 0.0 0.0 0.0 3.732066832806376e-08 0.0 0.0 0.0 0.0 0.0020350255774154225 0.0 0.0 0.0 0.00331547289750689 0.0 0.0 0.0 0.04182268117321671 0.0 0.0 0.0 0.002542580024129838 0.0 2.876511244081682e-14 0.0 0.0 1.0454461296051034e-12 5.0251028988035925e-14 0.0 0.0 0.003315377614712931 0.004089281563550468 0.0 0.0 0.08200331220598986 0.03520336957644893 0.0 0.0 0.004709600069290029 0.0011136797183917341 0.0 0.0 0.04537978052690878 5.6050378101305045e-08 0.0 0.0 0.09042626983239252 0.05899675842522469 0.0 0.0 0.9777758993543136 0.0446373466092099 0.0 0.0 0.00996439412897095 0.0 0.026326216169440815 0.0 0.0 0.0 0.042973815647328634 0.0 0.0 0.0 1.289199281317394e-07 0.0 0.0 0.0 0.008082990901799448 0.0 0.0 0.0 0.0 4.545461463426918e-12 0.0 0.0 0.0 1.0331200531043976e-06 0.0 0.0 0.0 6.226852262748166e-08 0.0 0.0 0.0 5.039973931438798e-07 0.0 0.000314123576282674 0.0 0.0 0.012544708676754564 1.0546324152536173e-08 0.0 0.0 0.10262499655042116 6.236917117833568e-09 0.0 0.0 0.006087063638660252 0.011408797546067894 0.0 0.0 0.0033942073123857815 0.006295908789127325 0.0 0.0 0.29421968983436203 2.9579493291152294e-07 0.0 0.0 0.8735017894924788 0.004326499621054419 0.0 0.0 0.1837008947723534 0.11582037435826686 0.0 0.0 0.05540778134152289 0.0 0.3711562531054454 0.0 0.0 0.0 0.004164695091303822 0.0 0.0 0.0 1.4061749480947224e-06 0.0 0.0 0.0 0.0 0.0 0.0 0.0 0.0 0.003933462679238195 0.0 0.0 0.0 0.0001782163883945534 0.0 0.0 0.0 0.014567332608492039 0.0 0.0 0.0 0.0 0.0 0.0009208401574341362 0.0 0.0 0.09926395902127498 5.499638077766201e-13 0.0 0.0 0.04255875611328477 0.0033136066745076322 0.0 0.0 0.06448160627450894 0.0 0.0 0.0 0.0 0.0009831443349642781 0.0 0.0 0.057557643209591884 1.875276210438504e-14 0.0 0.0 0.0016269962708071455 0.0013724561225291912 0.0 0.0 0.06184958373809106 0.0 0.0 0.0 0.0
0.0 0.00820661480682027 0.0 0.0 0.0 0.005990841947661617 0.0 0.0 0.0 1.1018107983285901e-07 0.0 0.0 0.0 0.003935143944353016 0.0 0.0 0.0 0.0 8.569243914397832e-08 0.0 0.0 0.0 0.18069290111981245 0.0 0.0 0.0 0.16645728495515028 0.0 0.0 0.0 0.2252739040766393 0.0 0.0009636345320870121 0.0 0.0 0.03381075654505497 4.088031856246096e-08 0.0 0.0 0.023682198603837624 5.462685926363615e-05 0.0 0.0 0.004232733656467184 0.014206295606743649 0.0 0.0 0.0053905202149273435 0.0033179178136649983 0.0 0.0 0.10773101323136718 2.403228914107816e-07 0.0 0.0 0.2003805041159678 0.006580429636939729 0.0 0.0 0.2847648825754 0.10690629544027995 0.0 0.0 0.055034567707546306 0.0 2.0697511728297045e-07 0.0 0.0 0.0 4.5524514791751776e-07 0.0 0.0 0.0 4.1751871402801085e-12 0.0 0.0 0.0 2.562315735630482e-07 0.0 0.0 0.0 0.0 0.03594967193071324 0.0 0.0 0.0 0.0017804679448534288 0.0 0.0 0.0 0.03878120055792729 0.0 0.0 0.0 0.020433924405765476 0.0 0.006087059431531084 0.0 0.0 0.08055457131193368 1.3011362564584803e-08 0.0 0.0 0.005436988404670444 0.0016935901153236489 0.0 0.0 0.10725265737558212 0.04341453271580768 0.0 0.0 0.01546512020467683 0.0021195713514563837 0.0 0.0 0.08066228249449306 4.1585456223528716e-07 0.0 0.0 0.19815502303464816 0.005878978479667404 0.0 0.0 0.2057969595840027 0.1721383584826113 0.0 0.0 0.056607853202432314 0.0 0.03262035777054 0.0 0.0 0.0 0.00971163771983369 0.0 0.0 0.0 1.552529729800156e-07 0.0 0.0 0.0 0.01083929814391873 0.0 0.0 0.0 0.0 8.13113315616845e-08 0.0 0.0 0.0 1.3842902327082836e-06 0.0 0.0 0.0 3.1996449141122655e-08 0.0 0.0 0.0 1.4690239127654926e-07 0.0 7.3768581193694795e-09 0.0 0.0 0.029422347554504676 3.85034709310934e-08 0.0 0.0 0.07641002704815457 0.006141582790447744 0.0 0.0 0.08112930493772032 0.010754569837129812 0.0 0.0 0.003604420666842813 0.0022238515034391122 0.0 0.0 0.1924500588523825 9.441946145141322e-08 0.0 0.0 0.17059352238790268 0.03027727792171663 0.0 0.0 0.24185503321737148 0.2558561781705517 0.0 0.0 0.07834877239584398 0.0 0.532993036456194 0.0 0.0 0.0 0.08124232992661622 0.0 0.0 0.0 1.3790621766876254e-06 0.0 0.0 0.0 0.11393338183306206 0.0 0.0 0.0 0.0 0.04639102891778668 0.0 0.0 0.0 0.07742977921598945 0.0 0.0 0.0 0.0022237812056022494 0.0 0.0 0.0 0.0062046152680699865 0.0 0.003471870090831221 0.0 0.0 0.18252275388763767 3.4856867766978526e-08 0.0 0.0 0.013434388301253396 0.0009283795001910963 0.0 0.0 0.015775410615629093 0.051005749368123944 0.0 0.0 0.008062141909202892 0.0012749176637064045 0.0 0.0 0.10618318783863437 4.060707902807713e-08 0.0 0.0 0.03326679058743895 0.0016165835837155121 0.0 0.0 0.030797806906496566 0.06462775574109171 0.0 0.0 0.012883060249505402
0.0 0.004881991730867405 0.0 0.0 0.0 0.0013735935005247586 0.0 0.0 0.0 4.2755921384267125e-08 0.0 0.0 0.0 0.001976654476822491 0.0 0.0 0.0 0.0 0.018953815977646445 0.0 0.0 0.0 0.004412962282862957 0.0 0.0 0.0 0.0463730793653811 0.0 0.0 0.0 0.0565772466156806 0.0 0.0005168802036787982 0.0 0.0 0.01730300023687935 3.235466365776949e-13 0.0 0.0 0.01365401504003215 0.000510023189781156 0.0 0.0 0.011162602756454398 0.011139369964641726 0.0 0.0 0.002978292816009741 0.0008544419968589074 0.0 0.0 0.06245665074339536 9.078878696764032e-13 0.0 0.0 0.05053728310156622 0.004545277234782421 0.0 0.0 0.11235360951322329 0.04576718970011064 0.0 0.0 0.021516954279169838 0.0 0.0 0.0 0.0 0.0 7.169958765562191e-08 0.0 0.0 0.0 3.2035451014869335e-12 0.0 0.0 0.0 1.5390858497572378e-07 0.0 0.0 0.0 0.0 0.0 0.0 0.0 0.0 0.037807480380000334 0.0 0.0 0.0 0.12286229627917221 0.0 0.0 0.0 0.011880318549402828 0.0 0.0 0.0 0.0 0.0 5.156147039366532e-08 0.0 0.0 0.024203726298171836 0.001548311365104964 0.0 0.0 0.0387537887289836 0.07254771378372749 0.0 0.0 0.016444124781511898 0.0 0.0 0.0 0.0 2.3192933343666257e-08 0.0 0.0 0.042955427757162656 0.0049899301917406096 0.0 0.0 0.18173494306288268 0.04784086891698344 0.0 0.0 0.0262314548753331 0.0 0.015265602680495694 0.0 0.0 0.0 0.006801414998870697 0.0 0.0 0.0 1.4124691360454575e-07 0.0 0.0 0.0 0.011387030002433702 0.0 0.0 0.0 0.0 5.833674246195567e-08 0.0 0.0 0.0 1.8817081700366256e-08 0.0 0.0 0.0 5.756111451674761e-08 0.0 0.0 0.0 7.424429664629158e-07 0.0 0.00023775837059683815 0.0 0.0 0.028394850605884262 2.8939344281770823e-08 0.0 0.0 0.018344034928269925 0.005788872474104816 0.0 0.0 0.05013684831751501 0.07184225773500344 0.0 0.0 0.013793228610326346 0.006150534089791916 0.0 0.0 0.12489583073203267 8.641518743648975e-08 0.0 0.0 0.07982119679057224 0.01255491436096005 0.0 0.0 0.21143058174426213 0.1635061828578908 0.0 0.0 0.05437090101935799 0.0 0.106169509830208 0.0 0.0 0.0 0.16437501500959228 0.0 0.0 0.0 6.931521420549846e-07 0.0 0.0 0.0 0.3583828917405521 0.0 0.0 0.0 0.0 0.03831030989341197 0.0 0.0 0.0 0.11127725503902518 0.0 0.0 0.0 0.03963010392881803 0.0 0.0 0.0 0.18728768225411307 0.0 5.095516404264412e-05 0.0 0.0 0.045031025433100884 6.9080905446064876e-09 0.0 0.0 0.010590602266493053 0.0035517229220828365 0.0 0.0 0.04443101906222081 0.11537731825034094 0.0 0.0 0.05000306155647124 0.00042171263916693604 0.0 0.0 0.019950048818722057 2.8593118741742253e-08 0.0 0.0 0.06364636181476775 0.000655187489543631 0.0 0.0 0.016698054334518878 0.09275945282634689 0.0 0.0 0.03592384048678564
0.0 0.00272035187989914 0.0 0.0 0.0 0.0009922302682967682 0.0 0.0 0.0 1.2085439407261193e-07 0.0 0.0 0.0 0.000739490236362606 0.0 0.0 0.0 0.0 0.037364778286674595 0.0 0.0 0.0 0.06012861128478469 0.0 0.0 0.0 0.055333130977161755 0.0 0.0 0.0 0.03131650258506035 0.0 0.0013672498838284653 0.0 0.0 0.057667360361296084 3.8485414936084965e-08 0.0 0.0 0.02399763069327503 0.000698642769960358 0.0 0.0 0.025829637332579748 0.0006133415795327927 0.0 0.0 0.00012434419981486406 0.0008542376265515579 0.0 0.0 0.05218308331456613 1.7416956363398286e-08 0.0 0.0 0.036607120933525 0.009008258241189376 0.0 0.0 0.30473856934203614 0.014618883317681566 0.0 0.0 0.013450262622674234 0.0 4.588471887124609e-08 0.0 0.0 0.0 1.51182104705317e-07 0.0 0.0 0.0 1.974652307630666e-12 0.0 0.0 0.0 1.339084509318588e-07 0.0 0.0 0.0 0.0 9.054874777674133e-05 0.0 0.0 0.0 0.023327212914775585 0.0 0.0 0.0 0.028020930293149192 0.0 0.0 0.0 0.03468811457965357 0.0 5.515389750666055e-09 0.0 0.0 0.013679784655091365 1.1365647024408676e-07 0.0 0.0 0.02723041815907834 0.00148274694061505 0.0 0.0 0.040841531921064614 0.026975781362685324 0.0 0.0 0.013428464758699214 5.99145185318579e-09 0.0 0.0 0.016661021476134616 8.76463742937778e-08 0.0 0.0 0.040736253252886406 0.0024353209541647354 0.0 0.0 0.10980794351241098 0.04994779041345861 0.0 0.0 0.027116776329868378 0.0 0.023319886204715246 0.0 0.0 0.0 0.004939046871903465 0.0 0.0 0.0 2.8647294441768003e-07 0.0 0.0 0.0 0.012296481619350885 0.0 0.0 0.0 0.0 8.604302226526306e-08 0.0 0.0 0.0 3.4201559859470514e-08 0.0 0.0 0.0 1.8091136635476713e-07 0.0 0.0 0.0 1.454759978962216e-07 0.0 1.5357828233050039e-09 0.0 0.0 0.002357442691117888 1.4514765015412863e-13 0.0 0.0 0.007295445273278739 0.0031969841029000734 0.0 0.0 0.06874291134022086 0.0054794232443428756 0.0 0.0 0.0023122620566911637 0.001340559212209943 0.0 0.0 0.1860019102070941 4.861258406619458e-08 0.0 0.0 0.07905966185221831 0.02515573331588386 0.0 0.0 0.42023791245625874 0.18086170164530796 0.0 0.0 0.07293269639337796 0.0 0.15810273916434814 0.0 0.0 0.0 0.08019537821305013 0.0 0.0 0.0 0.0 0.0 0.0 0.0 0.13085390984896464 0.0 0.0 0.0 0.0 0.07284283222822867 0.0 0.0 0.0 0.04018298856797376 0.0 0.0 0.0 0.0 0.0 0.0 0.0 0.030864194816926642 0.0 0.0001620095838819419 0.0 0.0 0.07145456849060104 2.812724549885346e-09 0.0 0.0 0.005310445244900438 0.0 0.0 0.0 0.0 0.01672949208378845 0.0 0.0 0.0032124392417420245 0.0007281238898562517 0.0 0.0 0.031455261619279105 2.234657955965162e-08 0.0 0.0 0.02646822416758759 0.0 0.0 0.0 0.0 0.07392561357956534 0.0 0.0 0.01829706086408169
0.0 0.004991364685540768 0.0 0.0 0.0 0.006492712635496595 0.0 0.0 0.0 1.8446481027693867e-07 0.0 0.0 0.0 0.021170347398823806 0.0 0.0 0.0 0.0 0.09556086780190455 0.0 0.0 0.0 0.13289387135018838 0.0 0.0 0.0 0.15577515677829523 0.0 0.0 0.0 0.49299458990950534 0.0 2.8020771172897438e-05 0.0 0.0 0.0016195518778342845 9.25347597258867e-10 0.0 0.0 0.0021282786309501068 0.0022842415630317833 0.0 0.0 0.04427102929855029 0.07633192507876457 0.0 0.0 0.01839816221491935 0.0006587442693029633 0.0 0.0 0.08456100839038623 5.394227465414546e-07 0.0 0.0 0.23332371262755394 0.01713639624781689 0.0 0.0 0.24908188613784965 0.8600451075104923 0.0 0.0 0.2178358880527696 0.0 1.4535350605596961e-06 0.0 0.0 0.0 1.4561795509293227e-07 0.0 0.0 0.0 8.149346316754152e-12 0.0 0.0 0.0 8.336272465448952e-08 0.0 0.0 0.0 0.0 0.012308247743713151 0.0 0.0 0.0 0.08475951855281001 0.0 0.0 0.0 0.16136729781928513 0.0 0.0 0.0 0.2059396614116789 0.0 0.0020430400214998374 0.0 0.0 0.10918463823276542 3.2241420030886844e-09 0.0 0.0 0.0010327454151120852 0.013010458557902543 0.0 0.0 0.18373173353308048 0.009722120481587333 0.0 0.0 0.002786969717135062 0.01169924003075038 0.0 0.0 0.42702205382463565 3.545967543114312e-07 0.0 0.0 0.10162679038936831 0.014091206038828876 0.0 0.0 0.37747753522732014 0.04741704578360604 0.0 0.0 0.01526345593748033 0.0 0.022560988472455242 0.0 0.0 0.0 0.0166706645152641 0.0 0.0 0.0 1.3137430135889096e-07 0.0 0.0 0.0 0.03527366763155449 0.0 0.0 0.0 0.0 1.0724774443680325e-07 0.0 0.0 0.0 2.2574794962776263e-07 0.0 0.0 0.0 1.339864474835006e-08 0.0 0.0 0.0 1.9519647937574208e-07 0.0 3.096766193371685e-08 0.0 0.0 0.06265482801115134 7.051830270966629e-08 0.0 0.0 0.037274453543769515 0.003240384833618307 0.0 0.0 0.13423446124541738 0.07120772684814228 0.0 0.0 0.02634621109833487 0.0029288798248231986 0.0 0.0 0.19298450217037633 4.84852967128764e-07 0.0 0.0 0.32089321641403024 0.02093886996966396 0.0 0.0 0.2164252547706374 0.3479873774266354 0.0 0.0 0.1751532740853493 0.0 0.8496706791468369 0.0 0.0 0.0 0.44121120275877146 0.0 0.0 0.0 2.800469073150997e-06 0.0 0.0 0.0 0.24209927083852423 0.0 0.0 0.0 0.0 0.037191987567208734 0.0 0.0 0.0 0.10385809353227675 0.0 0.0 0.0 0.010060583531730028 0.0 0.0 0.0 0.14743270460041166 0.0 0.012121910803343962 0.0 0.0 0.5976042358443465 1.1429465690361902e-07 0.0 0.0 0.15368104470895216 6.030054391960424e-09 0.0 0.0 1.0976124747000749e-07 0.06149657114083931 0.0 0.0 0.021463158534634624 0.003174742496116274 0.0 0.0 0.18701246430742238 1.1468897245815178e-07 0.0 0.0 0.14463744009900772 0.003907296669455152 0.0 0.0 0.07973898243651056 0.05877607894313861 0.0 0.0 0.03099088933087647
0.0 0.0 0.0 0.0 0.0 0.0038151675489222214 0.0 0.0 0.0 1.134076148412238e-08 0.0 0.0 0.0 0.007510140766289607 0.0 0.0 0.0 0.0 0.0 0.0 0.0 0.0 0.15317403116265152 0.0 0.0 0.0 0.09551874799179753 0.0 0.0 0.0 0.052487136364232294 0.0 0.0 0.0 0.0 0.0 1.1553339936063821e-07 0.0 0.0 0.04050679918899777 3.0263654116825773e-05 0.0 0.0 0.00020639558377214147 0.06855402101471318 0.0 0.0 0.009411402729830667 0.0 0.0 0.0 0.0 1.1132281061311053e-07 0.0 0.0 0.09733566328535787 0.0017467459788370033 0.0 0.0 0.028854358897346187 0.0945675773534146 0.0 0.0 0.06230160981365903 0.0 1.6748805322597042e-07 0.0 0.0 0.0 8.991651201419454e-08 0.0 0.0 0.0 2.2116383725950333e-12 0.0 0.0 0.0 8.562974056360727e-07 0.0 0.0 0.0 0.0 0.0005910527913173296 0.0 0.0 0.0 0.0016819702606358543 0.0 0.0 0.0 0.0508211133558537 0.0 0.0 0.0 0.05506888059016295 0.0 2.832410920300823e-10 0.0 0.0 5.984837741701076e-09 2.8733634833228396e-13 0.0 0.0 1.6748776588962207e-07 0.0035329880540662163 0.0 0.0 0.08466665956998379 0.03999782507704104 0.0 0.0 0.032001853986107144 0.001681969977394762 0.0 0.0 0.03984564462403291 6.187498312283629e-08 0.0 0.0 0.040436551608692826 0.00977017189604387 0.0 0.0 0.10392211401510307 0.28502025381824725 0.0 0.0 0.1354552651664376 0.0 0.015469702546089516 0.0 0.0 0.0 0.010990718476626273 0.0 0.0 0.0 1.6864830179278968e-08 0.0 0.0 0.0 0.009635975321950544 0.0 0.0 0.0 0.0 9.837402256326478e-07 0.0 0.0 0.0 2.78207882158558e-06 0.0 0.0 0.0 2.41232576107102e-13 0.0 0.0 0.0 4.9005076645539e-07 0.0 0.00406387374104999 0.0 0.0 0.07746310113693954 5.38271519496475e-07 0.0 0.0 0.19472938915159765 4.4304043289732484e-05 0.0 0.0 0.0003866933399252075 0.04843281064780619 0.0 0.0 0.024428903130088067 0.0033452883758787327 0.0 0.0 0.06813241505532483 2.8456839418522526e-07 0.0 0.0 0.17334585779293427 0.003865118372790353 0.0 0.0 0.03782270852780034 0.10497038756597958 0.0 0.0 0.02312563902779443 0.0 0.28571004548453854 0.0 0.0 0.0 0.09350845543736191 0.0 0.0 0.0 4.2276622516044204e-06 0.0 0.0 0.0 0.42261366016563284 0.0 0.0 0.0 0.0 0.11811696117328697 0.0 0.0 0.0 0.0401379968788273 0.0 0.0 0.0 0.20320975211432335 0.0 0.0 0.0 0.08789399836357266 0.0 0.0011198266157714026 0.0 0.0 0.04594349458486035 3.114711019144292e-09 0.0 0.0 0.0435400798571004 0.005870032421863503 0.0 0.0 0.05592133697663642 0.03522612006786474 0.0 0.0 0.012500361610129603 0.0011143606626373317 0.0 0.0 0.05342140526542994 9.297230202840485e-09 0.0 0.0 0.03340766115915439 0.011236788788489008 0.0 0.0 0.10282743237632958 0.10061685687879245 0.0 0.0 0.05716930244491744
0.0 0.017972263894438137 0.0 0.0 0.0 0.004566873917700324 0.0 0.0 0.0 8.212706388016364e-08 0.0 0.0 0.0 0.0030203097295684487 0.0 0.0 0.0 0.0 0.07242046541320322 0.0 0.0 0.0 0.01146127056820625 0.0 0.0 0.0 0.025890000418478967 0.0 0.0 0.0 0.05348989707092526 0.0 0.0018015618619541607 0.0 0.0 0.03734768592360651 5.270818850649531e-09 0.0 0.0 0.005552625118294951 0.0031173417973129817 0.0 0.0 0.031683377515530464 0.018283090163929632 0.0 0.0 0.006971189442889687 0.015108744860132308 0.0 0.0 0.34399907917576655 1.9637916406535034e-07 0.0 0.0 0.12877281370861585 0.004478008495471836 0.0 0.0 0.23553875957174256 0.031966620839597046 0.0 0.0 0.03662267771589022 0.0 2.247491740637148e-07 0.0 0.0 0.0 2.071483453076737e-07 0.0 0.0 0.0 5.298452518264396e-12 0.0 0.0 0.0 1.5652398949868418e-07 0.0 0.0 0.0 0.0 0.02506132762759531 0.0 0.0 0.0 0.005188435262474664 0.0 0.0 0.0 0.04860054311547033 0.0 0.0 0.0 0.058057502589720776 0.0 7.665524231393472e-05 0.0 0.0 0.0032173849866030733 1.320465948793831e-08 0.0 0.0 0.005829699277124207 0.0022351605196394633 0.0 0.0 0.04196045910686208 0.003933712933434173 0.0 0.0 0.0010986594163289133 0.0018907965751311553 0.0 0.0 0.08251894954128267 2.1528073060736652e-07 0.0 0.0 0.13933521478946603 0.01352891922705928 0.0 0.0 0.26955938043267114 0.06737546137619048 0.0 0.0 0.01988829212313648 0.0 0.03809608790774356 0.0 0.0 0.0 0.011581469706050946 0.0 0.0 0.0 1.6953449145655004e-07 0.0 0.0 0.0 0.009857003482791987 0.0 0.0 0.0 0.0 7.205674876827997e-08 0.0 0.0 0.0 1.0218544682384704e-06 0.0 0.0 0.0 1.2065998856886019e-07 0.0 0.0 0.0 5.707490695865097e-08 0.0 5.709890090376977e-05 0.0 0.0 0.0016793432044105005 4.211860102419869e-09 0.0 0.0 0.010511912314944426 0.011386597815710869 0.0 0.0 0.046693716406720105 0.01041473756420338 0.0 0.0 0.002980183470754787 0.005918797688275258 0.0 0.0 0.2549561701675188 8.821585029091845e-08 0.0 0.0 0.20343618114102643 0.021017957585712673 0.0 0.0 0.29678590040437713 0.18651140382518278 0.0 0.0 0.053355738267060665 0.0 0.10719305691945794 0.0 0.0 0.0 0.12075925782316449 0.0 0.0 0.0 9.655967831028688e-07 0.0 0.0 0.0 0.0935353067667428 0.0 0.0 0.0 0.0 0.007275011996789942 0.0 0.0 0.0 0.041701017001816186 0.0 0.0 0.0 0.0016938139533833243 0.0 0.0 0.0 0.053887467848266334 0.0 2.3658310864273124e-08 0.0 0.0 0.05445616086415034 3.6721292691612716e-09 0.0 0.0 0.05541131432184142 0.0026007368624330453 0.0 0.0 0.04606955570474899 0.0050543701059691535 0.0 0.0 0.0018427593933481685 0.000705850881749341 0.0 0.0 0.018312126883041974 6.219159464878677e-08 0.0 0.0 0.045247468674354495 0.0011699914372736305 0.0 0.0 0.02364182892677804 0.023035811241232166 0.0 0.0 0.01058651584794176
0.0 0.0055323652988841674 0.0 0.0 0.0 0.0 0.0 0.0 0.0 4.837396330690211e-08 0.0 0.0 0.0 0.002963195547278726 0.0 0.0 0.0 0.0 0.030135626459408805 0.0 0.0 0.0 0.0 0.0 0.0 0.0 0.05803212598896436 0.0 0.0 0.0 0.03559716301509806 0.0 7.190174502688749e-10 0.0 0.0 0.00013346995074243497 0.0 0.0 0.0 0.0 0.0015220122284266221 0.0 0.0 0.025104334197224618 0.021213300159071764 0.0 0.0 0.005670356140438486 0.0017558217581453111 0.0 0.0 0.055750221236686735 0.0 0.0 0.0 0.0 0.010210328013002045 0.0 0.0 0.12284866385181713 0.05429376160051149 0.0 0.0 0.03577473257574297 0.0 2.4068851073810028e-08 0.0 0.0 0.0 6.961099382637572e-08 0.0 0.0 0.0 3.362443722621269e-12 0.0 0.0 0.0 1.5100942446852982e-07 0.0 0.0 0.0 0.0 0.020946011941518683 0.0 0.0 0.0 0.002515493348474321 0.0 0.0 0.0 0.09263467695239927 0.0 0.0 0.0 0.0062236047726493835 0.0 2.3599309887690265e-05 0.0 0.0 0.0016116785611376518 1.0621929998822847e-14 0.0 0.0 5.043984352191982e-09 0.00016912660356203712 0.0 0.0 0.025011845680641808 0.0017766938970821882 0.0 0.0 0.000738809584240118 0.00010985484305740402 0.0 0.0 0.0084113330831758 5.3694520362606524e-08 0.0 0.0 0.028586880109644813 0.006139076365061186 0.0 0.0 0.1559677906636279 0.019497817297940676 0.0 0.0 0.03396792705391975 0.0 0.013115880361487173 0.0 0.0 0.0 0.013463670637662056 0.0 0.0 0.0 2.2705422615494103e-07 0.0 0.0 0.0 0.023531360727990017 0.0 0.0 0.0 0.0 4.601799317465942e-08 0.0 0.0 0.0 5.629284189650005e-07 0.0 0.0 0.0 1.6308144162073764e-06 0.0 0.0 0.0 5.572755034965049e-06 0.0 7.772783737171015e-09 0.0 0.0 0.022548855567726865 9.075701647924382e-09 0.0 0.0 0.024760909425232 0.008464701799824545 0.0 0.0 0.1103937909635152 0.04163019517950911 0.0 0.0 0.03508717213667059 0.005259346678452369 0.0 0.0 0.14569087444732648 1.5785225532060592e-07 0.0 0.0 0.1483897009264998 0.01766497754069497 0.0 0.0 0.3300121989417473 0.19085218051686503 0.0 0.0 0.11322604218309806 0.0 0.10511664573424884 0.0 0.0 0.0 0.10885604676638576 0.0 0.0 0.0 7.495459068927158e-06 0.0 0.0 0.0 0.18295569912335757 0.0 0.0 0.0 0.0 0.002561788976000704 0.0 0.0 0.0 0.026815702403653177 0.0 0.0 0.0 0.0886788280340856 0.0 0.0 0.0 0.09139408699431127 0.0 0.000992068625330739 0.0 0.0 0.01594167311846174 1.0473576999489309e-13 0.0 0.0 0.0038424853354802986 0.001336686005897207 0.0 0.0 0.05233950072762024 0.04743055733002251 0.0 0.0 0.01133745639417623 0.0003549095134515008 0.0 0.0 0.03054542307064799 2.4070039123601383e-08 0.0 0.0 0.04710075227010666 0.005934465827736473 0.0 0.0 0.13162554021424616 0.020241381102058344 0.0 0.0 0.01987084074761346
0.0 0.003965486665656215 0.0 0.0 0.0 0.006982297086087628 0.0 0.0 0.0 4.103876346839598e-08 0.0 0.0 0.0 0.003872638654334522 0.0 0.0 0.0 0.0 0.11789376339759464 0.0 0.0 0.0 0.04877551641874622 0.0 0.0 0.0 0.013950447250777005 0.0 0.0 0.0 0.07905436893175677 0.0 0.0008495272106629158 0.0 0.0 0.03034287968794374 8.312134423167264e-09 0.0 0.0 0.032407308665184084 0.003932789740299219 0.0 0.0 0.04728052463173237 0.0377902729762924 0.0 0.0 0.003154226797945408 0.0021873211605605326 0.0 0.0 0.06802911787843242 4.2270091233164714e-07 0.0 0.0 0.2095252414847359 0.011182281852666467 0.0 0.0 0.10971066215313678 0.16655655209126416 0.0 0.0 0.04447408454968241 0.0 2.753300566312986e-07 0.0 0.0 0.0 2.8902322609903486e-07 0.0 0.0 0.0 3.046719776329479e-12 0.0 0.0 0.0 2.401498637694817e-07 0.0 0.0 0.0 0.0 0.023839765067231514 0.0 0.0 0.0 0.006673495180599616 0.0 0.0 0.0 0.0293136142761641 0.0 0.0 0.0 0.012887621518990405 0.0 7.517605185262671e-05 0.0 0.0 0.0055954066631472895 1.4645837870978582e-08 0.0 0.0 0.012223152282408375 0.003912829205693294 0.0 0.0 0.03209566175472102 0.030969212265098446 0.0 0.0 0.007813510243380733 0.0013681348511659927 0.0 0.0 0.08075529003697118 1.265809234662478e-07 0.0 0.0 0.1671596689543799 0.004499563546078461 0.0 0.0 0.19065777654862187 0.09918768372597764 0.0 0.0 0.03519847876406441 0.0 0.033242449761896 0.0 0.0 0.0 0.0077145568873606 0.0 0.0 0.0 1.8139102417341503e-07 0.0 0.0 0.0 0.005082078964552539 0.0 0.0 0.0 0.0 1.4559076726069472e-07 0.0 0.0 0.0 9.423031528653179e-08 0.0 0.0 0.0 3.391628105485053e-07 0.0 0.0 0.0 2.125906830004001e-08 0.0 0.00044195315345651673 0.0 0.0 0.011882370397289543 4.3827706034201436e-10 0.0 0.0 0.0004066885692674026 7.021557994917483e-08 0.0 0.0 0.05144579152531795 0.005989831713430106 0.0 0.0 0.002246477926514055 0.007608752868357844 0.0 0.0 0.2817264722295084 1.1251176508838147e-07 0.0 0.0 0.10351259536343979 0.016109355269622885 0.0 0.0 0.3045577557703951 0.07489781787338698 0.0 0.0 0.02341782026347321 0.0 0.22246588424126582 0.0 0.0 0.0 0.0580173530463113 0.0 0.0 0.0 3.236483323381256e-07 0.0 0.0 0.0 0.1827558911749617 0.0 0.0 0.0 0.0 0.014023863966601149 0.0 0.0 0.0 0.03723585728247855 0.0 0.0 0.0 0.02264103733794108 0.0 0.0 0.0 0.11634665831867257 0.0 0.0008206433336056461 0.0 0.0 0.09060203845884592 8.52364188010681e-08 0.0 0.0 0.029568807177706654 0.0018607900174494583 0.0 0.0 0.039412936655516775 0.030929760030732487 0.0 0.0 0.0150935937106529 0.0014689548151797596 0.0 0.0 0.042732108519252465 3.407992417775926e-08 0.0 0.0 0.024023260511060834 6.857847863025193e-05 0.0 0.0 0.010439032529080253 0.04218361640174177 0.0 0.0 0.022015323031464543
0.0 0.0004177879991993689 0.0 0.0 0.0 0.003045501551470613 0.0 0.0 0.0 6.671429488150836e-08 0.0 0.0 0.0 0.0010921277797751303 0.0 0.0 0.0 0.0 0.0036470697955426072 0.0 0.0 0.0 0.07248364651886054 0.0 0.0 0.0 0.037226997405065895 0.0 0.0 0.0 0.0708697605700884 0.0 1.6936636226572067e-15 0.0 0.0 5.628364607151024e-13 4.397595834918268e-08 0.0 0.0 0.014346152026472334 0.003593449658152062 0.0 0.0 0.024841014854679457 0.0043232187222542505 0.0 0.0 0.00036690745137346484 0.00010020323317950563 0.0 0.0 0.037333894502687315 2.078047821414916e-08 0.0 0.0 0.11761941280262686 0.00883074014833212 0.0 0.0 0.13300250887534218 0.07501848729125025 0.0 0.0 0.014325320309951865 0.0 3.424487670543219e-07 0.0 0.0 0.0 5.699387532015142e-07 0.0 0.0 0.0 9.981771523888917e-12 0.0 0.0 0.0 3.1065533783704164e-07 0.0 0.0 0.0 0.0 0.030343272353131712 0.0 0.0 0.0 0.007990202821802237 0.0 0.0 0.0 0.05603500322921628 0.0 0.0 0.0 0.03944659088118524 0.0 0.0004517404506156911 0.0 0.0 0.022723654011955464 3.875342209328673e-09 0.0 0.0 0.0027489182944744244 0.0037840467348088896 0.0 0.0 0.08227166257344946 0.0011946143589122024 0.0 0.0 0.0031744701905618033 0.001269301820163284 0.0 0.0 0.1112075110400602 2.7355834551316877e-07 0.0 0.0 0.19675480916714908 0.02084015945881104 0.0 0.0 0.5010524164925063 0.09400123065615634 0.0 0.0 0.06967756091371326 0.0 0.01340609719477779 0.0 0.0 0.0 0.032356403570980616 0.0 0.0 0.0 3.26488629495972e-07 0.0 0.0 0.0 0.017183297850762863 0.0 0.0 0.0 0.0 2.665552839019789e-08 0.0 0.0 0.0 4.594672783413253e-06 0.0 0.0 0.0 7.850595204031272e-08 0.0 0.0 0.0 3.0586584027002195e-07 0.0 1.6966312645465216e-08 0.0 0.0 0.02662482071888088 4.49259691619052e-08 0.0 0.0 0.02865482626692409 0.0008663176158396117 0.0 0.0 0.012605135733817465 0.033928415269165506 0.0 0.0 0.00911353765967027 0.0012868581288779724 0.0 0.0 0.12467800246031563 7.87284056181859e-07 0.0 0.0 0.5614676762468871 0.015211014321110407 0.0 0.0 0.3033087715840374 0.11531150370599924 0.0 0.0 0.11495562836677513 0.0 0.17040324664681322 0.0 0.0 0.0 0.1276803727159642 0.0 0.0 0.0 4.5387138063197996e-06 0.0 0.0 0.0 0.08392354924195866 0.0 0.0 0.0 0.0 0.01348041788525173 0.0 0.0 0.0 0.03587072491499628 0.0 0.0 0.0 0.010034534226551772 0.0 0.0 0.0 0.042813608501034696 0.0 0.0010025407445097563 0.0 0.0 0.03555383710205222 1.2049667106315097e-08 0.0 0.0 0.03804746174458675 0.0020617293481512648 0.0 0.0 0.03722906291995004 0.024785019774266486 0.0 0.0 0.014450602134965013 0.00044482270107944563 0.0 0.0 0.028108868107333748 5.3829892937392296e-08 0.0 0.0 0.047395107931932585 0.006116590824794681 0.0 0.0 0.11054936609143934 0.03344921754053807 0.0 0.0 0.008072780463103769
0.0 0.01971960541870933 0.0 0.0 0.0 0.011559335143361067 0.0 0.0 0.0 2.8449295072241305e-07 0.0 0.0 0.0 0.0014277724391753089 0.0 0.0 0.0 0.0 0.2849146219614259 0.0 0.0 0.0 0.07225690541709301 0.0 0.0 0.0 0.2688834379485547 0.0 0.0 0.0 0.06350254487411557 0.0 0.0062089591514024245 0.0 0.0 0.15165046087237088 1.1628394382985537e-08 0.0 0.0 0.006144727198359373 0.0034043568333645274 0.0 0.0 0.05483597263859194 0.20988699292423335 0.0 0.0 0.042649506099376164 0.007770232033453574 0.0 0.0 0.3281635702212797 8.940118291818127e-07 0.0 0.0 0.4090552826376141 0.03450994671854667 0.0 0.0 0.6364003134412937 0.06595941388585923 0.0 0.0 0.015787494606561304 0.0 1.1572455171018917e-06 0.0 0.0 0.0 1.4219219386586133e-06 0.0 0.0 0.0 1.442029514107194e-11 0.0 0.0 0.0 3.882109125265752e-07 0.0 0.0 0.0 0.0 0.008947566566677312 0.0 0.0 0.0 0.09395462105246867 0.0 0.0 0.0 0.1512687922320468 0.0 0.0 0.0 0.10151604958739145 0.0 0.00026546785257972874 0.0 0.0 0.008478886370567191 1.2447736117852437e-07 0.0 0.0 0.08151092851649551 0.0007985376311701785 0.0 0.0 0.07828986417139581 0.05905653531466081 0.0 0.0 0.02112139507692246 0.012337111334688369 0.0 0.0 0.36918353545929117 7.629330113881618e-07 0.0 0.0 0.5231561595500361 0.021745977099181215 0.0 0.0 0.6461277097177578 0.01609523659134611 0.0 0.0 0.10162068884075728 0.0 0.01406934695223324 0.0 0.0 0.0 0.030572237849461753 0.0 0.0 0.0 4.014262062600699e-07 0.0 0.0 0.0 0.03928546573947981 0.0 0.0 0.0 0.0 6.046853565530714e-08 0.0 0.0 0.0 1.283964787160151e-07 0.0 0.0 0.0 1.9136115405405062e-07 0.0 0.0 0.0 4.157259335949175e-07 0.0 1.010720882919868e-07 0.0 0.0 0.2251179816782945 7.566138702469738e-08 0.0 0.0 0.04700859539550976 0.000469206544403652 0.0 0.0 0.021340637889741772 0.10941592342118447 0.0 0.0 0.03137977611178946 6.575319579080252e-08 0.0 0.0 0.1600261689049734 1.0180077584256785e-06 0.0 0.0 0.5212385319333857 0.022999377777314884 0.0 0.0 0.45420734103783045 0.5836866583646647 0.0 0.0 0.23426607271025038 0.0 0.6557674005847296 0.0 0.0 0.0 0.31355403452382274 0.0 0.0 0.0 3.4273272124889377e-06 0.0 0.0 0.0 0.3381560233190155 0.0 0.0 0.0 0.0 0.18091873834945413 0.0 0.0 0.0 0.08331008454511248 0.0 0.0 0.0 0.014580229825834585 0.0 0.0 0.0 0.10604445392127256 0.0 0.0027890866454494414 0.0 0.0 0.11306803427034565 8.139959110530994e-09 0.0 0.0 0.006503455779287566 8.523571705796484e-08 0.0 0.0 0.0813895887427443 0.0681170657149321 0.0 0.0 0.017282171524496074 0.0033359736513388066 0.0 0.0 0.14195850977931493 7.253308788982995e-08 0.0 0.0 0.09564950051538135 0.004661828367016149 0.0 0.0 0.09897170291613584 0.1326073305133885 0.0 0.0 0.03641697345820688
0.0 0.007538616800922079 0.0 0.0 0.0 0.0027493792584854047 0.0 0.0 0.0 5.6647482422765386e-08 0.0 0.0 0.0 0.006484593491422613 0.0 0.0 0.0 0.0 0.018638708559799638 0.0 0.0 0.0 0.00649744626818265 0.0 0.0 0.0 0.046447742782640675 0.0 0.0 0.0 0.10937285608985023 0.0 0.0012001494072749357 0.0 0.0 0.03549455693115515 3.3315460102514136e-09 0.0 0.0 0.0012588053615261968 9.080840522873356e-05 0.0 0.0 0.0049119825535368835 0.038713382438959415 0.0 0.0 0.011518092061415418 0.004113658508458321 0.0 0.0 0.1453564563434579 1.3123388232043181e-07 0.0 0.0 0.06027495006340009 0.0025550853584802437 0.0 0.0 0.19372682856221035 0.13998398046597146 0.0 0.0 0.04783067303749416 0.0 3.1831350321119263e-07 0.0 0.0 0.0 1.2628941397143045e-07 0.0 0.0 0.0 1.6174923679533653e-12 0.0 0.0 0.0 2.4781790888994526e-07 0.0 0.0 0.0 0.0 0.02575474715127859 0.0 0.0 0.0 0.04109791097464008 0.0 0.0 0.0 0.03540345422181585 0.0 0.0 0.0 0.03623707943056341 0.0 0.00044724903412349866 0.0 0.0 0.023441984179670437 8.620897760011977e-08 0.0 0.0 0.030277414392996038 1.5465373538481287e-08 0.0 0.0 0.024677077349262614 0.02266850876001292 0.0 0.0 0.009780801504136337 0.00364665513181065 0.0 0.0 0.08827047722365895 2.0229367278877614e-07 0.0 0.0 0.07018569087434483 0.0021011289619664157 0.0 0.0 0.07937975503400942 0.10028372946058774 0.0 0.0 0.04337177957785869 0.0 0.018167362444101845 0.0 0.0 0.0 0.005162121236855399 0.0 0.0 0.0 1.5903253278982793e-07 0.0 0.0 0.0 0.004346846991131483 0.0 0.0 0.0 0.0 8.383181501817134e-08 0.0 0.0 0.0 1.0215153678394618e-07 0.0 0.0 0.0 5.8028025214421646e-08 0.0 0.0 0.0 3.158101597824502e-08 0.0 0.0009261862644325269 0.0 0.0 0.026841029283662773 1.2522262172336159e-09 0.0 0.0 0.0016184695603005234 0.0014806533394709138 0.0 0.0 0.04566671527204051 0.004829366221719414 0.0 0.0 0.0005822163099286342 0.004415695414458018 0.0 0.0 0.16199178931259783 2.3622359893643546e-08 0.0 0.0 0.0993903554522552 0.019602152361389565 0.0 0.0 0.251763481793143 0.07623035358529778 0.0 0.0 0.020182258586440717 0.0 0.15525045614194607 0.0 0.0 0.0 0.13058156499354318 0.0 0.0 0.0 5.99107602898229e-08 0.0 0.0 0.0 0.2595905302025891 0.0 0.0 0.0 0.0 0.04879424094774949 0.0 0.0 0.0 0.06369767750019346 0.0 0.0 0.0 9.338247129977187e-05 0.0 0.0 0.0 0.1367807721700622 0.0 0.0013855691238112567 0.0 0.0 0.0863284515006525 1.7315555925240606e-07 0.0 0.0 0.07924491258958151 0.0017749158149272671 0.0 0.0 0.032000348804687835 0.05786830227381492 0.0 0.0 0.026890446078226115 0.0006374833139433124 0.0 0.0 0.026117018798499342 7.132421948207386e-08 0.0 0.0 0.04498882026350508 7.17299977848426e-05 0.0 0.0 0.0014499207590513204 0.08757032766575504 0.0 0.0 0.03293570350424524
0.0 0.005839127980111698 0.0 0.0 0.0 0.003097480305026664 0.0 0.0 0.0 1.1318400194434976e-07 0.0 0.0 0.0 0.00394448157645484 0.0 0.0 0.0 0.0 0.03518420112158237 0.0 0.0 0.0 0.08910072138673268 0.0 0.0 0.0 0.1971355775466617 0.0 0.0 0.0 0.04697796014036915 0.0 0.0011151035328075376 0.0 0.0 0.035311144686958784 1.8540991029274831e-09 0.0 0.0 0.0010264199202736364 0.0020614385133132856 0.0 0.0 0.021881228551905024 0.0026469349578777017 0.0 0.0 0.000832092564879023 0.0023805695775820103 0.0 0.0 0.11188586400002926 1.1014578812010616e-07 0.0 0.0 0.09849127728715129 0.014045712639717956 0.0 0.0 0.1962369540873112 0.1861537260165619 0.0 0.0 0.047018821092464795 0.0 3.7174964429274735e-07 0.0 0.0 0.0 1.8636658606866745e-07 0.0 0.0 0.0 4.166817237827483e-12 0.0 0.0 0.0 1.9192724530097694e-07 0.0 0.0 0.0 0.0 0.01769244759933396 0.0 0.0 0.0 0.11917757741478922 0.0 0.0 0.0 0.055945479496904295 0.0 0.0 0.0 0.01833649184491377 0.0 0.0003639157156319092 0.0 0.0 0.10621435033079099 2.1173356987903945e-10 0.0 0.0 0.04255263182625996 0.0029021896818875108 0.0 0.0 0.14718816652981861 0.06374503030639041 0.0 0.0 0.013208992492220118 0.003838691083546492 0.0 0.0 0.11153523714489175 2.6086628032058888e-08 0.0 0.0 0.12584359444261048 0.00870503252239332 0.0 0.0 0.21662015628774067 0.15267452658443167 0.0 0.0 0.039608783193406015 0.0 0.011523122694292958 0.0 0.0 0.0 0.011082593717169248 0.0 0.0 0.0 2.2204015224450717e-07 0.0 0.0 0.0 0.013403400198700254 0.0 0.0 0.0 0.0 1.410622116831131e-08 0.0 0.0 0.0 1.0071015395902013e-07 0.0 0.0 0.0 7.900496206479903e-08 0.0 0.0 0.0 1.4140698381396429e-07 0.0 0.0020038086251084235 0.0 0.0 0.0809526131416382 8.799513685711914e-08 0.0 0.0 0.07599749670549695 0.0003831322111589329 0.0 0.0 0.01599192691620062 0.061338908394485483 0.0 0.0 0.016413162059302634 0.0020161909030546755 0.0 0.0 0.09522026142875621 3.9412085421232454e-07 0.0 0.0 0.20049334309979627 0.007911833081843699 0.0 0.0 0.3112158258190579 0.2131395358353007 0.0 0.0 0.07913687390337033 0.0 0.3612373239503512 0.0 0.0 0.0 0.1969717359671593 0.0 0.0 0.0 0.0 0.0 0.0 0.0 0.1881038323037749 0.0 0.0 0.0 0.0 0.026860739537664356 0.0 0.0 0.0 0.1678968775830572 0.0 0.0 0.0 0.0 0.0 0.0 0.0 0.010694288885453753 0.0 0.0003328149796470741 0.0 0.0 0.015086877702779548 6.989496412720662e-08 0.0 0.0 0.05023055471182517 0.0 0.0 0.0 0.0 0.007430403523996403 0.0 0.0 0.0029281614645081584 0.0009926577195950841 0.0 0.0 0.07477961335764181 5.973843845800768e-08 0.0 0.0 0.06419072935223463 0.0 0.0 0.0 0.0 0.05918382660224109 0.0 0.0 0.019233503568633084
0.0 0.009872465362449996 0.0 0.0 0.0 0.00015776507355156236 0.0 0.0 0.0 2.0154079550344612e-07 0.0 0.0 0.0 0.0005875502856235254 0.0 0.0 0.0 0.0 0.038111690565471756 0.0 0.0 0.0 0.0222008737291791 0.0 0.0 0.0 0.2305460736167594 0.0 0.0 0.0 1.2168886348335224e-07 0.0 0.0008203852505848435 0.0 0.0 0.03679943716941802 3.782137750401518e-13 0.0 0.0 0.02119985044268534 0.00217571183603595 0.0 0.0 0.04076543938876543 0.001934770168033888 0.0 0.0 0.00038421347663240743 0.0005319683918076699 0.0 0.0 0.210253153120034 9.292405288419475e-14 0.0 0.0 0.005839694064073914 0.0174948817959134 0.0 0.0 0.44999044147114603 0.03802542095466484 0.0 0.0 0.008466106736142898 0.0 1.2168886348335224e-07 0.0 0.0 0.0 0.0 0.0 0.0 0.0 3.2965838063076705e-12 0.0 0.0 0.0 1.6733797387442331e-07 0.0 0.0 0.0 0.0 0.0023189836446662953 0.0 0.0 0.0 0.0 0.0 0.0 0.0 0.1426280676661807 0.0 0.0 0.0 0.12126461716517718 0.0 2.5599115895085365e-10 0.0 0.0 1.806705077329998e-08 0.0 0.0 0.0 0.0 0.000979385886585407 0.0 0.0 0.036960412098630595 0.031759185924870266 0.0 0.0 0.006484882809567799 0.0005875500296323664 0.0 0.0 0.04649150962375696 0.0 0.0 0.0 0.0 0.00915424123007795 0.0 0.0 0.20546335959491727 0.0637489540977694 0.0 0.0 0.023733109214446782 0.0 0.02960472276392115 0.0 0.0 0.0 0.007089314462133373 0.0 0.0 0.0 2.054648787242909e-07 0.0 0.0 0.0 0.018622583971727797 0.0 0.0 0.0 0.0 6.63786790355806e-08 0.0 0.0 0.0 4.6684976826806664e-08 0.0 0.0 0.0 7.617552021726054e-08 0.0 0.0 0.0 3.6329880546487956e-07 0.0 0.000183254998925203 0.0 0.0 0.040289625849763755 8.65622523436143e-08 0.0 0.0 0.05655446292287305 0.008511853526482632 0.0 0.0 0.11241552034269209 0.14673282366713042 0.0 0.0 0.0423504672377641 0.007811004424999033 0.0 0.0 0.3172967920634002 1.345652563096879e-07 0.0 0.0 0.1339486880423523 0.016163032416373797 0.0 0.0 0.307492961863702 0.2779581304362027 0.0 0.0 0.10711383110790221 0.0 0.2681889795406689 0.0 0.0 0.0 0.25896458894033925 0.0 0.0 0.0 1.4552901073298403e-07 0.0 0.0 0.0 0.22343130683555043 0.0 0.0 0.0 0.0 0.08515201816935555 0.0 0.0 0.0 0.05398296462854006 0.0 0.0 0.0 0.03386387764942333 0.0 0.0 0.0 0.07604283560971313 0.0 0.0005960614228759381 0.0 0.0 0.03288213583634171 1.7439958912147464e-09 0.0 0.0 0.03772577802786485 0.0006172646192318113 0.0 0.0 0.010494308977540454 0.08900197466073972 0.0 0.0 0.04247433811024843 0.0003883644981099806 0.0 0.0 0.05737609032229741 6.615815825923693e-08 0.0 0.0 0.09391025029075127 0.00022045535196009309 0.0 0.0 0.004202131182794641 0.08585536274083641 0.0 0.0 0.026574198452483575
0.0 0.0 0.0 0.0 0.0 0.002460295629922395 0.0 0.0 0.0 5.582972289727554e-08 0.0 0.0 0.0 0.006268382614976094 0.0 0.0 0.0 0.0 0.0 0.0 0.0 0.0 0.0646201955367101 0.0 0.0 0.0 0.06748034300657693 0.0 0.0 0.0 0.10421878136362085 0.0 0.0 0.0 0.0 0.0 5.767217299391959e-10 0.0 0.0 0.013093606286901871 0.002743668366191136 0.0 0.0 0.029043141637465082 0.018874141980400546 0.0 0.0 0.005129578764534962 0.0 0.0 0.0 0.0 5.023652414759214e-08 0.0 0.0 0.06848072818220889 0.008905918548361664 0.0 0.0 0.1519729063974132 0.08673700880635087 0.0 0.0 0.07608185936809482 0.0 5.017398245982342e-07 0.0 0.0 0.0 1.2941773723355687e-07 0.0 0.0 0.0 3.326832648481427e-12 0.0 0.0 0.0 1.803427437253344e-07 0.0 0.0 0.0 0.0 0.02674233973748312 0.0 0.0 0.0 0.03136509252924141 0.0 0.0 0.0 0.10992673887843729 0.0 0.0 0.0 0.0674453179603926 0.0 3.858817216084479e-10 0.0 0.0 0.0013354821849449346 2.130609087134791e-09 0.0 0.0 0.00138550114295864 0.002660403627509228 0.0 0.0 0.049487004434877156 0.09192452999383108 0.0 0.0 0.032011983677145514 0.0026011862757675786 0.0 0.0 0.04364792790059262 1.0344243362381863e-07 0.0 0.0 0.041576609561514585 0.003999344018525527 0.0 0.0 0.16839998104754947 0.073591000688143 0.0 0.0 0.032336740235722396 0.0 0.026783234949799156 0.0 0.0 0.0 0.006154758823417294 0.0 0.0 0.0 2.4216663832985304e-07 0.0 0.0 0.0 0.011686734192748533 0.0 0.0 0.0 0.0 8.404820451212355e-07 0.0 0.0 0.0 1.2226639173567506e-08 0.0 0.0 0.0 7.51140880924696e-08 0.0 0.0 0.0 7.920931217630759e-07 0.0 9.748843305602588e-05 0.0 0.0 0.006858353867157605 2.6937291229161288e-08 0.0 0.0 0.001878535891882481 0.0020850959279830605 0.0 0.0 0.07145282502370415 0.0714418846031838 0.0 0.0 0.030364203592021882 0.0031133320774344676 0.0 0.0 0.18612906486399125 5.605119526912849e-07 0.0 0.0 0.10345726294555896 0.02089463307589376 0.0 0.0 0.2772043198141654 0.14566877241760498 0.0 0.0 0.0753110851115445 0.0 0.20127059687265536 0.0 0.0 0.0 0.22686430523447748 0.0 0.0 0.0 1.4219162060905716e-06 0.0 0.0 0.0 0.13809720615365706 0.0 0.0 0.0 0.0 0.03660829642163438 0.0 0.0 0.0 0.08281960728516666 0.0 0.0 0.0 0.006771257277177891 0.0 0.0 0.0 0.029853296256214707 0.0 0.002407378614415257 0.0 0.0 0.08933415576520735 9.783719941717551e-10 0.0 0.0 0.0492207720288191 1.816882776539808e-08 0.0 0.0 5.632185278182921e-07 0.047072783289933195 0.0 0.0 0.012122502166749587 0.0005093379149480115 0.0 0.0 0.04150742553361229 6.668972788667128e-08 0.0 0.0 0.08705987713040425 0.0033358883993111726 0.0 0.0 0.0642182892444438 0.056149349591340145 0.0 0.0 0.014014615440083476
0.0 0.0035453175691218075 0.0 0.0 0.0 0.0036692224448548628 0.0 0.0 0.0 3.895444588027745e-08 0.0 0.0 0.0 0.0023632168467932688 0.0 0.0 0.0 0.0 0.002761751857792687 0.0 0.0 0.0 0.04953259856565989 0.0 0.0 0.0 0.070454643025612 0.0 0.0 0.0 0.020297763639548334 0.0 5.458126230427446e-05 0.0 0.0 0.001255926984405696 3.1279338004449896e-09 0.0 0.0 0.010263625341647042 0.00012090690237229455 0.0 0.0 0.001647717705543902 0.0037154166269375167 0.0 0.0 0.0022501404304757703 0.0017556698850107796 0.0 0.0 0.052793934980815756 1.6706097245917563e-07 0.0 0.0 0.0919523398075595 0.006810004384387699 0.0 0.0 0.10746823664599135 0.07063629587715134 0.0 0.0 0.025071531657995826 0.0 3.2367914432300867e-07 0.0 0.0 0.0 5.903023784608766e-07 0.0 0.0 0.0 2.0631500833897563e-12 0.0 0.0 0.0 2.0032546481511987e-07 0.0 0.0 0.0 0.0 0.004056572867055711 0.0 0.0 0.0 0.02946036068470016 0.0 0.0 0.0 0.07966852450897409 0.0 0.0 0.0 0.08954484900629227 0.0 2.02613637228101e-09 0.0 0.0 1.0402504564432357e-07 1.0401291231062002e-08 0.0 0.0 0.0062883317735409104 0.0029400186565676943 0.0 0.0 0.05520362096924611 0.024537959619526227 0.0 0.0 0.028132388600889496 0.0030494680776395095 0.0 0.0 0.11722789440388047 4.171866304206669e-07 0.0 0.0 0.30616979361843943 0.004289266145376839 0.0 0.0 0.10656729987557625 0.12864775154197233 0.0 0.0 0.039972763603110105 0.0 0.010584493430616009 0.0 0.0 0.0 0.010661222245452111 0.0 0.0 0.0 1.4070279124250661e-07 0.0 0.0 0.0 0.00607046284097993 0.0 0.0 0.0 0.0 7.794798731353525e-08 0.0 0.0 0.0 1.0597603820295099e-07 0.0 0.0 0.0 1.0067846402115156e-06 0.0 0.0 0.0 2.4055710136970883e-08 0.0 0.0014915251975637883 0.0 0.0 0.038902151332866584 1.2981706687802097e-10 0.0 0.0 8.344470906629451e-05 0.002008939326044444 0.0 0.0 0.09024531510642704 0.030079547138734085 0.0 0.0 0.011846701116681735 0.0026273252198268666 0.0 0.0 0.10181238321976706 3.863151403279538e-07 0.0 0.0 0.2068399795125646 0.009837411096485973 0.0 0.0 0.17765950841114073 0.058152492395304886 0.0 0.0 0.01818513753149128 0.0 0.11434880058911084 0.0 0.0 0.0 0.1883992720743368 0.0 0.0 0.0 1.056482078877406e-06 0.0 0.0 0.0 0.09043834987414984 0.0 0.0 0.0 0.0 0.009286052742863156 0.0 0.0 0.0 0.03810937084584545 0.0 0.0 0.0 0.024534343419408838 0.0 0.0 0.0 0.0269424628792704 0.0 1.2157117701683692e-05 0.0 0.0 0.0103432543271532 5.573130291098745e-08 0.0 0.0 0.028665922783625123 0.0025379174851606788 0.0 0.0 0.028618933665652258 0.05432142385877953 0.0 0.0 0.012285434611445762 0.00015755424402770523 0.0 0.0 0.021270137327771037 7.435596253191963e-08 0.0 0.0 0.0556612169061824 0.00022379370846134663 0.0 0.0 0.037334729048414526 0.023096591961270434 0.0 0.0 0.010500875703162618
0.0 0.0022453739057916693 0.0 0.0 0.0 0.0008904965955137627 0.0 0.0 0.0 2.3432695871991475e-08 0.0 0.0 0.0 0.001485411412401915 0.0 0.0 0.0 0.0 0.024243093872483693 0.0 0.0 0.0 0.008066488682140457 0.0 0.0 0.0 0.05431111709560203 0.0 0.0 0.0 0.0346703697566811 0.0 3.2055087485235674e-05 0.0 0.0 0.0007327808765927998 3.7203103848868456e-08 0.0 0.0 0.02342364647655536 6.316063581333477e-05 0.0 0.0 0.0006871213205743103 0.013217496696463351 0.0 0.0 0.003267901733009702 0.0006992386427681851 0.0 0.0 0.03263384108312332 8.946678364058955e-09 0.0 0.0 0.02820570556425312 0.0020665317566202013 0.0 0.0 0.06404481269518411 0.051008696366181015 0.0 0.0 0.017522890971752757 0.0 1.2277984596809575e-07 0.0 0.0 0.0 2.848102722916313e-07 0.0 0.0 0.0 3.700539347961577e-12 0.0 0.0 0.0 1.951454194886276e-07 0.0 0.0 0.0 0.0 4.817770892874473e-09 0.0 0.0 0.0 0.053032317834278205 0.0 0.0 0.0 0.1000179144968959 0.0 0.0 0.0 0.057663135937119046 0.0 0.00020920996630266052 0.0 0.0 0.006763760765562926 1.8553784053626448e-07 0.0 0.0 0.04296546192558323 0.004329992406890648 0.0 0.0 0.1101469159943392 0.014696212909535392 0.0 0.0 0.013177957204060826 0.0006260927811995187 0.0 0.0 0.0226940006234405 1.7554410131094344e-07 0.0 0.0 0.14634710822090413 0.009133497058456275 0.0 0.0 0.17018317258330942 0.05530180495724005 0.0 0.0 0.04091984425136003 0.0 0.005843375154732755 0.0 0.0 0.0 0.0049144579191126095 0.0 0.0 0.0 1.0072226492118228e-07 0.0 0.0 0.0 0.020855901123972086 0.0 0.0 0.0 0.0 5.153094855352776e-09 0.0 0.0 0.0 1.2828167983569594e-08 0.0 0.0 0.0 4.3313722435781905e-08 0.0 0.0 0.0 5.435482909960695e-06 0.0 0.0012643784974079176 0.0 0.0 0.022777638780074057 3.771162018582517e-08 0.0 0.0 0.016180815581509047 0.004991277395372248 0.0 0.0 0.0625940009288324 0.06735978662177024 0.0 0.0 0.01542747217376526 0.0005784254239166073 0.0 0.0 0.06041575219314119 7.18014441276208e-08 0.0 0.0 0.06978417936051344 0.004380017197343812 0.0 0.0 0.14008690258132142 0.23551336439245804 0.0 0.0 0.11523591621696128 0.0 0.11320219756653689 0.0 0.0 0.0 0.20490813376116537 0.0 0.0 0.0 5.2827493261052725e-06 0.0 0.0 0.0 0.16499219832259476 0.0 0.0 0.0 0.0 0.0171810961862485 0.0 0.0 0.0 0.13119087736552879 0.0 0.0 0.0 0.03015646046105572 0.0 0.0 0.0 0.008805263039470587 0.0 0.0006701209154619698 0.0 0.0 0.02410674454008064 3.06840634571449e-08 0.0 0.0 0.04924483294091812 1.4205799328427572e-05 0.0 0.0 0.0005176273259770175 0.0017256797547498736 0.0 0.0 0.0006212524759825291 0.0005417840318611252 0.0 0.0 0.026057207164545647 5.53103864569763e-08 0.0 0.0 0.06905394594977474 0.005276976474777414 0.0 0.0 0.05490902239190271 0.04852853568816892 0.0 0.0 0.017672604592013023
0.0 0.0046002997608284215 0.0 0.0 0.0 0.008952707215878375 0.0 0.0 0.0 5.6343433107818175e-08 0.0 0.0 0.0 0.00026358125143692264 0.0 0.0 0.0 0.0 0.029336379717765197 0.0 0.0 0.0 0.05164484378453731 0.0 0.0 0.0 0.03001687444403534 0.0 0.0 0.0 0.07984838316712516 0.0 1.1476560351980588e-08 0.0 0.0 0.022342197810695227 6.199191252963086e-09 0.0 0.0 0.004837027363446525 0.0015245984323617912 0.0 0.0 0.025989955975198868 0.00386261931972212 0.0 0.0 0.0005365713956764623 0.000746299194513446 0.0 0.0 0.08011679284390333 3.6332169408269853e-07 0.0 0.0 0.2431345089248509 0.005002801494654538 0.0 0.0 0.14317868451671528 0.015188954760941514 0.0 0.0 0.0031563757082973187 0.0 6.694364354582252e-07 0.0 0.0 0.0 8.198340671647009e-07 0.0 0.0 0.0 4.3470330084806075e-12 0.0 0.0 0.0 1.3537436487339995e-07 0.0 0.0 0.0 0.0 0.02309388538767151 0.0 0.0 0.0 0.022313804011675837 0.0 0.0 0.0 0.03038275514228448 0.0 0.0 0.0 0.03175168272718007 0.0 0.0013341865570520115 0.0 0.0 0.03442853374886932 1.0466383486547132e-07 0.0 0.0 0.05573585653530681 0.0006416252630834872 0.0 0.0 0.013565911580213865 0.00024356323673317131 0.0 0.0 0.00013484801940417254 0.00604965104488464 0.0 0.0 0.209377035433619 8.480163251312743e-07 0.0 0.0 0.4705164901558541 0.010174005830800406 0.0 0.0 0.2195196637878027 0.07822845944164446 0.0 0.0 0.02678329200493923 0.0 0.00658921957448533 0.0 0.0 0.0 0.009482709144662234 0.0 0.0 0.0 1.0423587534358723e-07 0.0 0.0 0.0 0.010024851594946465 0.0 0.0 0.0 0.0 1.5252241095656192e-08 0.0 0.0 0.0 4.30358634951083e-08 0.0 0.0 0.0 4.169512310330055e-08 0.0 0.0 0.0 1.1628216312304263e-07 0.0 1.913011267750761e-09 0.0 0.0 3.718168045250279e-08 2.1181063109997476e-09 0.0 0.0 0.004981751358621268 0.0022877993081473536 0.0 0.0 0.029038391594130755 0.026582469329677626 0.0 0.0 0.0046773026363292934 0.0032206710099518376 0.0 0.0 0.058761045470763 2.1981351039241396e-07 0.0 0.0 0.15696275053456873 0.005744071999903606 0.0 0.0 0.16864256237321876 0.18081765133892536 0.0 0.0 0.052181570426490055 0.0 0.17965629234171382 0.0 0.0 0.0 0.08910589107420412 0.0 0.0 0.0 0.0 0.0 0.0 0.0 0.08890123774005008 0.0 0.0 0.0 0.0 0.006662707615174794 0.0 0.0 0.0 0.032125938772421044 0.0 0.0 0.0 0.0 0.0 0.0 0.0 0.05750627772813113 0.0 0.001707753666682264 0.0 0.0 0.04799099440056359 4.103763108489781e-08 0.0 0.0 0.055608522903736135 0.0 0.0 0.0 0.0 0.0434426904629709 0.0 0.0 0.013695820228183117 0.000758069708921007 0.0 0.0 0.03750814387547652 3.947892140861568e-08 0.0 0.0 0.028872537939485157 0.0 0.0 0.0 0.0 0.027198227591751403 0.0 0.0 0.009254212656378786
0.0 0.013466717858809627 0.0 0.0 0.0 0.0078215518782643 0.0 0.0 0.0 9.309809085009931e-08 0.0 0.0 0.0 0.0013902150505476594 0.0 0.0 0.0 0.0 0.05858775813040916 0.0 0.0 0.0 0.18508039412647634 0.0 0.0 0.0 0.09885218043459848 0.0 0.0 0.0 0.006988044212116205 0.0 0.0026277974231858677 0.0 0.0 0.052240933021014166 4.967424670152016e-09 0.0 0.0 0.003886519867559105 1.2657430564674258e-07 0.0 0.0 0.05113900713947137 2.1378753740012147e-08 0.0 0.0 3.847327244835664e-09 0.00819356820129733 0.0 0.0 0.25452835289465664 2.4230378434946404e-07 0.0 0.0 0.19285641438586407 0.01825777694229194 0.0 0.0 0.3188072252229578 0.07408662427910669 0.0 0.0 0.014946373114491651 0.0 0.0 0.0 0.0 0.0 4.0080453712057565e-07 0.0 0.0 0.0 5.320536989580854e-12 0.0 0.0 0.0 2.529560948764112e-07 0.0 0.0 0.0 0.0 0.0 0.0 0.0 0.0 0.07758563729318232 0.0 0.0 0.0 0.0435825491069535 0.0 0.0 0.0 0.04071380635440344 0.0 0.0 0.0 0.0 0.0 1.6546435908621657e-08 0.0 0.0 0.05089408415765044 0.0021807155056960646 0.0 0.0 0.08576280867469357 0.09849412508263601 0.0 0.0 0.0263154278601693 0.0 0.0 0.0 0.0 2.477505554238906e-07 0.0 0.0 0.21245910003583987 0.02226895309953327 0.0 0.0 0.3332613830195191 0.12393216057538005 0.0 0.0 0.05148371375951756 0.0 0.048490521287479826 0.0 0.0 0.0 0.011817170258469628 0.0 0.0 0.0 3.5310592824478147e-07 0.0 0.0 0.0 0.010675483214353495 0.0 0.0 0.0 0.0 1.1933183124055658e-07 0.0 0.0 0.0 1.817037620429678e-06 0.0 0.0 0.0 1.2337602554312419e-07 0.0 0.0 0.0 1.650030260392108e-07 0.0 0.0005933182324477456 0.0 0.0 0.049576284700736106 2.1079906563098243e-08 0.0 0.0 0.016168893778904812 0.00405760041923538 0.0 0.0 0.04363145966375415 0.038099261642896336 0.0 0.0 0.005228520946798618 0.00942469914418993 0.0 0.0 0.47638274859737434 7.608254527872871e-08 0.0 0.0 0.21554022646841126 0.019140900752445362 0.0 0.0 0.42022597209432744 0.11233042587703437 0.0 0.0 0.07719434802174918 0.0 0.2923426848506154 0.0 0.0 0.0 0.14224286981326822 0.0 0.0 0.0 1.664600878466704e-06 0.0 0.0 0.0 0.049210980814127635 0.0 0.0 0.0 0.0 0.051306536757431825 0.0 0.0 0.0 0.0009793293700021712 0.0 0.0 0.0 0.0058758442498142395 0.0 0.0 0.0 0.00311522165787543 0.0 0.0017021323809392535 0.0 0.0 0.04053319235528318 9.382401924818249e-09 0.0 0.0 0.005628149706077724 5.0241318122692895e-09 0.0 0.0 9.075726914551161e-08 0.002458856866308442 0.0 0.0 0.0004948007550096425 0.0012402027470117772 0.0 0.0 0.05122601937926304 3.565289841520288e-08 0.0 0.0 0.045972169840037935 0.0020151634353099976 0.0 0.0 0.04081287287376797 0.034396724376774046 0.0 0.0 0.007734697412248059
0.0 0.0 0.0 0.0 0.0 0.002366252077182163 0.0 0.0 0.0 0.0 0.0 0.0 0.0 0.0017510579336942203 0.0 0.0 0.0 0.0 0.0 0.0 0.0 0.0 0.10309017943261044 0.0 0.0 0.0 0.0 0.0 0.0 0.0 0.006794484939424469 0.0 0.0 0.0 0.0 0.0 1.1043492763647283e-13 0.0 0.0 0.005464564268288703 0.0 0.0 0.0 0.0 0.0012396935060923063 0.0 0.0 0.0001697481918301046 0.0 0.0 0.0 0.0 1.7530205481750843e-12 0.0 0.0 0.10013741019432482 0.0 0.0 0.0 0.0 0.06305738086147704 0.0 0.0 0.01744123712788312 0.0 3.9006618918405734e-07 0.0 0.0 0.0 2.2604128203737895e-07 0.0 0.0 0.0 1.8163273431478805e-11 0.0 0.0 0.0 4.8804735947489954e-08 0.0 0.0 0.0 0.0 0.005144512007933286 0.0 0.0 0.0 0.024822898217385533 0.0 0.0 0.0 0.07180901291103982 0.0 0.0 0.0 0.002167143793260417 0.0 5.3174550849320666e-14 0.0 0.0 2.4306177590261427e-12 4.998400736139334e-08 0.0 0.0 0.021403960243247092 0.0045251127154060855 0.0 0.0 0.11078831499025497 5.053872294569701e-13 0.0 0.0 1.9029018286959133e-13 0.002236031727785622 0.0 0.0 0.11322386960947646 8.285064100890639e-08 0.0 0.0 0.13467998778423948 0.041306626769249864 0.0 0.0 0.8268629624672337 0.019677365006450325 0.0 0.0 0.008306643248324705 0.0 0.006794430265738325 0.0 0.0 0.0 0.04018625866270825 0.0 0.0 0.0 5.914029173955914e-08 0.0 0.0 0.0 0.0014747012800188813 0.0 0.0 0.0 0.0 8.379027952944661e-13 0.0 0.0 0.0 5.9155856832679574e-08 0.0 0.0 0.0 6.659034807434731e-13 0.0 0.0 0.0 1.0143469931797261e-12 0.0 4.016770138052521e-05 0.0 0.0 0.001249201400960275 3.367400786530019e-08 0.0 0.0 0.046361503278754865 0.001056653536373323 0.0 0.0 0.020079080424772498 0.002573168269404348 0.0 0.0 0.0003522243038989427 0.0014560975547822158 0.0 0.0 0.05076250478323491 4.795032511857478e-07 0.0 0.0 0.7878364904759663 0.003110090944763644 0.0 0.0 0.06620771851353412 0.0745812869604245 0.0 0.0 0.011472221745640207 0.0 0.1030898440401074 0.0 0.0 0.0 0.05803905056424651 0.0 0.0 0.0 0.0 0.0 0.0 0.0 0.0 0.0 0.0 0.0 0.0 0.001729493957550361 0.0 0.0 0.0 0.0014963140608986885 0.0 0.0 0.0 0.0 0.0 0.0 0.0 0.0 0.0 1.4963819219671544e-09 0.0 0.0 5.317831857057322e-08 6.775214740090654e-09 0.0 0.0 0.008961567283784 0.0 0.0 0.0 0.0 0.0 0.0 0.0 0.0 0.00038501153049292356 0.0 0.0 0.015400399211017152 1.214088184140441e-08 0.0 0.0 0.021956651735375452 0.0 0.0 0.0 0.0 0.0 0.0 0.0 0.0
0.0 0.013160314983126578 0.0 0.0 0.0 0.0028485923520999577 0.0 0.0 0.0 6.903911729276145e-08 0.0 0.0 0.0 0.0040501085481936885 0.0 0.0 0.0 0.0 0.04474681514397736 0.0 0.0 0.0 0.027990397979813543 0.0 0.0 0.0 0.07851437698265121 0.0 0.0 0.0 0.044905287055200555 0.0 0.002202528813057326 0.0 0.0 0.07130497630643978 1.4461753565045554e-13 0.0 0.0 0.004058131263301355 0.007140954079115658 0.0 0.0 0.08612584317963545 0.044034926275023534 0.0 0.0 0.01912941394360732 0.0071513680537908944 0.0 0.0 0.16369623423106577 5.1369639903752626e-08 0.0 0.0 0.05578149829443796 0.007372918245041755 0.0 0.0 0.1533342997590421 0.05106728310550102 0.0 0.0 0.048396547344494285 0.0 2.1981750797800222e-07 0.0 0.0 0.0 1.7515454101494747e-07 0.0 0.0 0.0 1.0387864802180171e-12 0.0 0.0 0.0 1.3709173191909872e-07 0.0 0.0 0.0 0.0 0.04174140422459041 0.0 0.0 0.0 0.027149972591030504 0.0 0.0 0.0 0.000797648108215633 0.0 0.0 0.0 0.04859087663618549 0.0 0.0003228148213267224 0.0 0.0 0.011541625904921414 4.965411825231867e-08 0.0 0.0 0.02527422746717799 0.0013446341315105903 0.0 0.0 0.0266457189944318 0.0013166637172449631 0.0 0.0 0.0003899766468396942 0.0024799957280894815 0.0 0.0 0.06481883451614708 1.820973072962973e-07 0.0 0.0 0.0987065118015538 0.0028906210220334748 0.0 0.0 0.05900004900220704 0.04048473919651226 0.0 0.0 0.03012250172406876 0.0 0.004421190918905719 0.0 0.0 0.0 0.0038302539114685114 0.0 0.0 0.0 6.794486003281791e-08 0.0 0.0 0.0 0.016272952137214455 0.0 0.0 0.0 0.0 2.5763391167561323e-09 0.0 0.0 0.0 5.2323129258573036e-08 0.0 0.0 0.0 7.816117102129148e-07 0.0 0.0 0.0 1.325204728603442e-07 0.0 0.001310620167469034 0.0 0.0 0.03243212355439455 2.3900591821752298e-08 0.0 0.0 0.010196574798373572 0.00013017268276343508 0.0 0.0 0.0018292236512739727 0.02432173322221057 0.0 0.0 0.010632239089800608 0.0033163498731985496 0.0 0.0 0.049198384169130326 7.311905834440134e-08 0.0 0.0 0.04642546945367004 0.003324430186234971 0.0 0.0 0.05516777142944891 0.19862060075523316 0.0 0.0 0.08264080355967182 0.0 0.16992896075271222 0.0 0.0 0.0 0.11160088014191256 0.0 0.0 0.0 8.320466353365286e-07 0.0 0.0 0.0 0.1977673794232625 0.0 0.0 0.0 0.0 0.14348598099588877 0.0 0.0 0.0 0.011695288443598122 0.0 0.0 0.0 0.0015399043643005161 0.0 0.0 0.0 0.0613693950594981 0.0 0.001681355286568815 0.0 0.0 0.04363228016390602 6.550142382368443e-08 0.0 0.0 0.021294024725821526 0.0022295201029391394 0.0 0.0 0.027607284393635044 0.022334309491669667 0.0 0.0 0.011733431580842614 0.0010964027101474467 0.0 0.0 0.03311592888167174 8.642253563878627e-08 0.0 0.0 0.03676699728358293 9.121446280969695e-05 0.0 0.0 0.02898369213597181 0.10124320628060554 0.0 0.0 0.028719410708162377
0.0 0.0 0.0 0.0 0.0 0.0021830698003948994 0.0 0.0 0.0 6.783261010089377e-09 0.0 0.0 0.0 0.0062372529046447345 0.0 0.0 0.0 0.0 0.0 0.0 0.0 0.0 0.07042472949256426 0.0 0.0 0.0 0.05800340141402794 0.0 0.0 0.0 0.10266144374603133 0.0 0.0 0.0 0.0 0.0 1.0319346751031643e-09 0.0 0.0 0.0012893391207483033 0.0008006598683368847 0.0 0.0 0.015188167692517008 7.349134697280424e-08 0.0 0.0 0.00031659213125678765 0.0 0.0 0.0 0.0 2.070305494945543e-08 0.0 0.0 0.0815264226120139 0.0012548029942946607 0.0 0.0 0.018007110903989102 0.1472706618206088 0.0 0.0 0.05436114142753332 0.0 1.2436205024005836e-07 0.0 0.0 0.0 8.946037158558494e-09 0.0 0.0 0.0 7.573856970544019e-12 0.0 0.0 0.0 1.2797250744736462e-07 0.0 0.0 0.0 0.0 0.001289317004368592 0.0 0.0 0.0 0.023736037187781805 0.0 0.0 0.0 0.017684880965713214 0.0 0.0 0.0 0.030294480118885567 0.0 2.0198530263543214e-14 0.0 0.0 6.564420413258619e-13 1.4816613921485237e-14 0.0 0.0 0.0009463653128862887 0.002265224836768716 0.0 0.0 0.09213583923385127 0.0989220825394837 0.0 0.0 0.010935705696052223 0.0007958768495792741 0.0 0.0 0.028999398335467455 8.940463208323116e-14 0.0 0.0 0.006402305105332735 0.016514675632212907 0.0 0.0 0.3376701276060129 0.044395378770315096 0.0 0.0 0.033045240767751304 0.0 0.0261245224550051 0.0 0.0 0.0 0.019330700811859454 0.0 0.0 0.0 1.404922488545872e-07 0.0 0.0 0.0 0.002738110025199158 0.0 0.0 0.0 0.0 9.563166380105163e-08 0.0 0.0 0.0 1.396503144412433e-07 0.0 0.0 0.0 1.2063156045476746e-06 0.0 0.0 0.0 1.5318794387452238e-09 0.0 0.000771483627845244 0.0 0.0 0.02620469650849733 1.192045133214424e-08 0.0 0.0 0.032415363163741454 0.0008432831629937655 0.0 0.0 0.004652125363436858 0.00976832582122663 0.0 0.0 0.0028661119971209723 0.005509042565536295 0.0 0.0 0.19006789162858978 2.0893937261633226e-07 0.0 0.0 0.29018545758782477 0.02643866236521784 0.0 0.0 0.2167423147176357 0.029569221603866484 0.0 0.0 0.017227662124991737 0.0 0.2049649278355682 0.0 0.0 0.0 0.05149093571845768 0.0 0.0 0.0 1.3170584590170769e-06 0.0 0.0 0.0 0.15529199617572018 0.0 0.0 0.0 0.0 0.01630542070010824 0.0 0.0 0.0 0.11104431128907312 0.0 0.0 0.0 0.0018319128703800896 0.0 0.0 0.0 0.03903607992458138 0.0 0.0008711133662388227 0.0 0.0 0.02919364707495648 3.6316461866278296e-09 0.0 0.0 0.031473448761172834 0.0014066933153258723 0.0 0.0 0.0712129150143743 0.0364989818595297 0.0 0.0 0.007073400220502745 0.0004728130790808091 0.0 0.0 0.02795452691332723 1.5061604722043047e-08 0.0 0.0 0.023584301403040808 0.00012520412620281457 0.0 0.0 0.04976082382382668 0.027805142185181552 0.0 0.0 0.014056848603764199
0.0 0.003030484657013771 0.0 0.0 0.0 0.00374894374323476 0.0 0.0 0.0 6.025538597636815e-08 0.0 0.0 0.0 0.0026851503531693296 0.0 0.0 0.0 0.0 0.003923034518351551 0.0 0.0 0.0 0.017588527824661762 0.0 0.0 0.0 0.19046139156116454 0.0 0.0 0.0 0.010229337925399595 0.0 1.8777178491568437e-14 0.0 0.0 5.580313196928938e-13 1.5542705435916543e-13 0.0 0.0 0.006574073269197864 0.004619920902892104 0.0 0.0 0.04310871762673921 0.014489758775886452 0.0 0.0 0.005929190839262526 0.0012498055590056691 0.0 0.0 0.0416425378676772 6.749199392275642e-08 0.0 0.0 0.12162597547863133 0.00683447079626442 0.0 0.0 0.10389647707592879 0.08302735021654563 0.0 0.0 0.03317679969761149 0.0 3.6503517128731983e-08 0.0 0.0 0.0 6.789172574761501e-08 0.0 0.0 0.0 5.011223331017708e-12 0.0 0.0 0.0 3.144063330757878e-07 0.0 0.0 0.0 0.0 0.010160911040444032 0.0 0.0 0.0 0.0007631716151554691 0.0 0.0 0.0 0.08841908354505237 0.0 0.0 0.0 0.10884234851552632 0.0 0.0008191166841468897 0.0 0.0 0.0334011695397305 6.154254907240921e-20 0.0 0.0 3.944907508688313e-09 0.003769150211166651 0.0 0.0 0.08276673158542418 0.08141124955097162 0.0 0.0 0.03192909204978934 0.000116971793209517 0.0 0.0 0.0053476570415769255 6.829672638628145e-13 0.0 0.0 0.04908261915015331 0.00922223812046211 0.0 0.0 0.31428142255913377 0.0928287841297056 0.0 0.0 0.033909249566049154 0.0 0.01887841864542506 0.0 0.0 0.0 0.009399843131906538 0.0 0.0 0.0 2.3881318855401146e-07 0.0 0.0 0.0 0.01783057791647992 0.0 0.0 0.0 0.0 2.315662709858077e-08 0.0 0.0 0.0 1.5471121519585072e-07 0.0 0.0 0.0 5.84982025913988e-08 0.0 0.0 0.0 1.818045934282707e-07 0.0 0.0004980794968070235 0.0 0.0 0.01664677204130011 1.752363184520532e-07 0.0 0.0 0.07893963389202523 0.004393964379212168 0.0 0.0 0.08615441343849373 0.07760228384933635 0.0 0.0 0.0240993678570889 0.0052644655186789265 0.0 0.0 0.1580956915516618 7.59479927833794e-08 0.0 0.0 0.16088943009366694 0.015133319459302817 0.0 0.0 0.3429307688352254 0.2424924870220695 0.0 0.0 0.08658786497405714 0.0 0.21470750271614517 0.0 0.0 0.0 0.19503665994931116 0.0 0.0 0.0 0.0 0.0 0.0 0.0 0.4682081395179851 0.0 0.0 0.0 0.0 0.07893917542820836 0.0 0.0 0.0 0.21574465941510426 0.0 0.0 0.0 0.0 0.0 0.0 0.0 0.19404034735065478 0.0 0.0018753848811546379 0.0 0.0 0.10544250074233805 2.560747781507094e-08 0.0 0.0 0.026560807327815752 0.0 0.0 0.0 0.0 0.13427169683597437 0.0 0.0 0.044961800201413535 0.00011143436807355859 0.0 0.0 0.047536765287705326 7.452196580782611e-08 0.0 0.0 0.06111639920457545 0.0 0.0 0.0 0.0 0.15182869180295192 0.0 0.0 0.05345243894614559
0.0 0.010465965942736325 0.0 0.0 0.0 0.0009330616342625177 0.0 0.0 0.0 4.670991777474307e-08 0.0 0.0 0.0 0.004059491855088564 0.0 0.0 0.0 0.0 0.050299444767716694 0.0 0.0 0.0 0.05993013265641469 0.0 0.0 0.0 0.023063918728821485 0.0 0.0 0.0 0.06770358981137503 0.0 0.000288823323398111 0.0 0.0 0.006791223998669093 1.3019030392682513e-09 0.0 0.0 0.008590216501577319 0.001889957531531461 0.0 0.0 0.06454717392646148 0.0059428321166656774 0.0 0.0 0.002363635704055331 0.006033664958986943 0.0 0.0 0.22022146147065821 8.659109789216068e-09 0.0 0.0 0.0285801074007878 0.005052851978007889 0.0 0.0 0.10151310743337028 0.12280677210338409 0.0 0.0 0.04220749879456924 0.0 0.0 0.0 0.0 0.0 3.670204752977542e-08 0.0 0.0 0.0 4.335412567929574e-12 0.0 0.0 0.0 2.1865918149093494e-07 0.0 0.0 0.0 0.0 0.0 0.0 0.0 0.0 0.04806483406886056 0.0 0.0 0.0 0.04421483574996753 0.0 0.0 0.0 0.039572958944113557 0.0 0.0 0.0 0.0 0.0 1.5111856464299375e-07 0.0 0.0 0.036607079773343806 0.006727676145941883 0.0 0.0 0.06717882682621472 0.02992768593711981 0.0 0.0 0.0325734840747 0.0 0.0 0.0 0.0 1.2445826905738262e-08 0.0 0.0 0.013361414045411673 0.009075615127466576 0.0 0.0 0.16690363060823932 0.041900864573309334 0.0 0.0 0.05209184411968607 0.0 0.015713826555308955 0.0 0.0 0.0 0.006552909962473263 0.0 0.0 0.0 3.559737995978599e-07 0.0 0.0 0.0 0.032019965037571964 0.0 0.0 0.0 0.0 1.298642366582214e-06 0.0 0.0 0.0 9.241125055621027e-08 0.0 0.0 0.0 3.263911729992345e-06 0.0 0.0 0.0 4.812663933783529e-07 0.0 0.0002621623308655205 0.0 0.0 0.0052454953878417 2.8445537929718907e-08 0.0 0.0 0.02880038666576038 0.002373254056563805 0.0 0.0 0.04555730945507632 0.03251979046280598 0.0 0.0 0.04633661088246477 0.0058546912487877885 0.0 0.0 0.16898958214293977 7.196292733786308e-08 0.0 0.0 0.11169680278313329 0.0218634952419822 0.0 0.0 0.518403490285179 0.2811999337898918 0.0 0.0 0.14710762340817551 0.0 0.17481729346628264 0.0 0.0 0.0 0.12646279374376618 0.0 0.0 0.0 4.733543687723951e-06 0.0 0.0 0.0 0.43011463779485404 0.0 0.0 0.0 0.0 0.04011312099417823 0.0 0.0 0.0 0.06501984802329801 0.0 0.0 0.0 0.09381301929639738 0.0 0.0 0.0 0.278823046177085 0.0 0.0021065903830740436 0.0 0.0 0.0872756307625869 1.7575945471237567e-09 0.0 0.0 0.0687208629258787 0.0023285318953195585 0.0 0.0 0.12530275255896836 0.08565820815796923 0.0 0.0 0.02456120962310598 0.0009126338968927758 0.0 0.0 0.03789207903617857 4.688376336874844e-08 0.0 0.0 0.03389703112786466 0.004975675552340421 0.0 0.0 0.1657093997695071 0.11065458002047884 0.0 0.0 0.050523599767058565
0.0 0.0 0.0 0.0 0.0 0.0002080927984563361 0.0 0.0 0.0 1.4106773579547426e-07 0.0 0.0 0.0 0.0007731438220156081 0.0 0.0 0.0 0.0 0.0 0.0 0.0 0.0 0.027212305620021294 0.0 0.0 0.0 0.18848319737534425 0.0 0.0 0.0 0.0930261025522492 0.0 0.0 0.0 0.0 0.0 2.1286254388262162e-14 0.0 0.0 0.001115902695285451 0.0028073006311662412 0.0 0.0 0.05887713450454501 0.0006605547034515313 0.0 0.0 0.007266715292147871 0.0 0.0 0.0 0.0 1.2176345681545919e-13 0.0 0.0 0.007156662632964284 0.004891905764122573 0.0 0.0 0.31602774060701294 0.030777793073658233 0.0 0.0 0.01026754554395923 0.0 8.858155121195399e-08 0.0 0.0 0.0 0.0 0.0 0.0 0.0 5.147569294134584e-12 0.0 0.0 0.0 0.0 0.0 0.0 0.0 0.0 0.001662702200768199 0.0 0.0 0.0 0.0 0.0 0.0 0.0 0.032804208563839816 0.0 0.0 0.0 0.0 0.0 6.760087271477912e-15 0.0 0.0 2.0562528309582838e-08 0.0 0.0 0.0 0.0 0.0008950003416499007 0.0 0.0 0.028584570794925733 0.0 0.0 0.0 0.0 9.978679150981489e-09 0.0 0.0 0.03403014242333682 0.0 0.0 0.0 0.0 0.013729741543150513 0.0 0.0 0.17383722497937942 0.0 0.0 0.0 0.0 0.0 0.016053667673542712 0.0 0.0 0.0 0.007425669617031264 0.0 0.0 0.0 4.1327751772680763e-07 0.0 0.0 0.0 0.02677929533024264 0.0 0.0 0.0 0.0 1.306740229938823e-07 0.0 0.0 0.0 4.4838966885397604e-07 0.0 0.0 0.0 1.0287075189911568e-06 0.0 0.0 0.0 8.07059396350262e-07 0.0 2.164148554076655e-05 0.0 0.0 0.09969900139149714 1.0724998150146382e-12 0.0 0.0 0.013011973656871319 0.0032604896365982495 0.0 0.0 0.1065430392276501 0.01187572906353815 0.0 0.0 0.007187336964479513 0.0003914731766043797 0.0 0.0 0.16937779557375546 8.858471885320138e-08 0.0 0.0 0.1580266384849893 0.020572440486843906 0.0 0.0 0.4764029723606683 0.27864182647041025 0.0 0.0 0.17521649756811897 0.0 0.2926678492925209 0.0 0.0 0.0 0.026833148349120414 0.0 0.0 0.0 1.7127793037843592e-06 0.0 0.0 0.0 0.1258925754706846 0.0 0.0 0.0 0.0 0.06906477495182621 0.0 0.0 0.0 0.0022668376894205517 0.0 0.0 0.0 0.03667987982218898 0.0 0.0 0.0 0.04543352215950711 0.0 0.0001668578459643127 0.0 0.0 0.013884108569858826 5.456011119363295e-13 0.0 0.0 0.03068643143310982 0.0015996267440589714 0.0 0.0 0.028677004238826766 0.05379610077349804 0.0 0.0 0.009650302165290323 0.0004013952014123697 0.0 0.0 0.052130579100862544 2.1877740857562048e-13 0.0 0.0 0.011599510021325683 0.001065580369028618 0.0 0.0 0.07474805103407452 0.06964328180707341 0.0 0.0 0.016820891345780298
0.0 0.007363505105980792 0.0 0.0 0.0 0.002107586022165539 0.0 0.0 0.0 5.645584752945192e-08 0.0 0.0 0.0 0.0014663417686698805 0.0 0.0 0.0 0.0 0.0913844565345991 0.0 0.0 0.0 0.13348178409195507 0.0 0.0 0.0 0.019704305775041203 0.0 0.0 0.0 0.09151734495527201 0.0 0.0011332491647619081 0.0 0.0 0.05996021877819528 9.472755984993067e-10 0.0 0.0 0.00199213447381171 0.0007413731775001867 0.0 0.0 0.04925475049048431 0.002308179031553831 0.0 0.0 0.0004138520802626389 0.0027063279128746198 0.0 0.0 0.15888032974451666 6.41386262624183e-09 0.0 0.0 0.07670387954488174 0.004295238336080643 0.0 0.0 0.14028966725899839 0.09926124806595737 0.0 0.0 0.019318425592236513 0.0 0.0 0.0 0.0 0.0 7.359702592294507e-09 0.0 0.0 0.0 5.233653453945198e-12 0.0 0.0 0.0 0.0 0.0 0.0 0.0 0.0 0.0 0.0 0.0 0.0 0.0001785485627880003 0.0 0.0 0.0 0.08971226229793083 0.0 0.0 0.0 0.0 0.0 0.0 0.0 0.0 0.0 8.653871699612442e-13 0.0 0.0 0.03036069548610367 0.005527463863365603 0.0 0.0 0.15448182267438676 0.0 0.0 0.0 0.0 0.0 0.0 0.0 0.0 1.3156517781959396e-13 0.0 0.0 0.005174980506067489 0.012431057201147464 0.0 0.0 0.2735608726928163 0.0 0.0 0.0 0.0 0.0 0.01237656738917673 0.0 0.0 0.0 0.005382480565466955 0.0 0.0 0.0 3.047747355396614e-07 0.0 0.0 0.0 0.01794839788742604 0.0 0.0 0.0 0.0 3.549302419677405e-08 0.0 0.0 0.0 2.6899582524995823e-08 0.0 0.0 0.0 1.5261009531903024e-07 0.0 0.0 0.0 1.9380505068609666e-07 0.0 3.934040809024063e-05 0.0 0.0 0.0030873489346088683 4.3208973484110833e-13 0.0 0.0 0.024296735560196802 0.001234006061185669 0.0 0.0 0.034336625330188955 0.024898896669231077 0.0 0.0 0.005531858595148098 0.0036405590852575677 0.0 0.0 0.12371307635247723 1.6250601470282252e-12 0.0 0.0 0.11317768463533141 0.011399343773210138 0.0 0.0 0.4530288142698062 0.3148858530503426 0.0 0.0 0.10101981489636475 0.0 0.3163478188617099 0.0 0.0 0.0 0.08240073691338373 0.0 0.0 0.0 0.0 0.0 0.0 0.0 0.06788689690140214 0.0 0.0 0.0 0.0 0.02441926611622217 0.0 0.0 0.0 0.05670962247039583 0.0 0.0 0.0 0.0 0.0 0.0 0.0 0.006172747970880053 0.0 0.001674824157686046 0.0 0.0 0.09198368958284395 7.746475969998213e-14 0.0 0.0 0.004031689183111649 0.0 0.0 0.0 0.0 6.711105784765657e-08 0.0 0.0 1.669642579167093e-08 0.0017431886239933578 0.0 0.0 0.06383045947676652 6.664540179663948e-13 0.0 0.0 0.03542911101065837 0.0 0.0 0.0 0.0 0.02528120874835306 0.0 0.0 0.007801758318857223
0.0 0.0023559885204842623 0.0 0.0 0.0 0.0011435178416548636 0.0 0.0 0.0 5.9292719469755116e-08 0.0 0.0 0.0 0.0020337312724608898 0.0 0.0 0.0 0.0 0.008679233775706681 0.0 0.0 0.0 0.01926165274286296 0.0 0.0 0.0 0.10371446942543967 0.0 0.0 0.0 0.042044936369611235 0.0 0.0001131624853727009 0.0 0.0 0.004229721816129582 4.411305522244734e-16 0.0 0.0 3.59743203696304e-05 0.0017434444599808735 0.0 0.0 0.036520864817505064 0.03637672767570544 0.0 0.0 0.008009234663168911 0.0004280736600541019 0.0 0.0 0.04456047047429204 5.863371196345069e-13 0.0 0.0 0.03992550582656517 0.006531251895858204 0.0 0.0 0.12313983840267412 0.047060980069893524 0.0 0.0 0.015391016779258518 0.0 7.933666288449896e-08 0.0 0.0 0.0 9.531860873740032e-09 0.0 0.0 0.0 1.8778307452355034e-12 0.0 0.0 0.0 1.230573927359721e-07 0.0 0.0 0.0 0.0 0.015994343145844934 0.0 0.0 0.0 0.022346424634108405 0.0 0.0 0.0 0.04299390915552685 0.0 0.0 0.0 0.027846726315668965 0.0 0.0006599558454521873 0.0 0.0 0.02238981789448968 2.2965618139964013e-09 0.0 0.0 0.000541222042992092 0.00036922174508193016 0.0 0.0 0.020650696532180567 0.0072018987177858125 0.0 0.0 0.002289784485913027 0.0007883806341718231 0.0 0.0 0.02053407387541788 2.7612105032054486e-08 0.0 0.0 0.007295639248391469 0.00042400001721860085 0.0 0.0 0.11666212474423253 0.06287550207951231 0.0 0.0 0.02051926680780596 0.0 0.00471769512372946 0.0 0.0 0.0 0.004220869721624329 0.0 0.0 0.0 3.368164573501203e-07 0.0 0.0 0.0 0.021182782524493952 0.0 0.0 0.0 0.0 1.9412278390821897e-08 0.0 0.0 0.0 1.6537174007717388e-07 0.0 0.0 0.0 7.871545420406413e-07 0.0 0.0 0.0 2.327295194889332e-07 0.0 3.3746739383672484e-08 0.0 0.0 0.002869908298473976 2.7919903287696925e-09 0.0 0.0 0.02474130391173785 0.0029467358689217733 0.0 0.0 0.08923753196183033 0.041430727013105864 0.0 0.0 0.012743250808131738 0.001173617778727397 0.0 0.0 0.0516053763720908 5.652026448251257e-08 0.0 0.0 0.06158757778070208 0.017781758141801655 0.0 0.0 0.4031493812787821 0.18757384781193165 0.0 0.0 0.09926906350505388 0.0 0.16033478736144652 0.0 0.0 0.0 0.10381700615600907 0.0 0.0 0.0 8.085570253469494e-07 0.0 0.0 0.0 0.2053779851411869 0.0 0.0 0.0 0.0 0.05801266217898277 0.0 0.0 0.0 0.012494356811745676 0.0 0.0 0.0 0.02726032866542269 0.0 0.0 0.0 0.1260519769385462 0.0 0.0009362729257900964 0.0 0.0 0.08117613368086221 8.414957525034545e-08 0.0 0.0 0.055907106515339464 0.00015045974319449396 0.0 0.0 0.0027319694934475054 0.026333089024503074 0.0 0.0 0.005690875153908541 0.00025144093246571577 0.0 0.0 0.031305281946669476 3.8556710639027536e-08 0.0 0.0 0.039064685372757826 0.0001748123142475626 0.0 0.0 0.030048271958701828 0.0623662992158787 0.0 0.0 0.0269296550162723
0.0 0.0 0.0 0.0 0.0 0.0039889467799780415 0.0 0.0 0.0 2.8043934348303166e-08 0.0 0.0 0.0 0.003232807450154116 0.0 0.0 0.0 0.0 0.0 0.0 0.0 0.0 0.08741370655292897 0.0 0.0 0.0 0.08823393395379465 0.0 0.0 0.0 0.15992447268205762 0.0 0.0 0.0 0.0 0.0 6.55733467001191e-10 0.0 0.0 0.0010142113011748209 0.003155159661137975 0.0 0.0 0.022057608520889532 0.008795880657696094 0.0 0.0 0.0025566677444812617 0.0 0.0 0.0 0.0 7.328761053795165e-08 0.0 0.0 0.1134582838568909 0.001950694870931864 0.0 0.0 0.09047779738362842 0.12273779463232451 0.0 0.0 0.0321527327281932 0.0 1.3924533041374394e-07 0.0 0.0 0.0 2.3348899784497064e-08 0.0 0.0 0.0 2.9916632060475013e-12 0.0 0.0 0.0 1.1143815785382531e-07 0.0 0.0 0.0 0.0 0.004000633126347431 0.0 0.0 0.0 0.02818114972700067 0.0 0.0 0.0 0.12309165574132024 0.0 0.0 0.0 0.08949874769731793 0.0 4.519571792702082e-06 0.0 0.0 0.0001396901282994642 1.107376676923314e-08 0.0 0.0 0.03404345772915431 0.0033298448074953178 0.0 0.0 0.08509262828327263 0.02580425696093596 0.0 0.0 0.013781691959825688 0.0010386377743805935 0.0 0.0 0.03599142464071272 6.765996520753232e-09 0.0 0.0 0.020125440328908662 0.008535393679064375 0.0 0.0 0.15052587786762603 0.09521921376107485 0.0 0.0 0.0227462451038678 0.0 0.01605249464050633 0.0 0.0 0.0 0.000441182561973407 0.0 0.0 0.0 2.1194979357212007e-07 0.0 0.0 0.0 0.022331622788245874 0.0 0.0 0.0 0.0 4.665244752281724e-08 0.0 0.0 0.0 1.998442282305372e-07 0.0 0.0 0.0 1.407107828752074e-07 0.0 0.0 0.0 3.157057452418925e-07 0.0 0.00039191006839208424 0.0 0.0 0.013533906568684109 1.0594599607494586e-12 0.0 0.0 0.032152195726783316 0.005000074371598681 0.0 0.0 0.13351142860723855 0.07879904346567199 0.0 0.0 0.021006642752494722 0.0022641484160464786 0.0 0.0 0.13245767160137686 2.522138421510842e-13 0.0 0.0 0.008581466352566753 0.01589807602088428 0.0 0.0 0.33969060218206254 0.29178938357291523 0.0 0.0 0.08017352555728725 0.0 0.31951947930294455 0.0 0.0 0.0 0.2704660282692275 0.0 0.0 0.0 4.00672105397303e-07 0.0 0.0 0.0 0.15907045748089052 0.0 0.0 0.0 0.0 0.033578848762318196 0.0 0.0 0.0 0.04660109557690589 0.0 0.0 0.0 0.0648435978754311 0.0 0.0 0.0 0.039611456942793145 0.0 0.0025519184390221123 0.0 0.0 0.12541613312653577 1.3560486948521557e-07 0.0 0.0 0.03774002779821034 0.0004406082949994615 0.0 0.0 0.0071611290374502205 0.09291156737622584 0.0 0.0 0.02281347335060069 0.0009706480044325348 0.0 0.0 0.05323855069397051 6.203364890837377e-08 0.0 0.0 0.09811814007263474 0.0005156419249793512 0.0 0.0 0.009388711168761159 0.032999225298323435 0.0 0.0 0.023169219932936556
0.0 0.0 0.0 0.0 0.0 0.004620031383757415 0.0 0.0 0.0 1.2414857497210562e-07 0.0 0.0 0.0 0.0026298389376817246 0.0 0.0 0.0 0.0 0.0 0.0 0.0 0.0 0.012362861779009882 0.0 0.0 0.0 0.042395663821888585 0.0 0.0 0.0 0.09971303685175947 0.0 0.0 0.0 0.0 0.0 3.055903678684905e-09 0.0 0.0 0.0037597330218966797 3.219416276516208e-09 0.0 0.0 0.0003347266561390055 0.01425301838485707 0.0 0.0 0.01526116035536051 0.0 0.0 0.0 0.0 7.159144565921853e-08 0.0 0.0 0.054523065635924475 0.0055312460861844034 0.0 0.0 0.13990265223764126 0.06813526103865941 0.0 0.0 0.025804983835495166 0.0 2.508373307003897e-08 0.0 0.0 0.0 1.5869570984901593e-08 0.0 0.0 0.0 3.180193730868239e-12 0.0 0.0 0.0 1.1204480842921728e-07 0.0 0.0 0.0 0.0 1.0423632100131536e-08 0.0 0.0 0.0 0.03680480366748997 0.0 0.0 0.0 0.06982959196569619 0.0 0.0 0.0 0.07962913739513705 0.0 3.949944381959471e-08 0.0 0.0 0.028087186708901243 4.751354157580553e-09 0.0 0.0 0.026680826800435948 0.00372139062259362 0.0 0.0 0.07388576272199172 0.03060143149148298 0.0 0.0 0.030275819022828367 1.197346662122242e-08 0.0 0.0 0.00954560954479206 2.0333046949918382e-08 0.0 0.0 0.011780095046039794 0.004594948999166657 0.0 0.0 0.1490313715591228 0.04664494839813366 0.0 0.0 0.03864585105142292 0.0 0.020516528511192775 0.0 0.0 0.0 0.0037033377071895306 0.0 0.0 0.0 4.301845630132263e-07 0.0 0.0 0.0 0.02400385036495402 0.0 0.0 0.0 0.0 8.064135479416704e-08 0.0 0.0 0.0 3.785203490416437e-07 0.0 0.0 0.0 2.397971204700357e-06 0.0 0.0 0.0 2.9526467551405157e-07 0.0 2.658483585084954e-08 0.0 0.0 8.273686887426784e-07 1.4645092623114642e-15 0.0 0.0 8.14301501152124e-05 0.003639324775103203 0.0 0.0 0.09429107603473882 0.012798331590207705 0.0 0.0 0.010369872761447347 0.0033933667209227547 0.0 0.0 0.1642535863428496 1.0693183948061239e-12 0.0 0.0 0.07148062008921321 0.028820598763674363 0.0 0.0 0.5506380704821561 0.16822611489429842 0.0 0.0 0.16093036746410594 0.0 0.12591886762673693 0.0 0.0 0.0 0.17794015849143738 0.0 0.0 0.0 2.5980612658711566e-06 0.0 0.0 0.0 0.21696261242540676 0.0 0.0 0.0 0.0 0.027587511180955218 0.0 0.0 0.0 0.14408441765218294 0.0 0.0 0.0 0.008953235506348889 0.0 0.0 0.0 0.061084807033680695 0.0 0.0031790345579592013 0.0 0.0 0.05356015513756098 1.3844082476421425e-08 0.0 0.0 0.035993628471114 0.0015367142620611222 0.0 0.0 0.047618024330577956 0.07948335038359432 0.0 0.0 0.019056319121563255 0.0003428436309747942 0.0 0.0 0.015208887269626277 3.942438897316085e-08 0.0 0.0 0.0559434576904521 0.00037992003969969796 0.0 0.0 0.09204104073592205 0.1257582433131272 0.0 0.0 0.024515032998192306
0.0 0.005290260589279211 0.0 0.0 0.0 0.0014335471877852497 0.0 0.0 0.0 8.541434413534213e-08 0.0 0.0 0.0 0.0018324368270987682 0.0 0.0 0.0 0.0 0.056167080277006357 0.0 0.0 0.0 0.0037700257334266655 0.0 0.0 0.0 0.09445078436030191 0.0 0.0 0.0 0.06252698129134825 0.0 0.00015587551738431446 0.0 0.0 0.013359834326593269 5.694503886244971e-08 0.0 0.0 0.03565378844241432 0.0011316307243029761 0.0 0.0 0.02235488532300021 0.008386647721363322 0.0 0.0 0.0017088841457759583 0.0012776855491370793 0.0 0.0 0.07879361791373947 6.91414205597171e-08 0.0 0.0 0.05216912505379818 0.007311358227607621 0.0 0.0 0.24685770596597853 0.05775129499939533 0.0 0.0 0.022838109188158116 0.0 7.694489579834451e-08 0.0 0.0 0.0 3.11800071276641e-07 0.0 0.0 0.0 3.8954838055052865e-12 0.0 0.0 0.0 1.549718230799556e-07 0.0 0.0 0.0 0.0 0.0005757303055052442 0.0 0.0 0.0 0.04839560618250145 0.0 0.0 0.0 0.04879645943150646 0.0 0.0 0.0 0.015849250203515606 0.0 4.635341354472738e-10 0.0 0.0 0.0015180266176838396 5.843508544975381e-13 0.0 0.0 0.0246364233571608 0.0017046484352694665 0.0 0.0 0.04973566140811938 0.0028247452209143042 0.0 0.0 0.00218859991162732 7.87516141905831e-09 0.0 0.0 0.02891502862784751 1.2430521482512217e-07 0.0 0.0 0.08201188852760698 0.008361730681130213 0.0 0.0 0.1704813375517304 0.035603744385572865 0.0 0.0 0.036560117810430635 0.0 0.01730368233776217 0.0 0.0 0.0 0.006546947250293767 0.0 0.0 0.0 2.0774342578499783e-07 0.0 0.0 0.0 0.01298694373203125 0.0 0.0 0.0 0.0 6.154217220592488e-08 0.0 0.0 0.0 3.1648441909762015e-08 0.0 0.0 0.0 9.558010702885438e-07 0.0 0.0 0.0 7.701734519736573e-08 0.0 2.604366422309986e-08 0.0 0.0 0.0687686676697904 2.7633287227136747e-08 0.0 0.0 0.008429623042994014 0.00604784440787854 0.0 0.0 0.05644540168543007 0.0024758453159022297 0.0 0.0 0.001080868043536887 0.0023665662393995866 0.0 0.0 0.15963196284423495 2.3539469759902925e-07 0.0 0.0 0.1090586183687972 0.013743092439388377 0.0 0.0 0.3268778187729702 0.19465727543902042 0.0 0.0 0.06787882796381547 0.0 0.18836725093283913 0.0 0.0 0.0 0.10563623988487848 0.0 0.0 0.0 8.523723594344505e-07 0.0 0.0 0.0 0.07032869519765399 0.0 0.0 0.0 0.0 0.021507240439679696 0.0 0.0 0.0 0.030442441850523586 0.0 0.0 0.0 1.1242294733868712e-07 0.0 0.0 0.0 0.03319843601545646 0.0 0.00239692968259881 0.0 0.0 0.05644015694582248 3.7862670342417576e-09 0.0 0.0 0.003291874825193073 1.3166259399127085e-13 0.0 0.0 2.2456560107988202e-07 0.03698074588651085 0.0 0.0 0.012464808835540504 0.0008412115664098212 0.0 0.0 0.04053591877892947 2.651417518019533e-08 0.0 0.0 0.046682638146730245 1.6215178916579825e-08 0.0 0.0 0.03100766525840951 0.025652739419051742 0.0 0.0 0.007427799653554137
0.0 0.004165395887750532 0.0 0.0 0.0 0.0008304118192369873 0.0 0.0 0.0 5.587276818737699e-08 0.0 0.0 0.0 0.0008704532809303065 0.0 0.0 0.0 0.0 0.05328794942148705 0.0 0.0 0.0 0.028327725823818838 0.0 0.0 0.0 0.08297274482736777 0.0 0.0 0.0 0.04730721527996138 0.0 5.753190085483065e-05 0.0 0.0 0.025488508718829087 4.498603553927259e-09 0.0 0.0 0.0026558101649803005 2.2184531092332994e-05 0.0 0.0 0.0037010628323032335 0.02007635459512481 0.0 0.0 0.005528165884036157 0.0010426314695480864 0.0 0.0 0.07125530809614795 3.0453901485237224e-08 0.0 0.0 0.03030494743730588 0.002345844837970689 0.0 0.0 0.1904932929888094 0.016061291375052994 0.0 0.0 0.003334914881664876 0.0 0.0 0.0 0.0 0.0 3.4952051266410696e-08 0.0 0.0 0.0 1.7354103965279377e-12 0.0 0.0 0.0 2.3264984366391045e-07 0.0 0.0 0.0 0.0 0.0 0.0 0.0 0.0 0.00015415028246967485 0.0 0.0 0.0 0.04417735824805409 0.0 0.0 0.0 0.004961320587664087 0.0 0.0 0.0 0.0 0.0 1.1462895957423852e-07 0.0 0.0 0.026404499243041814 2.2236542478765608e-09 0.0 0.0 0.00372801768582292 1.876006144948525e-06 0.0 0.0 0.00015466134089392773 0.0 0.0 0.0 0.0 1.7427095850405543e-08 0.0 0.0 0.004500648565305335 5.916139499212412e-08 0.0 0.0 0.1073918881739559 0.06900510899156219 0.0 0.0 0.05011466081958524 0.0 0.014999603839338587 0.0 0.0 0.0 0.007528471342265528 0.0 0.0 0.0 5.54839487442697e-07 0.0 0.0 0.0 0.019822026953038883 0.0 0.0 0.0 0.0 3.403496944530176e-07 0.0 0.0 0.0 3.5060673742462462e-06 0.0 0.0 0.0 1.8099384917250534e-06 0.0 0.0 0.0 4.7039701044147016e-06 0.0 0.00015998260890277382 0.0 0.0 0.007091828859837478 9.425229870787995e-09 0.0 0.0 0.016676826110571377 0.005467087473988957 0.0 0.0 0.10203125180124731 0.021135105668364546 0.0 0.0 0.010592887528775694 0.003082299815713383 0.0 0.0 0.16102273512005447 9.11695294177216e-08 0.0 0.0 0.13108842137964716 0.02449038940210129 0.0 0.0 0.5823766038199242 0.14865707666934752 0.0 0.0 0.14144231529852758 0.0 0.19273063562554593 0.0 0.0 0.0 0.04093391100463407 0.0 0.0 0.0 9.770264919145744e-06 0.0 0.0 0.0 0.07260017414350234 0.0 0.0 0.0 0.0 0.004241333354642802 0.0 0.0 0.0 0.0018037889548546784 0.0 0.0 0.0 0.036003074336068336 0.0 0.0 0.0 0.05631461594311564 0.0 2.0083660814906312e-05 0.0 0.0 0.006755990043573182 4.0161614831786723e-14 0.0 0.0 0.002122554328986042 0.0027284905851299736 0.0 0.0 0.038756204573064806 0.021683372847012466 0.0 0.0 0.051622963929412534 0.0015037874048520312 0.0 0.0 0.04322389070195927 2.704267846706502e-13 0.0 0.0 0.017258675909061633 0.008754528386811976 0.0 0.0 0.1932831177443174 0.00965401040434587 0.0 0.0 0.005541118425075769
0.0 0.001792238149053803 0.0 0.0 0.0 0.0065836139208516635 0.0 0.0 0.0 8.394449133096189e-08 0.0 0.0 0.0 0.0004910575542049012 0.0 0.0 0.0 0.0 0.015095565482152108 0.0 0.0 0.0 0.016831672784362553 0.0 0.0 0.0 0.07951647822676916 0.0 0.0 0.0 0.029191529032102793 0.0 0.0009443716734640142 0.0 0.0 0.021729906831094544 3.123132572305652e-08 0.0 0.0 0.023174965711150287 0.0019362473869860997 0.0 0.0 0.01563620450762211 0.0010389969683814557 0.0 0.0 0.00014225961003439281 0.000454392982116348 0.0 0.0 0.03141695206923909 2.4721625231247296e-07 0.0 0.0 0.16770975069741723 0.010158670561696228 0.0 0.0 0.14276931052735484 0.03347750118009954 0.0 0.0 0.0070920828422968325 0.0 1.912992711577992e-07 0.0 0.0 0.0 6.248939960570395e-07 0.0 0.0 0.0 6.0664395787659485e-12 0.0 0.0 0.0 1.8337467922397734e-07 0.0 0.0 0.0 0.0 0.04643802390459104 0.0 0.0 0.0 0.059360470144000796 0.0 0.0 0.0 0.03354971383684482 0.0 0.0 0.0 0.08704089664967254 0.0 0.0014150218861508092 0.0 0.0 0.03082711311276257 1.867305413759196e-08 0.0 0.0 0.015823521401586958 0.0004963137086960161 0.0 0.0 0.03683423826871158 0.07086659215877662 0.0 0.0 0.015706249227350047 0.0013917623780032602 0.0 0.0 0.06279474179346098 4.358997782566669e-07 0.0 0.0 0.35341549211030326 0.011287843498776253 0.0 0.0 0.20356559942938454 0.11676362100812707 0.0 0.0 0.0310728799234342 0.0 0.01642564621874474 0.0 0.0 0.0 0.005734555798479812 0.0 0.0 0.0 1.1122418752780536e-07 0.0 0.0 0.0 0.018262819814280837 0.0 0.0 0.0 0.0 7.393522030328013e-07 0.0 0.0 0.0 4.0457749590215145e-08 0.0 0.0 0.0 1.3862494244421128e-08 0.0 0.0 0.0 1.3134656326972835e-06 0.0 0.00022048928435370517 0.0 0.0 0.00807953746658187 6.244599635059537e-08 0.0 0.0 0.02193151284244952 0.0005658586121688608 0.0 0.0 0.057174664190548646 0.024916318218512017 0.0 0.0 0.008609137172807882 0.002706113494722918 0.0 0.0 0.15115104215119354 7.924179334221241e-08 0.0 0.0 0.11520060358777125 0.010559964978545801 0.0 0.0 0.14599966869341466 0.12326910966353437 0.0 0.0 0.11067501041371192 0.0 0.12241716985831691 0.0 0.0 0.0 0.21407030992178167 0.0 0.0 0.0 1.911963334266375e-06 0.0 0.0 0.0 0.12519920289180417 0.0 0.0 0.0 0.0 0.0030686551811124328 0.0 0.0 0.0 0.09577688505097576 0.0 0.0 0.0 0.008431374307310623 0.0 0.0 0.0 0.035396859319788594 0.0 0.0014859968902144085 0.0 0.0 0.058842976967152086 1.0705933494854611e-08 0.0 0.0 0.012057991084229202 3.777164011768491e-09 0.0 0.0 2.537458088309462e-08 0.06864546108025996 0.0 0.0 0.01859520076099023 0.00024884497957623536 0.0 0.0 0.028236637684987707 1.141598792609441e-07 0.0 0.0 0.07097853860636015 0.0054182305316596464 0.0 0.0 0.0575818812330705 0.027058814246043575 0.0 0.0 0.01083817044959319
0.0 0.016854519650079332 0.0 0.0 0.0 0.003055312949792053 0.0 0.0 0.0 7.285577657816789e-08 0.0 0.0 0.0 0.0024916986462049785 0.0 0.0 0.0 0.0 0.0694398440245949 0.0 0.0 0.0 0.031447840104992554 0.0 0.0 0.0 0.07989200047413027 0.0 0.0 0.0 0.04027204564596157 0.0 0.0015675396852408805 0.0 0.0 0.045317282373475064 1.2478870304184386e-08 0.0 0.0 0.007447976529636441 0.007264465052368756 0.0 0.0 0.048218486768278605 0.01097126376339092 0.0 0.0 0.0020916141905264665 0.015253444109733134 0.0 0.0 0.2861510455132878 1.5100189805596867e-07 0.0 0.0 0.11325716241924312 0.00789589440846446 0.0 0.0 0.1671459914098463 0.06463283893661863 0.0 0.0 0.03474899430172993 0.0 4.825859135975774e-07 0.0 0.0 0.0 1.2000019444819105e-07 0.0 0.0 0.0 6.978723988882507e-13 0.0 0.0 0.0 9.499211868032307e-08 0.0 0.0 0.0 0.0 0.008024173939661199 0.0 0.0 0.0 0.004166916580199976 0.0 0.0 0.0 0.026860302109859062 0.0 0.0 0.0 0.026985645710434145 0.0 7.315126167098474e-05 0.0 0.0 0.0038606374360449646 5.3713234645095655e-09 0.0 0.0 0.0018621908060095377 0.00016457112244627626 0.0 0.0 0.051085927984935255 0.002681906124616753 0.0 0.0 0.0004144078131537984 0.0036815313004078592 0.0 0.0 0.1706101700576205 1.6067310999537046e-07 0.0 0.0 0.0870956798598221 0.000778017859810462 0.0 0.0 0.04527794530979706 0.10480253949231726 0.0 0.0 0.02032386135179183 0.0 0.014113335840532643 0.0 0.0 0.0 0.008936891280513233 0.0 0.0 0.0 2.395374243627245e-07 0.0 0.0 0.0 0.011243430640097774 0.0 0.0 0.0 0.0 3.876520764901148e-08 0.0 0.0 0.0 6.696282545737738e-07 0.0 0.0 0.0 7.738551237542012e-07 0.0 0.0 0.0 2.5573604881865533e-07 0.0 0.00016670758294252874 0.0 0.0 0.044244421088862514 3.8198269696707216e-08 0.0 0.0 0.016617823596257363 0.002812725206218529 0.0 0.0 0.03560624271887496 0.015576159822285728 0.0 0.0 0.005182809220230884 0.0008239916481226403 0.0 0.0 0.09585996055876443 2.0782218293303214e-07 0.0 0.0 0.16069451605584123 0.01072431431220128 0.0 0.0 0.199189233145249 0.08268682973851424 0.0 0.0 0.07156066142414146 0.0 0.1900833921731537 0.0 0.0 0.0 0.05404471410965464 0.0 0.0 0.0 1.3619143020596286e-06 0.0 0.0 0.0 0.09727602968743108 0.0 0.0 0.0 0.0 0.04541458411232369 0.0 0.0 0.0 0.024527371606753917 0.0 0.0 0.0 0.007268525084072317 0.0 0.0 0.0 0.03380077316270258 0.0 9.370389352672964e-05 0.0 0.0 0.006470882293028397 1.0282113578378928e-07 0.0 0.0 0.026263414882731043 0.0036271485482874256 0.0 0.0 0.041149291819573976 0.009740012488224146 0.0 0.0 0.013714163508639615 0.0007415346202081823 0.0 0.0 0.03657112277973773 1.9212134364928813e-08 0.0 0.0 0.019331141755136224 0.0007437989905669251 0.0 0.0 0.04033494693385675 0.050313947518573786 0.0 0.0 0.01244691131263431
0.0 0.00888243476603979 0.0 0.0 0.0 0.0019618978262428786 0.0 0.0 0.0 1.0833019703878997e-07 0.0 0.0 0.0 0.0025007875886135754 0.0 0.0 0.0 0.0 0.08126181250769511 0.0 0.0 0.0 0.016122661361376224 0.0 0.0 0.0 0.009399662041847756 0.0 0.0 0.0 0.06701048160248466 0.0 0.00028603114805503363 0.0 0.0 0.007325657171218116 9.378246174929395e-14 0.0 0.0 0.005266295308917742 7.249815796144864e-08 0.0 0.0 0.07215845745110587 0.005906253067960149 0.0 0.0 0.002344334156612495 0.005975006804801166 0.0 0.0 0.1883884491082493 1.4396379170628495e-12 0.0 0.0 0.07402227600394928 0.0077957575104073305 0.0 0.0 0.15407876842333293 0.12375667191751225 0.0 0.0 0.041914297921865684 0.0 0.0 0.0 0.0 0.0 2.1677848983906545e-07 0.0 0.0 0.0 4.5716168114964724e-12 0.0 0.0 0.0 1.4594913444255488e-07 0.0 0.0 0.0 0.0 0.0 0.0 0.0 0.0 0.048330358537849394 0.0 0.0 0.0 0.0418735588545686 0.0 0.0 0.0 0.1356876962283692 0.0 0.0 0.0 0.0 0.0 1.973128770077615e-13 0.0 0.0 0.002106668372189437 0.006723322747858129 0.0 0.0 0.05824417008815829 0.007483137614271069 0.0 0.0 0.05376239797016251 0.0 0.0 0.0 0.0 3.2778528032967495e-08 0.0 0.0 0.046935854034765544 0.014438349623618585 0.0 0.0 0.21952655543829316 0.07906660917381597 0.0 0.0 0.0648059698213152 0.0 0.021814322163760762 0.0 0.0 0.0 0.01650436363684863 0.0 0.0 0.0 4.1191235331075505e-07 0.0 0.0 0.0 0.036288917407647545 0.0 0.0 0.0 0.0 2.1767175857658828e-07 0.0 0.0 0.0 2.861303236664041e-07 0.0 0.0 0.0 3.394159346665607e-06 0.0 0.0 0.0 1.283468560613068e-06 0.0 0.0001999981416979765 0.0 0.0 0.04642008831459086 1.581083910009431e-08 0.0 0.0 0.021396276010668746 0.0003003935908412568 0.0 0.0 0.016407877769698428 0.02866036771414737 0.0 0.0 0.008004995150111365 0.003264918755851762 0.0 0.0 0.2204198464583987 1.1873041788605497e-07 0.0 0.0 0.2055317659359509 0.03686392500454043 0.0 0.0 0.5793493458263471 0.20837987710847916 0.0 0.0 0.15684364641014192 0.0 0.1430978605836032 0.0 0.0 0.0 0.210076155009382 0.0 0.0 0.0 4.544865542033633e-06 0.0 0.0 0.0 0.2480963760452669 0.0 0.0 0.0 0.0 0.012025070622667468 0.0 0.0 0.0 0.06386645944679391 0.0 0.0 0.0 0.06087990060611041 0.0 0.0 0.0 0.1501147963150907 0.0 0.0026203744214802617 0.0 0.0 0.09818337407718104 1.9073434184584915e-07 0.0 0.0 0.06810154691158588 0.0044410976522569505 0.0 0.0 0.12825645522675116 0.04643644814754906 0.0 0.0 0.004774770443358969 0.0009988992392070829 0.0 0.0 0.035193812561919564 6.930672504146101e-08 0.0 0.0 0.04744810059924941 0.0019548327142523882 0.0 0.0 0.14526912569215542 0.10158557176005922 0.0 0.0 0.03323082030079229
0.0 0.006399554675318681 0.0 0.0 0.0 0.007127655896277503 0.0 0.0 0.0 1.9760461656282882e-08 0.0 0.0 0.0 0.004630689589779415 0.0 0.0 0.0 0.0 0.03703857214787496 0.0 0.0 0.0 0.12152769464507518 0.0 0.0 0.0 0.07814369493719699 0.0 0.0 0.0 0.07213620300291776 0.0 5.0108325815796025e-06 0.0 0.0 0.0001900835594318217 1.65094480408278e-07 0.0 0.0 0.050497507694025445 4.842336619236236e-05 0.0 0.0 0.0012344317058126317 0.004126087001861976 0.0 0.0 0.0008411952887931213 0.0021140643669577326 0.0 0.0 0.10221967972135572 3.4014238939523495e-07 0.0 0.0 0.1537723084606732 0.005773267927617846 0.0 0.0 0.06276712760623898 0.16100033169581715 0.0 0.0 0.05319942402787158 0.0 2.8952673652475326e-07 0.0 0.0 0.0 3.2370005414176436e-07 0.0 0.0 0.0 1.908605376944339e-12 0.0 0.0 0.0 5.084496494970063e-07 0.0 0.0 0.0 0.0 0.0008875567391547416 0.0 0.0 0.0 0.004725490190096238 0.0 0.0 0.0 0.10929229012605232 0.0 0.0 0.0 0.12705291536587235 0.0 0.00012306041951852298 0.0 0.0 0.0026067777924184644 5.8404219493292214e-08 0.0 0.0 0.05843296896443818 0.0021004482875086987 0.0 0.0 0.058459346359692355 0.02656651373609393 0.0 0.0 0.015430312345221308 0.0028479394207115917 0.0 0.0 0.06751785875322038 2.17670032916019e-07 0.0 0.0 0.12179964770055961 0.005083780416927173 0.0 0.0 0.12099806541495177 0.20977182066116692 0.0 0.0 0.10207056667843759 0.0 0.01689687055951964 0.0 0.0 0.0 0.0076604844511260935 0.0 0.0 0.0 9.557488810526199e-08 0.0 0.0 0.0 0.007481780127477119 0.0 0.0 0.0 0.0 3.9026229705282055e-08 0.0 0.0 0.0 3.698325355491813e-08 0.0 0.0 0.0 7.998096701609066e-09 0.0 0.0 0.0 1.557588326254435e-06 0.0 0.0016736379770487008 0.0 0.0 0.06747416428453172 1.9337749215015705e-15 0.0 0.0 0.00011741073152111143 0.00504616602437302 0.0 0.0 0.08391000522992513 0.024456147174269267 0.0 0.0 0.005830565304684458 0.006101996659644955 0.0 0.0 0.1667954807741861 2.196283198852363e-07 0.0 0.0 0.10319707218341775 0.009066291412325327 0.0 0.0 0.1239278817156724 0.07663849529229337 0.0 0.0 0.033558419816469974 0.0 0.28554944997148995 0.0 0.0 0.0 0.21151165167826064 0.0 0.0 0.0 1.5262586478493226e-06 0.0 0.0 0.0 0.04060367057454976 0.0 0.0 0.0 0.0 0.019016736629919925 0.0 0.0 0.0 0.03167112524596134 0.0 0.0 0.0 0.0010721036650093436 0.0 0.0 0.0 0.0009566330105007622 0.0 0.004041878333745043 0.0 0.0 0.08196842364404694 1.945712067163554e-08 0.0 0.0 0.03276810924380508 0.00271144107939479 0.0 0.0 0.0357301462981541 0.03435695725377293 0.0 0.0 0.00549497497439484 0.0012503319116291324 0.0 0.0 0.052074075419730505 3.2470096375553296e-08 0.0 0.0 0.09396647516355706 0.002209412198671738 0.0 0.0 0.03225885315188243 0.024542582644136317 0.0 0.0 0.005020405520285777
0.0 0.019068718197954405 0.0 0.0 0.0 0.003759183131937908 0.0 0.0 0.0 4.421990086310373e-08 0.0 0.0 0.0 0.005978842037357265 0.0 0.0 0.0 0.0 0.04015193270972902 0.0 0.0 0.0 0.030306354738485548 0.0 0.0 0.0 0.08383395546727716 0.0 0.0 0.0 0.18570829109539322 0.0 2.146543051127347e-05 0.0 0.0 0.0005359394288533581 3.903272200032592e-08 0.0 0.0 0.03444230419399956 0.0007432382998384481 0.0 0.0 0.02540790929831749 0.005019192462361748 0.0 0.0 0.00727719755814622 0.005395563835325213 0.0 0.0 0.07991234695992193 1.107276641999089e-07 0.0 0.0 0.12493996359158435 0.0020183869265158988 0.0 0.0 0.12980641005864219 0.05229648756704831 0.0 0.0 0.08225391125838208 0.0 2.3332668406838634e-07 0.0 0.0 0.0 5.22849943875339e-08 0.0 0.0 0.0 2.9796033560156353e-12 0.0 0.0 0.0 3.405091511161589e-07 0.0 0.0 0.0 0.0 0.01570422655454911 0.0 0.0 0.0 0.07397611631463663 0.0 0.0 0.0 0.07303140615200053 0.0 0.0 0.0 0.0931811326248814 0.0 1.0280755181460708e-14 0.0 0.0 3.309206574907649e-08 2.470768840646453e-13 0.0 0.0 1.0410077163279337e-07 2.9077166355150138e-05 0.0 0.0 0.0050238562131765425 0.11126287509079166 0.0 0.0 0.03264114589632721 2.245039554217471e-08 0.0 0.0 0.08101946228449208 4.8209710878993955e-08 0.0 0.0 0.022747656797836205 0.005178257646590413 0.0 0.0 0.1585473470893898 0.22815159728751006 0.0 0.0 0.06674478598642106 0.0 0.012145558841435176 0.0 0.0 0.0 0.015114309873985175 0.0 0.0 0.0 5.182718485252585e-07 0.0 0.0 0.0 0.020659406823397265 0.0 0.0 0.0 0.0 6.569595466596941e-08 0.0 0.0 0.0 3.5405193503067326e-06 0.0 0.0 0.0 1.9757895831129364e-06 0.0 0.0 0.0 3.2013225400264827e-07 0.0 2.603056130739013e-09 0.0 0.0 1.8258488262712216e-08 7.397125551563677e-09 0.0 0.0 0.017888921876515772 0.0006373432258563608 0.0 0.0 0.09389746897081083 0.06700353226741529 0.0 0.0 0.0035212799019784325 0.019269341244793573 0.0 0.0 0.1136709799185674 1.5670770714095025e-07 0.0 0.0 0.25716499674990656 0.029531462721150783 0.0 0.0 0.5046370861240297 0.16642870223753378 0.0 0.0 0.12928266947020856 0.0 0.3087860236448113 0.0 0.0 0.0 0.24018488282041972 0.0 0.0 0.0 5.259229871304201e-06 0.0 0.0 0.0 0.11874662678945958 0.0 0.0 0.0 0.0 0.0175910607445173 0.0 0.0 0.0 0.04467115205851571 0.0 0.0 0.0 0.01649784922357692 0.0 0.0 0.0 0.06662515413275528 0.0 0.002960701026974935 0.0 0.0 0.14378713255588665 2.252789641722788e-07 0.0 0.0 0.0779471711353452 0.005480710087909969 0.0 0.0 0.1054262616801804 0.005773679109648751 0.0 0.0 0.004139017110373815 0.0011596909960834996 0.0 0.0 0.057697268426808807 1.0089056159633254e-07 0.0 0.0 0.07245436750307932 0.004301291841393274 0.0 0.0 0.15846056106165862 0.031786726462252266 0.0 0.0 0.014738740666002371
0.0 0.0004590953631906263 0.0 0.0 0.0 0.00010051166295551606 0.0 0.0 0.0 6.787521838021173e-08 0.0 0.0 0.0 0.0007546200887496811 0.0 0.0 0.0 0.0 0.02374484218516207 0.0 0.0 0.0 0.026367941845950413 0.0 0.0 0.0 0.14109304332393813 0.0 0.0 0.0 0.09859811938027505 0.0 6.988407147892286e-05 0.0 0.0 0.023296192652753213 9.925051414187346e-15 0.0 0.0 0.0009856372537848637 0.0008615664708634317 0.0 0.0 0.015957718684909476 0.011492471371631311 0.0 0.0 0.010075265501911315 9.961050465676415e-05 0.0 0.0 0.01444705680588813 3.2371592772704e-14 0.0 0.0 0.0036042500288318035 0.002870088806745883 0.0 0.0 0.11874258196240854 0.05443937905623976 0.0 0.0 0.010990189350582076 0.0 0.0 0.0 0.0 0.0 1.3283073713392158e-07 0.0 0.0 0.0 2.2255367159609874e-12 0.0 0.0 0.0 2.2796314697792576e-07 0.0 0.0 0.0 0.0 0.0 0.0 0.0 0.0 0.010928049196699898 0.0 0.0 0.0 0.015714447566418984 0.0 0.0 0.0 0.1630050569685773 0.0 0.0 0.0 0.0 0.0 9.586388191244277e-14 0.0 0.0 8.718983844840099e-08 0.0007651842592185212 0.0 0.0 0.03404326343532014 0.01897628564241808 0.0 0.0 0.011272697394155656 0.0 0.0 0.0 0.0 4.703579967402441e-08 0.0 0.0 0.08224670612152356 0.004227068106318691 0.0 0.0 0.13160008137988732 0.06899263456455769 0.0 0.0 0.04833650538279298 0.0 0.01095101766250616 0.0 0.0 0.0 0.01653368379053641 0.0 0.0 0.0 1.508634722439823e-07 0.0 0.0 0.0 0.005542430077899363 0.0 0.0 0.0 0.0 1.1822035068933075e-07 0.0 0.0 0.0 3.5642983008329117e-07 0.0 0.0 0.0 1.1661653035767227e-06 0.0 0.0 0.0 1.1442474139467141e-07 0.0 6.39007407431934e-10 0.0 0.0 0.001350999798370504 5.99839578817452e-10 0.0 0.0 0.0001801452924671862 0.003920014731000114 0.0 0.0 0.07859799696982767 0.06020434042250017 0.0 0.0 0.023633481676446754 0.0003546942427952441 0.0 0.0 0.11157653260322949 2.074277183935444e-07 0.0 0.0 0.1696356512089975 0.009143349322885465 0.0 0.0 0.18786238907159475 0.13381730783565227 0.0 0.0 0.056327392686843905 0.0 0.27839383370962895 0.0 0.0 0.0 0.17301322544746714 0.0 0.0 0.0 1.5468481818212975e-06 0.0 0.0 0.0 0.07444094870739706 0.0 0.0 0.0 0.0 0.03899377560182971 0.0 0.0 0.0 0.027761170448566325 0.0 0.0 0.0 0.013522146755704728 0.0 0.0 0.0 0.002369391779445606 0.0 0.00015656908591311577 0.0 0.0 0.011169960291112247 3.8508720044347926e-08 0.0 0.0 0.03809664910763606 0.010556182441220236 0.0 0.0 0.07712269902488558 0.09718956853399167 0.0 0.0 0.03511659492733014 0.0006335364462627495 0.0 0.0 0.04335241436403175 6.722389379730302e-08 0.0 0.0 0.04065391638780048 0.0020204730915294716 0.0 0.0 0.05206865579630251 0.06097922365524916 0.0 0.0 0.00942933952067023
0.0 0.0010231017110917883 0.0 0.0 0.0 0.0009321371225632759 0.0 0.0 0.0 3.1955734556719564e-08 0.0 0.0 0.0 0.0017348629755030284 0.0 0.0 0.0 0.0 0.00533495740400932 0.0 0.0 0.0 0.0716724356577628 0.0 0.0 0.0 0.04768242609079865 0.0 0.0 0.0 0.14791102856627045 0.0 8.437769827155937e-11 0.0 0.0 2.49117978819816e-08 3.08216037056802e-10 0.0 0.0 0.0002721113665386268 0.0016412775008440436 0.0 0.0 0.01857333148196936 0.005535966325572926 0.0 0.0 0.0005437802593624339 0.00025486217223493634 0.0 0.0 0.06269934092705944 7.1947055790803845e-09 0.0 0.0 0.031091739166070328 0.006659533815717726 0.0 0.0 0.09872411718136327 0.10353469190952738 0.0 0.0 0.01798881880604806 0.0 7.996196032459601e-08 0.0 0.0 0.0 2.249654131115399e-07 0.0 0.0 0.0 1.746728058121021e-12 0.0 0.0 0.0 2.0657205980326412e-07 0.0 0.0 0.0 0.0 3.144885323299539e-08 0.0 0.0 0.0 0.011513926792996017 0.0 0.0 0.0 0.1392106625401968 0.0 0.0 0.0 0.0913095037579124 0.0 2.263942592003644e-09 0.0 0.0 0.005719963079340375 2.4268693869305277e-08 0.0 0.0 0.008867525898505034 0.0024856408235130866 0.0 0.0 0.07901784253353729 0.06422402785852098 0.0 0.0 0.021611776280397496 1.0215156695669363e-08 0.0 0.0 0.02893605663603228 1.4963367215330566e-07 0.0 0.0 0.11824272286186195 0.0028982967068827852 0.0 0.0 0.08829284984169312 0.13373195603889806 0.0 0.0 0.03568396554506653 0.0 0.011334395101565798 0.0 0.0 0.0 0.0025475892414068006 0.0 0.0 0.0 9.897043667449e-08 0.0 0.0 0.0 0.008775414155001847 0.0 0.0 0.0 0.0 4.911682932077453e-08 0.0 0.0 0.0 6.444550954565769e-13 0.0 0.0 0.0 6.98299451784863e-08 0.0 0.0 0.0 8.178641420058458e-08 0.0 0.0003296547107343818 0.0 0.0 0.015457139040275618 1.0944969261963403e-07 0.0 0.0 0.06396755134279584 0.0006135724184964948 0.0 0.0 0.006930161840631839 0.0707081234767823 0.0 0.0 0.014483007435110553 0.0015448619641547166 0.0 0.0 0.10995847448758223 5.683779881112888e-08 0.0 0.0 0.03745312394351805 0.006154070076665594 0.0 0.0 0.12492660128496634 0.13781656724595526 0.0 0.0 0.0454659547430201 0.0 0.2602432709442233 0.0 0.0 0.0 0.23283420786729228 0.0 0.0 0.0 6.980623757788151e-08 0.0 0.0 0.0 0.17476875598343586 0.0 0.0 0.0 0.0 0.021231454268987135 0.0 0.0 0.0 0.0908801211464154 0.0 0.0 0.0 0.004535528114666274 0.0 0.0 0.0 0.06863213615593176 0.0 0.0007449504488533327 0.0 0.0 0.058983814473667226 8.499560027427738e-08 0.0 0.0 0.04192250164739564 0.0028581341987349157 0.0 0.0 0.059250750755756115 0.10606064715862881 0.0 0.0 0.038031866587892496 0.0008157919054382961 0.0 0.0 0.03919829761697162 4.7363947390674326e-08 0.0 0.0 0.08489290384806089 8.113623611272113e-05 0.0 0.0 0.00258666809906348 0.04623432458730325 0.0 0.0 0.016802136395519682
0.0 0.0 0.0 0.0 0.0 0.0007445214996299558 0.0 0.0 0.0 6.63677006003083e-08 0.0 0.0 0.0 0.0018052068911212193 0.0 0.0 0.0 0.0 0.0 0.0 0.0 0.0 0.003771417986259307 0.0 0.0 0.0 0.1620331820080478 0.0 0.0 0.0 0.07045029010171734 0.0 0.0 0.0 0.0 0.0 2.4617358790957255e-19 0.0 0.0 1.3885573689131086e-08 0.0011574140028583035 0.0 0.0 0.047078071133301 0.015222224408851077 0.0 0.0 0.008948038404718613 0.0 0.0 0.0 0.0 4.2726141738569387e-13 0.0 0.0 0.027019825900110272 0.006597273341293547 0.0 0.0 0.16156334441080472 0.04137793499548664 0.0 0.0 0.01987520155810758 0.0 0.0 0.0 0.0 0.0 4.128285864348391e-08 0.0 0.0 0.0 5.717670190422721e-12 0.0 0.0 0.0 7.037426136765437e-08 0.0 0.0 0.0 0.0 0.0 0.0 0.0 0.0 0.0020165503162614083 0.0 0.0 0.0 0.04126802701536427 0.0 0.0 0.0 0.004585986711719872 0.0 0.0 0.0 0.0 0.0 5.2838650222742615e-19 0.0 0.0 1.200818137736928e-08 0.0028442766972356713 0.0 0.0 0.04220364494225581 9.107790795272842e-08 0.0 0.0 2.0215205600870365e-08 0.0 0.0 0.0 0.0 1.1585431238047248e-12 0.0 0.0 0.02951917566354053 0.008606592908150476 0.0 0.0 0.15736369260728 0.07337868819355385 0.0 0.0 0.016642481243352828 0.0 0.017835825425522932 0.0 0.0 0.0 0.009986800475938935 0.0 0.0 0.0 2.9224728047975657e-07 0.0 0.0 0.0 0.016594619281732073 0.0 0.0 0.0 0.0 5.2749741178803486e-08 0.0 0.0 0.0 1.4175640260216215e-07 0.0 0.0 0.0 1.1042921640594288e-06 0.0 0.0 0.0 1.8688646494848847e-07 0.0 1.8739337387876442e-08 0.0 0.0 0.041465541737652024 1.2742011259457813e-08 0.0 0.0 0.03296203442464894 0.0072303005682987365 0.0 0.0 0.10095241841814481 0.03776515014323735 0.0 0.0 0.017909247084248098 0.0015649340447771293 0.0 0.0 0.12834830293497232 9.891887741688421e-08 0.0 0.0 0.1778013665861243 0.015177335005473 0.0 0.0 0.318139459276646 0.16261130833844412 0.0 0.0 0.11201306025787887 0.0 0.2184190646705015 0.0 0.0 0.0 0.03713920078491802 0.0 0.0 0.0 1.0455461833402761e-06 0.0 0.0 0.0 0.1935298002918044 0.0 0.0 0.0 0.0 0.0724057090855615 0.0 0.0 0.0 0.039259934881863086 0.0 0.0 0.0 0.034212538702763695 0.0 0.0 0.0 0.0660515141687308 0.0 0.0007848082714451335 0.0 0.0 0.04221997105880062 4.70343003320635e-14 0.0 0.0 0.0023632146380646187 0.002364622065969958 0.0 0.0 0.0494031027972796 0.03430470788887414 0.0 0.0 0.009647551148151905 0.00020003370289212475 0.0 0.0 0.04439976447480507 3.161653706010267e-13 0.0 0.0 0.01584498751079254 7.29413386532563e-05 0.0 0.0 0.040088866637152186 0.08442900624705217 0.0 0.0 0.022002550791393006
0.0 0.0 0.0 0.0 0.0 0.006164283885565629 0.0 0.0 0.0 0.0 0.0 0.0 0.0 0.007272767148276118 0.0 0.0 0.0 0.0 0.0 0.0 0.0 0.0 0.12139124332001325 0.0 0.0 0.0 0.0 0.0 0.0 0.0 0.4455659680839117 0.0 0.0 0.0 0.0 0.0 1.4301268886078587e-13 0.0 0.0 0.006600848244515114 0.0 0.0 0.0 0.0 0.012913023847368796 0.0 0.0 0.0018736067379464274 0.0 0.0 0.0 0.0 4.086222289559042e-12 0.0 0.0 0.21992093147741232 0.0 0.0 0.0 0.0 0.32950005873142046 0.0 0.0 0.08806784278041524 0.0 4.240087204098433e-07 0.0 0.0 0.0 0.0 0.0 0.0 0.0 5.63450184586408e-12 0.0 0.0 0.0 0.0 0.0 0.0 0.0 0.0 0.006414594767818133 0.0 0.0 0.0 0.0 0.0 0.0 0.0 0.009495630985396367 0.0 0.0 0.0 0.0 0.0 5.0867458908016394e-14 0.0 0.0 2.2862383700968324e-12 0.0 0.0 0.0 0.0 0.004847898898987723 0.0 0.0 0.1165439993774974 0.0 0.0 0.0 0.0 0.002881868111324305 0.0 0.0 0.13233403588249423 0.0 0.0 0.0 0.0 0.009902106855679412 0.0 0.0 0.2841031321948872 0.0 0.0 0.0 0.0 0.0 0.0 0.0 0.0 0.0 0.009745941867648872 0.0 0.0 0.0 0.0 0.0 0.0 0.0 0.00964993029643603 0.0 0.0 0.0 0.0 0.0 0.0 0.0 0.0 6.549588089930188e-07 0.0 0.0 0.0 0.0 0.0 0.0 0.0 4.2208553915707036e-07 0.0 0.0 0.0 0.0 0.0 9.583824854624786e-09 0.0 0.0 0.009402311156482563 0.0 0.0 0.0 0.0 0.005853271308379688 0.0 0.0 0.0013647546618607933 0.0 0.0 0.0 0.0 4.144263008220859e-07 0.0 0.0 0.19329705216597515 0.0 0.0 0.0 0.0 0.23686925656845417 0.0 0.0 0.06493194131789211 0.0 0.5669567873952046 0.0 0.0 0.0 0.0 0.0 0.0 0.0 1.0770387136482432e-06 0.0 0.0 0.0 0.0 0.0 0.0 0.0 0.0 0.01497288406215522 0.0 0.0 0.0 0.0 0.0 0.0 0.0 0.007124715725151529 0.0 0.0 0.0 0.0 0.0 0.008769440670542156 0.0 0.0 0.37264545960078266 0.0 0.0 0.0 0.0 0.003551918108693151 0.0 0.0 0.06897347466662501 0.0 0.0 0.0 0.0 0.0017857422519244176 0.0 0.0 0.13250933750777114 0.0 0.0 0.0 0.0 0.0010939483007246149 0.0 0.0 0.025478058239612675 0.0 0.0 0.0 0.0
0.0 0.0029651208118982426 0.0 0.0 0.0 0.0038181649049301293 0.0 0.0 0.0 1.0145568306479656e-07 0.0 0.0 0.0 0.004372913158550293 0.0 0.0 0.0 0.0 7.968136563058309e-09 0.0 0.0 0.0 0.12514275056718668 0.0 0.0 0.0 0.18855554923691054 0.0 0.0 0.0 0.1923818291528265 0.0 0.00020094271438574993 0.0 0.0 0.007313285343174918 3.662367357102494e-08 0.0 0.0 0.02153383589806338 0.0012583456102917517 0.0 0.0 0.04630142883805645 0.019196064946148717 0.0 0.0 0.005000577945122915 0.0009039819369077991 0.0 0.0 0.036886419759252546 1.2273939939418085e-07 0.0 0.0 0.13912364046928175 0.006304038351198653 0.0 0.0 0.2402781218454178 0.10598760964099858 0.0 0.0 0.059219073426399656 0.0 1.2199043298050117e-07 0.0 0.0 0.0 0.0 0.0 0.0 0.0 4.121473458286786e-12 0.0 0.0 0.0 2.2989316408048885e-07 0.0 0.0 0.0 0.0 0.008619152708854218 0.0 0.0 0.0 0.0 0.0 0.0 0.0 0.04932346380885044 0.0 0.0 0.0 0.031080987180737783 0.0 0.00273010913096174 0.0 0.0 0.037429336045413805 0.0 0.0 0.0 0.0 0.0029588323338162396 0.0 0.0 0.12981566066009148 0.04249084605538958 0.0 0.0 0.019506419966696744 0.0002350267007156681 0.0 0.0 0.047525770491133226 0.0 0.0 0.0 0.0 0.00573109053169854 0.0 0.0 0.19832902093146845 0.1507683682298786 0.0 0.0 0.04577169987666821 0.0 0.031820151072408105 0.0 0.0 0.0 0.009130387154287125 0.0 0.0 0.0 1.7732647206351315e-07 0.0 0.0 0.0 0.02042419710113605 0.0 0.0 0.0 0.0 7.795676303971529e-08 0.0 0.0 0.0 1.3009028191865906e-06 0.0 0.0 0.0 3.130183889960426e-08 0.0 0.0 0.0 1.6461254125788783e-07 0.0 5.6595353379748865e-09 0.0 0.0 0.021783130769185664 3.619785549847211e-08 0.0 0.0 0.07183494289157945 0.00942870389408945 0.0 0.0 0.09031044386314249 0.02788010140514963 0.0 0.0 0.018731500649915578 0.0031612502640266304 0.0 0.0 0.1845841769468603 8.876771512954632e-08 0.0 0.0 0.1603820367545228 0.03330117254832106 0.0 0.0 0.25311753933618253 0.26165538633206853 0.0 0.0 0.1057364767029913 0.0 0.4766780684196535 0.0 0.0 0.0 0.06816265712280944 0.0 0.0 0.0 1.29598768578203e-06 0.0 0.0 0.0 0.20871369342683138 0.0 0.0 0.0 0.0 0.09218528411458396 0.0 0.0 0.0 0.09811999709326484 0.0 0.0 0.0 0.002089820982853297 0.0 0.0 0.0 0.04111593138897971 0.0 0.003989735641196229 0.0 0.0 0.19537681069798554 3.222383321182552e-09 0.0 0.0 0.001570809496877888 0.0008735285436622931 0.0 0.0 0.01484336034769041 0.039644737369201107 0.0 0.0 0.008279927016088411 0.0010066197627940027 0.0 0.0 0.09961913497139163 1.2564402469967031e-08 0.0 0.0 0.025225554635285398 0.0015192008412253622 0.0 0.0 0.028942551830638687 0.10593260097814527 0.0 0.0 0.030740936624556632
0.0 0.0012751937839565652 0.0 0.0 0.0 0.0017540232592258246 0.0 0.0 0.0 3.071938155275996e-08 0.0 0.0 0.0 0.0 0.0 0.0 0.0 0.0 0.0022303138154525885 0.0 0.0 0.0 0.10982887092449112 0.0 0.0 0.0 0.0060419880945338554 0.0 0.0 0.0 0.0 0.0 3.4289331170124857e-15 0.0 0.0 7.163350500838929e-09 8.417923278844725e-14 0.0 0.0 0.0032629913760298 0.00011158652007610361 0.0 0.0 0.0021187428318190033 0.0 0.0 0.0 0.0 1.1768906670362497e-08 0.0 0.0 0.027565114684742084 1.6421802793760897e-12 0.0 0.0 0.07157796173699799 0.00559702004846245 0.0 0.0 0.07934255543496255 0.0 0.0 0.0 0.0 0.0 1.1403431157923214e-07 0.0 0.0 0.0 6.899160041308209e-08 0.0 0.0 0.0 1.622780567896493e-11 0.0 0.0 0.0 1.5418000100674204e-07 0.0 0.0 0.0 0.0 0.0013002295612600996 0.0 0.0 0.0 0.0021299384802434167 0.0 0.0 0.0 0.09734228547260161 0.0 0.0 0.0 0.004865266750853415 0.0 1.8290705024155122e-14 0.0 0.0 6.649438099472576e-13 2.393294943854921e-14 0.0 0.0 1.1787093590742863e-08 0.006644195652831615 0.0 0.0 0.11058488085905332 0.0015243568396160574 0.0 0.0 0.0006055816414503968 0.0007129113799878629 0.0 0.0 0.02905738624016905 5.241191979667686e-08 0.0 0.0 0.02894056954553069 0.03356062069640739 0.0 0.0 0.777199177444469 0.05997732490054916 0.0 0.0 0.026239239336765533 0.0 0.010656951017882494 0.0 0.0 0.0 0.038512618086743666 0.0 0.0 0.0 1.781533289010991e-07 0.0 0.0 0.0 0.001962761814426536 0.0 0.0 0.0 0.0 2.270022379227929e-08 0.0 0.0 0.0 7.431168631998187e-08 0.0 0.0 0.0 9.081536165521917e-08 0.0 0.0 0.0 1.2840812636115096e-12 0.0 0.00012671445869280194 0.0 0.0 0.003965665037820461 1.4887612375176521e-08 0.0 0.0 0.06722814193094152 2.336488495129141e-05 0.0 0.0 0.023649834865618617 0.007382358230575287 0.0 0.0 0.0010082700857716829 0.0018062394093091004 0.0 0.0 0.10772697224171873 2.699199393610009e-07 0.0 0.0 0.7331661937061966 0.0066495016752818594 0.0 0.0 0.2803834417695762 0.09878655576775165 0.0 0.0 0.015142618965838166 0.0 0.10616891399832692 0.0 0.0 0.0 0.06150168174016521 0.0 0.0 0.0 0.0 0.0 0.0 0.0 0.0 0.0 0.0 0.0 0.0 0.001962761814426536 0.0 0.0 0.0 1.5418000100674204e-07 0.0 0.0 0.0 0.0 0.0 0.0 0.0 0.0 0.0 3.4128733081529314e-14 0.0 0.0 1.2499525305299807e-12 1.0791143873924541e-13 0.0 0.0 0.004865266750745504 0.0 0.0 0.0 0.0 0.0 0.0 0.0 0.0 0.00038337074561165847 0.0 0.0 0.015767518305998193 5.545689941364109e-13 0.0 0.0 0.02684482097766136 0.0 0.0 0.0 0.0 0.0 0.0 0.0 0.0
0.0 0.0 0.0 0.0 0.0 0.0 0.0 0.0 0.0 4.964434865890263e-08 0.0 0.0 0.0 0.004127967838623214 0.0 0.0 0.0 0.0 0.0 0.0 0.0 0.0 0.0 0.0 0.0 0.0 0.012871313367396482 0.0 0.0 0.0 0.10015093593580576 0.0 0.0 0.0 0.0 0.0 0.0 0.0 0.0 0.0 2.0272093320637054e-09 0.0 0.0 2.9535218701995624e-08 0.002508478353963246 0.0 0.0 0.0026795618368071206 0.0 0.0 0.0 0.0 0.0 0.0 0.0 0.0 0.005984533869971847 0.0 0.0 0.08737531196354852 0.09035364543723143 0.0 0.0 0.04805230488218752 0.0 0.0 0.0 0.0 0.0 2.0219343947884985e-08 0.0 0.0 0.0 3.170292198111911e-12 0.0 0.0 0.0 1.4603564275205977e-07 0.0 0.0 0.0 0.0 0.0 0.0 0.0 0.0 0.03538822066272907 0.0 0.0 0.0 0.05326649613411326 0.0 0.0 0.0 0.15944008160111786 0.0 0.0 0.0 0.0 0.0 2.643585362974883e-09 0.0 0.0 0.024727197732301597 0.0009630099009339508 0.0 0.0 0.0252714977156591 0.027758521013042225 0.0 0.0 0.008640823363729977 0.0 0.0 0.0 0.0 1.2369300687906591e-08 0.0 0.0 0.0107053733112017 0.004383638467717979 0.0 0.0 0.1639882520630236 0.06463087762416113 0.0 0.0 0.02281285811615549 0.0 0.0067970651353499245 0.0 0.0 0.0 0.0015224592913668103 0.0 0.0 0.0 2.457412682877037e-07 0.0 0.0 0.0 0.041485548763682205 0.0 0.0 0.0 0.0 3.172881460324772e-08 0.0 0.0 0.0 6.836720266461486e-07 0.0 0.0 0.0 3.150247579090255e-07 0.0 0.0 0.0 1.3487721484615151e-05 0.0 7.591468158605982e-09 0.0 0.0 0.007395964526431455 8.230012921731054e-14 0.0 0.0 0.004620672582525965 0.0014139924035133705 0.0 0.0 0.07565957592535398 0.015531757556879619 0.0 0.0 0.023230720996569084 0.00026148807121258557 0.0 0.0 0.09177668335441679 4.649444468341607e-13 0.0 0.0 0.029266597922764516 0.013222130207787113 0.0 0.0 0.29921828885886215 0.28529977798858974 0.0 0.0 0.20100532248049371 0.0 0.10622518416785233 0.0 0.0 0.0 0.24247122271935337 0.0 0.0 0.0 1.4222758296534768e-05 0.0 0.0 0.0 0.18090644705198694 0.0 0.0 0.0 0.0 0.005188040024383798 0.0 0.0 0.0 0.04346717361491193 0.0 0.0 0.0 0.06171456705655627 0.0 0.0 0.0 0.11615028546730295 0.0 0.0035710793346645396 0.0 0.0 0.10385659179345613 4.834254568406886e-08 0.0 0.0 0.09169754704874673 0.004969391859015776 0.0 0.0 0.11360128476094726 0.010807712401345643 0.0 0.0 0.03831220661327934 0.00029544248562659025 0.0 0.0 0.028736556478634944 1.0290176735697617e-07 0.0 0.0 0.08269928047268016 0.018868620195517855 0.0 0.0 0.1549360480619782 0.05129627992236045 0.0 0.0 0.027452030174498886
0.0 0.015071426229095663 0.0 0.0 0.0 0.005575138499986736 0.0 0.0 0.0 8.423615771095353e-08 0.0 0.0 0.0 0.001216025766459837 0.0 0.0 0.0 0.0 0.10445629782335435 0.0 0.0 0.0 0.08288694807041598 0.0 0.0 0.0 0.08462592535824857 0.0 0.0 0.0 0.06474733170946573 0.0 0.0023487321314244604 0.0 0.0 0.03475670155273189 1.0040269316968597e-08 0.0 0.0 0.005565701157684493 0.002505211142672542 0.0 0.0 0.043124336739524385 0.026731883043610613 0.0 0.0 0.00791180469675061 0.005562343928149145 0.0 0.0 0.24650139812928848 2.8882580102519117e-07 0.0 0.0 0.1920597432616733 0.018157596455192677 0.0 0.0 0.260283745862248 0.05176011839856665 0.0 0.0 0.011111596302763992 0.0 3.2739887424930183e-07 0.0 0.0 0.0 1.3037168097676338e-07 0.0 0.0 0.0 3.6718729527613776e-12 0.0 0.0 0.0 1.8667463119147922e-07 0.0 0.0 0.0 0.0 0.002420804411614582 0.0 0.0 0.0 0.03717284347209036 0.0 0.0 0.0 0.037607028846909266 0.0 0.0 0.0 0.0647027119684621 0.0 0.00015717882811762884 0.0 0.0 0.005047431244272762 2.358089827219224e-13 0.0 0.0 2.0113775309756868e-07 4.098597727209557e-08 0.0 0.0 0.04243717620482476 0.06103173500535965 0.0 0.0 0.014582461788105279 0.0046632269401790435 0.0 0.0 0.11032010111515497 7.81063082981309e-08 0.0 0.0 0.08543581685014465 0.0034883802795646285 0.0 0.0 0.20255520353488304 0.10968604681032901 0.0 0.0 0.0360846876089436 0.0 0.01805520300362496 0.0 0.0 0.0 0.01074626940296731 0.0 0.0 0.0 2.1170010607827972e-07 0.0 0.0 0.0 0.00786228385253106 0.0 0.0 0.0 0.0 6.308026493011583e-08 0.0 0.0 0.0 8.97703348635826e-08 0.0 0.0 0.0 7.824243160950325e-08 0.0 0.0 0.0 1.3339374053804731e-06 0.0 0.0017509226227700003 0.0 0.0 0.07556536558922844 6.827575286000893e-08 0.0 0.0 0.028099410731576836 0.00023578815259993002 0.0 0.0 0.009184924153825024 0.012331395833698577 0.0 0.0 0.0034448385959939183 0.0035492558836911457 0.0 0.0 0.18716701967625124 1.532726203846149e-07 0.0 0.0 0.16550245844376973 0.010633530942718685 0.0 0.0 0.3477726766229583 0.1804709213838932 0.0 0.0 0.04110736627290413 0.0 0.3035895463298897 0.0 0.0 0.0 0.15521492794037864 0.0 0.0 0.0 1.2690905011214889e-06 0.0 0.0 0.0 0.049476114547525096 0.0 0.0 0.0 0.0 0.016067215189434464 0.0 0.0 0.0 0.004839763882308716 0.0 0.0 0.0 0.008379681507856144 0.0 0.0 0.0 0.0324641584180318 0.0 0.0018473030745145575 0.0 0.0 0.061225408983742034 1.217181281952252e-08 0.0 0.0 0.041743409969243264 2.753457898500471e-05 0.0 0.0 0.0004617848433330548 0.025430937691752097 0.0 0.0 0.036572813010509894 0.001983711322853966 0.0 0.0 0.06485340487301343 4.693760366048542e-08 0.0 0.0 0.04341997897507928 0.0016158854215186664 0.0 0.0 0.030383534537210353 0.01248466144896545 0.0 0.0 0.0070500748008331905
0.0 0.009898244825852638 0.0 0.0 0.0 0.0013376304000655235 0.0 0.0 0.0 1.7806061515097332e-08 0.0 0.0 0.0 0.0032047013000481043 0.0 0.0 0.0 0.0 0.013906846707172252 0.0 0.0 0.0 0.07104283704768403 0.0 0.0 0.0 0.06662886731776649 0.0 0.0 0.0 0.06127357877248123 0.0 0.0005259658335078332 0.0 0.0 0.021508892154430144 1.1888775451812616e-08 0.0 0.0 0.00816338086973656 0.00032761735815535736 0.0 0.0 0.0046170839162207235 0.025701503188221543 0.0 0.0 0.007948074309635728 0.005902203516760573 0.0 0.0 0.15663570575388713 4.2939223991317016e-08 0.0 0.0 0.038529159021149034 0.003252944637191856 0.0 0.0 0.044246531131238685 0.10732353161635165 0.0 0.0 0.03269473514653094 0.0 2.780442779914015e-08 0.0 0.0 0.0 2.4736372591608617e-07 0.0 0.0 0.0 6.19123439031089e-12 0.0 0.0 0.0 1.2460779322251862e-07 0.0 0.0 0.0 0.0 0.018052638152989315 0.0 0.0 0.0 0.03751831243041387 0.0 0.0 0.0 0.049501405473736784 0.0 0.0 0.0 0.07164092845256315 0.0 4.906112075793296e-05 0.0 0.0 0.000855107457140311 2.2556456843041523e-08 0.0 0.0 0.039318110897009206 0.0024391924936113265 0.0 0.0 0.04877544011098468 0.03796781996546692 0.0 0.0 0.009686794136579673 0.0005263308187553922 0.0 0.0 0.010285100187587902 1.1825519447263722e-07 0.0 0.0 0.13154104728881025 0.010503645556009052 0.0 0.0 0.2162312373177121 0.06734890967595389 0.0 0.0 0.0217332819532537 0.0 0.005100249055105968 0.0 0.0 0.0 0.006792566139097959 0.0 0.0 0.0 8.245508289071864e-08 0.0 0.0 0.0 0.009667123202932592 0.0 0.0 0.0 0.0 1.8562658239970385e-08 0.0 0.0 0.0 1.3506700389551758e-08 0.0 0.0 0.0 3.934337132309437e-08 0.0 0.0 0.0 2.8854605687589774e-08 0.0 0.002364473505578094 0.0 0.0 0.04505859720635698 3.187217133829782e-09 0.0 0.0 0.025993846531077745 0.0011026696920111506 0.0 0.0 0.04012891059086205 0.0010885558740257582 0.0 0.0 0.00039325554774570005 0.0026624122369206162 0.0 0.0 0.06388731160001472 8.813285032736439e-08 0.0 0.0 0.11605481021134967 0.003933951115240668 0.0 0.0 0.13344394005338386 0.11156653954261714 0.0 0.0 0.05589409022802503 0.0 0.19785360815971756 0.0 0.0 0.0 0.16366961237116562 0.0 0.0 0.0 0.0 0.0 0.0 0.0 0.10229542204999312 0.0 0.0 0.0 0.0 0.03683302609586353 0.0 0.0 0.0 0.023778685979261634 0.0 0.0 0.0 0.0 0.0 0.0 0.0 0.05444389649062776 0.0 0.00195430216320886 0.0 0.0 0.05682542270227678 1.0465089524095869e-08 0.0 0.0 0.027532120332122764 0.0 0.0 0.0 0.0 0.06360944036584086 0.0 0.0 0.012034143941270193 0.00045584513653848134 0.0 0.0 0.03352871670063991 5.988251571171615e-08 0.0 0.0 0.052933900844772605 0.0 0.0 0.0 0.0 0.05220263214194661 0.0 0.0 0.01309712042690793
0.0 0.01568016541049753 0.0 0.0 0.0 0.002371888245985687 0.0 0.0 0.0 1.1418834311365596e-07 0.0 0.0 0.0 0.0017414112216970726 0.0 0.0 0.0 0.0 0.023742096797824533 0.0 0.0 0.0 0.10756534866263959 0.0 0.0 0.0 0.060207100120878904 0.0 0.0 0.0 0.09126689645257072 0.0 0.00012204073857470694 0.0 0.0 0.007317389298941002 7.142085445895415e-14 0.0 0.0 0.0009943623415569027 0.0004687696024649255 0.0 0.0 0.015059832071250327 0.0016330689528820765 0.0 0.0 0.001025435667822785 0.0062876669040481566 0.0 0.0 0.3139800728972566 2.1270902232559914e-08 0.0 0.0 0.09885662636292558 0.018417278475939595 0.0 0.0 0.3778704610303064 0.044983931985506515 0.0 0.0 0.01669044088258192 0.0 3.60693005621693e-08 0.0 0.0 0.0 2.862479471342552e-07 0.0 0.0 0.0 6.882834779097497e-12 0.0 0.0 0.0 1.4408318150356149e-07 0.0 0.0 0.0 0.0 1.4753798516270672e-08 0.0 0.0 0.0 0.09794891658939635 0.0 0.0 0.0 0.08470191165682538 0.0 0.0 0.0 0.0368799086377879 0.0 0.0011508590189831585 0.0 0.0 0.04006344044495757 1.4353403971729269e-08 0.0 0.0 0.01311859696489509 0.005791052504093139 0.0 0.0 0.13990848540645742 0.018385693949196914 0.0 0.0 0.0038422308000759364 0.000280611071125609 0.0 0.0 0.010952100362854954 2.1056396135262037e-07 0.0 0.0 0.15116728388549786 0.009171808163713218 0.0 0.0 0.38979148291427246 0.12077086261766799 0.0 0.0 0.02990940679617119 0.0 0.037615263769855675 0.0 0.0 0.0 0.018622585800487593 0.0 0.0 0.0 3.9463145891835426e-07 0.0 0.0 0.0 0.011662130462854293 0.0 0.0 0.0 0.0 1.9185313691269392e-07 0.0 0.0 0.0 2.9875773963938786e-07 0.0 0.0 0.0 1.0955146826376197e-07 0.0 0.0 0.0 1.21980148388754e-07 0.0 0.00023114405535636873 0.0 0.0 0.08551652094764545 4.069613366297919e-10 0.0 0.0 0.010107299475188167 0.0007095479984474436 0.0 0.0 0.051560102281725334 0.005321673272178485 0.0 0.0 0.0016371953194240785 0.01129063074706896 0.0 0.0 0.3898168658371403 1.0979087902628628e-07 0.0 0.0 0.33839913781588676 0.023626005083708067 0.0 0.0 0.6059156428264566 0.2363848896844865 0.0 0.0 0.05967635960703042 0.0 0.22948601285356054 0.0 0.0 0.0 0.19853599134338773 0.0 0.0 0.0 8.800383643179041e-08 0.0 0.0 0.0 0.09936379878651896 0.0 0.0 0.0 0.0 0.002878610022602696 0.0 0.0 0.0 0.01674580943228763 0.0 0.0 0.0 0.00022685341243733226 0.0 0.0 0.0 0.09291621168692417 0.0 0.0012702674381347683 0.0 0.0 0.04147400507169264 5.8787050993258215e-08 0.0 0.0 0.03175439115700129 0.006954734136725875 0.0 0.0 0.04132955211437237 0.08363062890436733 0.0 0.0 0.01464950114808591 0.0005918291833404429 0.0 0.0 0.038981645756791 5.1234081700826786e-08 0.0 0.0 0.06764606837231293 0.0005136391067395694 0.0 0.0 0.003422194946908811 0.016275141621017793 0.0 0.0 0.007847088179208128
0.0 0.008261230982316282 0.0 0.0 0.0 0.004750911471662599 0.0 0.0 0.0 9.479798975868273e-08 0.0 0.0 0.0 0.004333668040377639 0.0 0.0 0.0 0.0 0.01003000141857167 0.0 0.0 0.0 0.06075852111987306 0.0 0.0 0.0 0.07266560864561292 0.0 0.0 0.0 0.06331424208161894 0.0 4.456749769985881e-06 0.0 0.0 0.002204241305650626 1.4926070239312225e-08 0.0 0.0 0.041469067994521686 0.0003075575912741821 0.0 0.0 0.005535598530460406 0.031344377619582434 0.0 0.0 0.004471051108702422 0.004090767834159268 0.0 0.0 0.12272581935575957 1.6910410724869218e-07 0.0 0.0 0.13854884479414406 0.010656675204730246 0.0 0.0 0.2545730064044631 0.06718922252517169 0.0 0.0 0.025769462152850017 0.0 1.8670593808604327e-07 0.0 0.0 0.0 4.3897362809950514e-07 0.0 0.0 0.0 4.6497012753671125e-12 0.0 0.0 0.0 1.2366706454409485e-07 0.0 0.0 0.0 0.0 0.030341991230587714 0.0 0.0 0.0 0.11456362688097592 0.0 0.0 0.0 0.020069361508071048 0.0 0.0 0.0 0.0856822752987779 0.0 3.9423947279568546e-05 0.0 0.0 0.0013689579263125712 3.2312639025519296e-08 0.0 0.0 0.022863752477052312 0.0060288743822563265 0.0 0.0 0.1488438981335261 0.0550493462803046 0.0 0.0 0.020988724152523505 0.0026494331627898698 0.0 0.0 0.06381101879124379 2.4391319476871904e-07 0.0 0.0 0.25541595249911614 0.010693767138376872 0.0 0.0 0.256313651771802 0.10494682670640022 0.0 0.0 0.02796573918738397 0.0 0.028087091902147927 0.0 0.0 0.0 0.012451502293902522 0.0 0.0 0.0 3.214268185713559e-07 0.0 0.0 0.0 0.015586377997124756 0.0 0.0 0.0 0.0 7.645879083109166e-08 0.0 0.0 0.0 9.781555586344773e-08 0.0 0.0 0.0 2.2646684428024818e-07 0.0 0.0 0.0 4.590302360671747e-07 0.0 1.1272448005615961e-08 0.0 0.0 0.012778900616810553 3.0274369938805086e-09 0.0 0.0 0.006218342718061443 0.0039011305677501855 0.0 0.0 0.06293136527195896 0.041244502028914456 0.0 0.0 0.007607154090852883 0.006038472372103547 0.0 0.0 0.24772848267015385 1.963970696049023e-07 0.0 0.0 0.22685738715835257 0.024251461894138637 0.0 0.0 0.49818156495739885 0.21462249671143632 0.0 0.0 0.06467755131596603 0.0 0.17041986367527426 0.0 0.0 0.0 0.23345448682224165 0.0 0.0 0.0 3.611585245726636e-07 0.0 0.0 0.0 0.2119122820202794 0.0 0.0 0.0 0.0 0.04496429671808177 0.0 0.0 0.0 0.07986086030116414 0.0 0.0 0.0 0.03221548960247644 0.0 0.0 0.0 0.07479180510312396 0.0 0.003909841465094271 0.0 0.0 0.1386364695639828 3.146332866398444e-08 0.0 0.0 0.008554359290481952 3.927423847487834e-06 0.0 0.0 0.00020381033642513101 0.04692327857557898 0.0 0.0 0.0255570633950176 0.0006134984887017628 0.0 0.0 0.034300077145471446 1.2592677358563356e-07 0.0 0.0 0.07097418325261629 0.0002818772206484109 0.0 0.0 0.016400040140153744 0.05446694322893121 0.0 0.0 0.028298180615750998
0.0 0.01667943523987033 0.0 0.0 0.0 0.00600562984046843 0.0 0.0 0.0 1.05180506113712e-07 0.0 0.0 0.0 0.005069872514277513 0.0 0.0 0.0 0.0 0.018964348278747753 0.0 0.0 0.0 0.06885231125189947 0.0 0.0 0.0 0.1339635874926696 0.0 0.0 0.0 0.05290424412261994 0.0 0.00029736437913024493 0.0 0.0 0.004642774354821499 1.174678092676029e-08 0.0 0.0 0.0077085618692506385 0.002271944859387843 0.0 0.0 0.047711377666903844 0.002592482155868579 0.0 0.0 0.00044592812275998073 0.008312393742700552 0.0 0.0 0.28979688111000085 2.391138356091674e-07 0.0 0.0 0.18086128837075371 0.013924389407103596 0.0 0.0 0.3666172572355476 0.06156989946699948 0.0 0.0 0.0655804608981807 0.0 3.9902255175649367e-07 0.0 0.0 0.0 7.447129944139433e-08 0.0 0.0 0.0 2.394317844679143e-12 0.0 0.0 0.0 2.0977053738949568e-07 0.0 0.0 0.0 0.0 0.003093581645150364 0.0 0.0 0.0 0.001376706143628395 0.0 0.0 0.0 0.025276813985767352 0.0 0.0 0.0 0.010843690634220804 0.0 0.00020429072587208874 0.0 0.0 0.0055794654185979745 6.398357770287911e-08 0.0 0.0 0.031180159928786467 0.0015499871208223906 0.0 0.0 0.028960280715858926 0.007905898674532126 0.0 0.0 0.003704204494933832 0.0031851891940557083 0.0 0.0 0.13846738381833715 1.5098650657347125e-07 0.0 0.0 0.04270799939848396 0.005474025203185886 0.0 0.0 0.12690178025267732 0.08230708768960426 0.0 0.0 0.04576921856073661 0.0 0.04773734475669415 0.0 0.0 0.0 0.006376130107323162 0.0 0.0 0.0 2.676862229157593e-07 0.0 0.0 0.0 0.009128438369841176 0.0 0.0 0.0 0.0 1.3431098728231325e-07 0.0 0.0 0.0 1.425704982176826e-06 0.0 0.0 0.0 9.43650001079897e-07 0.0 0.0 0.0 7.838265576018138e-07 0.0 0.002859496854186923 0.0 0.0 0.075120626130101 4.3548158947341446e-08 0.0 0.0 0.02912964655859086 0.0054936795864598 0.0 0.0 0.05154796190464971 0.0030666087145782305 0.0 0.0 0.0007640722343882409 0.011996338096388628 0.0 0.0 0.38914214423761934 1.282376969706605e-07 0.0 0.0 0.11502293566781287 0.0319435790227512 0.0 0.0 0.3249719201674688 0.11076395002669455 0.0 0.0 0.06443903410864635 0.0 0.21026731212682054 0.0 0.0 0.0 0.021346399314218688 0.0 0.0 0.0 2.914623404793534e-06 0.0 0.0 0.0 0.04004595786040459 0.0 0.0 0.0 0.0 0.04361238092001814 0.0 0.0 0.0 4.5649846243858005e-08 0.0 0.0 0.0 0.008740790402675691 0.0 0.0 0.0 1.3721747017871097e-07 0.0 0.0004947835121717762 0.0 0.0 0.03858737335569833 1.707713529050575e-13 0.0 0.0 0.006862558675286422 0.0003225099888488078 0.0 0.0 0.015204214150617214 0.0018658703780286528 0.0 0.0 0.0004115119676884202 0.0004051862706164695 0.0 0.0 0.045326160919945915 2.0915973734269827e-13 0.0 0.0 0.009423573816409979 0.002262065731521868 0.0 0.0 0.08636523747135533 0.026663739775520695 0.0 0.0 0.00627793771316999
0.0 0.0029152076699669217 0.0 0.0 0.0 0.0016736313105587786 0.0 0.0 0.0 3.940714428047394e-08 0.0 0.0 0.0 8.084543465663325e-05 0.0 0.0 0.0 0.0 0.04692101303637837 0.0 0.0 0.0 0.04813776425027875 0.0 0.0 0.0 0.06241580861571936 0.0 0.0 0.0 0.02727745986162037 0.0 4.33462032921749e-05 0.0 0.0 0.055459095123798895 2.6168847987086005e-13 0.0 0.0 0.006442305576234894 0.0014470152382961043 0.0 0.0 0.03693531203067793 8.44745348114734e-09 0.0 0.0 3.4791152252969355e-09 0.0008535602693114122 0.0 0.0 0.04656200634027832 2.7795708729383413e-12 0.0 0.0 0.06594968177430721 0.002655683112785982 0.0 0.0 0.0798512159670077 0.0021840413720554774 0.0 0.0 0.0010084871337040391 0.0 0.0 0.0 0.0 0.0 1.346257334482999e-07 0.0 0.0 0.0 8.801421543666625e-12 0.0 0.0 0.0 1.705056966536728e-07 0.0 0.0 0.0 0.0 0.0 0.0 0.0 0.0 0.004369188554243945 0.0 0.0 0.0 0.11330202772997491 0.0 0.0 0.0 0.04984500476303722 0.0 0.0 0.0 0.0 0.0 1.6486457308541797e-18 0.0 0.0 1.3100597826759152e-12 0.0025850109089019346 0.0 0.0 0.0733086137419057 0.02080803275877141 0.0 0.0 0.007635078043936696 0.0 0.0 0.0 0.0 6.399877598339316e-08 0.0 0.0 0.05673230427714702 0.017719391952845987 0.0 0.0 0.3124493330438589 0.08084347037453796 0.0 0.0 0.02417331792565142 0.0 0.0022972119931492937 0.0 0.0 0.0 0.0133527663749769 0.0 0.0 0.0 1.2908077827527063e-07 0.0 0.0 0.0 0.02057320958643573 0.0 0.0 0.0 0.0 2.8434114777990134e-13 0.0 0.0 0.0 2.601318271717281e-07 0.0 0.0 0.0 1.0368191478707347e-08 0.0 0.0 0.0 1.4651778487391346e-06 0.0 3.473098224666995e-05 0.0 0.0 0.00043130617121999284 8.44023871846411e-09 0.0 0.0 0.05117582187190543 0.003424850627328692 0.0 0.0 0.0720787645942026 0.06248446933701163 0.0 0.0 0.015125394933420582 0.0018620559172663126 0.0 0.0 0.025925540664438605 2.1357757814085055e-07 0.0 0.0 0.24097938688952592 0.006065632295286164 0.0 0.0 0.13228653313444938 0.2113544499814436 0.0 0.0 0.11817285118431292 0.0 0.17073437903045816 0.0 0.0 0.0 0.15248968873598695 0.0 0.0 0.0 1.5671814277534302e-06 0.0 0.0 0.0 0.11684426462204348 0.0 0.0 0.0 0.0 0.04934588011018581 0.0 0.0 0.0 0.051829522518475925 0.0 0.0 0.0 0.02903750024368856 0.0 0.0 0.0 0.007285579495996132 0.0 0.0007005314576363508 0.0 0.0 0.021561877254360505 3.2318916876704675e-09 0.0 0.0 0.010623882953306067 4.656818722679764e-09 0.0 0.0 8.27327653755229e-08 0.02231195955956495 0.0 0.0 0.006092307809095536 0.0007094618391070308 0.0 0.0 0.0319054818656992 1.5888705732136623e-08 0.0 0.0 0.060014498229080664 0.0023257282430766153 0.0 0.0 0.029736808399433438 0.04534814070612359 0.0 0.0 0.01597366790741291
0.0 0.008820674843385647 0.0 0.0 0.0 0.001301876571153735 0.0 0.0 0.0 9.063659465712689e-08 0.0 0.0 0.0 0.004656988899464467 0.0 0.0 0.0 0.0 0.04712787381824775 0.0 0.0 0.0 0.10764141534226798 0.0 0.0 0.0 0.02299485170757586 0.0 0.0 0.0 0.17565000676932352 0.0 7.770966328357076e-09 0.0 0.0 0.018207881580931118 6.368640923440523e-13 0.0 0.0 0.03247955871633086 0.0007131164461958044 0.0 0.0 0.011743545033369005 0.03552082054154848 0.0 0.0 0.017792977836257096 0.0020824720552134702 0.0 0.0 0.16851207013589758 7.416458047286405e-13 0.0 0.0 0.05437793353258236 0.017120792402674282 0.0 0.0 0.29007897606008903 0.14104957201262455 0.0 0.0 0.0658813983091372 0.0 1.5459895932648596e-08 0.0 0.0 0.0 0.0 0.0 0.0 0.0 2.982351144031232e-12 0.0 0.0 0.0 1.833059251090978e-07 0.0 0.0 0.0 0.0 0.007542059523407001 0.0 0.0 0.0 0.0 0.0 0.0 0.0 0.09384786046292916 0.0 0.0 0.0 0.012052445403471395 0.0 0.0016779375795600204 0.0 0.0 0.03353464430367693 0.0 0.0 0.0 0.0 0.0065987810194037275 0.0 0.0 0.12813852322064628 0.009434244554302716 0.0 0.0 0.00266359655700943 0.0002646870507519387 0.0 0.0 0.005930852123636543 0.0 0.0 0.0 0.0 0.013023322374034885 0.0 0.0 0.14999308124743055 0.09541997066566088 0.0 0.0 0.027280147636415578 0.0 0.02984822754469008 0.0 0.0 0.0 0.00490425774902422 0.0 0.0 0.0 2.8730745421690203e-07 0.0 0.0 0.0 0.02212354690323125 0.0 0.0 0.0 0.0 6.3825677372985e-08 0.0 0.0 0.0 4.322922802784608e-08 0.0 0.0 0.0 1.059166016276767e-07 0.0 0.0 0.0 1.6497552419666517e-07 0.0 0.00011550110851716097 0.0 0.0 0.037068547153257296 3.4117329181417e-08 0.0 0.0 0.012256625139489816 0.0035783324113103083 0.0 0.0 0.0576078125051891 0.005202756667475241 0.0 0.0 0.0010132089845385462 0.0036686116110454907 0.0 0.0 0.22300022500238278 1.1655493289852926e-07 0.0 0.0 0.0807393152918526 0.015841974850780764 0.0 0.0 0.36352325137701924 0.22931317080135 0.0 0.0 0.0849985239543794 0.0 0.3236849881943275 0.0 0.0 0.0 0.10008804341518243 0.0 0.0 0.0 0.0 0.0 0.0 0.0 0.3630339491460672 0.0 0.0 0.0 0.0 0.06738215109103483 0.0 0.0 0.0 0.06230847078101898 0.0 0.0 0.0 0.0 0.0 0.0 0.0 0.26012404638263414 0.0 0.005997073326713263 0.0 0.0 0.21338823508852006 7.152450065418882e-09 0.0 0.0 0.039256008227920504 0.0 0.0 0.0 0.0 0.14596750803646516 0.0 0.0 0.043217831698884185 0.0019298177334960954 0.0 0.0 0.07292047913890536 8.309049708476673e-09 0.0 0.0 0.04309844231902019 0.0 0.0 0.0 0.0 0.12489893747615008 0.0 0.0 0.04176164807836669
0.0 0.0037237361855823985 0.0 0.0 0.0 0.0026199633671526055 0.0 0.0 0.0 8.244784984119438e-08 0.0 0.0 0.0 0.0026752110126755835 0.0 0.0 0.0 0.0 0.11030899606610817 0.0 0.0 0.0 0.05889306078622079 0.0 0.0 0.0 0.042619286748570386 0.0 0.0 0.0 0.11343564350945952 0.0 0.00021042385124126658 0.0 0.0 0.040821599890616546 1.190803812089974e-12 0.0 0.0 0.053599644234288715 0.0035601087575102856 0.0 0.0 0.06954850182414253 0.017029145238941622 0.0 0.0 0.003396890580249275 0.0005878457943621245 0.0 0.0 0.06916268956625642 3.756012846810397e-08 0.0 0.0 0.10970258540518556 0.007103145028656224 0.0 0.0 0.14694722481827108 0.11048459367780125 0.0 0.0 0.02275686560587299 0.0 3.964714324742291e-07 0.0 0.0 0.0 3.4288866420031513e-07 0.0 0.0 0.0 3.19132694868044e-12 0.0 0.0 0.0 5.247033780215217e-07 0.0 0.0 0.0 0.0 0.044212702908937696 0.0 0.0 0.0 0.047308349365471375 0.0 0.0 0.0 0.01104008174387311 0.0 0.0 0.0 0.1558191229763658 0.0 0.0007511804500177221 0.0 0.0 0.028529834786934626 7.327281914361543e-08 0.0 0.0 0.045253305563049365 0.0010808379531785134 0.0 0.0 0.08843446665479046 0.03067979626728143 0.0 0.0 0.009054099171896037 0.0019203837398245865 0.0 0.0 0.10443773472618643 3.8781833753131247e-07 0.0 0.0 0.17721589071665866 0.005498393016487287 0.0 0.0 0.16372457025347964 0.24441716525758322 0.0 0.0 0.09958599087349601 0.0 0.00664491093477904 0.0 0.0 0.0 0.013961798440336386 0.0 0.0 0.0 1.1105830173754079e-07 0.0 0.0 0.0 0.007235940349987646 0.0 0.0 0.0 0.0 2.8248174831702483e-08 0.0 0.0 0.0 8.363045441404761e-07 0.0 0.0 0.0 1.0003669109400276e-08 0.0 0.0 0.0 1.018532459658316e-07 0.0 1.7225612481882595e-10 0.0 0.0 4.915807839493145e-08 7.191965064991016e-09 0.0 0.0 0.004920175934157247 0.0005372644090264329 0.0 0.0 0.010973204618717099 0.02855817765282574 0.0 0.0 0.008670580788222472 0.0006478929703931629 0.0 0.0 0.08263323505798521 3.501806858244691e-07 0.0 0.0 0.20593212330247831 0.007968708749417536 0.0 0.0 0.16037293424420163 0.16865994451581934 0.0 0.0 0.056653604464899206 0.0 0.31488794351856497 0.0 0.0 0.0 0.2610207759505296 0.0 0.0 0.0 7.829002911417266e-07 0.0 0.0 0.0 0.1604799116611804 0.0 0.0 0.0 0.0 0.03364458715496034 0.0 0.0 0.0 0.09758138938498107 0.0 0.0 0.0 8.14291359618653e-08 0.0 0.0 0.0 0.04411142788210115 0.0 0.002759777047188031 0.0 0.0 0.07178571675292923 3.1862217110935446e-07 0.0 0.0 0.14882753600995213 0.0012189202091051935 0.0 0.0 0.023747249152806012 0.05839264435657052 0.0 0.0 0.019405624525254184 0.002141488987977409 0.0 0.0 0.06937412751754722 1.280116855912266e-07 0.0 0.0 0.07708960954151445 0.0008753826600233351 0.0 0.0 0.01912064191947173 0.06020912209379699 0.0 0.0 0.01710573564776385
0.0 0.011382463172005424 0.0 0.0 0.0 0.0033035413766766943 0.0 0.0 0.0 7.174496168609743e-08 0.0 0.0 0.0 0.0043081957411106354 0.0 0.0 0.0 0.0 0.012709976967975387 0.0 0.0 0.0 0.058180440478497436 0.0 0.0 0.0 0.031269067361056155 0.0 0.0 0.0 0.17372091988990848 0.0 0.002092668102768397 0.0 0.0 0.023729104696748618 6.328342482258471e-10 0.0 0.0 0.0015112129894913123 0.002339463935177853 0.0 0.0 0.029694201392963332 0.013642016751362838 0.0 0.0 0.002896962133955223 0.0040890215634100165 0.0 0.0 0.2004774408353801 1.747747997786415e-07 0.0 0.0 0.14058917001833096 0.0069613893002861095 0.0 0.0 0.1333203465361853 0.11461810528542926 0.0 0.0 0.04708674567183691 0.0 3.882758941662233e-07 0.0 0.0 0.0 3.547958719755652e-07 0.0 0.0 0.0 6.899277699604684e-12 0.0 0.0 0.0 6.835541540593809e-07 0.0 0.0 0.0 0.0 0.03545836356907483 0.0 0.0 0.0 0.05235364863399328 0.0 0.0 0.0 0.13849983954295456 0.0 0.0 0.0 0.11279854632085351 0.0 0.0014097415749689884 0.0 0.0 0.03867821112407585 6.516480647870578e-12 0.0 0.0 0.003804090172115046 0.007661818263928173 0.0 0.0 0.08298851445411767 0.017141405067892756 0.0 0.0 0.003185913105751641 0.0023374543585453073 0.0 0.0 0.12570038136807138 2.39504621881151e-07 0.0 0.0 0.24921847729282695 0.02365707007866118 0.0 0.0 0.3070502433976729 0.29127608743572186 0.0 0.0 0.13545485025986004 0.0 0.011706556308000424 0.0 0.0 0.0 0.037047308423737324 0.0 0.0 0.0 1.626385399730292e-07 0.0 0.0 0.0 0.015012300815363684 0.0 0.0 0.0 0.0 1.0237123024313249e-08 0.0 0.0 0.0 2.4992789340621603e-06 0.0 0.0 0.0 4.098848144789119e-08 0.0 0.0 0.0 2.2992007514392981e-07 0.0 0.0010803872064138785 0.0 0.0 0.01612942233504363 1.200054167181046e-07 0.0 0.0 0.0765100480611206 0.006199918335367676 0.0 0.0 0.0691502426991965 0.009758797152404304 0.0 0.0 0.0030112197280576913 0.005450698791672103 0.0 0.0 0.11832133032471961 5.982690807322664e-07 0.0 0.0 0.3954007766382868 0.008384823497416798 0.0 0.0 0.1707454871792856 0.14552835101444747 0.0 0.0 0.08116977670793972 0.0 0.255616944444279 0.0 0.0 0.0 0.2987591934705902 0.0 0.0 0.0 2.426786972825738e-06 0.0 0.0 0.0 0.06300465951909612 0.0 0.0 0.0 0.0 0.030544253487165034 0.0 0.0 0.0 0.04433310537794183 0.0 0.0 0.0 0.0017886661484311347 0.0 0.0 0.0 0.005659814616186505 0.0 0.0028510725698261924 0.0 0.0 0.10206070539689716 2.0454017476816476e-07 0.0 0.0 0.1504693139864758 0.002221950352204641 0.0 0.0 0.03457607147728854 1.4667932080805957e-07 0.0 0.0 4.57448357591127e-08 0.0008139752457751928 0.0 0.0 0.06617826446497597 8.889937487166697e-08 0.0 0.0 0.11719171453733399 0.0038731107224746148 0.0 0.0 0.05933004464794351 0.02541831483435884 0.0 0.0 0.007709288741517177
0.0 0.0031337370132060983 0.0 0.0 0.0 0.0034943884045356612 0.0 0.0 0.0 1.4483269111204513e-08 0.0 0.0 0.0 0.0035835954881343213 0.0 0.0 0.0 0.0 0.05940923761109685 0.0 0.0 0.0 0.03035746972695221 0.0 0.0 0.0 0.03627831293008045 0.0 0.0 0.0 0.15038679605798538 0.0 0.000789564795812808 0.0 0.0 0.016719812921887747 1.1509626386223736e-07 0.0 0.0 0.04089442751613284 0.003031416936662752 0.0 0.0 0.015459238333678411 0.022924660725651275 0.0 0.0 0.006414287531235351 0.0015482401253069005 0.0 0.0 0.04943235486233391 1.9453338550181544e-07 0.0 0.0 0.08904458888478535 0.0023178731088536676 0.0 0.0 0.041187854704688824 0.16516802414358966 0.0 0.0 0.04462147804233689 0.0 4.861802844883242e-07 0.0 0.0 0.0 3.072959859136636e-07 0.0 0.0 0.0 6.141363660394632e-13 0.0 0.0 0.0 1.2405293758212733e-07 0.0 0.0 0.0 0.0 0.003794228028283674 0.0 0.0 0.0 0.04873643547550527 0.0 0.0 0.0 0.0017925283141860878 0.0 0.0 0.0 0.10115018690160425 0.0 0.0005735430753772121 0.0 0.0 0.03534226210949105 1.6953544472285694e-08 0.0 0.0 0.008425793145989995 3.310457305269951e-08 0.0 0.0 0.02444916654221019 0.06932661864457523 0.0 0.0 0.020807523475536528 0.004162367542349347 0.0 0.0 0.11991829722626964 4.213858010159865e-07 0.0 0.0 0.1721446835700509 0.0007375846485756981 0.0 0.0 0.03853716105466296 0.06658361207054987 0.0 0.0 0.03695606634649618 0.0 0.0056970204872007916 0.0 0.0 0.0 0.0017925186659315522 0.0 0.0 0.0 1.0491223110584529e-07 0.0 0.0 0.0 0.011050475888291507 0.0 0.0 0.0 0.0 2.1290058071872465e-08 0.0 0.0 0.0 1.3829809345769113e-07 0.0 0.0 0.0 9.182942053466172e-08 0.0 0.0 0.0 4.72691973954707e-07 0.0 0.0002719191310340199 0.0 0.0 0.009885828466904755 4.5620222861706904e-15 0.0 0.0 0.00025621980989508597 2.1192056586572583e-08 0.0 0.0 0.02612053904652559 0.0015365978616002484 0.0 0.0 0.00033233117236086245 0.0007188341771344387 0.0 0.0 0.048942850112490034 4.876957455139726e-13 0.0 0.0 0.030709360057998725 0.008361418224719695 0.0 0.0 0.12930900895710182 0.10846006344227463 0.0 0.0 0.042411243105554115 0.0 0.26760057264542353 0.0 0.0 0.0 0.14667205140540557 0.0 0.0 0.0 6.047134316655165e-07 0.0 0.0 0.0 0.18551314591189566 0.0 0.0 0.0 0.0 0.043030036927886435 0.0 0.0 0.0 0.0718608328029719 0.0 0.0 0.0 0.0003325236066946478 0.0 0.0 0.0 0.0849239431404047 0.0 0.0009028474935983032 0.0 0.0 0.07222785349223979 4.20207166997866e-08 0.0 0.0 0.050084060469667714 0.0035532627049361075 0.0 0.0 0.082847442521762 0.09491928820869314 0.0 0.0 0.017782440410830894 0.0012444190485321627 0.0 0.0 0.04085134921366379 3.7807927499844416e-08 0.0 0.0 0.02620710698501023 0.0005385100332773966 0.0 0.0 0.01100236691713139 0.08428385584455009 0.0 0.0 0.023950878969791665
0.0 0.0016124266400039816 0.0 0.0 0.0 0.006327773379707462 0.0 0.0 0.0 1.248673906961438e-07 0.0 0.0 0.0 0.0005393272515340032 0.0 0.0 0.0 0.0 0.0275418386722875 0.0 0.0 0.0 0.03144024083703733 0.0 0.0 0.0 0.07118691447133857 0.0 0.0 0.0 0.02628012449987817 0.0 1.8822388650765462e-11 0.0 0.0 6.49894448227863e-05 6.593856281899099e-09 0.0 0.0 0.0020750528854509725 0.004038679132079743 0.0 0.0 0.042086177430179374 0.01706551716319456 0.0 0.0 0.00426446342776504 7.717651928473927e-09 0.0 0.0 0.030896661140267935 2.925646457985678e-07 0.0 0.0 0.11044644282394345 0.008321128242558509 0.0 0.0 0.2651204794765205 0.03528364725024533 0.0 0.0 0.0067408058581676375 0.0 3.997525954250031e-07 0.0 0.0 0.0 8.243760845423054e-08 0.0 0.0 0.0 3.5419694789653934e-12 0.0 0.0 0.0 2.1114532594134378e-07 0.0 0.0 0.0 0.0 0.02425643690723174 0.0 0.0 0.0 0.03234615005845379 0.0 0.0 0.0 0.042428239931131644 0.0 0.0 0.0 0.02857636891694223 0.0 3.18803418672336e-05 0.0 0.0 0.0011887466575631895 4.009829771566703e-15 0.0 0.0 0.00022405428924912544 0.0008945033872416841 0.0 0.0 0.05747687666485416 0.0029209529067528565 0.0 0.0 0.0043918546606197175 0.0020922155241794083 0.0 0.0 0.1227201299012043 8.808871788691014e-13 0.0 0.0 0.05760359866458849 0.009482912929198398 0.0 0.0 0.1602391234363865 0.06825486507436214 0.0 0.0 0.04614555638063842 0.0 0.020998956638333177 0.0 0.0 0.0 0.009569826889480838 0.0 0.0 0.0 1.9740343052039572e-07 0.0 0.0 0.0 0.011095503041775555 0.0 0.0 0.0 0.0 6.106894842510377e-08 0.0 0.0 0.0 2.1776800224374964e-06 0.0 0.0 0.0 1.524922120137432e-07 0.0 0.0 0.0 1.0957813906459708e-07 0.0 4.1725928359300856e-05 0.0 0.0 0.04323293514039969 7.176950670452392e-08 0.0 0.0 0.049540808136081076 0.0009333078604278789 0.0 0.0 0.017463926762680725 0.010950905273105813 0.0 0.0 0.003945575876209275 0.00448762194779967 0.0 0.0 0.20176035562851402 2.4515662147525476e-07 0.0 0.0 0.18135056490371354 0.01677672186924398 0.0 0.0 0.29546327359821567 0.1401563555126131 0.0 0.0 0.07431524525358323 0.0 0.13383733544960896 0.0 0.0 0.0 0.11170951310696266 0.0 0.0 0.0 2.132005948808594e-06 0.0 0.0 0.0 0.04416365587562171 0.0 0.0 0.0 0.0 0.017796549447703466 0.0 0.0 0.0 0.003340300332638409 0.0 0.0 0.0 0.007895206857506446 0.0 0.0 0.0 0.026766640676408892 0.0 0.0013804971643110713 0.0 0.0 0.02806064376859694 3.174086203349939e-08 0.0 0.0 0.023815333094008403 0.00017064674751314363 0.0 0.0 0.02773284775294572 2.1519271310366493e-08 0.0 0.0 0.0004632218838597388 0.00044570349564514194 0.0 0.0 0.028885003392632197 4.5512694599302763e-08 0.0 0.0 0.04148254711440341 0.0023855184025121474 0.0 0.0 0.05198753368435851 0.01508037173859704 0.0 0.0 0.0036999737570260548
0.0 0.001604937423359499 0.0 0.0 0.0 0.0007292578321856571 0.0 0.0 0.0 4.649216866457973e-08 0.0 0.0 0.0 0.008487845262036733 0.0 0.0 0.0 0.0 0.002689883119840225 0.0 0.0 0.0 0.0386365807703715 0.0 0.0 0.0 0.07336218183769772 0.0 0.0 0.0 0.4768557957903402 0.0 5.448510664810217e-15 0.0 0.0 3.3591382858679546e-13 9.48722586940928e-14 0.0 0.0 0.007534211668524953 4.025698892195048e-05 0.0 0.0 0.0012202670433057907 0.012733666889932518 0.0 0.0 0.0026223875686786696 0.00044348602497749445 0.0 0.0 0.030654660726136842 2.5606469270225944e-13 0.0 0.0 0.02388588431787787 0.0010505263183955317 0.0 0.0 0.13668452508744297 0.32961788935467495 0.0 0.0 0.08989956479537828 0.0 8.792177291646279e-08 0.0 0.0 0.0 0.0 0.0 0.0 0.0 2.7649191551170255e-12 0.0 0.0 0.0 2.6058845365332413e-08 0.0 0.0 0.0 0.0 0.001633248062500759 0.0 0.0 0.0 0.0 0.0 0.0 0.0 0.009570427798996637 0.0 0.0 0.0 0.0034408890130052817 0.0 1.1650360323002494e-14 0.0 0.0 7.594723444296623e-13 0.0 0.0 0.0 0.0 0.0013107291859562145 0.0 0.0 0.04596910050434537 0.0001239855218505824 0.0 0.0 2.4802768922905227e-05 0.00045567657535852907 0.0 0.0 0.033303954734252114 0.0 0.0 0.0 0.0 0.006574509553309168 0.0 0.0 0.14893303672256036 0.02597705993747774 0.0 0.0 0.005826203994553565 0.0 0.0037805837187863643 0.0 0.0 0.0 0.006667236068507704 0.0 0.0 0.0 8.270837134297928e-08 0.0 0.0 0.0 0.008887327520788415 0.0 0.0 0.0 0.0 3.4309211995217067e-09 0.0 0.0 0.0 7.48559538006705e-07 0.0 0.0 0.0 4.3061588827397274e-08 0.0 0.0 0.0 1.889344195834161e-07 0.0 0.00020552248408615986 0.0 0.0 0.026076671040314987 4.694677463512252e-09 0.0 0.0 0.0047998165423092445 0.0018487042856267523 0.0 0.0 0.04903846598847385 0.002218465476670371 0.0 0.0 0.00041628574080599897 0.0013994269377183282 0.0 0.0 0.03932372697748382 8.322916807281501e-08 0.0 0.0 0.13010398008442126 0.0037798512427705227 0.0 0.0 0.12229768918644592 0.24723907736860581 0.0 0.0 0.059775360610608834 0.0 0.5861588324543309 0.0 0.0 0.0 0.0034408890130052817 0.0 0.0 0.0 8.547831626903259e-07 0.0 0.0 0.0 0.025607245947726547 0.0 0.0 0.0 0.0 0.019827655546537936 0.0 0.0 0.0 0.00014878829077348763 0.0 0.0 0.0 0.0016712835546816498 0.0 0.0 0.0 0.020541311390497488 0.0 0.006639964919266153 0.0 0.0 0.362664212990473 2.5022465145841914e-08 0.0 0.0 0.030391979634986264 0.003777054879657614 0.0 0.0 0.07877840705218243 0.0054614378645473395 0.0 0.0 0.004370607699081771 0.0016780100683267906 0.0 0.0 0.12021331015538389 1.0363802194904952e-09 0.0 0.0 0.0014112842970450512 0.0009535975618160692 0.0 0.0 0.02099770405246589 0.009968562587680972 0.0 0.0 0.00483676909977677
0.0 0.008858814203134249 0.0 0.0 0.0 0.002495163099821667 0.0 0.0 0.0 9.686469999280308e-08 0.0 0.0 0.0 0.0009993482977177256 0.0 0.0 0.0 0.0 0.036157628512045334 0.0 0.0 0.0 0.10234557076660276 0.0 0.0 0.0 0.02346610783696555 0.0 0.0 0.0 0.06834551928684285 0.0 0.0012351833574193393 0.0 0.0 0.030647963631594166 2.8665799787971733e-09 0.0 0.0 0.003015259814774008 0.000557732871682081 0.0 0.0 0.030695717609209548 0.005333234986026593 0.0 0.0 0.0013974757190620551 0.005805798288318681 0.0 0.0 0.18072499042502513 7.599766935008391e-08 0.0 0.0 0.08030848346707853 0.008674855293216705 0.0 0.0 0.23766877914426826 0.06039343857928326 0.0 0.0 0.01406262794108862 0.0 4.558563613995807e-07 0.0 0.0 0.0 2.7171285711984593e-07 0.0 0.0 0.0 3.515887494898207e-12 0.0 0.0 0.0 1.815944506830304e-07 0.0 0.0 0.0 0.0 0.009509030617478782 0.0 0.0 0.0 0.03480789081334815 0.0 0.0 0.0 0.04684907168511068 0.0 0.0 0.0 0.03330996132924856 0.0 5.142814690528809e-09 0.0 0.0 0.0012732461924370414 8.189819059567029e-08 0.0 0.0 0.06349426888064318 0.0005278468259594965 0.0 0.0 0.07608263538626966 0.00419196138369652 0.0 0.0 0.0007130108754279306 0.001916372469481095 0.0 0.0 0.17546544573395337 2.4503369022182624e-07 0.0 0.0 0.16512762007880763 0.0029984727397693654 0.0 0.0 0.21223817418192226 0.08846902981547426 0.0 0.0 0.023847499811723103 0.0 0.012168079597377921 0.0 0.0 0.0 0.012768033530554048 0.0 0.0 0.0 2.554413116450914e-07 0.0 0.0 0.0 0.010129366213305806 0.0 0.0 0.0 0.0 4.404618916450283e-08 0.0 0.0 0.0 2.3669478592379335e-07 0.0 0.0 0.0 7.330954188455479e-08 0.0 0.0 0.0 1.2199315637893505e-07 0.0 1.2254414431718249e-08 0.0 0.0 0.024090145269031558 3.885663800155401e-08 0.0 0.0 0.022090128259992528 0.0007858639047920867 0.0 0.0 0.02046716896007164 0.0068411307015389935 0.0 0.0 0.001393714474215426 0.0023467568367330385 0.0 0.0 0.11192660680627499 2.8115555211449574e-07 0.0 0.0 0.22857165992001424 0.017797408264201058 0.0 0.0 0.37491125334763964 0.22059234268735203 0.0 0.0 0.06210661355047346 0.0 0.20928747674558287 0.0 0.0 0.0 0.10921248610195335 0.0 0.0 0.0 1.2373414582639667e-07 0.0 0.0 0.0 0.08771896913874996 0.0 0.0 0.0 0.0 0.02721586768063449 0.0 0.0 0.0 0.009129358310702284 0.0 0.0 0.0 0.005352949849076544 0.0 0.0 0.0 0.06037034127612941 0.0 7.755743881571451e-05 0.0 0.0 0.030878918763742463 1.4475551775641138e-07 0.0 0.0 0.07026064887069675 0.0035754404004801764 0.0 0.0 0.06325091564578258 0.001407757590389209 0.0 0.0 0.0017124044785883712 0.0009717366773766437 0.0 0.0 0.03263173231388987 3.860334707111316e-08 0.0 0.0 0.037194790572814426 0.00014811448244845442 0.0 0.0 0.0029382782930769437 0.027329493856530256 0.0 0.0 0.009625589672139091
0.0 0.003936405389252943 0.0 0.0 0.0 0.004095122680749595 0.0 0.0 0.0 5.454251263813517e-08 0.0 0.0 0.0 0.0059369302033809405 0.0 0.0 0.0 0.0 0.008394171186961326 0.0 0.0 0.0 0.05825452595869771 0.0 0.0 0.0 0.09370889061795527 0.0 0.0 0.0 0.08331537383548414 0.0 2.7697377239924544e-13 0.0 0.0 8.891844346614589e-07 8.48840924299567e-09 0.0 0.0 0.0072725680904726885 0.0015511909230641779 0.0 0.0 0.00821676421437454 0.018091856013404038 0.0 0.0 0.006843180119923373 2.2922561663559932e-08 0.0 0.0 0.09674909792885604 4.541488136544613e-08 0.0 0.0 0.14853890259147667 0.02098436313097401 0.0 0.0 0.1664203008707024 0.1196693623498924 0.0 0.0 0.05702486177749809 0.0 3.520578864515593e-07 0.0 0.0 0.0 1.4703229723671115e-07 0.0 0.0 0.0 5.932320984843551e-12 0.0 0.0 0.0 2.3824246111077373e-07 0.0 0.0 0.0 0.0 0.024344587150846215 0.0 0.0 0.0 0.0029445776747714543 0.0 0.0 0.0 0.031202292828104317 0.0 0.0 0.0 0.010531189433373746 0.0 8.17533417181818e-05 0.0 0.0 0.0027727227600593428 5.680967029486491e-08 0.0 0.0 0.015367056664938322 0.0014720372433246647 0.0 0.0 0.04463973289140795 1.3766109328678206e-07 0.0 0.0 3.309136786169635e-08 0.0019795555755617047 0.0 0.0 0.07990161572627173 1.3153900632409619e-07 0.0 0.0 0.09076861689165998 0.015336000670352203 0.0 0.0 0.3073120872728052 0.05925208748989761 0.0 0.0 0.03929690069415006 0.0 0.04370525650143571 0.0 0.0 0.0 0.01917927929475429 0.0 0.0 0.0 2.3249565254541423e-07 0.0 0.0 0.0 0.008649154603913044 0.0 0.0 0.0 0.0 9.425323169229248e-07 0.0 0.0 0.0 1.4855926785889745e-06 0.0 0.0 0.0 1.391952724363844e-06 0.0 0.0 0.0 1.746451298313321e-07 0.0 0.0004119134211593306 0.0 0.0 0.011738015336276126 1.5686472777586758e-07 0.0 0.0 0.06532247037146922 0.010499404982384346 0.0 0.0 0.07348266096821457 0.003054352074154292 0.0 0.0 0.026189183973303137 0.009775645068653471 0.0 0.0 0.33433037805208504 2.950217653094256e-07 0.0 0.0 0.24273807269163572 0.01646841593096767 0.0 0.0 0.2267896535070874 0.08342349879330638 0.0 0.0 0.06048461359743269 0.0 0.19603094765052334 0.0 0.0 0.0 0.04574809807929461 0.0 0.0 0.0 3.707678752202541e-06 0.0 0.0 0.0 0.08119701362012353 0.0 0.0 0.0 0.0 0.009236756164235227 0.0 0.0 0.0 0.003132941237432151 0.0 0.0 0.0 0.06578558259290487 0.0 0.0 0.0 0.025833149517062236 0.0 0.0013728548032930555 0.0 0.0 0.04666473605992513 2.2154485092224532e-13 0.0 0.0 0.0045475197727236315 4.8546119105323966e-08 0.0 0.0 0.021493688474725187 0.04067259068668357 0.0 0.0 0.01219513800415984 0.0003467676826717351 0.0 0.0 0.03722950193893451 4.319989526248214e-08 0.0 0.0 0.019291788785328563 0.005222461468569413 0.0 0.0 0.12565568446361652 0.009112657103895236 0.0 0.0 0.01279042875531492
0.0 0.009708648797458903 0.0 0.0 0.0 0.0027136423929265425 0.0 0.0 0.0 9.906866193154697e-08 0.0 0.0 0.0 0.004456828196628586 0.0 0.0 0.0 0.0 0.06203876475590598 0.0 0.0 0.0 0.13055400780724166 0.0 0.0 0.0 0.20872699037614417 0.0 0.0 0.0 0.010873178634178528 0.0 0.0011019254586419347 0.0 0.0 0.04660419128799023 1.1468650713430757e-07 0.0 0.0 0.08003196539776333 0.0003967413063321085 0.0 0.0 0.007402026122131918 0.013015505066923514 0.0 0.0 0.023725507991730597 0.002612614387018391 0.0 0.0 0.12216414139164533 8.656162846430829e-08 0.0 0.0 0.07977652644832572 0.012798577072497075 0.0 0.0 0.25913613821155385 0.12474753795140892 0.0 0.0 0.0674117282377906 0.0 5.956246022840768e-07 0.0 0.0 0.0 1.7377358605704035e-07 0.0 0.0 0.0 4.871844809705638e-12 0.0 0.0 0.0 2.8996416135605e-07 0.0 0.0 0.0 0.0 0.03378297487797201 0.0 0.0 0.0 0.043900643209775866 0.0 0.0 0.0 0.01142254451437483 0.0 0.0 0.0 0.029664643592967176 0.0 0.0017808566026269494 0.0 0.0 0.02359296335648657 8.148826363778984e-08 0.0 0.0 0.041540037210036795 0.0009411689471562755 0.0 0.0 0.11659781815874792 0.024071225585613486 0.0 0.0 0.006589204383338738 0.004141358476790842 0.0 0.0 0.13208547992444988 9.310295514893799e-08 0.0 0.0 0.10994320007831099 0.004776137495442103 0.0 0.0 0.15933867417379985 0.10536894204716565 0.0 0.0 0.02968992328968214 0.0 0.021081294300712598 0.0 0.0 0.0 0.009135466726319305 0.0 0.0 0.0 2.1334403148765673e-07 0.0 0.0 0.0 0.0163204823647535 0.0 0.0 0.0 0.0 9.005220770962434e-08 0.0 0.0 0.0 1.8435517746893419e-06 0.0 0.0 0.0 1.058296996809029e-06 0.0 0.0 0.0 1.5154211306851296e-07 0.0 0.00010405723630341314 0.0 0.0 0.0036224328978900853 1.0257051145496028e-07 0.0 0.0 0.03918820811172513 0.007660260913258531 0.0 0.0 0.12959197017101284 0.04847589494362617 0.0 0.0 0.010929111751293798 0.003058029932621827 0.0 0.0 0.21636438165892494 4.780436021812694e-07 0.0 0.0 0.1470581298589958 0.017841248630309156 0.0 0.0 0.3333658208017123 0.2614847651708281 0.0 0.0 0.10240410916897445 0.0 0.38603837585084916 0.0 0.0 0.0 0.10692152330225797 0.0 0.0 0.0 2.831025527012495e-06 0.0 0.0 0.0 0.19580746707324695 0.0 0.0 0.0 0.0 0.07645615900576472 0.0 0.0 0.0 0.04065686116347814 0.0 0.0 0.0 0.019421445408105656 0.0 0.0 0.0 0.0874613932923298 0.0 0.0027808127442031667 0.0 0.0 0.09008246253367154 3.5449426437216123e-13 0.0 0.0 0.0026189846661811393 0.00014238882006590764 0.0 0.0 0.002709527007201278 0.01314276392649667 0.0 0.0 0.03250860562916698 0.0024149658107228355 0.0 0.0 0.07722596785930617 1.0291339902613918e-07 0.0 0.0 0.04518675681725766 0.001980933550755741 0.0 0.0 0.07343498861980874 0.08367047009226891 0.0 0.0 0.027023814928079936
0.0 0.003657535902154593 0.0 0.0 0.0 0.0011007287999913891 0.0 0.0 0.0 3.0666331562380856e-08 0.0 0.0 0.0 0.0028172272197315457 0.0 0.0 0.0 0.0 0.004992758055619611 0.0 0.0 0.0 0.0327795594031213 0.0 0.0 0.0 0.1431040578563562 0.0 0.0 0.0 0.054918769019018245 0.0 0.0001419689401469653 0.0 0.0 0.00569582035068038 9.074551592694595e-09 0.0 0.0 0.0019008997533628078 0.001160080873455573 0.0 0.0 0.01097913970312364 0.015523888196853887 0.0 0.0 0.003840713011802214 0.0014065726088386481 0.0 0.0 0.05947089990195195 4.1678917473944165e-08 0.0 0.0 0.03958431704944757 0.0047914253805639104 0.0 0.0 0.06606193279834549 0.08496905805916649 0.0 0.0 0.02634423389190796 0.0 4.70014566800867e-08 0.0 0.0 0.0 2.5465617177426605e-07 0.0 0.0 0.0 3.715769051739509e-12 0.0 0.0 0.0 4.550533998965218e-07 0.0 0.0 0.0 0.0 0.012620913740897056 0.0 0.0 0.0 0.07888848926470278 0.0 0.0 0.0 0.052230355711401485 0.0 0.0 0.0 0.14643302346728657 0.0 0.0024651605649825383 0.0 0.0 0.08400957077681942 8.562412101960216e-08 0.0 0.0 0.040043436786458025 0.0020388599104293834 0.0 0.0 0.041192789262442256 0.05958729896868998 0.0 0.0 0.018723622218422768 0.0004097366468262887 0.0 0.0 0.013542904908106253 1.1473033322338208e-07 0.0 0.0 0.1448470640960856 0.007099534147646624 0.0 0.0 0.1612179061222369 0.26290872280998095 0.0 0.0 0.07758854567766077 0.0 0.0013484427579593594 0.0 0.0 0.0 0.010622660563789521 0.0 0.0 0.0 1.1913576288249161e-07 0.0 0.0 0.0 0.008762462743953382 0.0 0.0 0.0 0.0 1.544443461151273e-09 0.0 0.0 0.0 1.4689069109219582e-06 0.0 0.0 0.0 5.584433229313755e-09 0.0 0.0 0.0 1.1670713845230365e-07 0.0 0.0007728421194300776 0.0 0.0 0.026847198893528247 1.3553382741640837e-07 0.0 0.0 0.10840844368972323 8.236890297373246e-08 0.0 0.0 0.026454371253990628 0.029308107234545928 0.0 0.0 0.00796739047178531 0.00021814602297615855 0.0 0.0 0.008496146541358758 1.983868996562178e-07 0.0 0.0 0.18242931595641776 0.004424183596149532 0.0 0.0 0.044486793820152845 0.08593781566777388 0.0 0.0 0.056437996573283335 0.0 0.2307891186725447 0.0 0.0 0.0 0.2784491381643352 0.0 0.0 0.0 1.4429371158508025e-06 0.0 0.0 0.0 0.18986865665826422 0.0 0.0 0.0 0.0 0.02162884656301692 0.0 0.0 0.0 0.13639130653763032 0.0 0.0 0.0 0.004424152413542914 0.0 0.0 0.0 0.04310535200488395 0.0 0.0018294759026477266 0.0 0.0 0.0366417180107499 7.31974234966632e-08 0.0 0.0 0.07736417983192802 4.647689842036135e-09 0.0 0.0 1.0890381974970199e-07 0.10795994665948516 0.0 0.0 0.02994621121599801 0.0003316197823606867 0.0 0.0 0.0479242219859446 9.848867024101377e-08 0.0 0.0 0.07303687197545358 0.0012195142766273054 0.0 0.0 0.032037554700900396 0.06214173148888632 0.0 0.0 0.019171436528835104
0.0 0.00847682862419682 0.0 0.0 0.0 0.005438074930678394 0.0 0.0 0.0 6.338698155188332e-08 0.0 0.0 0.0 0.001066960620482505 0.0 0.0 0.0 0.0 0.00706030370259222 0.0 0.0 0.0 0.03811504046589292 0.0 0.0 0.0 0.11243196086699694 0.0 0.0 0.0 1.2121453409643075e-07 0.0 0.00017047440520715732 0.0 0.0 0.003745470497561928 4.915095714629757e-08 0.0 0.0 0.026064173270529536 0.002536874086337 0.0 0.0 0.052262617471113444 0.0008324070708017697 0.0 0.0 0.0002077217898532173 0.006210445543805771 0.0 0.0 0.15931990028300633 3.412551505101255e-07 0.0 0.0 0.16161159974725425 0.009175841180217225 0.0 0.0 0.1935594891210941 0.03448931153901254 0.0 0.0 0.009649333529408421 0.0 4.279632578746926e-07 0.0 0.0 0.0 3.697932785426099e-07 0.0 0.0 0.0 1.0259960603556323e-11 0.0 0.0 0.0 2.528785845608769e-07 0.0 0.0 0.0 0.0 0.005304859002188226 0.0 0.0 0.0 0.059537248549846586 0.0 0.0 0.0 0.04958002616569877 0.0 0.0 0.0 0.0372377842339594 0.0 0.00014335543218703213 0.0 0.0 0.008574449602121096 9.891752124787996e-09 0.0 0.0 0.047585858970628496 0.004957896343707236 0.0 0.0 0.08520785069230793 0.005875818687828509 0.0 0.0 0.002049661186386569 0.002661779895273513 0.0 0.0 0.16829855116134249 2.2585441625479932e-07 0.0 0.0 0.21659727728872585 0.016110072155922896 0.0 0.0 0.3528485680371212 0.067230918248331 0.0 0.0 0.026343132057187614 0.0 0.01890385205945627 0.0 0.0 0.0 0.019124844705081325 0.0 0.0 0.0 3.205867888797236e-07 0.0 0.0 0.0 0.021884655285032806 0.0 0.0 0.0 0.0 5.318740280582771e-08 0.0 0.0 0.0 1.4635054157193672e-07 0.0 0.0 0.0 1.0844946072591758e-06 0.0 0.0 0.0 8.155125189735237e-07 0.0 4.2263013904333305e-09 0.0 0.0 1.1354052003028606e-06 8.00553220092135e-13 0.0 0.0 0.015746542282937755 0.0043886825046356645 0.0 0.0 0.11253408369275783 0.03152641189577346 0.0 0.0 0.011529188482564434 0.004031759027027944 0.0 0.0 0.1620466191509815 3.6398886889886616e-07 0.0 0.0 0.33509494878451024 0.020564668744945686 0.0 0.0 0.4174614291453753 0.21942357398112156 0.0 0.0 0.1318480567198217 0.0 0.1302263176031052 0.0 0.0 0.0 0.12745835314104162 0.0 0.0 0.0 1.715561040218253e-06 0.0 0.0 0.0 0.21475841377075677 0.0 0.0 0.0 0.0 0.07345457185017795 0.0 0.0 0.0 0.07435498262015869 0.0 0.0 0.0 0.013712976963668426 0.0 0.0 0.0 0.08449170689897854 0.0 0.0016419421209818463 0.0 0.0 0.04449799058295866 5.114894203573008e-08 0.0 0.0 0.03531036453906383 0.0013216414785614556 0.0 0.0 0.02069743242645916 0.0201189619097027 0.0 0.0 0.020161117554938 0.0001221669115546186 0.0 0.0 0.027532145515776943 5.1227226861368495e-08 0.0 0.0 0.04035133190812226 0.0008579961420321132 0.0 0.0 0.05589994895642374 0.0929466921634702 0.0 0.0 0.029981665343079177
0.0 0.006806287114580239 0.0 0.0 0.0 0.004593794373974173 0.0 0.0 0.0 1.5810401258990746e-07 0.0 0.0 0.0 0.004121493390222096 0.0 0.0 0.0 0.0 0.08775482780008796 0.0 0.0 0.0 0.08686793373505536 0.0 0.0 0.0 0.10797060469985016 0.0 0.0 0.0 0.12015833608625455 0.0 0.001718599950766726 0.0 0.0 0.07397196109601896 4.1560734008262404e-13 0.0 0.0 0.02324830156311838 0.001759666237095715 0.0 0.0 0.04895355196414147 0.02693597402471547 0.0 0.0 0.008281399328239623 0.0019797723056733866 0.0 0.0 0.14104205031446654 2.1638025577784947e-07 0.0 0.0 0.14635100276517551 0.02043204471900736 0.0 0.0 0.4474309714390804 0.12008926730315228 0.0 0.0 0.033687028449009865 0.0 1.2466296309695156e-07 0.0 0.0 0.0 5.7382555782089004e-08 0.0 0.0 0.0 5.435285632076445e-12 0.0 0.0 0.0 1.7540206369439622e-07 0.0 0.0 0.0 0.0 0.0011157800167870067 0.0 0.0 0.0 0.0038806887215648996 0.0 0.0 0.0 0.06417812645110113 0.0 0.0 0.0 0.013047716503339933 0.0 1.8519786748697427e-09 0.0 0.0 0.005956518071702456 1.9793316510782307e-13 0.0 0.0 0.011057381284054604 0.005077484752650286 0.0 0.0 0.07674646307489003 0.0048230659211369355 0.0 0.0 0.001741641351004502 1.2518052615160512e-08 0.0 0.0 0.04513981264211511 5.951236556697861e-13 0.0 0.0 0.0372741223746306 0.011089404586411437 0.0 0.0 0.31281876900190253 0.05346700366707915 0.0 0.0 0.031344896682573724 0.0 0.04782893413634511 0.0 0.0 0.0 0.007170003251773254 0.0 0.0 0.0 3.4319846354318104e-07 0.0 0.0 0.0 0.017584733682556624 0.0 0.0 0.0 0.0 1.324065735925626e-07 0.0 0.0 0.0 1.1928566507925621e-07 0.0 0.0 0.0 1.1474425131476349e-07 0.0 0.0 0.0 1.3487142143213825e-07 0.0 0.0002628661586577353 0.0 0.0 0.047741766735917006 5.481138909630588e-19 0.0 0.0 3.3746823437956484e-08 0.004016858093564571 0.0 0.0 0.08840440672686958 0.0239201354416378 0.0 0.0 0.007802778991732503 0.008325885354874985 0.0 0.0 0.4179629128436212 2.160262727668086e-12 0.0 0.0 0.14946659300437484 0.030208555880409157 0.0 0.0 0.5039167185196294 0.25866805871103876 0.0 0.0 0.10972215641040473 0.0 0.3375735877281598 0.0 0.0 0.0 0.07045845668448976 0.0 0.0 0.0 0.0 0.0 0.0 0.0 0.1987379013555552 0.0 0.0 0.0 0.0 0.08865057670148467 0.0 0.0 0.0 0.014653814565330065 0.0 0.0 0.0 0.0 0.0 0.0 0.0 0.11713991256358292 0.0 0.00305132974870292 0.0 0.0 0.12271840052858193 1.365319531712502e-07 0.0 0.0 0.09864516487474141 0.0 0.0 0.0 0.0 0.01975087332254915 0.0 0.0 0.006180195018070204 0.0015770185311091568 0.0 0.0 0.07297608392514925 4.537439982532537e-09 0.0 0.0 0.025091421860441554 0.0 0.0 0.0 0.0 0.09911556737689521 0.0 0.0 0.028985798235738026
0.0 0.0024011761691660367 0.0 0.0 0.0 0.0013088051270497972 0.0 0.0 0.0 3.077302698718653e-08 0.0 0.0 0.0 0.003784520228179664 0.0 0.0 0.0 0.0 0.003238750956403705 0.0 0.0 0.0 0.02820536528846417 0.0 0.0 0.0 0.027111991747689697 0.0 0.0 0.0 0.02831411481193391 0.0 3.2104176236664795e-08 0.0 0.0 0.002028423595858245 5.89487609040159e-10 0.0 0.0 0.0002529319248929108 6.045721387178703e-05 0.0 0.0 0.0024647881942748734 2.4807671729866433e-07 0.0 0.0 0.005121271363687389 0.0011902235047663657 0.0 0.0 0.051953930131320096 5.593175520369655e-08 0.0 0.0 0.031045377600041 0.00154911216574017 0.0 0.0 0.0904386928287779 0.048002948229994825 0.0 0.0 0.0364019702128683 0.0 5.15109048227539e-07 0.0 0.0 0.0 1.5101824850690868e-07 0.0 0.0 0.0 2.9619973111878465e-12 0.0 0.0 0.0 4.241362068640115e-07 0.0 0.0 0.0 0.0 0.0016095317699264461 0.0 0.0 0.0 0.022613731558364037 0.0 0.0 0.0 0.04076296570114238 0.0 0.0 0.0 0.05279495402113496 0.0 2.34257761730631e-10 0.0 0.0 1.4873054773938425e-08 5.7160941544587104e-08 0.0 0.0 0.04698969529430788 2.212709572142045e-09 0.0 0.0 0.0029034326450639823 0.0027788977133622037 0.0 0.0 0.0010517194928090254 0.0020407991062048303 0.0 0.0 0.057161675369198674 6.454747146349981e-08 0.0 0.0 0.08242764157489336 0.001171097221917712 0.0 0.0 0.1680063798321218 0.12119024043228127 0.0 0.0 0.09584017828181375 0.0 0.01219813972166044 0.0 0.0 0.0 0.029856399425550267 0.0 0.0 0.0 4.605368156053819e-07 0.0 0.0 0.0 0.012457482110384992 0.0 0.0 0.0 0.0 6.987307703392192e-07 0.0 0.0 0.0 1.6678172250662025e-06 0.0 0.0 0.0 3.088655597874006e-06 0.0 0.0 0.0 4.573224356270822e-06 0.0 0.00014492832818354315 0.0 0.0 0.002937945670910455 3.5420514555605353e-07 0.0 0.0 0.03400522504004669 0.001777462668028315 0.0 0.0 0.06788401255156268 1.436764042101283e-06 0.0 0.0 0.028280140089386667 0.003827572645365045 0.0 0.0 0.13292205605733687 5.302331063255302e-07 0.0 0.0 0.3010110420490703 0.04234433733736915 0.0 0.0 0.46570973463668786 0.020856420005263297 0.0 0.0 0.09043128896079339 0.0 0.0722703918046168 0.0 0.0 0.0 0.08661582747971926 0.0 0.0 0.0 9.469249100266661e-06 0.0 0.0 0.0 0.08288061928831922 0.0 0.0 0.0 0.0 0.00507917160586586 0.0 0.0 0.0 0.002903054962453474 0.0 0.0 0.0 0.06138669490505362 0.0 0.0 0.0 0.029754124289717784 0.0 8.179235751541897e-05 0.0 0.0 0.003394973353037104 6.23604795009102e-09 0.0 0.0 0.009039345043649664 0.0012974138586004235 0.0 0.0 0.06549439381026305 0.022227208263846946 0.0 0.0 0.00933263342418236 0.00020918401695328346 0.0 0.0 0.010183291554547627 2.136250994327191e-08 0.0 0.0 0.023066817839001077 0.0065557960326723085 0.0 0.0 0.19972518268360903 0.02671890833624758 0.0 0.0 0.011524115782758207
0.0 0.004145675222263644 0.0 0.0 0.0 0.0030872102015616844 0.0 0.0 0.0 6.628399946519003e-08 0.0 0.0 0.0 0.0024894385737362057 0.0 0.0 0.0 0.0 0.013246643272295591 0.0 0.0 0.0 0.03575292806541833 0.0 0.0 0.0 0.05887556626427107 0.0 0.0 0.0 0.11764650173960664 0.0 8.442494334446583e-05 0.0 0.0 0.0058634051499779245 1.839123244195703e-08 0.0 0.0 0.007088593377392765 0.0004113270455278682 0.0 0.0 0.011144343162514541 0.014986760915074058 0.0 0.0 0.004912285167301452 0.0015848545056055202 0.0 0.0 0.08353980083886046 1.2172889817855186e-07 0.0 0.0 0.08965213315093117 0.008389183105001013 0.0 0.0 0.19234152396955512 0.10342109083849493 0.0 0.0 0.02770593259665586 0.0 1.4956705076556842e-07 0.0 0.0 0.0 3.4189670745996936e-08 0.0 0.0 0.0 1.6185668859582646e-12 0.0 0.0 0.0 1.772358485560772e-07 0.0 0.0 0.0 0.0 0.007101198203915491 0.0 0.0 0.0 0.0009035237473392954 0.0 0.0 0.0 0.02969059938964846 0.0 0.0 0.0 0.047690782707302405 0.0 3.5875538429826063e-06 0.0 0.0 0.00012927258779945399 5.440718500112882e-14 0.0 0.0 0.0030788150254981036 0.00035684052864296505 0.0 0.0 0.01860143767614064 0.02180781998451229 0.0 0.0 0.008255081059114131 0.0004925605089781594 0.0 0.0 0.04650563354458697 3.6463106359477227e-13 0.0 0.0 0.023133828020159716 0.006852547082982809 0.0 0.0 0.10719578121948806 0.04041579087938732 0.0 0.0 0.017411353049269843 0.0 0.019383242274003346 0.0 0.0 0.0 0.002150817854291257 0.0 0.0 0.0 7.133484656080742e-08 0.0 0.0 0.0 0.005502094882089846 0.0 0.0 0.0 0.0 4.6744826621639204e-08 0.0 0.0 0.0 1.781943404561478e-08 0.0 0.0 0.0 2.2679408489551237e-08 0.0 0.0 0.0 5.037679543607819e-08 0.0 0.00017518054861996566 0.0 0.0 0.005367381854711069 6.829223830822755e-14 0.0 0.0 0.004756818277259449 0.003254372186769195 0.0 0.0 0.06180615989503341 0.010959309123046308 0.0 0.0 0.0022469664478203194 0.00295289668344087 0.0 0.0 0.18905085975909341 6.096871442004171e-13 0.0 0.0 0.04732474801451108 0.007771956396307163 0.0 0.0 0.11698082438924357 0.11531409072885443 0.0 0.0 0.02867469433991514 0.0 0.21893619474738124 0.0 0.0 0.0 0.08014804180268195 0.0 0.0 0.0 0.0 0.0 0.0 0.0 0.11699578602509167 0.0 0.0 0.0 0.0 0.020635726461019153 0.0 0.0 0.0 0.015576384783413303 0.0 0.0 0.0 0.0 0.0 0.0 0.0 0.0887753854723338 0.0 0.003016440510556095 0.0 0.0 0.11884502050537137 1.885550683623507e-07 0.0 0.0 0.04065411640825587 0.0 0.0 0.0 0.0 0.06880138864162758 0.0 0.0 0.02279556567515901 0.0006617248461465536 0.0 0.0 0.04464790767582924 3.231789263403785e-08 0.0 0.0 0.026318442031209335 0.0 0.0 0.0 0.0 0.04037377146415797 0.0 0.0 0.01476871550175982
0.0 0.004463098363159083 0.0 0.0 0.0 0.004103552707449658 0.0 0.0 0.0 4.703093142041989e-08 0.0 0.0 0.0 0.0017491532648730768 0.0 0.0 0.0 0.0 0.0681266426740425 0.0 0.0 0.0 0.0367180190801132 0.0 0.0 0.0 0.04385464482572782 0.0 0.0 0.0 0.09781450638668372 0.0 0.0004952653733867767 0.0 0.0 0.01885042519789903 6.050156105996742e-08 0.0 0.0 0.04544992081935696 0.0011168341345616734 0.0 0.0 0.02603475647414307 0.03155475576382842 0.0 0.0 0.010390361333273075 0.0017709043121163326 0.0 0.0 0.05701429436281165 2.131517006023988e-07 0.0 0.0 0.12473711613660005 0.004944250611704953 0.0 0.0 0.13505834931971258 0.0515953730922383 0.0 0.0 0.017904732555884914 0.0 3.0376865357078534e-07 0.0 0.0 0.0 4.0539357300744457e-07 0.0 0.0 0.0 3.2106346342039335e-12 0.0 0.0 0.0 1.6505569946910123e-07 0.0 0.0 0.0 0.0 0.04080100854896065 0.0 0.0 0.0 0.003959861102930033 0.0 0.0 0.0 0.021964464131687778 0.0 0.0 0.0 0.06027682358944257 0.0 0.0001836525666546347 0.0 0.0 0.003282473949161212 3.14381162106281e-09 0.0 0.0 0.0047700998371418245 0.0016233575951290935 0.0 0.0 0.03343626217787709 0.035121042304052406 0.0 0.0 0.009604336719805463 0.0018180921577238673 0.0 0.0 0.10463509929226139 2.4425533963251584e-07 0.0 0.0 0.23242239472066842 0.00485534757757558 0.0 0.0 0.11898532485461825 0.1329878002192318 0.0 0.0 0.03330696662191607 0.0 0.00879191120374415 0.0 0.0 0.0 0.006892936095261043 0.0 0.0 0.0 1.0213023574384035e-07 0.0 0.0 0.0 0.005891425720474466 0.0 0.0 0.0 0.0 2.351209350293275e-08 0.0 0.0 0.0 5.8408010109259904e-08 0.0 0.0 0.0 2.340607400652196e-08 0.0 0.0 0.0 4.383811414995128e-08 0.0 5.804342537471714e-10 0.0 0.0 0.0013098564322764229 2.631774612589591e-08 0.0 0.0 0.017891263150785052 0.0013500510950485295 0.0 0.0 0.044258092258806274 0.0004442113841168887 0.0 0.0 0.0004775797946778595 0.0008116757415343545 0.0 0.0 0.07951891069996651 2.232684093623675e-07 0.0 0.0 0.12593612304320367 0.00922838585314126 0.0 0.0 0.1260281015967926 0.07038837980656196 0.0 0.0 0.04337486368278696 0.0 0.2332584996310105 0.0 0.0 0.0 0.11600526317673733 0.0 0.0 0.0 0.0 0.0 0.0 0.0 0.07937763768958435 0.0 0.0 0.0 0.0 0.024964704862913422 0.0 0.0 0.0 0.047343289702580005 0.0 0.0 0.0 0.0 0.0 0.0 0.0 0.018693007490192842 0.0 0.0038270397444740566 0.0 0.0 0.08485571928273082 3.700582051064035e-08 0.0 0.0 0.034916583660082164 0.0 0.0 0.0 0.0 0.04840987536258852 0.0 0.0 0.011320145747499764 0.0014092208900889623 0.0 0.0 0.04355845432566233 6.657674776711675e-08 0.0 0.0 0.04288776833149684 0.0 0.0 0.0 0.0 0.043287116324047546 0.0 0.0 0.009921099782868583
0.0 0.0016599392264547285 0.0 0.0 0.0 0.0009214662739966253 0.0 0.0 0.0 3.015949522655232e-08 0.0 0.0 0.0 0.0006770806437615473 0.0 0.0 0.0 0.0 0.022360444734805748 0.0 0.0 0.0 0.08020821679867066 0.0 0.0 0.0 0.0430584439977233 0.0 0.0 0.0 0.03455121429584464 0.0 2.1036061493839394e-09 0.0 0.0 0.0040864193646170475 4.813313074202888e-14 0.0 0.0 0.00028564552848332406 0.00010107213720098348 0.0 0.0 0.03747533401407173 0.003073321803350007 0.0 0.0 0.0007932236152556961 1.3418614010134306e-08 0.0 0.0 0.03219631163157779 2.3145662546030908e-08 0.0 0.0 0.0391909092124897 0.0010584163951707752 0.0 0.0 0.09921609473536445 0.042121494671080194 0.0 0.0 0.009238360690221154 0.0 0.0 0.0 0.0 0.0 1.2517232357747237e-07 0.0 0.0 0.0 4.945241629101861e-12 0.0 0.0 0.0 3.0858932600780586e-07 0.0 0.0 0.0 0.0 0.0 0.0 0.0 0.0 0.013221570191064586 0.0 0.0 0.0 0.10521177689775767 0.0 0.0 0.0 0.039887988814288095 0.0 0.0 0.0 0.0 0.0 6.29192466943805e-08 0.0 0.0 0.05156744074636544 0.0013802785788885013 0.0 0.0 0.057281077316255334 0.04502015355778996 0.0 0.0 0.012868333161123116 0.0 0.0 0.0 0.0 1.1460403741910468e-07 0.0 0.0 0.055816947326313204 0.00950557255022312 0.0 0.0 0.21859164276982088 0.15605779764066935 0.0 0.0 0.04768107063518093 0.0 0.007061402416031701 0.0 0.0 0.0 0.008700498521825596 0.0 0.0 0.0 1.7607151856580442e-07 0.0 0.0 0.0 0.012450637411586092 0.0 0.0 0.0 0.0 2.9237923430852353e-08 0.0 0.0 0.0 3.893800513294407e-08 0.0 0.0 0.0 2.9348074139396668e-08 0.0 0.0 0.0 1.722474646399628e-07 0.0 0.00020838910298094833 0.0 0.0 0.020681727867989344 7.697375211342909e-08 0.0 0.0 0.061227113869079336 0.002834451073032148 0.0 0.0 0.03170969462731742 0.024715739225106236 0.0 0.0 0.006868779974510368 0.0005675934847219167 0.0 0.0 0.06193555360986592 5.321222099960756e-08 0.0 0.0 0.1712847404038188 0.013341757466820535 0.0 0.0 0.1933264133319392 0.13892946035471282 0.0 0.0 0.05824773270532182 0.0 0.1714569781845579 0.0 0.0 0.0 0.14338233802293524 0.0 0.0 0.0 6.353559083444895e-08 0.0 0.0 0.0 0.151570203595748 0.0 0.0 0.0 0.0 0.023454544593903885 0.0 0.0 0.0 0.06794135820410156 0.0 0.0 0.0 8.457348110737534e-05 0.0 0.0 0.0 0.07321775396130882 0.0 0.001779536547451467 0.0 0.0 0.07722685965367544 3.886594216306257e-08 0.0 0.0 0.0314003088260903 0.001475659728188579 0.0 0.0 0.02734813963350523 0.006609340856907219 0.0 0.0 0.0018172452071457768 0.0007029816463336367 0.0 0.0 0.026894751772455087 1.4871037140825089e-08 0.0 0.0 0.05879159360827106 5.7081323669093315e-05 0.0 0.0 0.0011860475377766415 0.04988227522921619 0.0 0.0 0.018418833548051426
0.0 0.015232073195876217 0.0 0.0 0.0 0.00128377301987674 0.0 0.0 0.0 1.9220532921497798e-08 0.0 0.0 0.0 0.00948292768712981 0.0 0.0 0.0 0.0 0.09297059958611983 0.0 0.0 0.0 0.004207825843579199 0.0 0.0 0.0 0.003249847976514796 0.0 0.0 0.0 0.02579199180879963 0.0 0.00916089932864122 0.0 0.0 0.12967051077040007 2.802940581980879e-14 0.0 0.0 1.5492237082236665e-08 0.0008288510028713277 0.0 0.0 0.013020274683074724 0.025219533170764925 0.0 0.0 0.03637975385565779 0.006100569608249705 0.0 0.0 0.13973827703855693 4.877373674297912e-08 0.0 0.0 0.03022405773670985 0.0011629181267909516 0.0 0.0 0.05316953072255053 0.12036327547557477 0.0 0.0 0.10420400579758175 0.0 1.870837325741641e-07 0.0 0.0 0.0 7.376857109316974e-08 0.0 0.0 0.0 2.386244903954633e-12 0.0 0.0 0.0 2.3428628594486847e-07 0.0 0.0 0.0 0.0 0.046287433974012054 0.0 0.0 0.0 0.028371923746547324 0.0 0.0 0.0 0.05121114990548779 0.0 0.0 0.0 0.1103304467288617 0.0 0.00024147980741766431 0.0 0.0 0.004116400323056132 1.7882990518436993e-08 0.0 0.0 0.005695707397982232 0.001717049726572607 0.0 0.0 0.08079093590202227 0.02451210386905821 0.0 0.0 0.01355006187368722 0.0010335164945019363 0.0 0.0 0.019752424049614904 8.40308621343931e-08 0.0 0.0 0.03736363490538197 0.002987959077313919 0.0 0.0 0.11330295144939061 0.10515250023488809 0.0 0.0 0.032180419936559866 0.0 0.01007184317731563 0.0 0.0 0.0 0.0032389557429830106 0.0 0.0 0.0 2.4294177904091214e-07 0.0 0.0 0.0 0.010990741571594456 0.0 0.0 0.0 0.0 4.8158584833382715e-08 0.0 0.0 0.0 8.895877055187274e-07 0.0 0.0 0.0 1.138111883785454e-06 0.0 0.0 0.0 9.821136926437901e-08 0.0 7.109554052881431e-10 0.0 0.0 2.7029884587942407e-08 7.955944761722324e-09 0.0 0.0 0.0071165765432290706 0.00048329248631959464 0.0 0.0 0.03862719634294023 0.008490823829590776 0.0 0.0 0.002143906821427429 0.0036333428197644047 0.0 0.0 0.09344190070199804 3.608654097202494e-08 0.0 0.0 0.061074975815931944 0.015434476535065345 0.0 0.0 0.37404230397602356 0.14309104618189633 0.0 0.0 0.049577708581127554 0.0 0.10091616175808904 0.0 0.0 0.0 0.22743398023889103 0.0 0.0 0.0 1.911904845194629e-06 0.0 0.0 0.0 0.2139700835543531 0.0 0.0 0.0 0.0 0.07502175658495841 0.0 0.0 0.0 0.08945312553289243 0.0 0.0 0.0 0.002399695726405476 0.0 0.0 0.0 0.061583492554725325 0.0 0.004655490228850988 0.0 0.0 0.04537481695630908 4.553759279314872e-08 0.0 0.0 0.07017398581922643 0.0006178091016442265 0.0 0.0 0.01106056246518759 0.04983588031507927 0.0 0.0 0.015987422952578653 0.0011734941250343663 0.0 0.0 0.022868326409931555 2.548726947792029e-07 0.0 0.0 0.07724297925888175 0.0010694273770941634 0.0 0.0 0.05628203515715862 0.08715256179136284 0.0 0.0 0.03577493009208006
0.0 0.014468899703180198 0.0 0.0 0.0 0.003622752025260056 0.0 0.0 0.0 5.717723012292828e-08 0.0 0.0 0.0 0.0025998986457627733 0.0 0.0 0.0 0.0 0.05686442481751019 0.0 0.0 0.0 0.05890107708189547 0.0 0.0 0.0 0.06469710102746296 0.0 0.0 0.0 0.031226560381142486 0.0 0.00346101203930221 0.0 0.0 0.06180270948732714 6.0463922386738825e-09 0.0 0.0 0.04857542720897905 0.00012194145094990718 0.0 0.0 0.017867824866752355 0.0064256463983518855 0.0 0.0 0.002612787725858962 0.007941461928838284 0.0 0.0 0.18584865423501187 1.1478894976446505e-07 0.0 0.0 0.12918219536573786 0.010496997192068596 0.0 0.0 0.14709765080275033 0.0744690098145149 0.0 0.0 0.03284207985762801 0.0 2.487688514956181e-07 0.0 0.0 0.0 1.9868322209946326e-07 0.0 0.0 0.0 5.12112837548877e-12 0.0 0.0 0.0 1.2924285745119198e-07 0.0 0.0 0.0 0.0 0.05330753915452793 0.0 0.0 0.0 0.003139709175946072 0.0 0.0 0.0 0.04638613609916867 0.0 0.0 0.0 0.01706840937340361 0.0 0.00019580760089693832 0.0 0.0 0.003237506719056009 7.119828734183111e-09 0.0 0.0 0.005549929324090867 0.002755132958243526 0.0 0.0 0.03555162300883274 0.024061745440448402 0.0 0.0 0.011865219292897078 0.003540015658528107 0.0 0.0 0.08989486492139856 8.791132243211524e-08 0.0 0.0 0.08141565747954516 0.012090976178492183 0.0 0.0 0.2636384905259633 0.06813723178665396 0.0 0.0 0.02904324768699856 0.0 0.011742407556431404 0.0 0.0 0.0 0.011562157330457188 0.0 0.0 0.0 4.935937602380656e-08 0.0 0.0 0.0 0.006112995181239264 0.0 0.0 0.0 0.0 1.7431133515007932e-08 0.0 0.0 0.0 4.548925005511347e-08 0.0 0.0 0.0 7.68591202885312e-10 0.0 0.0 0.0 4.2852195811397866e-08 0.0 5.194016046534634e-05 0.0 0.0 0.046129255242194966 7.021485050232678e-08 0.0 0.0 0.027807272989481144 0.0017897371931704376 0.0 0.0 0.03075911414174824 0.0025601363463495126 0.0 0.0 0.0006668314659164503 0.0021367277666400953 0.0 0.0 0.12015083123104539 1.8814039927491826e-07 0.0 0.0 0.20091183835277623 0.003504225037107892 0.0 0.0 0.054052463193961536 0.10605491866193965 0.0 0.0 0.034781058315618195 0.0 0.17944100824091 0.0 0.0 0.0 0.1047166857641069 0.0 0.0 0.0 0.0 0.0 0.0 0.0 0.06685478882278564 0.0 0.0 0.0 0.0 0.026425777561405815 0.0 0.0 0.0 0.0211761397172027 0.0 0.0 0.0 0.0 0.0 0.0 0.0 0.027965894614036632 0.0 0.0008051492070328023 0.0 0.0 0.023796193542732307 3.4620725130559684e-08 0.0 0.0 0.012197853151628402 0.0 0.0 0.0 0.0 0.031228606418415298 0.0 0.0 0.008233070280244602 0.0008628678991643073 0.0 0.0 0.0389857726306209 6.785758409740677e-08 0.0 0.0 0.042120398276663557 0.0 0.0 0.0 0.0 0.038075187961129 0.0 0.0 0.007853631291299613
0.0 0.005705105624720241 0.0 0.0 0.0 0.003439991038854703 0.0 0.0 0.0 1.1398575783532869e-07 0.0 0.0 0.0 0.0064391801848681296 0.0 0.0 0.0 0.0 0.04940493863295384 0.0 0.0 0.0 0.0036056909828131 0.0 0.0 0.0 0.013767770823432102 0.0 0.0 0.0 0.18839340848886127 0.0 1.0435364155212037e-05 0.0 0.0 0.0024125875881067767 1.2603282650683689e-07 0.0 0.0 0.05271960106821856 9.977878605480357e-05 0.0 0.0 0.0021668712648198886 0.03696297890255944 0.0 0.0 0.006989333283891219 0.00118533564765999 0.0 0.0 0.09120929467472232 2.0220302833930498e-07 0.0 0.0 0.14013798538401664 0.010366716570627061 0.0 0.0 0.2734541436339451 0.12583952572546425 0.0 0.0 0.08515866601131085 0.0 7.84768899904502e-07 0.0 0.0 0.0 5.1328657196467336e-08 0.0 0.0 0.0 2.343642732642768e-11 0.0 0.0 0.0 6.198551850118784e-08 0.0 0.0 0.0 0.0 0.041153077360889787 0.0 0.0 0.0 0.03696857717288979 0.0 0.0 0.0 0.04899264346011213 0.0 0.0 0.0 0.0026100627192484965 0.0 4.0391106815725596e-05 0.0 0.0 0.0033347726082672085 5.695029650705736e-08 0.0 0.0 0.03696855381907605 0.0024372726600084406 0.0 0.0 0.036362992572549026 1.2941875537959855e-13 0.0 0.0 3.246502862927835e-14 0.004524985493088066 0.0 0.0 0.2508013837266761 4.0811918545161035e-08 0.0 0.0 0.02601451827204078 0.052851855898185064 0.0 0.0 0.9088491181119376 0.036968548783724645 0.0 0.0 0.010397225688785913 0.0 0.015515315410706944 0.0 0.0 0.0 0.04789315826313198 0.0 0.0 0.0 2.699055746245782e-08 0.0 0.0 0.0 0.015109758504467576 0.0 0.0 0.0 0.0 2.6992586967458195e-08 0.0 0.0 0.0 2.933379591060573e-06 0.0 0.0 0.0 1.3571650197645455e-08 0.0 0.0 0.0 8.01847991047646e-12 0.0 2.666642738205703e-09 0.0 0.0 0.005177010761332205 4.3620670211698976e-08 0.0 0.0 0.06248730930230798 1.1982267992143545e-08 0.0 0.0 1.2813007034990085e-07 0.0059833976731568286 0.0 0.0 0.003925888612267658 0.0005612726943607208 0.0 0.0 0.17864996818412826 4.3450456206509365e-07 0.0 0.0 0.9890859028334047 0.003847577850925866 0.0 0.0 0.046128140651967596 0.13452580699835934 0.0 0.0 0.09033464409092744 0.0 0.23395060312373325 0.0 0.0 0.0 0.07839118302211778 0.0 0.0 0.0 2.7133008625817264e-06 0.0 0.0 0.0 0.03583200788749446 0.0 0.0 0.0 0.0 0.010803669304201817 0.0 0.0 0.0 0.038566866570916625 0.0 0.0 0.0 0.005315189719611118 0.0 0.0 0.0 0.0026952829676190992 0.0 0.007967448722182751 0.0 0.0 0.10506594838769746 6.235256490490983e-09 0.0 0.0 0.005305339452768734 0.0037669202181154836 0.0 0.0 0.07159309116669682 7.347675117799998e-13 0.0 0.0 2.948352848214927e-13 0.001294519139295705 0.0 0.0 0.0907009039198442 6.257054695022054e-08 0.0 0.0 0.02766423968071174 0.003104199763362569 0.0 0.0 0.06614558336366981 0.007896249250079394 0.0 0.0 0.003552359071216891
0.0 0.0042960664466017194 0.0 0.0 0.0 0.0025976588791868627 0.0 0.0 0.0 8.206683195764386e-08 0.0 0.0 0.0 0.004848840276682826 0.0 0.0 0.0 0.0 0.03720297451429313 0.0 0.0 0.0 0.002715166965839408 0.0 0.0 0.0 0.018123332238877108 0.0 0.0 0.0 0.14186426233091107 0.0 7.85805219956852e-06 0.0 0.0 0.0018167300079174448 9.353854684081003e-08 0.0 0.0 0.03938806926481257 0.0002794681575017777 0.0 0.0 0.005613277186911448 0.02783391296768884 0.0 0.0 0.005263117316351374 0.0008925830717903643 0.0 0.0 0.06868254792222019 1.534538328779944e-07 0.0 0.0 0.10583053791781133 0.0072836638216481455 0.0 0.0 0.19449769655827442 0.09475985190942443 0.0 0.0 0.0641262952440087 0.0 5.046426620252807e-07 0.0 0.0 0.0 3.4887773378900745e-08 0.0 0.0 0.0 1.8694999528562e-11 0.0 0.0 0.0 4.667641240261141e-08 0.0 0.0 0.0 0.0 0.02913910885170303 0.0 0.0 0.0 0.02783812976818933 0.0 0.0 0.0 0.036892349096104476 0.0 0.0 0.0 0.001965432677333361 0.0 3.0415391383458848e-05 0.0 0.0 0.0025110659252058666 8.710895400460516e-13 0.0 0.0 0.027838155460899506 0.0018353192705538484 0.0 0.0 0.027382130320293324 9.745509384713604e-14 0.0 0.0 2.4446856380931835e-14 0.0034146674735237624 0.0 0.0 0.15306883774055924 1.3905118007858063e-08 0.0 0.0 0.019589505987163577 0.041685062614836586 0.0 0.0 0.7201293787896813 0.02783810878526074 0.0 0.0 0.00782933186587904 0.0 0.01168337794863473 0.0 0.0 0.0 0.034207089054072846 0.0 0.0 0.0 2.032446652472715e-08 0.0 0.0 0.0 0.013264444073657532 0.0 0.0 0.0 0.0 2.0325994800351622e-08 0.0 0.0 0.0 2.115030700607341e-06 0.0 0.0 0.0 1.0219742608541588e-08 0.0 0.0 0.0 7.084940668596536e-12 0.0 2.007955981328621e-09 0.0 0.0 0.003898227430213771 4.618156985736584e-08 0.0 0.0 0.0476578436382086 9.022903844645805e-09 0.0 0.0 9.648468095777226e-08 0.0045056363843578 0.0 0.0 0.002956281842862935 0.00042265033263973157 0.0 0.0 0.1345274019745909 2.277280832542696e-07 0.0 0.0 0.7084239984725219 0.00289730833982812 0.0 0.0 0.03473547561338541 0.1263772773873505 0.0 0.0 0.07869388033473107 0.0 0.17616980339301722 0.0 0.0 0.0 0.05903023757229711 0.0 0.0 0.0 2.0431735294750023e-06 0.0 0.0 0.0 0.026982267575374873 0.0 0.0 0.0 0.0 0.008135393847383892 0.0 0.0 0.0 0.029041674604599655 0.0 0.0 0.0 0.004002451438029568 0.0 0.0 0.0 0.002029605668017428 0.0 0.005999659142521321 0.0 0.0 0.07911690426790878 4.608587788617523e-09 0.0 0.0 0.003995033737634719 0.002836571418760583 0.0 0.0 0.053911127506111434 5.532956424897499e-13 0.0 0.0 2.2201726957590486e-13 0.000974800574194388 0.0 0.0 0.06829971882004165 4.6808933089865875e-08 0.0 0.0 0.020831762682970004 0.002337528754798725 0.0 0.0 0.049809037723792624 0.005946044472622269 0.0 0.0 0.0026750022882175684
0.0 0.005406988640738683 0.0 0.0 0.0 0.0002783367171453392 0.0 0.0 0.0 6.356600012466832e-08 0.0 0.0 0.0 0.004272342115749491 0.0 0.0 0.0 0.0 0.07773999142388137 0.0 0.0 0.0 0.000725063720167036 0.0 0.0 0.0 0.17609800342313353 0.0 0.0 0.0 0.0978152790232382 0.0 0.001930548380373597 0.0 0.0 0.04252461239559383 4.509880437724414e-13 0.0 0.0 0.026579494273248478 0.0002462164090825719 0.0 0.0 0.019377607491556047 0.02038584425866014 0.0 0.0 0.004957404135155599 0.0010202453448050766 0.0 0.0 0.09705425385089674 1.5179151488695546e-13 0.0 0.0 0.010029878628217904 0.00627272328122548 0.0 0.0 0.21174589256219928 0.08212661619287179 0.0 0.0 0.053731927649995626 0.0 0.0 0.0 0.0 0.0 9.749924819029808e-08 0.0 0.0 0.0 2.055453187797853e-12 0.0 0.0 0.0 1.0789324041530548e-07 0.0 0.0 0.0 0.0 0.0 0.0 0.0 0.0 0.02706375350290572 0.0 0.0 0.0 0.04873717211768133 0.0 0.0 0.0 0.016418499084474732 0.0 0.0 0.0 0.0 0.0 1.0162725115026388e-13 0.0 0.0 0.0018520369112895003 0.011422097150821429 0.0 0.0 0.04520382584411307 0.013689006665826363 0.0 0.0 0.009933257348000178 0.0 0.0 0.0 0.0 5.151645223369525e-08 0.0 0.0 0.04630960724876584 0.006509520397549702 0.0 0.0 0.11380402452406832 0.0487680591544806 0.0 0.0 0.02402938987212238 0.0 0.02577564010604963 0.0 0.0 0.0 0.007985995851258565 0.0 0.0 0.0 1.6725670384337046e-07 0.0 0.0 0.0 0.010842651271309971 0.0 0.0 0.0 0.0 6.621008957447249e-08 0.0 0.0 0.0 1.0135384956883404e-06 0.0 0.0 0.0 1.931116765687489e-07 0.0 0.0 0.0 6.068787256422697e-08 0.0 0.0012438626618083038 0.0 0.0 0.02339660541334142 2.613854470038971e-09 0.0 0.0 0.001641789006552326 0.003269266886567433 0.0 0.0 0.1396568775106514 0.07494633164000719 0.0 0.0 0.014413624089561185 0.0027019673222967895 0.0 0.0 0.1725584983227035 1.280596661161722e-07 0.0 0.0 0.10320939094831749 0.013654404305483344 0.0 0.0 0.2571595976621144 0.2158146491984466 0.0 0.0 0.06011041650661801 0.0 0.30947677930061784 0.0 0.0 0.0 0.08395499463740969 0.0 0.0 0.0 1.1027233749745624e-06 0.0 0.0 0.0 0.2193154375332894 0.0 0.0 0.0 0.0 0.033152353842605974 0.0 0.0 0.0 0.05431039315858371 0.0 0.0 0.0 0.03373299116985231 0.0 0.0 0.0 0.11323474912630349 0.0 0.001112621087163977 0.0 0.0 0.03878021302574411 1.1504291129736002e-08 0.0 0.0 0.02078163204370703 0.0011131494767388653 0.0 0.0 0.011505474465792665 0.1272224502626611 0.0 0.0 0.026952954488581368 0.0011693345834245376 0.0 0.0 0.06766197823302213 1.1699575702339124e-08 0.0 0.0 0.029016823653340476 0.0021170765778531827 0.0 0.0 0.026755752265151114 0.056246463081316984 0.0 0.0 0.0212195455985709
0.0 0.011517614966681348 0.0 0.0 0.0 0.005687562987232959 0.0 0.0 0.0 6.5521670235242e-08 0.0 0.0 0.0 0.0024367707004875738 0.0 0.0 0.0 0.0 0.04668677962864221 0.0 0.0 0.0 0.04555619653579555 0.0 0.0 0.0 0.03918577560662613 0.0 0.0 0.0 0.11292451840952912 0.0 0.0019431778216986067 0.0 0.0 0.05606269173976578 3.148369359945308e-09 0.0 0.0 0.019626449685859203 0.0009572951788944981 0.0 0.0 0.01718731983389864 0.009778408398253658 0.0 0.0 0.008112231699106598 0.005478325317977365 0.0 0.0 0.21340408280964543 1.4408610446999022e-07 0.0 0.0 0.16848155233121748 0.012250488556626384 0.0 0.0 0.16977096407686315 0.0806131215963882 0.0 0.0 0.025486857970813927 0.0 2.4708751481373074e-07 0.0 0.0 0.0 5.599898731487603e-07 0.0 0.0 0.0 4.079522475273752e-12 0.0 0.0 0.0 2.206180178709601e-07 0.0 0.0 0.0 0.0 0.03255180389323624 0.0 0.0 0.0 0.08600835150537535 0.0 0.0 0.0 0.04645964585360222 0.0 0.0 0.0 0.13550028112932103 0.0 0.0002235303536777378 0.0 0.0 0.0028611264572887974 1.1950057778198045e-07 0.0 0.0 0.07634829591385374 0.0010602105950182083 0.0 0.0 0.0487550282911711 0.10041002653694762 0.0 0.0 0.03042942658761608 0.003055146891555029 0.0 0.0 0.10491929058147473 4.6654632139547926e-07 0.0 0.0 0.3163460240931566 0.01038834012540853 0.0 0.0 0.18055906566021526 0.1309740219306432 0.0 0.0 0.033519458991696734 0.0 0.017971013904664226 0.0 0.0 0.0 0.006935841600047066 0.0 0.0 0.0 2.8832389705558816e-07 0.0 0.0 0.0 0.020675198051804553 0.0 0.0 0.0 0.0 2.275652616802718e-08 0.0 0.0 0.0 1.818344430926034e-06 0.0 0.0 0.0 3.046557688824089e-07 0.0 0.0 0.0 3.345909118546159e-07 0.0 0.0002369660040251193 0.0 0.0 0.006352635848500987 9.167920572984203e-09 0.0 0.0 0.007197531983992619 0.0017307521747497898 0.0 0.0 0.0724856815726763 0.0020463594171027167 0.0 0.0 0.0012001464872470142 0.00459699265450013 0.0 0.0 0.1623238958514466 1.6798795693943395e-07 0.0 0.0 0.12947577618039932 0.01353108058357966 0.0 0.0 0.19947418321882324 0.18052510593213178 0.0 0.0 0.1306455278052128 0.0 0.21486439422173262 0.0 0.0 0.0 0.2878961278271205 0.0 0.0 0.0 2.126497991017781e-06 0.0 0.0 0.0 0.1691416409573224 0.0 0.0 0.0 0.0 0.034428971227441735 0.0 0.0 0.0 0.13982571289712292 0.0 0.0 0.0 0.005604356540217898 0.0 0.0 0.0 0.017887700857970056 0.0 0.003361716326388094 0.0 0.0 0.0947996744284222 1.7884440128369935e-08 0.0 0.0 0.014244508979913808 0.002778639829962622 0.0 0.0 0.07987146027514937 0.048996125374712436 0.0 0.0 0.033176613351959525 0.0007461588062500389 0.0 0.0 0.03476213902909189 1.5480827770445874e-07 0.0 0.0 0.08460767690719903 0.002885534836173213 0.0 0.0 0.05246902728525332 0.09439710324992147 0.0 0.0 0.019363870247440722
0.0 0.02380309046888615 0.0 0.0 0.0 0.003649929657152542 0.0 0.0 0.0 5.770087106268457e-08 0.0 0.0 0.0 0.003331928353029805 0.0 0.0 0.0 0.0 0.05102257646930617 0.0 0.0 0.0 0.017808285938437075 0.0 0.0 0.0 0.06617518930141658 0.0 0.0 0.0 0.06499928618890856 0.0 0.0007705168730606798 0.0 0.0 0.01954777442085599 2.8127051958373176e-14 0.0 0.0 0.0011166474062594086 0.00037403835792592196 0.0 0.0 0.002954342699872444 0.02778142041081473 0.0 0.0 0.006835698991135766 0.01686034845904062 0.0 0.0 0.40576506582206834 5.276298501440471e-08 0.0 0.0 0.1253591906674859 0.010569629383618011 0.0 0.0 0.17881142881290502 0.08766682801235268 0.0 0.0 0.031285997692280444 0.0 9.43975285932998e-08 0.0 0.0 0.0 1.1216326389280228e-07 0.0 0.0 0.0 3.515284052403761e-12 0.0 0.0 0.0 7.136530514256971e-08 0.0 0.0 0.0 0.0 0.005461599905866761 0.0 0.0 0.0 0.04044388446043863 0.0 0.0 0.0 0.08819284211519707 0.0 0.0 0.0 0.010557872352501321 0.0 0.002214097811062832 0.0 0.0 0.025806744125130277 5.897916114449683e-08 0.0 0.0 0.0347564279975908 0.004269396255999296 0.0 0.0 0.06300530266199462 0.0444811036539334 0.0 0.0 0.016363353348935624 0.0017554210790969693 0.0 0.0 0.03872909589748859 7.873674952073844e-08 0.0 0.0 0.07273354409514401 0.008176181388400915 0.0 0.0 0.20619154365576292 0.05915161020703207 0.0 0.0 0.017380095504640484 0.0 0.01795110716474626 0.0 0.0 0.0 0.006011105439782775 0.0 0.0 0.0 1.3730499181321457e-07 0.0 0.0 0.0 0.01117735977144647 0.0 0.0 0.0 0.0 5.534310160078604e-08 0.0 0.0 0.0 4.6055953646654764e-08 0.0 0.0 0.0 1.0545440724609286e-07 0.0 0.0 0.0 2.3516519463925475e-07 0.0 0.0018960214019341595 0.0 0.0 0.0902503439700105 9.948353311772266e-10 0.0 0.0 0.006520825321088789 0.0018763372617610452 0.0 0.0 0.036118118512111066 0.04117984334359485 0.0 0.0 0.013234485513453343 0.004429590053641907 0.0 0.0 0.1813410949312616 4.660279706648242e-08 0.0 0.0 0.0984185554098034 0.009408354882703314 0.0 0.0 0.21148163284063456 0.18149213011030857 0.0 0.0 0.04878415896069829 0.0 0.1582510458669074 0.0 0.0 0.0 0.13499505157380454 0.0 0.0 0.0 1.8166782553558805e-07 0.0 0.0 0.0 0.1602561243384782 0.0 0.0 0.0 0.0 0.002896207441678531 0.0 0.0 0.0 0.13264426837897866 0.0 0.0 0.0 0.029360853378123906 0.0 0.0 0.0 0.008973625315001114 0.0 0.002266862493191061 0.0 0.0 0.05750039779045114 6.967850104229944e-09 0.0 0.0 0.01688032664193808 0.0002137830931914294 0.0 0.0 0.003082918874703548 0.0014597423455991515 0.0 0.0 0.0006037607539143575 0.0005921480089113325 0.0 0.0 0.0373780246554696 3.288520660414266e-08 0.0 0.0 0.048332053025005074 0.00025196875381863684 0.0 0.0 0.004073820840423979 0.03387340419385456 0.0 0.0 0.01673450270167468
0.0 0.0 0.0 0.0 0.0 0.005522298192514613 0.0 0.0 0.0 1.1472046440978458e-08 0.0 0.0 0.0 0.0 0.0 0.0 0.0 0.0 0.0 0.0 0.0 0.0 0.16024775811691389 0.0 0.0 0.0 0.0035693676336996448 0.0 0.0 0.0 0.0 0.0 0.0 0.0 0.0 0.0 1.280195399501302e-08 0.0 0.0 0.008785849674347722 7.549308269772893e-14 0.0 0.0 5.880021436779844e-13 0.0 0.0 0.0 0.0 0.0 0.0 0.0 0.0 2.1210673882325317e-07 0.0 0.0 0.16727318282806503 0.004650748777718666 0.0 0.0 0.040612631218805255 0.0 0.0 0.0 0.0 0.0 3.788624813045754e-07 0.0 0.0 0.0 6.0110476058225e-07 0.0 0.0 0.0 3.5051776737316624e-11 0.0 0.0 0.0 8.213719746111043e-08 0.0 0.0 0.0 0.0 0.004184175826492336 0.0 0.0 0.0 0.04317059081473909 0.0 0.0 0.0 0.08785666894113332 0.0 0.0 0.0 0.003627277270760736 0.0 0.001115694928343443 0.0 0.0 0.04056008536375595 5.876980205557794e-08 0.0 0.0 0.04530672928110703 0.005927909512964169 0.0 0.0 0.11264581160949914 8.036414021829136e-13 0.0 0.0 3.1842104761842764e-13 0.0036617747986908 0.0 0.0 0.09697616752903647 2.2736834720261464e-07 0.0 0.0 0.351016624587645 0.07093075926847037 0.0 0.0 1.431785419235552 0.031300735515753526 0.0 0.0 0.01390466417809964 0.0 0.008220116411493806 0.0 0.0 0.0 0.06556881975882611 0.0 0.0 0.0 0.0 0.0 0.0 0.0 0.009919218228870003 0.0 0.0 0.0 0.0 1.1472709936204833e-08 0.0 0.0 0.0 1.6928736202392749e-06 0.0 0.0 0.0 0.0 0.0 0.0 0.0 6.212544244488019e-12 0.0 9.967080884266278e-05 0.0 0.0 0.005498360617781503 2.6453873564610784e-08 0.0 0.0 0.08231952621819753 0.0 0.0 0.0 0.0 0.0061584619822149436 0.0 0.0 0.002784623008144653 0.0010145792880568028 0.0 0.0 0.08283277960698228 5.033302220178303e-07 0.0 0.0 1.317092204453264 0.0 0.0 0.0 0.0 0.15533826443895907 0.0 0.0 0.06996322785026601 0.0 0.16024737925443258 0.0 0.0 0.0 0.06774699379702415 0.0 0.0 0.0 1.692845444502008e-06 0.0 0.0 0.0 0.0 0.0 0.0 0.0 0.0 0.004601686649809379 0.0 0.0 0.0 0.0021362476613206705 0.0 0.0 0.0 0.005434632514221906 0.0 0.0 0.0 0.0 0.0 0.00017654051896857668 0.0 0.0 0.006418318509364105 9.322362175274836e-14 0.0 0.0 0.0036272772715751785 2.0803951654706143e-13 0.0 0.0 3.476794512557637e-12 0.0 0.0 0.0 0.0 0.0005682879465117933 0.0 0.0 0.023318823532647324 2.130846024215156e-08 0.0 0.0 0.024154978167393374 0.002198736839753187 0.0 0.0 0.041197696899829044 0.0 0.0 0.0 0.0
0.0 0.005710116006664134 0.0 0.0 0.0 0.0014049462579154171 0.0 0.0 0.0 4.6250177884721255e-08 0.0 0.0 0.0 0.005805753323808831 0.0 0.0 0.0 0.0 0.006514063688213247 0.0 0.0 0.0 0.02207569029041272 0.0 0.0 0.0 0.053975444961841326 0.0 0.0 0.0 0.1684588922878519 0.0 1.555252314285509e-14 0.0 0.0 1.8063274531624307e-08 2.237729306484284e-09 0.0 0.0 0.01427333656716979 6.66730408820913e-05 0.0 0.0 0.020967101584381188 0.0027206330992103635 0.0 0.0 0.0006947819053935271 0.0013356336939073774 0.0 0.0 0.09313963957324407 5.490677451127914e-08 0.0 0.0 0.0333789504235442 0.0047534593482267875 0.0 0.0 0.13363621686512853 0.1574443611735483 0.0 0.0 0.05610697196968964 0.0 1.830490747908845e-07 0.0 0.0 0.0 0.0 0.0 0.0 0.0 4.482709383510899e-12 0.0 0.0 0.0 5.915003098439695e-07 0.0 0.0 0.0 0.0 0.0007370226300091231 0.0 0.0 0.0 0.0 0.0 0.0 0.0 0.11504029302342773 0.0 0.0 0.0 0.13231163528977713 0.0 2.928276347773627e-14 0.0 0.0 3.6958515498302236e-13 0.0 0.0 0.0 0.0 0.0009765061318633753 0.0 0.0 0.018532228351108914 0.027506799991415684 0.0 0.0 0.013005509671321169 0.0022989008008872246 0.0 0.0 0.032530383861402966 0.0 0.0 0.0 0.0 0.01696053096508096 0.0 0.0 0.204155344941766 0.22882364183438603 0.0 0.0 0.0962826864976115 0.0 0.01970622522052693 0.0 0.0 0.0 0.010875736393944273 0.0 0.0 0.0 3.0770193583532845e-08 0.0 0.0 0.0 0.0031305157817543474 0.0 0.0 0.0 0.0 3.885522682189824e-08 0.0 0.0 0.0 2.3095341054975966e-07 0.0 0.0 0.0 1.1428207783367338e-08 0.0 0.0 0.0 2.6738135299447353e-08 0.0 0.001741248631262771 0.0 0.0 0.021727633719362878 2.0533496186836428e-07 0.0 0.0 0.09289858532495375 0.004251994200828172 0.0 0.0 0.041938779541174226 0.00533917177690402 0.0 0.0 0.0015653035634058078 0.004912211150836429 0.0 0.0 0.165311584473422 1.7804744218203455e-07 0.0 0.0 0.18075698667947104 0.004779032928128546 0.0 0.0 0.05572962215678659 0.07498521031063957 0.0 0.0 0.021679242854479863 0.0 0.2455055835160251 0.0 0.0 0.0 0.22934102424933964 0.0 0.0 0.0 2.30950126276835e-07 0.0 0.0 0.0 0.07932671363543185 0.0 0.0 0.0 0.0 0.031744039743386375 0.0 0.0 0.0 0.029571290915814216 0.0 0.0 0.0 0.00044717267937666096 0.0 0.0 0.0 0.026501070902727623 0.0 0.0024113312396428286 0.0 0.0 0.13589732869202245 2.362352481402649e-07 0.0 0.0 0.14369080210924814 0.0016269416734033832 0.0 0.0 0.027549283214300727 0.013872719866825933 0.0 0.0 0.002222982187800333 0.0006408002547875823 0.0 0.0 0.04616529099718416 5.475520902978402e-08 0.0 0.0 0.09532745651996218 0.0002973698780058242 0.0 0.0 0.005645491946560087 0.04348101429799299 0.0 0.0 0.012427950818086104
0.0 0.008747901151232723 0.0 0.0 0.0 9.292033959512058e-05 0.0 0.0 0.0 8.828118847156032e-08 0.0 0.0 0.0 0.0018830028405231848 0.0 0.0 0.0 0.0 0.008265759369694156 0.0 0.0 0.0 0.026081375806087798 0.0 0.0 0.0 0.10833826411609308 0.0 0.0 0.0 0.08585980600933375 0.0 0.00017902784591078554 0.0 0.0 0.001049036852332353 1.590924776914918e-14 0.0 0.0 0.0009782761926835778 0.0007157725313131522 0.0 0.0 0.01015973333667371 0.01009320587701049 0.0 0.0 0.003578138959318855 0.0044486957592765435 0.0 0.0 0.13094629935144927 5.1852533173781015e-14 0.0 0.0 0.003574771727544926 0.009216412767941629 0.0 0.0 0.27102520182451917 0.05710892755674468 0.0 0.0 0.025840983152944058 0.0 1.7837083863983492e-07 0.0 0.0 0.0 1.9928498892196755e-08 0.0 0.0 0.0 2.791678625997292e-12 0.0 0.0 0.0 4.3171673791066135e-08 0.0 0.0 0.0 0.0 0.0022994932929941074 0.0 0.0 0.0 0.016161226842632683 0.0 0.0 0.0 0.07296302951481082 0.0 0.0 0.0 0.04656522554947975 0.0 5.470949588293107e-09 0.0 0.0 0.016161233363130176 1.6020307016549228e-09 0.0 0.0 0.0005502846448594341 0.0019433286312241882 0.0 0.0 0.08349227423398277 0.020340943926500682 0.0 0.0 0.004413564788542915 0.0011570218534247831 0.0 0.0 0.07256409984660021 3.6394356863143556e-08 0.0 0.0 0.014015774653600604 0.006278059837700276 0.0 0.0 0.11186940437330278 0.042760639806662025 0.0 0.0 0.008828959021057485 0.0 0.01889250740258043 0.0 0.0 0.0 0.006028046590534999 0.0 0.0 0.0 1.0100584354653284e-07 0.0 0.0 0.0 0.010418287636327026 0.0 0.0 0.0 0.0 6.93135433807957e-08 0.0 0.0 0.0 1.1138323673308442e-07 0.0 0.0 0.0 2.8191171662271645e-08 0.0 0.0 0.0 1.4147631323871399e-06 0.0 6.0247789584215266e-05 0.0 0.0 0.022061986884995312 2.590334493923475e-08 0.0 0.0 0.019595767035021756 0.005101517515898202 0.0 0.0 0.07223859465027953 0.034220071730580476 0.0 0.0 0.033455440255062155 0.00395546845424646 0.0 0.0 0.20084847268288356 1.2919552027961417e-07 0.0 0.0 0.12801264022223713 0.01042085933179045 0.0 0.0 0.15805765183285 0.17248502016017808 0.0 0.0 0.056693206114511556 0.0 0.200904618376557 0.0 0.0 0.0 0.13186798834128832 0.0 0.0 0.0 1.3700925133599726e-06 0.0 0.0 0.0 0.09518622495758536 0.0 0.0 0.0 0.0 0.016187869619027188 0.0 0.0 0.0 0.08465892262926322 0.0 0.0 0.0 0.0008829351701302134 0.0 0.0 0.0 0.0057578311876887245 0.0 0.0005651497559193162 0.0 0.0 0.023286851304905255 2.561978241715616e-08 0.0 0.0 0.04037071246126116 5.742588172470502e-10 0.0 0.0 8.305074293830326e-09 0.06007065377435914 0.0 0.0 0.013890875714074203 0.0003582956832278074 0.0 0.0 0.035243311854176 2.2758700039139287e-08 0.0 0.0 0.05037576884949644 0.0017336029800120792 0.0 0.0 0.0281094269439904 0.030880738935908446 0.0 0.0 0.009305083892238272
0.0 0.016323807678559135 0.0 0.0 0.0 0.00506360759955048 0.0 0.0 0.0 6.220172582278656e-08 0.0 0.0 0.0 0.004256507927724931 0.0 0.0 0.0 0.0 0.07816971952606842 0.0 0.0 0.0 0.02813445399389245 0.0 0.0 0.0 0.016494414951893063 0.0 0.0 0.0 0.09641352784949878 0.0 0.00033143352577763916 0.0 0.0 0.01819028166827066 3.6553906604889024e-09 0.0 0.0 0.0014163933112335192 0.001258411705759653 0.0 0.0 0.04041808444729196 0.09510488749567074 0.0 0.0 0.028061600224751827 0.012258551879426887 0.0 0.0 0.24520606066662598 9.970228052459503e-08 0.0 0.0 0.076529398221071 0.00439752812290166 0.0 0.0 0.19676739703173796 0.09816107154538159 0.0 0.0 0.048482259901700804 0.0 2.4491243679040936e-07 0.0 0.0 0.0 9.486256800494398e-09 0.0 0.0 0.0 2.6646193385352287e-12 0.0 0.0 0.0 2.012579911455264e-07 0.0 0.0 0.0 0.0 0.027156023865134403 0.0 0.0 0.0 0.02833659000329017 0.0 0.0 0.0 0.039481983192786195 0.0 0.0 0.0 0.04160373135269993 0.0 0.0031290903640316496 0.0 0.0 0.13489013977535988 2.5716375695147744e-09 0.0 0.0 0.0011233802292776255 0.0020608440885715716 0.0 0.0 0.053094688801916305 0.0006519480047283653 0.0 0.0 0.00198523482527656 0.002113177507508897 0.0 0.0 0.09204722203683849 1.549327062892919e-08 0.0 0.0 0.007587987710740097 0.0051273306599046165 0.0 0.0 0.08547508072652103 0.08541490414084951 0.0 0.0 0.055583907890818865 0.0 0.00802151129250442 0.0 0.0 0.0 0.011282842556622284 0.0 0.0 0.0 1.243762570701107e-07 0.0 0.0 0.0 0.010042029585868226 0.0 0.0 0.0 0.0 4.4947982871963126e-08 0.0 0.0 0.0 4.856077472524384e-07 0.0 0.0 0.0 3.713978356116351e-08 0.0 0.0 0.0 4.142671169864801e-08 0.0 7.028889167182706e-05 0.0 0.0 0.0014976080618498975 9.772826369439955e-09 0.0 0.0 0.012063542303155688 0.0006094687539260342 0.0 0.0 0.008963905222777721 0.030917310421062858 0.0 0.0 0.008956132718977926 0.0042806034311141 0.0 0.0 0.09727389985829549 2.482116996568007e-07 0.0 0.0 0.16189279902031312 0.012470807640225044 0.0 0.0 0.1631955843393949 0.11941179311911819 0.0 0.0 0.052960605695098334 0.0 0.19486655243785236 0.0 0.0 0.0 0.12023186877148116 0.0 0.0 0.0 3.3357413400543314e-07 0.0 0.0 0.0 0.245784121357155 0.0 0.0 0.0 0.0 0.07945530769496095 0.0 0.0 0.0 0.14046379905586967 0.0 0.0 0.0 8.075996554958368e-05 0.0 0.0 0.0 0.040082942815874295 0.0 0.002350007250017526 0.0 0.0 0.05190638471701155 1.8759206540003408e-08 0.0 0.0 0.03217399095951912 0.0014579851694499727 0.0 0.0 0.02774565885644577 0.04680275877561632 0.0 0.0 0.012806499955119115 0.0011108325580118403 0.0 0.0 0.04079077028687447 5.74930374059967e-08 0.0 0.0 0.04056213441114196 0.00034757010903617143 0.0 0.0 0.007415677819857378 0.10840351922323281 0.0 0.0 0.02774396930114978
0.0 0.006806813491835986 0.0 0.0 0.0 0.0028601719179008746 0.0 0.0 0.0 4.740422411431986e-08 0.0 0.0 0.0 0.004032283271134473 0.0 0.0 0.0 0.0 0.03882134064765311 0.0 0.0 0.0 0.05998917367163983 0.0 0.0 0.0 0.07064923234550288 0.0 0.0 0.0 0.053834501436073025 0.0 0.0035269150222935986 0.0 0.0 0.050103811249989284 8.910750000068367e-13 0.0 0.0 0.045110626699637314 0.0005202348085863407 0.0 0.0 0.03733591450442788 0.002472168286985377 0.0 0.0 0.0011021994235066186 0.0040790253887611405 0.0 0.0 0.07929628478009944 2.624968258044363e-07 0.0 0.0 0.10511298755717643 0.009534117891943129 0.0 0.0 0.1254727071528259 0.09878767861240723 0.0 0.0 0.052844391313964685 0.0 5.252459418246512e-07 0.0 0.0 0.0 1.5560932045324476e-07 0.0 0.0 0.0 5.158255982356021e-12 0.0 0.0 0.0 7.489939528879222e-08 0.0 0.0 0.0 0.0 0.04285982943774822 0.0 0.0 0.0 0.002840717275210865 0.0 0.0 0.0 0.007575639050133153 0.0 0.0 0.0 0.008538789919196361 0.0 0.00017234189260972396 0.0 0.0 0.009739743476408212 7.00877593082012e-09 0.0 0.0 0.025511610309793493 0.0030613441964074794 0.0 0.0 0.03445780459895773 0.02658394040601113 0.0 0.0 0.003976704834527434 0.002437105536550018 0.0 0.0 0.12742464499137462 1.2434908117818624e-07 0.0 0.0 0.09340351250157312 0.008416826271497568 0.0 0.0 0.2204396717487946 0.03654075190394982 0.0 0.0 0.015676833327236274 0.0 0.01434926195267475 0.0 0.0 0.0 0.009601217665077155 0.0 0.0 0.0 1.2488687552025483e-07 0.0 0.0 0.0 0.006210412635390576 0.0 0.0 0.0 0.0 5.2962583719830686e-08 0.0 0.0 0.0 5.150623726857149e-08 0.0 0.0 0.0 1.345494797848547e-07 0.0 0.0 0.0 1.1117524354827278e-08 0.0 6.498704887355927e-05 0.0 0.0 0.002299368818441685 5.0367663466441145e-08 0.0 0.0 0.030714117375282388 0.001224045724531659 0.0 0.0 0.023488142401560705 0.03507791173170246 0.0 0.0 0.00843299058098306 0.0024639832897826383 0.0 0.0 0.1330175047448375 2.3656847681046027e-07 0.0 0.0 0.14231851709789556 0.008950112378944464 0.0 0.0 0.20984969416611807 0.09489145133347116 0.0 0.0 0.03802141318156103 0.0 0.2021376474104163 0.0 0.0 0.0 0.04583805742101884 0.0 0.0 0.0 8.325415477492026e-08 0.0 0.0 0.0 0.13454178311113946 0.0 0.0 0.0 0.0 0.05849064694833243 0.0 0.0 0.0 0.0333257940083654 0.0 0.0 0.0 0.023076691358077914 0.0 0.0 0.0 0.029891421602284068 0.0 0.00024473258196167487 0.0 0.0 0.032482244775499124 1.6029564852876907e-08 0.0 0.0 0.02163214869008826 3.2501023989134107e-09 0.0 0.0 0.004215040831480526 0.029126307008706977 0.0 0.0 0.004564230907673983 0.0007102253242630929 0.0 0.0 0.04076385235735388 5.893741714089203e-08 0.0 0.0 0.020960051967300587 2.1644851384797302e-09 0.0 0.0 0.0031472109051380375 0.059037361913495214 0.0 0.0 0.01679018132764926
0.0 0.0037549737287735476 0.0 0.0 0.0 0.0021692299987501207 0.0 0.0 0.0 7.277496763080522e-08 0.0 0.0 0.0 0.00303531197793225 0.0 0.0 0.0 0.0 0.03670497037757626 0.0 0.0 0.0 0.05417579268437392 0.0 0.0 0.0 0.11704119749586347 0.0 0.0 0.0 0.009745656880926339 0.0 0.0008639069031484716 0.0 0.0 0.03525621697088397 3.300924262954072e-08 0.0 0.0 0.01729277526797459 0.0008644346532453336 0.0 0.0 0.02723545540005234 7.481376059797475e-07 0.0 0.0 0.023804102152111768 0.000637280533708533 0.0 0.0 0.07315525052822038 8.662637201040016e-09 0.0 0.0 0.07673475941933265 0.011570908901296657 0.0 0.0 0.21921942838035244 0.044244090573132805 0.0 0.0 0.03194953956002415 0.0 2.3715957049546199e-07 0.0 0.0 0.0 0.0 0.0 0.0 0.0 5.720271068569685e-12 0.0 0.0 0.0 1.5719069239765435e-07 0.0 0.0 0.0 0.0 0.02543041512053658 0.0 0.0 0.0 0.0 0.0 0.0 0.0 0.11303133266040563 0.0 0.0 0.0 0.03265156360302078 0.0 0.00018229011236875402 0.0 0.0 0.00225183279723461 0.0 0.0 0.0 0.0 0.000324180513077139 0.0 0.0 0.017563513906965245 0.04057039761144239 0.0 0.0 0.010613003288540463 0.000764609554799961 0.0 0.0 0.04655691477664516 0.0 0.0 0.0 0.0 0.0074945561291051245 0.0 0.0 0.2751110641510821 0.08250066188877522 0.0 0.0 0.02162996522041762 0.0 0.02557089035757712 0.0 0.0 0.0 0.009426305660001048 0.0 0.0 0.0 3.515584788689628e-07 0.0 0.0 0.0 0.017639573821596977 0.0 0.0 0.0 0.0 9.862682738904269e-08 0.0 0.0 0.0 6.107870544670109e-08 0.0 0.0 0.0 2.0025924523010595e-06 0.0 0.0 0.0 1.3945922521735805e-07 0.0 0.00023378070881709608 0.0 0.0 0.0055488103059884945 4.281309327735137e-09 0.0 0.0 0.026441668174095642 0.008112762502942846 0.0 0.0 0.12446564060966081 0.04724279985145586 0.0 0.0 0.02386580634705272 0.004353901527269926 0.0 0.0 0.22744456679756442 1.8424053045769209e-07 0.0 0.0 0.18969067512882476 0.024270241622859002 0.0 0.0 0.48223254704342833 0.1812635734917281 0.0 0.0 0.10591960463471888 0.0 0.18834151619281883 0.0 0.0 0.0 0.15516388357009275 0.0 0.0 0.0 1.8774180435833244e-06 0.0 0.0 0.0 0.06830429923748936 0.0 0.0 0.0 0.0 0.04318218836932486 0.0 0.0 0.0 0.00830013424222567 0.0 0.0 0.0 0.005836740032601416 0.0 0.0 0.0 0.029814175948716472 0.0 0.0013702084668738034 0.0 0.0 0.02982246105574195 1.159197591911137e-12 0.0 0.0 0.03846625281417615 1.204149962552994e-13 0.0 0.0 1.935024760387456e-07 0.0014641261401625708 0.0 0.0 0.00108829391017098 0.0005536106734370053 0.0 0.0 0.03747521332642581 1.6416066594162208e-07 0.0 0.0 0.06122161353572471 3.7075007489256896e-08 0.0 0.0 0.06934745149290661 0.039619979495509126 0.0 0.0 0.010081724310262597
0.0 0.006360235225264671 0.0 0.0 0.0 0.001978518922253602 0.0 0.0 0.0 7.188145630345413e-08 0.0 0.0 0.0 0.006357740866511973 0.0 0.0 0.0 0.0 0.02265870132762766 0.0 0.0 0.0 0.0622266048163857 0.0 0.0 0.0 0.0953862721594866 0.0 0.0 0.0 0.049180442109722895 0.0 3.737812777058024e-08 0.0 0.0 0.024622344430190967 2.6367290293387663e-13 0.0 0.0 0.006588005649301582 3.3602143945907095e-05 0.0 0.0 0.07235353896279356 0.03336972655722025 0.0 0.0 0.0076126164305626255 0.0010881084400728516 0.0 0.0 0.09085658681941905 1.6645210281717018e-07 0.0 0.0 0.07479271778039565 0.005326412494776747 0.0 0.0 0.21512947201274876 0.11334484375984795 0.0 0.0 0.0813066575175403 0.0 8.208261812550358e-07 0.0 0.0 0.0 2.0753232468436865e-07 0.0 0.0 0.0 4.222383068220079e-12 0.0 0.0 0.0 2.6947293117275865e-07 0.0 0.0 0.0 0.0 0.036606304842979484 0.0 0.0 0.0 0.05563393920031407 0.0 0.0 0.0 0.081609385907566 0.0 0.0 0.0 0.038192410203552865 0.0 0.00021553328914021943 0.0 0.0 0.007144904042153266 6.078217519266242e-08 0.0 0.0 0.03034193039081269 0.0040685741428614555 0.0 0.0 0.1346107054534838 0.010052501993991835 0.0 0.0 0.007699061816156353 0.004319383880224942 0.0 0.0 0.09729906674002382 9.115280534234225e-08 0.0 0.0 0.059609784562271034 0.011115575299063285 0.0 0.0 0.25388247126181296 0.12680364514316833 0.0 0.0 0.05989546740470441 0.0 0.028908673479028844 0.0 0.0 0.0 0.02001253996580778 0.0 0.0 0.0 4.3437723291206493e-07 0.0 0.0 0.0 0.00857720374422451 0.0 0.0 0.0 0.0 1.0801791855406133e-06 0.0 0.0 0.0 2.5304524897499874e-07 0.0 0.0 0.0 1.8172653359607847e-07 0.0 0.0 0.0 4.789853454736323e-08 0.0 0.0009533238591091735 0.0 0.0 0.01872137168244222 1.7021947017062425e-08 0.0 0.0 0.01316124855175162 0.0033421749683118125 0.0 0.0 0.08168036189284437 0.05542008069863932 0.0 0.0 0.01511556187600418 0.007756357721332616 0.0 0.0 0.2833598915272085 8.921849383804885e-07 0.0 0.0 0.35505441888551426 0.026914683555004242 0.0 0.0 0.6159922315835875 0.11712485122959684 0.0 0.0 0.04640561058750553 0.0 0.18521810639719113 0.0 0.0 0.0 0.19005077373402635 0.0 0.0 0.0 1.0565865910604664e-06 0.0 0.0 0.0 0.19573512244852068 0.0 0.0 0.0 0.0 0.0788604333289669 0.0 0.0 0.0 0.07627247484882602 0.0 0.0 0.0 0.0113983007574635 0.0 0.0 0.0 0.04413912759693192 0.0 0.00017821490993514093 0.0 0.0 0.03987574345378866 7.332694651011678e-09 0.0 0.0 0.005092575787420858 0.0030533208086043736 0.0 0.0 0.03566710611637729 0.03560323990252979 0.0 0.0 0.012041819497391477 0.0005174217629625192 0.0 0.0 0.03505077859546261 6.290873242159095e-08 0.0 0.0 0.06828480383660657 0.0036445081537262274 0.0 0.0 0.043293049991039535 0.07928616988133501 0.0 0.0 0.021423890328499114
0.0 0.0010996593502833737 0.0 0.0 0.0 0.0017584599823615241 0.0 0.0 0.0 1.096787387765692e-07 0.0 0.0 0.0 0.002397456629206085 0.0 0.0 0.0 0.0 0.048136703587087444 0.0 0.0 0.0 0.007474612942596749 0.0 0.0 0.0 0.06653894119055308 0.0 0.0 0.0 0.030331652546138798 0.0 2.329729290046112e-05 0.0 0.0 0.0015492794877008586 3.1623585147038316e-13 0.0 0.0 0.012320540910925224 0.0018066555751700738 0.0 0.0 0.028217480181527508 0.027302108356668856 0.0 0.0 0.015755468571320604 0.0001561156737773739 0.0 0.0 0.011152497895784163 3.1200013802796943e-12 0.0 0.0 0.07162271609198077 0.01710271547358937 0.0 0.0 0.22798064098185641 0.04561785970583559 0.0 0.0 0.03388933740966424 0.0 1.9881527736544924e-08 0.0 0.0 0.0 0.0 0.0 0.0 0.0 6.2977141560032655e-12 0.0 0.0 0.0 1.21775096363737e-07 0.0 0.0 0.0 0.0 0.012320530241033766 0.0 0.0 0.0 0.0 0.0 0.0 0.0 0.009975309676038404 0.0 0.0 0.0 0.022533176952067337 0.0 0.00036212275710801337 0.0 0.0 0.013165785891221936 0.0 0.0 0.0 0.0 0.0006669224589273881 0.0 0.0 0.006808554858255958 0.0017546222459499522 0.0 0.0 0.0002570362378506661 0.00012476161721515757 0.0 0.0 0.005085556255660235 0.0 0.0 0.0 0.0 0.014247314303059998 0.0 0.0 0.2478308884913221 0.008168469699630443 0.0 0.0 0.02940412637693892 0.0 0.035828511972914916 0.0 0.0 0.0 0.011211457959527781 0.0 0.0 0.0 3.310364043155433e-07 0.0 0.0 0.0 0.01603651371720842 0.0 0.0 0.0 0.0 7.283334174419986e-07 0.0 0.0 0.0 9.642386993165507e-07 0.0 0.0 0.0 1.8132545959768283e-06 0.0 0.0 0.0 1.1386869236879325e-07 0.0 0.0004261727558332603 0.0 0.0 0.014133251558311745 7.822580610149783e-08 0.0 0.0 0.022025641405639708 0.00416516907742855 0.0 0.0 0.0788454986833695 0.0017480595104949147 0.0 0.0 0.0037069333358389204 0.00268075215300379 0.0 0.0 0.28857712630795407 3.889772738509214e-08 0.0 0.0 0.1841732557789676 0.019666261423813548 0.0 0.0 0.5495552360434917 0.1117394822552902 0.0 0.0 0.08418033381884303 0.0 0.11073397363714124 0.0 0.0 0.0 0.031859098927250196 0.0 0.0 0.0 3.189321336604313e-06 0.0 0.0 0.0 0.10638968874446988 0.0 0.0 0.0 0.0 0.021352414804154014 0.0 0.0 0.0 0.015539467268017849 0.0 0.0 0.0 0.05098044846664473 0.0 0.0 0.0 0.03695145032716416 0.0 0.00030601622387131324 0.0 0.0 0.028464465052162335 2.983100944172481e-10 0.0 0.0 6.985518958815425e-05 0.002781337983105512 0.0 0.0 0.02161138707624238 0.0292591446850024 0.0 0.0 0.0073241871857804815 0.0011764429392912776 0.0 0.0 0.024319347205980845 2.423764199619901e-08 0.0 0.0 0.014649107366725396 0.00397701556381767 0.0 0.0 0.10699928145145414 0.023396204171325537 0.0 0.0 0.014090761392625413
0.0 0.006455688545492719 0.0 0.0 0.0 0.003390661188747334 0.0 0.0 0.0 6.319987932134006e-08 0.0 0.0 0.0 0.0017100061833512175 0.0 0.0 0.0 0.0 0.10552297619814169 0.0 0.0 0.0 0.08743801647630844 0.0 0.0 0.0 0.02525201706755093 0.0 0.0 0.0 0.06744190583557733 0.0 1.2725831336159347e-08 0.0 0.0 0.0258434635528288 8.252572897784521e-09 0.0 0.0 0.004087007510330485 0.00795730443784378 0.0 0.0 0.1506294108744792 0.02083347239990179 0.0 0.0 0.004827999346145583 0.002904800146332112 0.0 0.0 0.10456869239883887 9.589147599591382e-08 0.0 0.0 0.05226159082104417 0.004728043384574187 0.0 0.0 0.15484704803012428 0.03708139319755387 0.0 0.0 0.015282603177949515 0.0 4.564197353380666e-08 0.0 0.0 0.0 4.780730551469009e-07 0.0 0.0 0.0 5.29143241169268e-12 0.0 0.0 0.0 4.318815616785704e-07 0.0 0.0 0.0 0.0 0.029232812248316975 0.0 0.0 0.0 0.031129624823932514 0.0 0.0 0.0 0.042544620337223636 0.0 0.0 0.0 0.04327375467970138 0.0 6.651905195309189e-10 0.0 0.0 0.0014332497194829224 2.503892573702114e-07 0.0 0.0 0.08489619514508251 0.0013240275505065622 0.0 0.0 0.017094596791646856 0.024664730447553865 0.0 0.0 0.007247245022999121 7.613958661079049e-09 0.0 0.0 0.01839301082457047 2.355034713245067e-07 0.0 0.0 0.22738710305965285 0.010983708282274296 0.0 0.0 0.17334868060052272 0.1959654179017449 0.0 0.0 0.07226230706089076 0.0 0.013067659512088025 0.0 0.0 0.0 0.011707753540068606 0.0 0.0 0.0 2.7179693789364183e-07 0.0 0.0 0.0 0.01771454285954262 0.0 0.0 0.0 0.0 7.221643146160071e-08 0.0 0.0 0.0 3.880767208738191e-07 0.0 0.0 0.0 2.3196726569040884e-07 0.0 0.0 0.0 1.3199333595725598e-06 0.0 0.0007615045678114301 0.0 0.0 0.01316297771872808 2.8595695276093045e-08 0.0 0.0 0.05874588758128934 0.00018544649862494973 0.0 0.0 0.04354696616624429 0.01566170909252064 0.0 0.0 0.006634610472228435 0.00378813164905524 0.0 0.0 0.11639703447636504 2.8899378121266107e-07 0.0 0.0 0.17484128677991018 0.011036943742055612 0.0 0.0 0.43582140696380267 0.28728461501420655 0.0 0.0 0.11423534304958005 0.0 0.26613152187802414 0.0 0.0 0.0 0.13312207445373736 0.0 0.0 0.0 1.589365039621623e-06 0.0 0.0 0.0 0.3464853497110832 0.0 0.0 0.0 0.0 0.07942281843704375 0.0 0.0 0.0 0.018092268183411288 0.0 0.0 0.0 0.06116466314967828 0.0 0.0 0.0 0.2072305808654055 0.0 0.00219849490576061 0.0 0.0 0.04088152849824019 5.7253516482420206e-08 0.0 0.0 0.09895915095844719 0.003931338414641123 0.0 0.0 0.07658531169833989 0.06451678128746516 0.0 0.0 0.030874898297633083 0.0019034668435306834 0.0 0.0 0.05099430985883858 5.8266289603274404e-08 0.0 0.0 0.04418115116555665 0.002343390875020898 0.0 0.0 0.052210213351252616 0.09973241606693754 0.0 0.0 0.03610600118736515
0.0 0.006266891587417763 0.0 0.0 0.0 0.0008188768312620514 0.0 0.0 0.0 2.3818138663294712e-08 0.0 0.0 0.0 0.0016107912387177026 0.0 0.0 0.0 0.0 0.02347811075945408 0.0 0.0 0.0 0.02782731882645083 0.0 0.0 0.0 0.05802179068426727 0.0 0.0 0.0 0.13080916694514527 0.0 1.043116266266983e-09 0.0 0.0 0.0023915531810031754 4.063667729435766e-09 0.0 0.0 0.007520225556006272 0.0008102595166569977 0.0 0.0 0.06400442075589137 0.03569152671905256 0.0 0.0 0.01600610214917413 0.001965291097480474 0.0 0.0 0.11416508205502757 1.6981767762142847e-08 0.0 0.0 0.05279371557494494 0.0006792332349840391 0.0 0.0 0.08405797360296069 0.03605982799601676 0.0 0.0 0.017049672509492395 0.0 8.428967695252279e-08 0.0 0.0 0.0 0.0 0.0 0.0 0.0 3.539739567175774e-12 0.0 0.0 0.0 2.1045367884192354e-08 0.0 0.0 0.0 0.0 0.026770971408020063 0.0 0.0 0.0 0.0 0.0 0.0 0.0 0.0776478624984578 0.0 0.0 0.0 0.0007084235975064729 0.0 0.0004175175556682677 0.0 0.0 0.017623490897397315 0.0 0.0 0.0 0.0 0.00019529454137118772 0.0 0.0 0.05204687232333782 0.0023857910682080876 0.0 0.0 0.0001457756254518177 0.0003622655729186223 0.0 0.0 0.014132442165718493 0.0 0.0 0.0 0.0 0.008409031217557672 0.0 0.0 0.15823479886273437 0.05043695097276025 0.0 0.0 0.005629809580105211 0.0 0.009482426814982898 0.0 0.0 0.0 0.0041983328709319055 0.0 0.0 0.0 3.3467996744079877e-07 0.0 0.0 0.0 0.015642548741870557 0.0 0.0 0.0 0.0 1.8910061527665334e-08 0.0 0.0 0.0 2.2776543103107437e-08 0.0 0.0 0.0 7.633601454662776e-07 0.0 0.0 0.0 2.1639251113977324e-07 0.0 0.00014476591115679413 0.0 0.0 0.010907032672325458 5.772700493106969e-13 0.0 0.0 0.02981285630144135 0.006404031060820676 0.0 0.0 0.07014175443239058 0.01904655762244957 0.0 0.0 0.003131719108279438 0.004466688282779262 0.0 0.0 0.0936126111874935 2.155170378255047e-12 0.0 0.0 0.08460233182715063 0.012825772676927118 0.0 0.0 0.3554281329602466 0.1534853506482634 0.0 0.0 0.1052274669336245 0.0 0.22438698452323988 0.0 0.0 0.0 0.10011004780179036 0.0 0.0 0.0 6.62937615393163e-07 0.0 0.0 0.0 0.11703213617876124 0.0 0.0 0.0 0.0 0.07617499190703284 0.0 0.0 0.0 0.044987400408440584 0.0 0.0 0.0 0.003918300566570603 0.0 0.0 0.0 0.012890874238626844 0.0 0.0006310349208363384 0.0 0.0 0.018047876132346506 1.865714687194076e-08 0.0 0.0 0.021792994580692605 1.5201703123921232e-14 0.0 0.0 1.6727741721001852e-08 0.06568795793157112 0.0 0.0 0.019121159297088228 0.0007090190915801559 0.0 0.0 0.0358907247613626 6.563326977233536e-08 0.0 0.0 0.040683174531558806 2.0859419908290072e-08 0.0 0.0 0.02573438485333703 0.0664135941627336 0.0 0.0 0.015388137638217564
0.0 0.0 0.0 0.0 0.0 0.004153784367827203 0.0 0.0 0.0 1.3426390666102787e-07 0.0 0.0 0.0 0.007004114123247217 0.0 0.0 0.0 0.0 0.0 0.0 0.0 0.0 0.105574482253226 0.0 0.0 0.0 0.052564168974017535 0.0 0.0 0.0 0.018616203165438418 0.0 0.0 0.0 0.0 0.0 1.1766976477216619e-09 0.0 0.0 0.005820604671181017 0.006871656906676385 0.0 0.0 0.09761545841077454 0.002142164544659389 0.0 0.0 0.005517288107320984 0.0 0.0 0.0 0.0 1.0953719873949562e-07 0.0 0.0 0.13400563529463144 0.018538045829146844 0.0 0.0 0.27360884675684977 0.13316936360905068 0.0 0.0 0.0831054837510454 0.0 8.382567861157363e-07 0.0 0.0 0.0 4.315188750224813e-07 0.0 0.0 0.0 3.5060130342959713e-12 0.0 0.0 0.0 2.7712351496885717e-07 0.0 0.0 0.0 0.0 0.05737589855121657 0.0 0.0 0.0 0.06514906624435829 0.0 0.0 0.0 0.034237090662579205 0.0 0.0 0.0 0.046198116828637496 0.0 0.0008546638480884343 0.0 0.0 0.11735113482994439 8.324639546494961e-08 0.0 0.0 0.07861751138567151 0.002455124003092724 0.0 0.0 0.08019538824931784 0.031241013284555356 0.0 0.0 0.011466771055950406 0.002466795740235082 0.0 0.0 0.17132713299479632 1.749385203897176e-07 0.0 0.0 0.20560919688724616 0.012653326713305026 0.0 0.0 0.2198355345892661 0.15505548866654614 0.0 0.0 0.05550387380171011 0.0 0.030280482031062407 0.0 0.0 0.0 0.014234011822360372 0.0 0.0 0.0 2.5243126925161425e-07 0.0 0.0 0.0 0.019000060239190278 0.0 0.0 0.0 0.0 3.755157863779403e-08 0.0 0.0 0.0 1.937240929960938e-06 0.0 0.0 0.0 5.681259324794786e-08 0.0 0.0 0.0 1.622330326538826e-07 0.0 0.00047252313756185283 0.0 0.0 0.04837546977323371 6.537662953430293e-09 0.0 0.0 0.004334419884345298 2.669598895491935e-05 0.0 0.0 0.0013745471594457026 0.022904201431574126 0.0 0.0 0.012211897518387053 0.00618237369425656 0.0 0.0 0.21415465457322128 3.0393538197570126e-07 0.0 0.0 0.23098393788008156 0.019679004812654805 0.0 0.0 0.32829590701614897 0.16851415647586931 0.0 0.0 0.07683506286286104 0.0 0.14647353410483344 0.0 0.0 0.0 0.17934927507682497 0.0 0.0 0.0 1.8071394525748861e-06 0.0 0.0 0.0 0.32263613914169603 0.0 0.0 0.0 0.0 0.06059123771451474 0.0 0.0 0.0 0.13924983702673818 0.0 0.0 0.0 0.002898444981975636 0.0 0.0 0.0 0.14590107090441998 0.0 0.0008267106551477148 0.0 0.0 0.06500399105404879 3.457713266311141e-07 0.0 0.0 0.11346151620818111 3.8558057573339266e-08 0.0 0.0 4.5688297913157816e-07 0.02506094536989973 0.0 0.0 0.006361548631887834 0.00035496567969143763 0.0 0.0 0.026215101552678387 1.0060368886388329e-07 0.0 0.0 0.06704815991476433 0.003290913711994034 0.0 0.0 0.0437192621856935 0.11037342208065226 0.0 0.0 0.03850887885342551
0.0 0.0021554999247697104 0.0 0.0 0.0 0.002185887704874185 0.0 0.0 0.0 8.039167739487873e-08 0.0 0.0 0.0 0.0038979687745452534 0.0 0.0 0.0 0.0 0.022175076718353063 0.0 0.0 0.0 0.05422674940949899 0.0 0.0 0.0 0.02979713356096263 0.0 0.0 0.0 0.09354618712237184 0.0 0.0006356742708284868 0.0 0.0 0.026098867742639288 1.1651813764408787e-09 0.0 0.0 0.0010464414208353992 0.0025759512231426102 0.0 0.0 0.022394688594316533 0.02050834287527909 0.0 0.0 0.004481675001801899 0.00030657839477434776 0.0 0.0 0.037430426140400964 9.666293263727826e-08 0.0 0.0 0.060943654559031876 0.017248567199437185 0.0 0.0 0.16478924087517263 0.09888523341044188 0.0 0.0 0.045086962390857604 0.0 3.2065919541612416e-07 0.0 0.0 0.0 4.2411697594667367e-07 0.0 0.0 0.0 1.3835219808020184e-12 0.0 0.0 0.0 1.0051615793777128e-07 0.0 0.0 0.0 0.0 0.04441832113511739 0.0 0.0 0.0 0.025579105561914794 0.0 0.0 0.0 0.02574346143470845 0.0 0.0 0.0 0.007521194300497361 0.0 0.0009121939626738867 0.0 0.0 0.02600548558131914 6.918575321443122e-08 0.0 0.0 0.05178015940661429 0.0034102737032951193 0.0 0.0 0.045580956963007874 0.016785411723376706 0.0 0.0 0.004470417076666103 0.0010808409715787517 0.0 0.0 0.13478779180423575 4.0538257821330294e-07 0.0 0.0 0.21864691365204972 0.0015629505150788975 0.0 0.0 0.07170589603546926 0.0729627730643196 0.0 0.0 0.01666293424133675 0.0 0.01990892280021827 0.0 0.0 0.0 0.006787862701969782 0.0 0.0 0.0 1.0122204265709842e-07 0.0 0.0 0.0 0.009436097439668632 0.0 0.0 0.0 0.0 6.036352787470577e-07 0.0 0.0 0.0 4.6839275028325726e-08 0.0 0.0 0.0 5.978941262794299e-07 0.0 0.0 0.0 6.72663047741222e-08 0.0 0.00027282867691913443 0.0 0.0 0.00948299389193872 3.315655941335853e-09 0.0 0.0 0.0025285093887070114 0.0010453822230335902 0.0 0.0 0.05252933342671165 0.0017683072665440184 0.0 0.0 0.0010224264028787537 0.0029297048549934927 0.0 0.0 0.11540848479359474 1.8851000074636246e-07 0.0 0.0 0.13868692789733456 0.007208155772704491 0.0 0.0 0.14642138357550166 0.10733273119498053 0.0 0.0 0.05804461681315501 0.0 0.17768040342700314 0.0 0.0 0.0 0.09428790790841807 0.0 0.0 0.0 1.1340198812549775e-06 0.0 0.0 0.0 0.11923256902961235 0.0 0.0 0.0 0.0 0.011147640805275479 0.0 0.0 0.0 0.0691390657920175 0.0 0.0 0.0 0.013108591702591462 0.0 0.0 0.0 0.040914956810659125 0.0 0.001413394825146198 0.0 0.0 0.04644929485388238 1.6732041756831814e-08 0.0 0.0 0.006767947175041803 2.8979683108837252e-08 0.0 0.0 0.0288553439803817 0.030193421424376043 0.0 0.0 0.00799266551740381 0.0006882208389522461 0.0 0.0 0.02902741482503814 6.43395689365664e-08 0.0 0.0 0.03700995216703226 0.0030816745475243414 0.0 0.0 0.04375534996170398 0.02707330747266503 0.0 0.0 0.011398741589992583
0.0 0.003537624127605766 0.0 0.0 0.0 0.0016625433736614664 0.0 0.0 0.0 7.653697331733135e-08 0.0 0.0 0.0 0.004627165588624174 0.0 0.0 0.0 0.0 0.0032872172319454744 0.0 0.0 0.0 0.043334789412879875 0.0 0.0 0.0 0.08128381495323644 0.0 0.0 0.0 0.1162793828002134 0.0 0.0009985069615502267 0.0 0.0 0.02711540048629805 6.68849542078433e-13 0.0 0.0 0.031112958963831892 0.001757703691256374 0.0 0.0 0.02237433045148986 0.015094926738185289 0.0 0.0 0.005636711686669472 0.0009945916356486706 0.0 0.0 0.036504982184281436 1.006469850163942e-12 0.0 0.0 0.06876635350261068 0.00936361886418399 0.0 0.0 0.17497374601217833 0.07567362141123729 0.0 0.0 0.03622232097072387 0.0 1.5538317792286078e-07 0.0 0.0 0.0 8.35125541005709e-08 0.0 0.0 0.0 3.90768497043741e-12 0.0 0.0 0.0 3.442672876477195e-07 0.0 0.0 0.0 0.0 0.02473958425716703 0.0 0.0 0.0 0.036968775418256675 0.0 0.0 0.0 0.04609451454425071 0.0 0.0 0.0 0.04203167921232641 0.0 8.822235668110381e-09 0.0 0.0 6.235583567105423e-08 2.698660593424969e-09 0.0 0.0 0.0289293108724756 0.0025850714388057725 0.0 0.0 0.06592611158071263 0.03582322235999875 0.0 0.0 0.013163366651938936 0.00241854947058104 0.0 0.0 0.045279962338332286 7.387451687803197e-08 0.0 0.0 0.04275923756453046 0.013203552404197799 0.0 0.0 0.19816320185110853 0.11342114019285365 0.0 0.0 0.04909437651124809 0.0 0.015663055673668543 0.0 0.0 0.0 0.009267395678786799 0.0 0.0 0.0 8.843896356164424e-08 0.0 0.0 0.0 0.007449912344614964 0.0 0.0 0.0 0.0 3.2770558581827065e-08 0.0 0.0 0.0 4.9879235429409864e-09 0.0 0.0 0.0 4.192944374733206e-08 0.0 0.0 0.0 8.098149516322845e-08 0.0 6.873613846507647e-05 0.0 0.0 0.007038427783607158 6.716122520349136e-08 0.0 0.0 0.05604009824075876 0.00035374946169467293 0.0 0.0 0.00566660548510417 0.0277871789226054 0.0 0.0 0.005462506406838582 0.0006785430988794655 0.0 0.0 0.15764701110314516 3.031266004900502e-07 0.0 0.0 0.11578793737302914 0.0056426488055955955 0.0 0.0 0.13321351113385732 0.1302421657532094 0.0 0.0 0.04637312347322516 0.0 0.22498436921382292 0.0 0.0 0.0 0.13890453086699844 0.0 0.0 0.0 0.0 0.0 0.0 0.0 0.24489877354500766 0.0 0.0 0.0 0.0 0.07606370472027893 0.0 0.0 0.0 0.06612358696160353 0.0 0.0 0.0 0.0 0.0 0.0 0.0 0.11701305460244084 0.0 0.003798124965355884 0.0 0.0 0.09128313442306768 8.096762718295049e-08 0.0 0.0 0.0645510610812428 0.0 0.0 0.0 0.0 0.08505568041916568 0.0 0.0 0.036559249055215785 0.0008703485341486909 0.0 0.0 0.03763025390730332 5.53366216887803e-08 0.0 0.0 0.05639313660888938 0.0 0.0 0.0 0.0 0.10191750747682901 0.0 0.0 0.030281477233642357
0.0 0.009632369429258946 0.0 0.0 0.0 0.005244546597854587 0.0 0.0 0.0 6.518107358848977e-08 0.0 0.0 0.0 0.0046736084416467046 0.0 0.0 0.0 0.0 0.023652364891515378 0.0 0.0 0.0 0.07557549443499789 0.0 0.0 0.0 0.09760683463475651 0.0 0.0 0.0 0.04171700301321054 0.0 0.0008633618626555263 0.0 0.0 0.027837868828591055 5.902903638722792e-13 0.0 0.0 0.022503014520002838 8.117839027864806e-05 0.0 0.0 0.058727168749359515 0.046862192190331074 0.0 0.0 0.012144805892642066 0.005211745026659509 0.0 0.0 0.1774138346893698 1.1977719713198814e-07 0.0 0.0 0.09236606045179745 0.005834091306866319 0.0 0.0 0.13128451541132566 0.13534523777470817 0.0 0.0 0.052791006361121766 0.0 4.629624136116961e-07 0.0 0.0 0.0 1.2224661494119561e-07 0.0 0.0 0.0 5.53476066168776e-12 0.0 0.0 0.0 2.0365188242813804e-07 0.0 0.0 0.0 0.0 0.037513989513715554 0.0 0.0 0.0 0.005156301688072895 0.0 0.0 0.0 0.09579772617426878 0.0 0.0 0.0 0.12872938029461112 0.0 0.0003991609984812125 0.0 0.0 0.015840034712783658 1.683974258034948e-08 0.0 0.0 0.005752961315258222 0.007643262457688066 0.0 0.0 0.0925020406894737 0.06343918566219064 0.0 0.0 0.016807339423344322 0.0014953023053691258 0.0 0.0 0.09151797634406698 1.0849574934177794e-07 0.0 0.0 0.0869351073057821 0.016914777362626223 0.0 0.0 0.2763652827665089 0.08872978281767054 0.0 0.0 0.04475027076957125 0.0 0.01767502747332844 0.0 0.0 0.0 0.012299886689296118 0.0 0.0 0.0 1.7956892305674813e-07 0.0 0.0 0.0 0.019614711235425696 0.0 0.0 0.0 0.0 2.4111546151039853e-08 0.0 0.0 0.0 8.337876538534164e-07 0.0 0.0 0.0 9.568555844753858e-09 0.0 0.0 0.0 1.4376295548391128e-07 0.0 0.0017179804406109041 0.0 0.0 0.027821669314619074 1.781696407863493e-10 0.0 0.0 0.03265836738371496 0.004727789098831459 0.0 0.0 0.0933523822475066 0.04791487848518825 0.0 0.0 0.015899151787234233 0.005803940661297683 0.0 0.0 0.1426705937810379 1.4041658682914685e-07 0.0 0.0 0.1996523162726288 0.013547893914746345 0.0 0.0 0.18190559927509703 0.21625889786659105 0.0 0.0 0.0916906884274857 0.0 0.2202250622212572 0.0 0.0 0.0 0.24410475727652656 0.0 0.0 0.0 7.664751799272219e-07 0.0 0.0 0.0 0.3082619600443453 0.0 0.0 0.0 0.0 0.11344851487586849 0.0 0.0 0.0 0.1098394959948671 0.0 0.0 0.0 0.030687648558293937 0.0 0.0 0.0 0.07857482394427062 0.0 0.00421324153398166 0.0 0.0 0.10761762876198931 1.4403014039003225e-08 0.0 0.0 0.046434671723660594 2.021934321264603e-05 0.0 0.0 0.0003740313521237988 0.055247765073217076 0.0 0.0 0.035113778823848626 0.0008003479473910191 0.0 0.0 0.0429182941156128 8.802466084630672e-08 0.0 0.0 0.08884406203337125 0.0008205930927236019 0.0 0.0 0.017019050124076153 0.11879460614741227 0.0 0.0 0.03999708225983668
0.0 0.0014641809813965103 0.0 0.0 0.0 0.0034280120651905095 0.0 0.0 0.0 8.810777569982921e-08 0.0 0.0 0.0 0.000689197560089636 0.0 0.0 0.0 0.0 0.0029617258911563637 0.0 0.0 0.0 0.011527291836875947 0.0 0.0 0.0 0.12723220008889585 0.0 0.0 0.0 0.029337658337995266 0.0 4.7978818209717136e-15 0.0 0.0 1.6466924838957233e-08 5.680828499268451e-09 0.0 0.0 0.0016671988409908836 0.0006893256535925893 0.0 0.0 0.027620556974969013 0.0005101802236590959 0.0 0.0 7.119206099617414e-05 8.627943376087763e-09 0.0 0.0 0.03319989730846114 2.9403605957927265e-07 0.0 0.0 0.09625468536771553 0.012300842332772637 0.0 0.0 0.28366693815263827 0.03537460190374643 0.0 0.0 0.009268828465287364 0.0 1.48096634143988e-07 0.0 0.0 0.0 6.677891191879015e-07 0.0 0.0 0.0 4.2191420628044894e-12 0.0 0.0 0.0 3.99239103898229e-07 0.0 0.0 0.0 0.0 0.0015593584476862954 0.0 0.0 0.0 0.012922233838032664 0.0 0.0 0.0 0.08160426545241796 0.0 0.0 0.0 0.09588199958559866 0.0 3.3457541342086614e-14 0.0 0.0 8.011727145048992e-13 1.2963760499358514e-07 0.0 0.0 0.04602555748564226 0.0004532050276963868 0.0 0.0 0.010954420445950776 0.026382572037791867 0.0 0.0 0.004873026867053124 0.0012951518524933086 0.0 0.0 0.034771170878238625 4.0016093637972366e-07 0.0 0.0 0.2796834745716474 0.010578912406429893 0.0 0.0 0.19741583087038175 0.10493134374700108 0.0 0.0 0.0689372927305472 0.0 0.025838065800615605 0.0 0.0 0.0 0.008246404914410432 0.0 0.0 0.0 1.0800889373652844e-07 0.0 0.0 0.0 0.011812523435907893 0.0 0.0 0.0 0.0 9.837566262717022e-08 0.0 0.0 0.0 1.4886594171929703e-08 0.0 0.0 0.0 3.445071508931714e-08 0.0 0.0 0.0 1.990211127665121e-06 0.0 0.0008233509573240479 0.0 0.0 0.03557843066477003 5.55700120369658e-08 0.0 0.0 0.035478800055342374 0.004365201199429021 0.0 0.0 0.08064750135645955 0.04553824454723662 0.0 0.0 0.013948195158855774 0.002236672346520702 0.0 0.0 0.27415584533809 2.733483117192329e-07 0.0 0.0 0.14440359760476426 0.013660891470880671 0.0 0.0 0.1647070684448309 0.1659452955837117 0.0 0.0 0.06376038527025622 0.0 0.14375648127627716 0.0 0.0 0.0 0.18029277255501547 0.0 0.0 0.0 1.8467948839351022e-06 0.0 0.0 0.0 0.1478035706889489 0.0 0.0 0.0 0.0 0.026037293187460602 0.0 0.0 0.0 0.06423937094107127 0.0 0.0 0.0 1.5051301928216593e-07 0.0 0.0 0.0 0.06804400448063029 0.0 0.0010968109121321818 0.0 0.0 0.0591370629325605 1.627182404820881e-08 0.0 0.0 0.037916710643250404 1.1198674545823952e-08 0.0 0.0 1.893107074018265e-07 0.06972047863328966 0.0 0.0 0.02539435267391511 0.00012948401800048426 0.0 0.0 0.03322367260477795 4.042349911592383e-08 0.0 0.0 0.05618355264832255 0.0018856247657714133 0.0 0.0 0.0357380066928304 0.04845441860354281 0.0 0.0 0.016841467678543057
0.0 0.004669309861930137 0.0 0.0 0.0 0.0009786548735877902 0.0 0.0 0.0 7.766513461479758e-08 0.0 0.0 0.0 0.005270123742994989 0.0 0.0 0.0 0.0 0.04043517900661735 0.0 0.0 0.0 0.0029507537698107615 0.0 0.0 0.0 0.038780864609014254 0.0 0.0 0.0 0.15418947571148936 0.0 8.540761901016184e-06 0.0 0.0 0.001974568002583164 9.542803515727178e-08 0.0 0.0 0.040434990481975255 9.901482567622567e-05 0.0 0.0 0.0011382256781163648 0.030251908655065864 0.0 0.0 0.005720369802647316 0.000970130930604713 0.0 0.0 0.07464970627007958 1.9246919833741817e-08 0.0 0.0 0.03744044275548184 0.0060401755723698694 0.0 0.0 0.19935651131712048 0.10299262930096217 0.0 0.0 0.06969779728798811 0.0 2.408494505858694e-07 0.0 0.0 0.0 3.841157917865662e-08 0.0 0.0 0.0 1.7975635924749157e-11 0.0 0.0 0.0 5.073167412066414e-08 0.0 0.0 0.0 0.0 0.029295591377809016 0.0 0.0 0.0 0.030256713583654993 0.0 0.0 0.0 0.09195244908038663 0.0 0.0 0.0 0.002136190072028494 0.0 3.305359029324094e-05 0.0 0.0 0.0027290658167814057 6.611587399510758e-13 0.0 0.0 0.030256741575680816 0.0027337224449065166 0.0 0.0 0.04406123622478735 1.0592201749429822e-13 0.0 0.0 2.6570806791962988e-14 0.0018666496941749247 0.0 0.0 0.08878283350520681 1.5672689504516713e-08 0.0 0.0 0.021291447311544944 0.0367798767650545 0.0 0.0 0.6834247593029009 0.03025669084456193 0.0 0.0 0.008509546629508263 0.0 0.00828932227148257 0.0 0.0 0.0 0.030746434973232192 0.0 0.0 0.0 7.025773135563743e-08 0.0 0.0 0.0 0.020513065837878933 0.0 0.0 0.0 0.0 2.413060172804405e-08 0.0 0.0 0.0 2.271968345936996e-06 0.0 0.0 0.0 2.4358789397338473e-08 0.0 0.0 0.0 4.817560303978478e-08 0.0 2.42000624558999e-08 0.0 0.0 0.059721264228460115 1.4262747128334063e-08 0.0 0.0 0.03745596524922312 0.0019287896677857863 0.0 0.0 0.025941883197274015 0.00638227693788874 0.0 0.0 0.0036533206734814085 0.0004593473518511744 0.0 0.0 0.09513993092916316 1.2958074085558894e-07 0.0 0.0 0.627137314690101 0.006343688401937679 0.0 0.0 0.08849297895019767 0.2230334606848502 0.0 0.0 0.11454013219144535 0.0 0.22339740011406842 0.0 0.0 0.0 0.1466534897363086 0.0 0.0 0.0 2.2206924984958034e-06 0.0 0.0 0.0 0.02932649429448645 0.0 0.0 0.0 0.0 0.009896919120972274 0.0 0.0 0.0 0.03865667675935699 0.0 0.0 0.0 0.004350200368732505 0.0 0.0 0.0 0.002205938357972719 0.0 0.006520926530420907 0.0 0.0 0.085990801217129 4.9943032764484654e-09 0.0 0.0 0.004342171604927619 0.0030830031796181706 0.0 0.0 0.058594744789851966 6.013661165072117e-13 0.0 0.0 2.413061900680761e-13 0.0010594930843390974 0.0 0.0 0.08215924271212337 6.408821329948334e-08 0.0 0.0 0.05576246248432198 0.0025406224829763024 0.0 0.0 0.0541366433200385 0.006462638413325779 0.0 0.0 0.0029074072112776827
0.0 0.0045668918032571925 0.0 0.0 0.0 0.0032912580909263377 0.0 0.0 0.0 7.023638676399748e-08 0.0 0.0 0.0 0.0019268746879743958 0.0 0.0 0.0 0.0 0.026786928378068845 0.0 0.0 0.0 0.021965956979144555 0.0 0.0 0.0 0.06989387614298108 0.0 0.0 0.0 0.010505521050204867 0.0 0.0017866360351591589 0.0 0.0 0.02303692702613558 2.406031967277489e-08 0.0 0.0 0.015537519823276127 1.6772309303846243e-05 0.0 0.0 0.02103707619006122 2.250467001377399e-08 0.0 0.0 6.427142038115274e-09 0.0019418192240672155 0.0 0.0 0.06461729971899371 5.201261295534026e-08 0.0 0.0 0.08194169121940201 0.0035113791109557474 0.0 0.0 0.12032970483525432 0.05972929969781708 0.0 0.0 0.019890652271452872 0.0 0.0 0.0 0.0 0.0 6.343941472007779e-08 0.0 0.0 0.0 5.329568764416013e-12 0.0 0.0 0.0 2.1889781467162123e-07 0.0 0.0 0.0 0.0 0.0 0.0 0.0 0.0 0.02604141927022654 0.0 0.0 0.0 0.05172875100498927 0.0 0.0 0.0 0.05207217323159064 0.0 0.0 0.0 0.0 0.0 5.724742085772892e-10 0.0 0.0 0.02445750445328355 0.0027763608850793226 0.0 0.0 0.04150564413419835 0.013291911687126831 0.0 0.0 0.005216873020357437 0.0 0.0 0.0 0.0 9.202855985875216e-09 0.0 0.0 0.0415533797010063 0.011742701418297353 0.0 0.0 0.2297719235627306 0.08056623936149837 0.0 0.0 0.03295733708013444 0.0 0.023797633143762213 0.0 0.0 0.0 0.005945255214467224 0.0 0.0 0.0 1.4465965044412153e-07 0.0 0.0 0.0 0.012278422399212403 0.0 0.0 0.0 0.0 7.169544048084191e-07 0.0 0.0 0.0 1.1321528202147969e-07 0.0 0.0 0.0 3.8548650849953745e-07 0.0 0.0 0.0 8.626789790237542e-08 0.0 0.0001773411825229412 0.0 0.0 0.005720112968362076 6.110263092367994e-08 0.0 0.0 0.02333689770448423 0.00411304798840866 0.0 0.0 0.04793443821628213 0.03785555047441513 0.0 0.0 0.01545213188944301 0.005490978118814728 0.0 0.0 0.2102862220034966 1.0087651309988728e-07 0.0 0.0 0.09345407407230413 0.0156000563953368 0.0 0.0 0.20850905717159723 0.1279371026573735 0.0 0.0 0.08263383622944176 0.0 0.10078775760337995 0.0 0.0 0.0 0.12060576676199818 0.0 0.0 0.0 1.0152425879405495e-06 0.0 0.0 0.0 0.19212603590948418 0.0 0.0 0.0 0.0 0.03462733904359401 0.0 0.0 0.0 0.03924080528786658 0.0 0.0 0.0 0.007268511904738999 0.0 0.0 0.0 0.12519488440247598 0.0 6.495821762809928e-05 0.0 0.0 0.026560111197538417 2.6647706655253987e-09 0.0 0.0 0.07825985058139817 1.0975717885641214e-08 0.0 0.0 0.012894049877619577 0.02517586883912472 0.0 0.0 0.021545506169783794 0.00032336204035254785 0.0 0.0 0.0217412251760295 3.185038144880312e-08 0.0 0.0 0.03805067277136856 0.0023319080701190553 0.0 0.0 0.03887275502205737 0.07416403638739431 0.0 0.0 0.022055551488042974
0.0 0.002798146922748808 0.0 0.0 0.0 0.007098863891218553 0.0 0.0 0.0 1.8491561143570718e-08 0.0 0.0 0.0 0.0 0.0 0.0 0.0 0.0 0.03142426172027525 0.0 0.0 0.0 0.10259856169579433 0.0 0.0 0.0 0.03152064064717841 0.0 0.0 0.0 0.0 0.0 2.3616997951774314e-05 0.0 0.0 0.0008585774481037593 6.600375066132297e-09 0.0 0.0 0.042821209869995894 1.2696619555304886e-09 0.0 0.0 2.413511993876852e-08 0.0 0.0 0.0 0.0 0.0009401707156822665 0.0 0.0 0.03828034713879622 1.7763747586308684e-07 0.0 0.0 0.25626934549470964 0.0018682260259714812 0.0 0.0 0.04093621037406511 0.0 0.0 0.0 0.0 0.0 6.499205568953832e-07 0.0 0.0 0.0 0.0 0.0 0.0 0.0 2.2470977473558697e-11 0.0 0.0 0.0 1.3393072239071852e-07 0.0 0.0 0.0 0.0 0.009579857573376233 0.0 0.0 0.0 0.0 0.0 0.0 0.0 0.060956067242958 0.0 0.0 0.0 0.00589872602925966 0.0 0.00023253071490964293 0.0 0.0 0.008783175989928515 0.0 0.0 0.0 0.0 0.003401085606474491 0.0 0.0 0.09449794226735017 0.0034075920740105213 0.0 0.0 0.0012932354770664731 0.004189662247270365 0.0 0.0 0.16302692591285353 0.0 0.0 0.0 0.0 0.04352612883658992 0.0 0.0 0.9496581506493065 0.07421991365384414 0.0 0.0 0.026668080250433865 0.0 0.010265357439093839 0.0 0.0 0.0 0.0414800003021942 0.0 0.0 0.0 1.1752372073308824e-07 0.0 0.0 0.0 0.006835123541451254 0.0 0.0 0.0 0.0 1.586575514688445e-08 0.0 0.0 0.0 1.3674318457336638e-06 0.0 0.0 0.0 4.101964213228517e-08 0.0 0.0 0.0 4.695330614762603e-12 0.0 0.00011503713857273569 0.0 0.0 0.0022332657062402133 2.13224066134594e-08 0.0 0.0 0.08359233667846425 0.00026851774424718804 0.0 0.0 0.003526388540388059 0.00462719255510033 0.0 0.0 0.002249837008276969 0.003545514298053835 0.0 0.0 0.09532849096762132 4.7412243836510086e-07 0.0 0.0 0.8411523724089058 0.007843363182634849 0.0 0.0 0.17417437434826222 0.11926732156087835 0.0 0.0 0.05283332768849292 0.0 0.15247930978084848 0.0 0.0 0.0 0.023814928800374443 0.0 0.0 0.0 1.2882841854893156e-06 0.0 0.0 0.0 0.0 0.0 0.0 0.0 0.0 0.0026993011618017563 0.0 0.0 0.0 6.249992827579327e-08 0.0 0.0 0.0 0.0041358477839177985 0.0 0.0 0.0 0.0 0.0 8.496050285596414e-10 0.0 0.0 0.001774410341190235 7.10017454742314e-14 0.0 0.0 0.0027654058484240037 1.583216102340368e-13 0.0 0.0 2.645899758344225e-12 0.0 0.0 0.0 0.0 0.0008504963434828573 0.0 0.0 0.028009283881966808 2.423360981610737e-13 0.0 0.0 0.010582163322738956 0.0016732761407218283 0.0 0.0 0.03135214826014969 0.0 0.0 0.0 0.0
0.0 0.0017549056966040288 0.0 0.0 0.0 0.001763128481434332 0.0 0.0 0.0 1.619704073274108e-08 0.0 0.0 0.0 0.0021784008906557233 0.0 0.0 0.0 0.0 0.03870934657096609 0.0 0.0 0.0 0.09152862819178392 0.0 0.0 0.0 0.04970846306047231 0.0 0.0 0.0 0.05188511321225889 0.0 2.9439736357685514e-06 0.0 0.0 9.59976596995531e-05 2.0446966514018113e-08 0.0 0.0 0.03710212006097174 0.0010744217132848156 0.0 0.0 0.019964975014348508 0.04586090127185653 0.0 0.0 0.014117366925624146 0.0005806821295436336 0.0 0.0 0.01902898898748186 3.623579923653563e-08 0.0 0.0 0.0501246616368371 0.002760071833718963 0.0 0.0 0.04683778221699658 0.07263744193949542 0.0 0.0 0.023925803322867586 0.0 1.8582734777220524e-07 0.0 0.0 0.0 3.0465690793066675e-08 0.0 0.0 0.0 1.2781528696247051e-12 0.0 0.0 0.0 3.375298690564245e-07 0.0 0.0 0.0 0.0 0.021039384104840034 0.0 0.0 0.0 0.04238246178104419 0.0 0.0 0.0 0.02205342314923628 0.0 0.0 0.0 0.12110427023743392 0.0 6.502869965729809e-06 0.0 0.0 0.00021459809018721895 1.863344590992082e-07 0.0 0.0 0.05907543996237521 3.5853470738209335e-05 0.0 0.0 0.021458227215579294 0.09119369630113044 0.0 0.0 0.03478972666317237 0.000786114743876969 0.0 0.0 0.03812607938171322 4.0988324878605737e-08 0.0 0.0 0.01888757050396774 0.0023104713471117956 0.0 0.0 0.07448775485191816 0.18010190332480902 0.0 0.0 0.054192986087032706 0.0 0.002345701302462308 0.0 0.0 0.0 0.003225739260856801 0.0 0.0 0.0 3.937036286445776e-08 0.0 0.0 0.0 0.005308410874812927 0.0 0.0 0.0 0.0 1.084532175739203e-08 0.0 0.0 0.0 8.580105412796957e-09 0.0 0.0 0.0 1.491808177244572e-09 0.0 0.0 0.0 9.91423734084269e-08 0.0 4.389576429701761e-06 0.0 0.0 0.024961823733933217 1.9942675862155723e-15 0.0 0.0 2.3697262056820738e-08 0.002493684406322334 0.0 0.0 0.04248098300260259 0.006103979259840156 0.0 0.0 0.0027987001722375037 0.0002466758498504628 0.0 0.0 0.0326142637099335 3.380209683894156e-08 0.0 0.0 0.05694705967760786 0.002482750611910511 0.0 0.0 0.04280183864388995 0.08006012059729566 0.0 0.0 0.02607441998930224 0.0 0.21858614245144065 0.0 0.0 0.0 0.20159064106457258 0.0 0.0 0.0 6.449147851166255e-08 0.0 0.0 0.0 0.21459338631105201 0.0 0.0 0.0 0.0 0.05458419924653533 0.0 0.0 0.0 0.07286313235467407 0.0 0.0 0.0 0.008570483671775965 0.0 0.0 0.0 0.08606272033340436 0.0 0.001981787287895437 0.0 0.0 0.04395510291745336 1.4043459364655725e-07 0.0 0.0 0.09069821639399804 0.0010062079225197948 0.0 0.0 0.01933115752793271 0.07479627276026489 0.0 0.0 0.02728331768081274 0.0015111325022692267 0.0 0.0 0.04041882570199167 9.5581943566432e-08 0.0 0.0 0.05605782929573475 5.228670927979528e-05 0.0 0.0 0.0011262321859786988 0.08401591886385157 0.0 0.0 0.024717736703027397
0.0 0.004186113795899328 0.0 0.0 0.0 0.011097662239979027 0.0 0.0 0.0 1.0955404386997243e-07 0.0 0.0 0.0 0.0017638625624221604 0.0 0.0 0.0 0.0 0.05545544966735634 0.0 0.0 0.0 0.032535157518373714 0.0 0.0 0.0 0.1211747847227357 0.0 0.0 0.0 0.13721602479113076 0.0 0.0007278025145882569 0.0 0.0 0.026142056897289986 6.858703305172002e-08 0.0 0.0 0.016981564339488654 0.010620851683227208 0.0 0.0 0.06430213876144347 0.000782799371200778 0.0 0.0 0.00044989103176329507 0.0017370283036475156 0.0 0.0 0.05786745926910648 4.0176266560090126e-07 0.0 0.0 0.23161696644823584 0.013926855463935794 0.0 0.0 0.2770282946409072 0.03206461810129955 0.0 0.0 0.02254401807270076 0.0 3.047950069975467e-07 0.0 0.0 0.0 2.831379394133663e-07 0.0 0.0 0.0 5.52702247736731e-12 0.0 0.0 0.0 3.543837320580542e-07 0.0 0.0 0.0 0.0 0.01043234580322566 0.0 0.0 0.0 0.016442455889245918 0.0 0.0 0.0 0.02243008225109404 0.0 0.0 0.0 0.03911545933453785 0.0 1.4795778533867863e-05 0.0 0.0 0.036532396943273315 2.731488137680024e-10 0.0 0.0 0.006928942498788199 0.003300279550328936 0.0 0.0 0.06717268610187697 0.014073392695694895 0.0 0.0 0.007582824381426798 0.004504675929556382 0.0 0.0 0.09463139119829168 8.920757012637864e-08 0.0 0.0 0.17144944292382483 0.010266911374764128 0.0 0.0 0.3351777720600728 0.15619442823453253 0.0 0.0 0.07526536186585185 0.0 0.04269392591914414 0.0 0.0 0.0 0.014482992482659059 0.0 0.0 0.0 2.870144566690515e-07 0.0 0.0 0.0 0.013767531473499104 0.0 0.0 0.0 0.0 1.0952676742509638e-06 0.0 0.0 0.0 1.4917698774828618e-07 0.0 0.0 0.0 1.1358683647022592e-07 0.0 0.0 0.0 1.2698936213052475e-07 0.0 0.0005905955442635555 0.0 0.0 0.005562422868070087 2.613829480038364e-08 0.0 0.0 0.011926619811142711 0.0063288558444710265 0.0 0.0 0.09042914778663627 0.02279609204297446 0.0 0.0 0.00610915628721286 0.008294028912341805 0.0 0.0 0.3325003593495407 1.7894360501876463e-07 0.0 0.0 0.2658218543430866 0.022346142269729106 0.0 0.0 0.4166537918067931 0.2268929422202809 0.0 0.0 0.07137127536507579 0.0 0.3042929920097561 0.0 0.0 0.0 0.05719544333599287 0.0 0.0 0.0 1.0884468330384993e-06 0.0 0.0 0.0 0.15799054457505177 0.0 0.0 0.0 0.0 0.054118282448408904 0.0 0.0 0.0 0.07493021999144397 0.0 0.0 0.0 0.0001379357623995707 0.0 0.0 0.0 0.04433585479245263 0.0 0.0010949426914530244 0.0 0.0 0.07087549470469305 1.547696029361742e-07 0.0 0.0 0.0845595500800001 0.0005215415739845543 0.0 0.0 0.05147233969527495 0.009682849029243516 0.0 0.0 0.0024605933632312464 0.0011869893141485777 0.0 0.0 0.055484333657833486 2.2639664088364176e-08 0.0 0.0 0.026841126596442617 0.003633299129318215 0.0 0.0 0.041644402357448346 0.05699294667240726 0.0 0.0 0.020769032463389445
0.0 0.01465531868156365 0.0 0.0 0.0 0.003343919009180141 0.0 0.0 0.0 9.819957759907471e-08 0.0 0.0 0.0 0.0031326353578372433 0.0 0.0 0.0 0.0 0.1712995573435373 0.0 0.0 0.0 0.007584271702142388 0.0 0.0 0.0 0.03717090108694232 0.0 0.0 0.0 0.0439232102058282 0.0 0.0030735790674765078 0.0 0.0 0.073276202643541 2.5688415631930744e-07 0.0 0.0 0.08333818185671885 0.0024417822297439933 0.0 0.0 0.039913281983056034 0.027503760365101777 0.0 0.0 0.010050905102216658 0.0057256597494766085 0.0 0.0 0.2663165919270126 1.5037493972111278e-07 0.0 0.0 0.10004118723199262 0.009155485264744277 0.0 0.0 0.2999343853541958 0.12010465707391502 0.0 0.0 0.03816979071901368 0.0 2.5510938602619154e-07 0.0 0.0 0.0 1.0128679869781306e-06 0.0 0.0 0.0 4.952441016513136e-12 0.0 0.0 0.0 3.3287602987204794e-07 0.0 0.0 0.0 0.0 0.03434764900610871 0.0 0.0 0.0 0.018794501866709487 0.0 0.0 0.0 0.09119101631651637 0.0 0.0 0.0 0.03606201934286488 0.0 2.760657213876214e-05 0.0 0.0 0.0006352380473008745 3.2107325710008783e-08 0.0 0.0 0.03346594834551384 0.003837022434504367 0.0 0.0 0.07179878101896722 0.01562534096574367 0.0 0.0 0.0038389105935084855 0.002232447986876634 0.0 0.0 0.059910786807754 1.0064051503265448e-06 0.0 0.0 0.48208440781992123 0.00995919434184065 0.0 0.0 0.21182992000147902 0.14054560681224662 0.0 0.0 0.046812748233519004 0.0 0.0259798627657522 0.0 0.0 0.0 0.013105505999503846 0.0 0.0 0.0 1.990185941625643e-07 0.0 0.0 0.0 0.00913372978969073 0.0 0.0 0.0 0.0 7.03898266924015e-08 0.0 0.0 0.0 1.3337197943681837e-07 0.0 0.0 0.0 6.732101167958513e-08 0.0 0.0 0.0 2.614030639385055e-08 0.0 8.719569197232732e-05 0.0 0.0 0.02721094707998444 6.004791075453672e-09 0.0 0.0 0.006081320043263666 0.005474470977042944 0.0 0.0 0.08279814913451865 0.004896847654310801 0.0 0.0 0.001813048138586477 0.0046650722277376475 0.0 0.0 0.28209579419820424 1.2952889675870394e-07 0.0 0.0 0.2236978638754777 0.017351342325664706 0.0 0.0 0.28299170534142787 0.1295428657856149 0.0 0.0 0.04892144955062074 0.0 0.2193425037817483 0.0 0.0 0.0 0.16658851098779315 0.0 0.0 0.0 0.0 0.0 0.0 0.0 0.16679258924574905 0.0 0.0 0.0 0.0 0.03395067339253844 0.0 0.0 0.0 0.10284999230237873 0.0 0.0 0.0 0.0 0.0 0.0 0.0 0.048339888368453876 0.0 0.002984337418360986 0.0 0.0 0.07823490776253723 2.4417108514349178e-09 0.0 0.0 0.009993471609766293 0.0 0.0 0.0 0.0 0.0349396303390978 0.0 0.0 0.012998198751236468 0.0023360725341191584 0.0 0.0 0.05176743922895601 8.087388548250618e-08 0.0 0.0 0.060606884137943025 0.0 0.0 0.0 0.0 0.055155966150295666 0.0 0.0 0.02181266949864472
0.0 0.004141331418874514 0.0 0.0 0.0 0.0037513723064467683 0.0 0.0 0.0 4.985436620385506e-08 0.0 0.0 0.0 0.005425464652904479 0.0 0.0 0.0 0.0 0.016470753160244374 0.0 0.0 0.0 0.13084950163508674 0.0 0.0 0.0 0.0872102000256394 0.0 0.0 0.0 0.08042026979448172 0.0 5.904168392732557e-10 0.0 0.0 2.9107181632303377e-08 5.101218011691423e-09 0.0 0.0 0.0016905267013309798 0.0020272764454036057 0.0 0.0 0.035079288856934655 0.05668073332371591 0.0 0.0 0.01305869782984356 0.001065831117840431 0.0 0.0 0.07526427755121427 9.457625156529524e-08 0.0 0.0 0.10606405704409623 0.0060533879077651976 0.0 0.0 0.11198535427432113 0.18331276260194254 0.0 0.0 0.04887096358020016 0.0 2.2380811063038314e-07 0.0 0.0 0.0 1.284122245355152e-07 0.0 0.0 0.0 4.8792738036695035e-12 0.0 0.0 0.0 1.1671685774068007e-07 0.0 0.0 0.0 0.0 0.033093080554162865 0.0 0.0 0.0 0.11524654575971006 0.0 0.0 0.0 0.09750721764457719 0.0 0.0 0.0 0.09554083375793704 0.0 0.0017755144403018503 0.0 0.0 0.12844191757268264 3.7102487092023774e-09 0.0 0.0 0.003844289487562903 0.0007999016912399634 0.0 0.0 0.12203365023847441 0.0851308308251717 0.0 0.0 0.02532329460219418 0.0012765603681981804 0.0 0.0 0.07776826062097418 9.692252573222958e-08 0.0 0.0 0.07479338159927226 0.011185051273509024 0.0 0.0 0.20471418240329445 0.062075346352963606 0.0 0.0 0.022756246582191834 0.0 0.01589061456680772 0.0 0.0 0.0 0.008012632046884943 0.0 0.0 0.0 1.6844274144591174e-07 0.0 0.0 0.0 0.01439515420582287 0.0 0.0 0.0 0.0 4.486264998165944e-08 0.0 0.0 0.0 4.3888529573903086e-08 0.0 0.0 0.0 1.236299975996652e-07 0.0 0.0 0.0 8.850293519584732e-08 0.0 0.0001010671092673122 0.0 0.0 0.0018935338028742454 5.6796296948414586e-14 0.0 0.0 0.001749936428095877 0.003491519018299696 0.0 0.0 0.0820720399255738 0.08587946247449742 0.0 0.0 0.019185581131286086 0.005534445692928389 0.0 0.0 0.12199362838413044 7.944553401677059e-08 0.0 0.0 0.13565064260955695 0.01474139733406593 0.0 0.0 0.23899253195952372 0.23448867919723365 0.0 0.0 0.0822910377441991 0.0 0.2949185548216594 0.0 0.0 0.0 0.32962362439498805 0.0 0.0 0.0 0.0 0.0 0.0 0.0 0.23842540669034773 0.0 0.0 0.0 0.0 0.05897267937898798 0.0 0.0 0.0 0.12467761181969869 0.0 0.0 0.0 0.0 0.0 0.0 0.0 0.07459585106724614 0.0 0.0025148243402150893 0.0 0.0 0.07755143152077984 1.3627446098240694e-07 0.0 0.0 0.06789436012669035 0.0 0.0 0.0 0.0 0.06526417192243558 0.0 0.0 0.037332118938018265 0.0010499745734238737 0.0 0.0 0.04970365009379425 1.1480734226634783e-07 0.0 0.0 0.10792860172433805 0.0 0.0 0.0 0.0 0.09013559920903474 0.0 0.0 0.02742907837466395
0.0 0.0 0.0 0.0 0.0 0.0008477070019510596 0.0 0.0 0.0 6.541655351536444e-08 0.0 0.0 0.0 0.003371582067800696 0.0 0.0 0.0 0.0 0.0 0.0 0.0 0.0 0.039569110284379594 0.0 0.0 0.0 0.08703080778585152 0.0 0.0 0.0 0.015482210390200259 0.0 0.0 0.0 0.0 0.0 8.377600223837641e-10 0.0 0.0 0.0045742062319007945 3.044364345443331e-09 0.0 0.0 0.0013931728814761152 0.001375564110443442 0.0 0.0 0.00027463798556391693 0.0 0.0 0.0 0.0 6.216976115124311e-09 0.0 0.0 0.02917484566421697 0.007260127987800216 0.0 0.0 0.16389638971410028 0.09360702675298749 0.0 0.0 0.03422073116737333 0.0 1.937520116732253e-07 0.0 0.0 0.0 1.291085263502716e-08 0.0 0.0 0.0 5.437535329355375e-12 0.0 0.0 0.0 1.5933109236752577e-07 0.0 0.0 0.0 0.0 0.0016501791766510901 0.0 0.0 0.0 0.012208254090967431 0.0 0.0 0.0 0.075677567555226 0.0 0.0 0.0 0.07884465719194844 0.0 2.8538767281236315e-10 0.0 0.0 0.00018090907633309974 8.829204878298934e-08 0.0 0.0 0.05264399280570656 0.001497765635537886 0.0 0.0 0.03347389916187737 0.0020026621468728968 0.0 0.0 0.00039949668107008287 0.0004409297897656092 0.0 0.0 0.07189366415703544 1.2997007611906323e-08 0.0 0.0 0.00931351514060153 0.009002360160307586 0.0 0.0 0.28826072678612874 0.10757017816132249 0.0 0.0 0.03368047519924735 0.0 0.021471749653670845 0.0 0.0 0.0 0.017867582454405142 0.0 0.0 0.0 2.0315595028087324e-07 0.0 0.0 0.0 0.016208299053685985 0.0 0.0 0.0 0.0 8.278682892596059e-08 0.0 0.0 0.0 1.665897220525874e-06 0.0 0.0 0.0 1.5212856625525217e-07 0.0 0.0 0.0 5.480018029252483e-07 0.0 1.625299551919416e-09 0.0 0.0 0.004974060277481021 1.2541398010732542e-08 0.0 0.0 0.008922254211724136 0.010250336856123582 0.0 0.0 0.14362804783271474 0.029958879077072512 0.0 0.0 0.030841305735204848 0.002930689946225311 0.0 0.0 0.15603810630345577 2.1585242496885878e-07 0.0 0.0 0.30695471211015773 0.019456625581503635 0.0 0.0 0.2716598918682489 0.19172379797252273 0.0 0.0 0.06501361322704155 0.0 0.12061018505474885 0.0 0.0 0.0 0.14966535564758415 0.0 0.0 0.0 2.180236477300768e-06 0.0 0.0 0.0 0.21720869309059984 0.0 0.0 0.0 0.0 0.00596732312802862 0.0 0.0 0.0 0.038419783812266795 0.0 0.0 0.0 0.06586637068737461 0.0 0.0 0.0 0.13141332015860024 0.0 0.000639453269136788 0.0 0.0 0.07111360322160412 6.469119891154851e-09 0.0 0.0 0.048492679905270536 0.00483649393287378 0.0 0.0 0.0692117104993898 0.03147452126244901 0.0 0.0 0.005969291824305053 0.00020827957049033785 0.0 0.0 0.023958784467544972 2.2792658807957677e-08 0.0 0.0 0.06008565632183806 0.0032441211192012296 0.0 0.0 0.042253814117644645 0.03673694503653653 0.0 0.0 0.022192486050616588
0.0 0.006949619302348077 0.0 0.0 0.0 0.0030706922037532923 0.0 0.0 0.0 1.3822271335053119e-08 0.0 0.0 0.0 0.004281977641272567 0.0 0.0 0.0 0.0 0.10279161248485842 0.0 0.0 0.0 0.028662654997005307 0.0 0.0 0.0 0.04809383770523864 0.0 0.0 0.0 0.05549925099379953 0.0 0.000888703427766546 0.0 0.0 0.033468958274215095 3.2139949108348546e-08 0.0 0.0 0.053812387097728516 2.071027849429363e-08 0.0 0.0 0.03366983343459255 0.029914704239075333 0.0 0.0 0.010548180915930237 0.0025507714560106137 0.0 0.0 0.10035869338732956 5.273334363245793e-07 0.0 0.0 0.12029400483856771 0.0006423557745509431 0.0 0.0 0.04109811771933216 0.02283287689741399 0.0 0.0 0.04159524820086044 0.0 5.274904540457704e-07 0.0 0.0 0.0 2.3554144048237326e-07 0.0 0.0 0.0 5.180200257111509e-12 0.0 0.0 0.0 3.991291649586375e-07 0.0 0.0 0.0 0.0 0.0009778581113863444 0.0 0.0 0.0 0.0753626754807961 0.0 0.0 0.0 0.023877290724503536 0.0 0.0 0.0 0.08533988886307461 0.0 4.913080308030408e-05 0.0 0.0 0.0005677992849007874 9.773309739859711e-08 0.0 0.0 0.054159278039478315 0.0005103887188467655 0.0 0.0 0.03932856668755989 0.0727447176956454 0.0 0.0 0.034624955840571826 0.002835314812824066 0.0 0.0 0.03673742921944248 1.0692098428820635e-07 0.0 0.0 0.11748596461673148 0.017502998393426224 0.0 0.0 0.2481252332471877 0.11638478579652706 0.0 0.0 0.10258584989589642 0.0 0.006115836748381909 0.0 0.0 0.0 0.02146022461309196 0.0 0.0 0.0 2.1781311858683742e-07 0.0 0.0 0.0 0.00925878230115968 0.0 0.0 0.0 0.0 7.220448057684412e-07 0.0 0.0 0.0 7.364941139169373e-08 0.0 0.0 0.0 6.852670534222484e-07 0.0 0.0 0.0 1.2775687582628945e-06 0.0 6.149598828350133e-05 0.0 0.0 0.000770427731903518 2.108406845516093e-09 0.0 0.0 0.0010129127863527175 0.0017869485333121232 0.0 0.0 0.06803484115653925 0.01779572897531624 0.0 0.0 0.004221907956745407 0.005014796025486259 0.0 0.0 0.07037284090531518 2.2995356947952803e-07 0.0 0.0 0.1833668554996078 0.012327243505503628 0.0 0.0 0.2883626012232652 0.19744196578520426 0.0 0.0 0.059456755467432364 0.0 0.22198137263971784 0.0 0.0 0.0 0.16401982445658153 0.0 0.0 0.0 2.5268894587231306e-06 0.0 0.0 0.0 0.24002881526628309 0.0 0.0 0.0 0.0 0.05853262759848537 0.0 0.0 0.0 0.1157195846831849 0.0 0.0 0.0 0.02171245154006401 0.0 0.0 0.0 0.057605310516145945 0.0 0.0009726054568794616 0.0 0.0 0.0396855830122492 6.328395160889834e-08 0.0 0.0 0.04043866992260515 0.000728061117764143 0.0 0.0 0.009383038833168213 0.06536277379625327 0.0 0.0 0.041874932518907323 0.0019294849993145183 0.0 0.0 0.047410863792145895 7.485367142112682e-08 0.0 0.0 0.05033432029879762 0.003337044722069812 0.0 0.0 0.08834105606373921 0.10355498606660554 0.0 0.0 0.026757958222949067
0.0 0.0036987837856376966 0.0 0.0 0.0 0.002391101821455388 0.0 0.0 0.0 4.462620043159718e-08 0.0 0.0 0.0 0.006458933977158574 0.0 0.0 0.0 0.0 0.00673155119648231 0.0 0.0 0.0 0.028452789239898378 0.0 0.0 0.0 0.012972007664818036 0.0 0.0 0.0 0.09467618933731592 0.0 8.580626396806793e-15 0.0 0.0 2.8852565126004827e-08 2.149763411823297e-09 0.0 0.0 0.03505855882009245 0.00039722164569801704 0.0 0.0 0.009913300954164489 0.033590947172474045 0.0 0.0 0.022280357255739916 2.164797031744672e-08 0.0 0.0 0.07878191010357799 1.4550214365162764e-08 0.0 0.0 0.08278469272897944 0.003225968041555739 0.0 0.0 0.15191604824004734 0.10274476859311416 0.0 0.0 0.06736055414708496 0.0 4.0844436296027693e-07 0.0 0.0 0.0 0.0 0.0 0.0 0.0 3.1926913993422814e-12 0.0 0.0 0.0 1.3131564843571484e-07 0.0 0.0 0.0 0.0 0.09041232339395827 0.0 0.0 0.0 0.0 0.0 0.0 0.0 0.027192022832651735 0.0 0.0 0.0 0.015565459195324333 0.0 0.0002827808786008911 0.0 0.0 0.008859860387395047 0.0 0.0 0.0 0.0 0.0010022528449628108 0.0 0.0 0.011495253538838773 0.022700414883996784 0.0 0.0 0.028835970656880382 0.0022024559110396928 0.0 0.0 0.07666676215712727 0.0 0.0 0.0 0.0 0.017715708933259966 0.0 0.0 0.18049421674373944 0.018756032166737668 0.0 0.0 0.03309171922973515 0.0 0.03984099158466671 0.0 0.0 0.0 0.009777923272217435 0.0 0.0 0.0 1.7674976347051635e-07 0.0 0.0 0.0 0.006669158144756435 0.0 0.0 0.0 0.0 7.281989543136564e-08 0.0 0.0 0.0 2.7598214334162853e-06 0.0 0.0 0.0 1.6546295997308972e-06 0.0 0.0 0.0 8.881880824221688e-08 0.0 0.00020966100771203995 0.0 0.0 0.006778383405545304 3.827032547386579e-08 0.0 0.0 0.014014383608303642 0.0013512688120616014 0.0 0.0 0.025806846730809577 0.0011165017952864903 0.0 0.0 0.0003175401135490659 0.008453059053048446 0.0 0.0 0.2718295826120196 1.6742392152931585e-07 0.0 0.0 0.09515445505212124 0.023228201791571847 0.0 0.0 0.3064610336311619 0.08397588940396457 0.0 0.0 0.02687054917195792 0.0 0.0992923536238473 0.0 0.0 0.0 0.11778496375918547 0.0 0.0 0.0 4.354711185592917e-06 0.0 0.0 0.0 0.08467419455530667 0.0 0.0 0.0 0.0 0.004096469440170014 0.0 0.0 0.0 0.03746767731189946 0.0 0.0 0.0 0.009771673917013198 0.0 0.0 0.0 0.04646659732378745 0.0 0.0003691251149964476 0.0 0.0 0.02917258061430824 1.1716177405251541e-07 0.0 0.0 0.032496021441562974 0.004353774781322281 0.0 0.0 0.04152900775601372 0.020623603560657892 0.0 0.0 0.02816410424460033 0.0010317605970756741 0.0 0.0 0.014724869920005781 2.0020691651624265e-07 0.0 0.0 0.050150475015307006 0.006386942215636453 0.0 0.0 0.11637883779131286 0.018247709073293417 0.0 0.0 0.00998581427691908
0.0 0.008520013277023454 0.0 0.0 0.0 0.004260267224911636 0.0 0.0 0.0 6.175498424020945e-08 0.0 0.0 0.0 0.0043215222348233304 0.0 0.0 0.0 0.0 0.012341127591615843 0.0 0.0 0.0 0.08112154447317384 0.0 0.0 0.0 0.15359344114687656 0.0 0.0 0.0 0.0678172880591188 0.0 0.00010721704973277062 0.0 0.0 0.0035951097656111448 1.734695204718179e-08 0.0 0.0 0.013547910176750097 0.00017735007258429727 0.0 0.0 0.02896424181714075 0.011244602410735107 0.0 0.0 0.0017147107948937085 0.004295380762202666 0.0 0.0 0.16046803064001908 2.1346714831284926e-07 0.0 0.0 0.13772864616882022 0.006250998248487657 0.0 0.0 0.18966766513233638 0.1429232621452761 0.0 0.0 0.055968932984460464 0.0 2.8260025294720324e-07 0.0 0.0 0.0 3.8316151429233287e-07 0.0 0.0 0.0 3.2141882763216604e-12 0.0 0.0 0.0 3.609319544386702e-07 0.0 0.0 0.0 0.0 0.003092186290899089 0.0 0.0 0.0 0.046798026918422046 0.0 0.0 0.0 0.03463733764659278 0.0 0.0 0.0 0.16881726667136687 0.0 3.8559440837126956e-05 0.0 0.0 0.0027241077516458475 1.7647104018353005e-07 0.0 0.0 0.03912647113390453 0.0030653772935764364 0.0 0.0 0.04010384288777777 0.03035377480744219 0.0 0.0 0.02775873188983618 0.002234386563734943 0.0 0.0 0.08657391689573249 3.4230257527377604e-07 0.0 0.0 0.15073319887029984 0.005611662516825771 0.0 0.0 0.105908658738218 0.07352277950805673 0.0 0.0 0.07820084436375344 0.0 0.02984806968335035 0.0 0.0 0.0 0.004178658302414817 0.0 0.0 0.0 2.376884985885636e-07 0.0 0.0 0.0 0.026552189617574152 0.0 0.0 0.0 0.0 1.0335112970472828e-06 0.0 0.0 0.0 1.8144023933400636e-08 0.0 0.0 0.0 1.2250710940331619e-06 0.0 0.0 0.0 1.8256253170650167e-06 0.0 0.0005171376888045402 0.0 0.0 0.015365665261203065 8.390746376149975e-09 0.0 0.0 0.0029466895311028845 0.00940766036344493 0.0 0.0 0.13049579721539895 0.06227637191784787 0.0 0.0 0.02102045974544534 0.007477882749377822 0.0 0.0 0.1834488099637234 1.6203297941017717e-07 0.0 0.0 0.08753790314183504 0.02425491179669738 0.0 0.0 0.1671622062657249 0.26270420675478623 0.0 0.0 0.14809386382609302 0.0 0.2765050357101583 0.0 0.0 0.0 0.24490558263254417 0.0 0.0 0.0 3.730854310730325e-06 0.0 0.0 0.0 0.16459587984989085 0.0 0.0 0.0 0.0 0.04391681204058794 0.0 0.0 0.0 0.024973550806844446 0.0 0.0 0.0 0.04434304227394928 0.0 0.0 0.0 0.08223654751286111 0.0 0.001972908208123461 0.0 0.0 0.18845554532497316 8.405554588644842e-08 0.0 0.0 0.04132885353873581 0.003981869187954698 0.0 0.0 0.04127535050144943 0.036704705058499994 0.0 0.0 0.005153611993381343 0.0004583920289293303 0.0 0.0 0.05667194394584264 7.430659872870979e-08 0.0 0.0 0.06744561283214082 0.007829305683664477 0.0 0.0 0.1392253003564276 0.06628052644425986 0.0 0.0 0.02368248731351681
0.0 0.009109903851901899 0.0 0.0 0.0 0.0026733691472996357 0.0 0.0 0.0 8.057953618792662e-08 0.0 0.0 0.0 0.004083194139688806 0.0 0.0 0.0 0.0 0.007022703571517952 0.0 0.0 0.0 0.05609761320176466 0.0 0.0 0.0 0.10119195729048118 0.0 0.0 0.0 0.13602011659863356 0.0 5.727733483776821e-05 0.0 0.0 0.002665427552585479 4.054735139045917e-08 0.0 0.0 0.018296087917968152 0.0026413990096435967 0.0 0.0 0.03356781343721238 0.002301503660814525 0.0 0.0 0.0013301010849488563 0.003970214372104466 0.0 0.0 0.12427162549054258 5.689801897273281e-08 0.0 0.0 0.1068042725044599 0.009825965776269962 0.0 0.0 0.18374137629720952 0.14097052211153707 0.0 0.0 0.04626315479473007 0.0 1.1402005358186053e-07 0.0 0.0 0.0 1.554489078730845e-07 0.0 0.0 0.0 3.3741873700799676e-12 0.0 0.0 0.0 1.5460604132286746e-07 0.0 0.0 0.0 0.0 5.46346950890949e-08 0.0 0.0 0.0 0.03131208030392009 0.0 0.0 0.0 0.1271827462007965 0.0 0.0 0.0 0.035220222835703516 0.0 0.0011207406879763138 0.0 0.0 0.030064384873051013 2.8195633542865813e-08 0.0 0.0 0.017112530205943662 0.00021880500180512945 0.0 0.0 0.009181129128143723 0.03581014054296427 0.0 0.0 0.0120555814259268 0.0017515256205207445 0.0 0.0 0.04061175625044834 1.4021436360247567e-07 0.0 0.0 0.09867221780472146 0.010032922003657152 0.0 0.0 0.14757870200920362 0.13603378244994357 0.0 0.0 0.038300134443028246 0.0 0.018837504014087108 0.0 0.0 0.0 0.009612209938381704 0.0 0.0 0.0 8.427952437619325e-08 0.0 0.0 0.0 0.009205725348044144 0.0 0.0 0.0 0.0 5.676818259159702e-08 0.0 0.0 0.0 1.183245428721967e-07 0.0 0.0 0.0 2.3073665525310227e-08 0.0 0.0 0.0 5.269449576695884e-08 0.0 0.000658479353484518 0.0 0.0 0.05072861550911996 1.2338927526329614e-08 0.0 0.0 0.011279137817498093 0.0026524000394657237 0.0 0.0 0.077629434015267 0.06340068095611322 0.0 0.0 0.028852699970757217 0.0065796562280881 0.0 0.0 0.18061570443064542 1.068455192508728e-07 0.0 0.0 0.12620556690862067 0.009960450289270525 0.0 0.0 0.13040333656304212 0.10842355716479396 0.0 0.0 0.04753730016940353 0.0 0.2723848687763547 0.0 0.0 0.0 0.181429369440526 0.0 0.0 0.0 0.0 0.0 0.0 0.0 0.08874879338843553 0.0 0.0 0.0 0.0 0.05383683557096652 0.0 0.0 0.0 0.018153528231216836 0.0 0.0 0.0 0.0 0.0 0.0 0.0 0.02890849803342615 0.0 0.0010049791624255023 0.0 0.0 0.13221161268364975 2.0774802418274533e-08 0.0 0.0 0.025570192699993624 0.0 0.0 0.0 0.0 0.03085157693876333 0.0 0.0 0.010510506261492613 0.0007236749589891127 0.0 0.0 0.05467806145482996 1.8263760261172157e-08 0.0 0.0 0.06904117493668119 0.0 0.0 0.0 0.0 0.05014460269393821 0.0 0.0 0.011481750944179404
0.0 0.01130964893505044 0.0 0.0 0.0 0.0006051628647797823 0.0 0.0 0.0 2.594991893250856e-08 0.0 0.0 0.0 0.002657181811237313 0.0 0.0 0.0 0.0 0.026300058455798095 0.0 0.0 0.0 0.060426517617700355 0.0 0.0 0.0 0.0023886997292209386 0.0 0.0 0.0 0.028617681340970966 0.0 0.00018386996801837775 0.0 0.0 0.0027565994136942618 3.8708953166046616e-10 0.0 0.0 0.013230921975614174 1.611725256239719e-14 0.0 0.0 2.702092314333445e-13 0.01129567683091552 0.0 0.0 0.025801629851120455 0.009341421476125503 0.0 0.0 0.1009003645545129 2.2370939914658254e-08 0.0 0.0 0.016212552465795938 0.0014027604415688946 0.0 0.0 0.026366906439644816 0.0433747706180767 0.0 0.0 0.03904502235087858 0.0 0.0 0.0 0.0 0.0 8.979498220211167e-08 0.0 0.0 0.0 1.9580125942977028e-12 0.0 0.0 0.0 3.0394392484857275e-07 0.0 0.0 0.0 0.0 0.0 0.0 0.0 0.0 0.056223420247094424 0.0 0.0 0.0 0.04470628979300058 0.0 0.0 0.0 0.04298380694292444 0.0 0.0 0.0 0.0 0.0 5.696168531163239e-08 0.0 0.0 0.06943519420087464 0.005208542335488289 0.0 0.0 0.04272791555745182 0.036212670837959274 0.0 0.0 0.008692699273358796 0.0 0.0 0.0 0.0 5.129320175573166e-08 0.0 0.0 0.05529154286600109 0.0036078807659902633 0.0 0.0 0.08469972690995048 0.10424149476798814 0.0 0.0 0.04913616471896373 0.0 0.004975022520967833 0.0 0.0 0.0 0.009897797072210177 0.0 0.0 0.0 1.3648054694340294e-07 0.0 0.0 0.0 0.016316054807128364 0.0 0.0 0.0 0.0 9.145722286861392e-08 0.0 0.0 0.0 9.893301509935263e-07 0.0 0.0 0.0 1.022590398376044e-06 0.0 0.0 0.0 2.2664651470812026e-06 0.0 0.0011615869346249571 0.0 0.0 0.02514491673906797 1.819589907693914e-09 0.0 0.0 0.00046705989884536123 0.002301581116859695 0.0 0.0 0.05285643815417143 0.030291863165922348 0.0 0.0 0.013514274877334895 0.0011970712565137097 0.0 0.0 0.0579964887735224 2.1800466338313063e-07 0.0 0.0 0.08010911155645992 0.004246943110578353 0.0 0.0 0.21201941159320434 0.14989911322360616 0.0 0.0 0.09156035306726022 0.0 0.10144828568767209 0.0 0.0 0.0 0.13341046725104727 0.0 0.0 0.0 4.130608975130931e-06 0.0 0.0 0.0 0.2621844907710816 0.0 0.0 0.0 0.0 0.02696854851371768 0.0 0.0 0.0 0.04562615197187236 0.0 0.0 0.0 0.07259731321181738 0.0 0.0 0.0 0.13090412496052528 0.0 0.0009196824747059773 0.0 0.0 0.0318643894830899 1.7771362521384174e-09 0.0 0.0 0.018653528038801513 0.002691003335091738 0.0 0.0 0.04556921570766752 0.05136421424967943 0.0 0.0 0.028337975559517555 0.0017683874509979442 0.0 0.0 0.01798106175365583 4.112655900663303e-08 0.0 0.0 0.04357695031970284 0.010155194185144562 0.0 0.0 0.11025028343642292 0.07176261479072864 0.0 0.0 0.028456038320625612
0.0 0.007997523907618072 0.0 0.0 0.0 0.0008215954214628024 0.0 0.0 0.0 3.982430880069637e-08 0.0 0.0 0.0 0.004142751051985233 0.0 0.0 0.0 0.0 0.028949033838387695 0.0 0.0 0.0 0.037145319556635456 0.0 0.0 0.0 0.034039087706092264 0.0 0.0 0.0 0.0590218222782505 0.0 1.3068503365040106e-10 0.0 0.0 0.00036653206500523154 6.51079239914943e-13 0.0 0.0 0.02571848066310399 0.0013078729431270433 0.0 0.0 0.043103119578463404 0.0026417994963097973 0.0 0.0 0.002571645301820165 0.0018642117963504911 0.0 0.0 0.057823816627398016 4.408363525394201e-13 0.0 0.0 0.03331572272315042 0.0037646087253803005 0.0 0.0 0.11178750795351715 0.07069640836993446 0.0 0.0 0.05492781023258897 0.0 3.356023606235352e-08 0.0 0.0 0.0 2.5968105889679204e-07 0.0 0.0 0.0 4.19308194508689e-12 0.0 0.0 0.0 2.2910168578098532e-07 0.0 0.0 0.0 0.0 0.01909454476649994 0.0 0.0 0.0 0.06265675401590565 0.0 0.0 0.0 0.05802501890855182 0.0 0.0 0.0 0.043846139880989954 0.0 4.83046511836074e-10 0.0 0.0 0.0009402693101049505 2.2150034512206227e-08 0.0 0.0 0.014875223801825354 0.011910826815783853 0.0 0.0 0.12972570640870718 0.021829791357491603 0.0 0.0 0.009943157945202195 5.6355301827534355e-09 0.0 0.0 0.0122988523663972 6.597139490341158e-08 0.0 0.0 0.11646991111066964 0.02079463234091543 0.0 0.0 0.23221570122725643 0.10468390507023448 0.0 0.0 0.04603271949709993 0.0 0.027897985487905532 0.0 0.0 0.0 0.010681217914095495 0.0 0.0 0.0 6.631168606278651e-08 0.0 0.0 0.0 0.008047504362979204 0.0 0.0 0.0 0.0 1.594718693168598e-08 0.0 0.0 0.0 1.0413801202676548e-06 0.0 0.0 0.0 1.0761637585715063e-08 0.0 0.0 0.0 4.3066969846924075e-08 0.0 0.00046698402771382417 0.0 0.0 0.013501297546685305 8.015652988911851e-08 0.0 0.0 0.04789015131037298 0.0010089903351813033 0.0 0.0 0.023390608327394827 0.005703378201018067 0.0 0.0 0.001600304786472114 0.009523337839001146 0.0 0.0 0.20728002812602597 1.0078602658398728e-07 0.0 0.0 0.16776335130555872 0.005094382581903983 0.0 0.0 0.09984076616945557 0.13728823996411285 0.0 0.0 0.04136276634933686 0.0 0.12325972042360628 0.0 0.0 0.0 0.16637737126592023 0.0 0.0 0.0 1.005015726686552e-06 0.0 0.0 0.0 0.15596563717828432 0.0 0.0 0.0 0.0 0.02766585562709117 0.0 0.0 0.0 0.08219843222846623 0.0 0.0 0.0 0.0014976773150866243 0.0 0.0 0.0 0.053697350714555635 0.0 0.0005217268805612662 0.0 0.0 0.017720328517054885 1.4874204558640319e-07 0.0 0.0 0.04777382086022266 0.000593542257058413 0.0 0.0 0.005546021659283522 0.0531583316881492 0.0 0.0 0.016240738555171334 0.0005856434124864504 0.0 0.0 0.024248961870089042 6.145912026380752e-08 0.0 0.0 0.05932093278418829 0.0021519180773159727 0.0 0.0 0.022543541797343646 0.059885732451655356 0.0 0.0 0.016722976752147446
0.0 0.010484933877936363 0.0 0.0 0.0 0.004586043310828916 0.0 0.0 0.0 8.108826113925491e-08 0.0 0.0 0.0 0.002625151749070117 0.0 0.0 0.0 0.0 0.008983725602212094 0.0 0.0 0.0 0.09688940357266308 0.0 0.0 0.0 0.043293194837156816 0.0 0.0 0.0 0.03943321095152411 0.0 2.7979885140246042e-09 0.0 0.0 0.004082496419633272 4.8875459876536756e-09 0.0 0.0 0.002890272214997837 0.00012321832859578507 0.0 0.0 0.0022275215230401573 0.0019030132160535096 0.0 0.0 0.0007250213255395773 0.003751778625103284 0.0 0.0 0.18632219788228574 1.3360797494843526e-07 0.0 0.0 0.14486346681200835 0.018201051298506955 0.0 0.0 0.25659263573217805 0.06864136882906502 0.0 0.0 0.029088990732187153 0.0 2.438574522804956e-07 0.0 0.0 0.0 4.520393695368205e-07 0.0 0.0 0.0 3.4493782312745783e-12 0.0 0.0 0.0 2.5456517006759533e-07 0.0 0.0 0.0 0.0 0.0016684859739235208 0.0 0.0 0.0 0.04406889587645427 0.0 0.0 0.0 0.004416142159362996 0.0 0.0 0.0 0.06718078882176215 0.0 0.0001120002985077378 0.0 0.0 0.0023566514032450627 6.938609779517585e-08 0.0 0.0 0.03232349037056699 0.005104633659802658 0.0 0.0 0.09550360000890573 0.017629934719315035 0.0 0.0 0.0029847928459378554 0.002912699739803656 0.0 0.0 0.0997624863296474 3.312891647431192e-07 0.0 0.0 0.2796486530469455 0.00945944629409588 0.0 0.0 0.20595388068212223 0.1486450169342415 0.0 0.0 0.048392725720452306 0.0 0.030377484647527125 0.0 0.0 0.0 0.016417799277686787 0.0 0.0 0.0 2.0250309750495332e-07 0.0 0.0 0.0 0.0009477295931959942 0.0 0.0 0.0 0.0 8.912278301512031e-08 0.0 0.0 0.0 1.1437791955803307e-07 0.0 0.0 0.0 4.778951433894352e-07 0.0 0.0 0.0 2.1969738099263318e-08 0.0 0.0016156641367326763 0.0 0.0 0.037672908398939574 3.3195793428767684e-10 0.0 0.0 0.002864636292918816 0.0003941243353368566 0.0 0.0 0.006408181780256328 4.2201858107382915e-13 0.0 0.0 9.651854940360984e-14 0.007474809108658152 0.0 0.0 0.31450512579481804 2.8154937447720236e-07 0.0 0.0 0.22994649257616154 0.014460721300032023 0.0 0.0 0.29917399499387276 0.02758356152446932 0.0 0.0 0.007072876112937916 0.0 0.1477368725806403 0.0 0.0 0.0 0.09228271070187329 0.0 0.0 0.0 4.197707760394125e-07 0.0 0.0 0.0 0.05723408881919182 0.0 0.0 0.0 0.0 0.0012992500144760105 0.0 0.0 0.0 0.005881166917815642 0.0 0.0 0.0 0.0012457003849975232 0.0 0.0 0.0 0.02929225647225499 0.0 0.0014188185574119266 0.0 0.0 0.0269112164238918 5.776039930378418e-08 0.0 0.0 0.05271660786975108 1.198936665163284e-08 0.0 0.0 0.018832665230744058 0.02559662725453254 0.0 0.0 0.009402251217965375 0.0004104367618905886 0.0 0.0 0.03584854086684859 4.274714912190487e-08 0.0 0.0 0.027140360007310925 8.815770604999912e-09 0.0 0.0 0.01552538300920499 0.015370241157582908 0.0 0.0 0.005521291881911838
0.0 0.01145965498115856 0.0 0.0 0.0 0.0068461363390082105 0.0 0.0 0.0 4.4431294685114305e-08 0.0 0.0 0.0 0.001245127516182062 0.0 0.0 0.0 0.0 0.034464034765519395 0.0 0.0 0.0 0.06442985890149627 0.0 0.0 0.0 0.017188434405956264 0.0 0.0 0.0 0.08129934263763669 0.0 6.002792754507705e-05 0.0 0.0 0.004279329596384839 8.657868351533916e-08 0.0 0.0 0.04337969264413207 0.0006494973628471585 0.0 0.0 0.004461267178397051 0.0029607398204365017 0.0 0.0 0.0014035206413344113 0.003178603925350746 0.0 0.0 0.16525952503512698 3.2564223147591106e-07 0.0 0.0 0.2602602020048809 0.01235342272973325 0.0 0.0 0.15280548494698784 0.05030835003044272 0.0 0.0 0.018998045233314498 0.0 4.588885567689915e-07 0.0 0.0 0.0 1.6943272611848317e-07 0.0 0.0 0.0 6.3243510867022235e-12 0.0 0.0 0.0 4.761431127978481e-08 0.0 0.0 0.0 0.0 0.0036261338512852325 0.0 0.0 0.0 0.005312201561352429 0.0 0.0 0.0 0.035850553803111404 0.0 0.0 0.0 0.030171180498661108 0.0 0.00021978895923884266 0.0 0.0 0.005795738719250626 3.778365469396544e-08 0.0 0.0 0.028631375327991225 0.0030391177450952754 0.0 0.0 0.05639611458526828 1.3059082665097853e-07 0.0 0.0 0.00022710657417080417 0.00451875506991758 0.0 0.0 0.1420542503910978 5.759181579439707e-09 0.0 0.0 0.1222713360144408 0.0207657779089674 0.0 0.0 0.35259381358927394 0.051334178806481494 0.0 0.0 0.011996431443156787 0.0 0.026671084882785242 0.0 0.0 0.0 0.010837620356667386 0.0 0.0 0.0 1.208687434121608e-07 0.0 0.0 0.0 0.005554411499949066 0.0 0.0 0.0 0.0 2.6941968716996986e-08 0.0 0.0 0.0 5.990860730572019e-08 0.0 0.0 0.0 8.636649243704166e-08 0.0 0.0 0.0 4.530477653466245e-08 0.0 0.0004237393443286907 0.0 0.0 0.013658646474679091 3.1260671166811013e-09 0.0 0.0 0.007112741629821842 0.0013802672033482203 0.0 0.0 0.029745379391883854 0.0005576741174016655 0.0 0.0 0.00016055683615503983 0.008274808384477752 0.0 0.0 0.23215892055458487 2.0643811707008225e-07 0.0 0.0 0.2007505447718049 0.0063345547060636494 0.0 0.0 0.14999774251868467 0.11869912631478781 0.0 0.0 0.03124331180627675 0.0 0.15322046357306862 0.0 0.0 0.0 0.05727614358600846 0.0 0.0 0.0 7.706516343341382e-08 0.0 0.0 0.0 0.03440891656460413 0.0 0.0 0.0 0.0 0.014236829236828827 0.0 0.0 0.0 0.024567289914040388 0.0 0.0 0.0 1.061328884737997e-08 0.0 0.0 0.0 0.0024043734308884833 0.0 0.0019147786222179302 0.0 0.0 0.05102355559208769 2.2266821898733376e-09 0.0 0.0 0.028647581296178365 2.1861576678584267e-08 0.0 0.0 0.028352164649206823 0.003462635298508751 0.0 0.0 0.000474202325504381 0.0009604554862369084 0.0 0.0 0.028588118896515007 8.387300877054294e-09 0.0 0.0 0.01448107529326724 1.9881042087700748e-09 0.0 0.0 0.0028907489985293805 0.01758276580995904 0.0 0.0 0.004153156922273958
0.0 0.007432088039201475 0.0 0.0 0.0 0.005593894655537645 0.0 0.0 0.0 4.455825896321983e-08 0.0 0.0 0.0 0.008931739683337325 0.0 0.0 0.0 0.0 0.08689128225772341 0.0 0.0 0.0 0.018219855549898616 0.0 0.0 0.0 0.07913504047127816 0.0 0.0 0.0 0.15060878049685608 0.0 0.0015957887620360164 0.0 0.0 0.04963521182390972 2.3491368012619137e-12 0.0 0.0 1.130907652213437e-06 0.007613617247589422 0.0 0.0 0.06818944404005128 0.009581494954264455 0.0 0.0 0.05611085111156142 0.0007306044172459423 0.0 0.0 0.09992104510472656 1.5048296397371002e-07 0.0 0.0 0.1239085806445043 0.010741762447314493 0.0 0.0 0.1297673157213194 0.31134499838336416 0.0 0.0 0.10355778842320867 0.0 4.5951046869192684e-07 0.0 0.0 0.0 3.675048149462833e-07 0.0 0.0 0.0 4.293132165834705e-12 0.0 0.0 0.0 3.7351388661018033e-07 0.0 0.0 0.0 0.0 0.021550823558232474 0.0 0.0 0.0 0.0030594966917295925 0.0 0.0 0.0 0.0032206776309758526 0.0 0.0 0.0 0.04377890245639133 0.0 0.0004420924628832576 0.0 0.0 0.005773024295170408 2.799014357057509e-13 0.0 0.0 7.281155834369033e-08 0.0006624711473470328 0.0 0.0 0.005082403390161258 0.01963750530446996 0.0 0.0 0.009686932926871306 0.001933875563998313 0.0 0.0 0.06878213277118413 1.583443815021e-07 0.0 0.0 0.04618110872820431 0.009885475691476298 0.0 0.0 0.07963138029768368 0.08808378861632195 0.0 0.0 0.08501851758690196 0.0 0.039015179145847324 0.0 0.0 0.0 0.009145313807150673 0.0 0.0 0.0 0.0 0.0 0.0 0.0 0.012283321975767212 0.0 0.0 0.0 0.0 3.5027520259118637e-06 0.0 0.0 0.0 2.2871915571567486e-06 0.0 0.0 0.0 0.0 0.0 0.0 0.0 5.202003212478434e-07 0.0 0.0005420595676845356 0.0 0.0 0.03197944711573378 1.2909708266907512e-07 0.0 0.0 0.036961884226689244 0.0 0.0 0.0 0.0 0.05583322707715475 0.0 0.0 0.02967590364558413 0.009801685528781919 0.0 0.0 0.36182896261864417 4.2357552605677514e-07 0.0 0.0 0.15085477842586864 0.0 0.0 0.0 0.0 0.014195124423910487 0.0 0.0 0.08497671900113671 0.0 0.2884072320802388 0.0 0.0 0.0 0.0526726231899877 0.0 0.0 0.0 6.265581352221071e-06 0.0 0.0 0.0 0.458083101033755 0.0 0.0 0.0 0.0 0.08428193028143184 0.0 0.0 0.0 0.007419806725764089 0.0 0.0 0.0 0.07263693262767507 0.0 0.0 0.0 0.31495986657187497 0.0 0.004123406210320366 0.0 0.0 0.10983660647692535 2.445927968711072e-07 0.0 0.0 0.020051702987633768 0.01541874769016897 0.0 0.0 0.14435907070823692 0.1520689723162324 0.0 0.0 0.06348931874312909 0.0027882544233850588 0.0 0.0 0.052215815418353406 1.3661838014319866e-07 0.0 0.0 0.01833789404737469 0.016121740704869002 0.0 0.0 0.19462807941641544 0.1484241108096155 0.0 0.0 0.04476352846864016
0.0 0.0 0.0 0.0 0.0 0.003276387195708312 0.0 0.0 0.0 9.634339344312075e-09 0.0 0.0 0.0 0.006380167308127046 0.0 0.0 0.0 0.0 0.0 0.0 0.0 0.0 0.13036364542598294 0.0 0.0 0.0 0.0811462295506422 0.0 0.0 0.0 0.044616353585947434 0.0 0.0 0.0 0.0 0.0 9.912852317419627e-08 0.0 0.0 0.03430600670229484 2.5709941538319634e-05 0.0 0.0 0.00017533964560953542 0.05820910621077708 0.0 0.0 0.007991238079495833 0.0 0.0 0.0 0.0 9.614148378383437e-08 0.0 0.0 0.0825228782616588 0.0014839165647420386 0.0 0.0 0.024512700172693646 0.0803441299283028 0.0 0.0 0.052928117743001574 0.0 1.4228646109053484e-07 0.0 0.0 0.0 7.638903727170412e-08 0.0 0.0 0.0 1.880066084571906e-12 0.0 0.0 0.0 7.304610718475321e-07 0.0 0.0 0.0 0.0 0.0005021182608159422 0.0 0.0 0.0 0.0014288859755927454 0.0 0.0 0.0 0.043175932119479433 0.0 0.0 0.0 0.04770366907908615 0.0 2.4062210467404944e-10 0.0 0.0 5.084311185484473e-09 2.442056910210663e-13 0.0 0.0 1.4228621688484383e-07 0.0029945810082096726 0.0 0.0 0.07190944646728932 0.056031084920480215 0.0 0.0 0.03495733838507234 0.0014288857349706405 0.0 0.0 0.033850150229340736 5.2587231299240836e-08 0.0 0.0 0.03435214459819928 0.008285793673449667 0.0 0.0 0.08832205774882194 0.2457117030729028 0.0 0.0 0.11653369979269027 0.0 0.013141995996882061 0.0 0.0 0.0 0.009995741345707878 0.0 0.0 0.0 1.4327212302291694e-08 0.0 0.0 0.0 0.008186069038966673 0.0 0.0 0.0 0.0 8.357187658021962e-07 0.0 0.0 0.0 2.1649779595179532e-06 0.0 0.0 0.0 2.0493478412617815e-13 0.0 0.0 0.0 4.163137900165764e-07 0.0 0.0034524007669857076 0.0 0.0 0.06580754557237838 4.0714381760359563e-07 0.0 0.0 0.15097042075331998 3.7637700902663775e-05 0.0 0.0 0.00032850835247648873 0.04114522074390431 0.0 0.0 0.020753134051336525 0.0028419208735739627 0.0 0.0 0.057880508417500816 2.838870379295707e-07 0.0 0.0 0.1610626984208522 0.0032835416017704096 0.0 0.0 0.03213159985395489 0.0891756994957344 0.0 0.0 0.019645969538876557 0.0 0.2429840902792294 0.0 0.0 0.0 0.07953840050452081 0.0 0.0 0.0 3.2978481877128413e-06 0.0 0.0 0.0 0.36378223664737347 0.0 0.0 0.0 0.0 0.100204545728657 0.0 0.0 0.0 0.03409790201291072 0.0 0.0 0.0 0.15132619547311876 0.0 0.0 0.0 0.06651453772164848 0.0 0.000952023364790302 0.0 0.0 0.03905663614454269 2.578281961461729e-09 0.0 0.0 0.03696725937967092 0.004642720252227675 0.0 0.0 0.039697145153903886 0.030326952476801967 0.0 0.0 0.00719222607146519 0.0009813331572319844 0.0 0.0 0.04519699336380881 7.671830318265223e-09 0.0 0.0 0.028302937035393706 0.009341187269520995 0.0 0.0 0.08123986869521438 0.09208509010976818 0.0 0.0 0.0483810881938115
0.0 0.006720784037031869 0.0 0.0 0.0 0.0005456116539828933 0.0 0.0 0.0 5.4779286754126716e-08 0.0 0.0 0.0 0.007830204900524424 0.0 0.0 0.0 0.0 0.0040905273098136435 0.0 0.0 0.0 0.0119778295257053 0.0 0.0 0.0 0.16108254658153814 0.0 0.0 0.0 0.22163068609155073 0.0 6.800676051225419e-10 0.0 0.0 1.2937426299416372e-08 1.051855365507033e-19 0.0 0.0 6.260048697539045e-09 0.0002689207140590392 0.0 0.0 0.003309113775673627 0.04313311315339217 0.0 0.0 0.01586414558868197 0.003780862847790719 0.0 0.0 0.08004406251911834 2.8508035759405615e-13 0.0 0.0 0.019021969337060875 0.005654310712152126 0.0 0.0 0.17668463798520143 0.16703793735018205 0.0 0.0 0.08077599812607678 0.0 5.43408141072687e-08 0.0 0.0 0.0 8.92941246361768e-09 0.0 0.0 0.0 2.850804627795927e-13 0.0 0.0 0.0 3.8348948296994155e-08 0.0 0.0 0.0 0.0 8.92941246361768e-09 0.0 0.0 0.0 0.02345606399979708 0.0 0.0 0.0 0.0005456116539828934 0.0 0.0 0.0 0.03968507348141249 0.0 0.0008434435717080002 0.0 0.0 0.02261262042808908 1.1199579683309238e-08 0.0 0.0 0.0015209025528988048 1.1882966651497162e-08 0.0 0.0 0.011977817642738644 0.008792576060676094 0.0 0.0 0.00045000521404120377 0.0002604567737581633 0.0 0.0 0.007828832733301032 4.314123442395946e-08 0.0 0.0 0.006568386954160391 1.6832007655821603e-08 0.0 0.0 0.019021958765101918 0.09834932073195674 0.0 0.0 0.010450070048379365 0.0 0.008592635663780658 0.0 0.0 0.0 0.0019888661714357932 0.0 0.0 0.0 1.8984509471049218e-07 0.0 0.0 0.0 0.015142935131855247 0.0 0.0 0.0 0.0 2.787768814376422e-07 0.0 0.0 0.0 5.7754523068850795e-08 0.0 0.0 0.0 3.6021378440474606e-08 0.0 0.0 0.0 1.148573133081427e-06 0.0 0.003251649595256451 0.0 0.0 0.1127154793618074 1.5951533625509477e-15 0.0 0.0 9.882371817102907e-09 0.0013697047388691876 0.0 0.0 0.045037558177925714 0.002382984734131473 0.0 0.0 0.003643645048661391 0.0038403458655594386 0.0 0.0 0.09241752817629441 2.6692074563769217e-08 0.0 0.0 0.061101873053758846 0.005256193789999364 0.0 0.0 0.13760881808922953 0.1396200391866245 0.0 0.0 0.09157258154225692 0.0 0.38346811546698123 0.0 0.0 0.0 0.061152271309773784 0.0 0.0 0.0 1.1125942720252392e-06 0.0 0.0 0.0 0.09675808185527668 0.0 0.0 0.0 0.0 0.05848449809324187 0.0 0.0 0.0 0.010763437272672718 0.0 0.0 0.0 0.0010778845123882816 0.0 0.0 0.0 0.049096103006937994 0.0 0.0025077394646573457 0.0 0.0 0.15461290168706932 1.4299364006018525e-09 0.0 0.0 0.0026467782794470547 0.007465732339468185 0.0 0.0 0.09493050753140857 0.02442283009894935 0.0 0.0 0.002909078004745601 0.0006121565720282194 0.0 0.0 0.06276834103476155 1.9156348201087397e-08 0.0 0.0 0.051619159660153215 0.0019577882018299124 0.0 0.0 0.020748641928964365 0.064880431774862 0.0 0.0 0.014296809475890954
0.0 0.00875920455159965 0.0 0.0 0.0 0.002410063528524087 0.0 0.0 0.0 2.299096567031844e-07 0.0 0.0 0.0 0.006771806049469094 0.0 0.0 0.0 0.0 0.012886076715965143 0.0 0.0 0.0 0.14499914529044802 0.0 0.0 0.0 0.3705748444818886 0.0 0.0 0.0 0.07258174204251898 0.0 8.437993503646303e-10 0.0 0.0 7.069296496857695e-08 1.967099136907656e-13 0.0 0.0 0.008476164121155056 0.001297824689240796 0.0 0.0 0.06661099721038463 0.03856488108256833 0.0 0.0 0.006579825119027588 0.0017400451800372188 0.0 0.0 0.14538657464129845 1.9987084281188764e-12 0.0 0.0 0.09727258599617461 0.01834957684251045 0.0 0.0 0.8089563215588049 0.13120976764560272 0.0 0.0 0.08183592331214296 0.0 0.0 0.0 0.0 0.0 0.0 0.0 0.0 0.0 7.842249396512124e-12 0.0 0.0 0.0 3.0567560759880986e-07 0.0 0.0 0.0 0.0 0.0 0.0 0.0 0.0 0.0 0.0 0.0 0.0 0.08617892307521488 0.0 0.0 0.0 0.022260168923362085 0.0 0.0 0.0 0.0 0.0 0.0 0.0 0.0 0.0 0.007317610974976543 0.0 0.0 0.19665349515198535 5.7224712954620854e-08 0.0 0.0 6.780860534424031e-08 0.0 0.0 0.0 0.0 0.0 0.0 0.0 0.0 0.010844783176519051 0.0 0.0 0.2897070918032888 0.06552988406404413 0.0 0.0 0.08098148892933268 0.0 0.10525645751576365 0.0 0.0 0.0 0.030147578914733967 0.0 0.0 0.0 9.252881754330817e-07 0.0 0.0 0.0 0.01825280560290264 0.0 0.0 0.0 0.0 4.5288911381210325e-07 0.0 0.0 0.0 1.9116899484391813e-07 0.0 0.0 0.0 7.266049439441289e-07 0.0 0.0 0.0 2.2468432398965218e-06 0.0 4.7748684324074446e-08 0.0 0.0 0.11125975777071126 2.536068199617196e-13 0.0 0.0 0.0017401054155234841 0.028051818647293173 0.0 0.0 0.1945068183982915 0.1767346504709585 0.0 0.0 0.052865668090735084 0.0154246733167588 0.0 0.0 0.8650764328257897 3.056798170531392e-07 0.0 0.0 0.3056557640720066 0.07835450280315999 0.0 0.0 1.5555769071404486 0.3188550051044245 0.0 0.0 0.10837751439039883 0.0 0.46886746691480724 0.0 0.0 0.0 0.07588144955531892 0.0 0.0 0.0 4.645996433732414e-06 0.0 0.0 0.0 0.2967613038354295 0.0 0.0 0.0 0.0 0.09600690286277783 0.0 0.0 0.0 0.05897189470083733 0.0 0.0 0.0 0.1084046228617303 0.0 0.0 0.0 0.05840280073806337 0.0 0.00020092398618915469 0.0 0.0 0.015797338197910574 3.854863804023039e-14 0.0 0.0 0.0021722836199100422 0.0069858023463586294 0.0 0.0 0.08997974876368615 0.03168495559544707 0.0 0.0 0.006425906037644167 0.0005755963261007269 0.0 0.0 0.0936396622148738 1.1452212673590356e-12 0.0 0.0 0.031746344748414784 0.00649512870317154 0.0 0.0 0.12567399657994932 0.07893566511423127 0.0 0.0 0.034105286556179115
0.0 0.016134732185356576 0.0 0.0 0.0 0.006279930796746238 0.0 0.0 0.0 7.818368828852516e-08 0.0 0.0 0.0 0.003626304412280151 0.0 0.0 0.0 0.0 0.10578857046773354 0.0 0.0 0.0 0.04528298347054022 0.0 0.0 0.0 0.08324404252569201 0.0 0.0 0.0 0.08200896101625448 0.0 0.00248012747404449 0.0 0.0 0.06589606939508653 1.1561457376648593e-13 0.0 0.0 0.005436630290689468 0.0056431209189461195 0.0 0.0 0.06998877016918618 0.00512152049350182 0.0 0.0 0.000696262675900177 0.009476995107997137 0.0 0.0 0.3265671787203924 1.053236500249365e-07 0.0 0.0 0.1685762101256631 0.019390179456946783 0.0 0.0 0.23528955209244912 0.13086811645589458 0.0 0.0 0.040850671621474176 0.0 0.0 0.0 0.0 0.0 1.8181476591506395e-07 0.0 0.0 0.0 2.908449861773542e-12 0.0 0.0 0.0 1.8525856063284722e-07 0.0 0.0 0.0 0.0 0.0 0.0 0.0 0.0 0.029725940840680323 0.0 0.0 0.0 0.033026293673416966 0.0 0.0 0.0 0.03876898564706376 0.0 0.0 0.0 0.0 0.0 7.852915215918281e-10 0.0 0.0 0.0004740538088294863 0.0029369300242869066 0.0 0.0 0.03789587224090865 0.05198587253888224 0.0 0.0 0.01181856096777024 0.0 0.0 0.0 0.0 1.3740307957895213e-07 0.0 0.0 0.08258761535105552 0.008263271043880005 0.0 0.0 0.18104946968990443 0.08718866311188965 0.0 0.0 0.03581359248323815 0.0 0.04169890725868667 0.0 0.0 0.0 0.002024344822618387 0.0 0.0 0.0 1.0146292553847047e-07 0.0 0.0 0.0 0.007294644984364686 0.0 0.0 0.0 0.0 8.864666549150753e-08 0.0 0.0 0.0 1.7842172769885068e-08 0.0 0.0 0.0 4.726242583661963e-08 0.0 0.0 0.0 2.589825817884516e-08 0.0 0.0027488296092782367 0.0 0.0 0.0491238328567553 7.814668180685877e-08 0.0 0.0 0.03239787142006342 0.0019351096148575463 0.0 0.0 0.028512570794189403 0.001215325154651944 0.0 0.0 0.0003367658650571402 0.008520698199696225 0.0 0.0 0.34905936344372734 1.4504341584060428e-08 0.0 0.0 0.04076962659992358 0.012849387469677918 0.0 0.0 0.18227864340332836 0.1089774344083142 0.0 0.0 0.03255971036095692 0.0 0.25136874351938404 0.0 0.0 0.0 0.09321676272703051 0.0 0.0 0.0 0.0 0.0 0.0 0.0 0.09564034887020975 0.0 0.0 0.0 0.0 0.0438356957479641 0.0 0.0 0.0 0.03010234821257574 0.0 0.0 0.0 0.0 0.0 0.0 0.0 0.03060893329956577 0.0 0.0005697143913614986 0.0 0.0 0.06739436518080427 5.153146081106383e-09 0.0 0.0 0.0355802007906539 0.0 0.0 0.0 0.0 0.04128136943270684 0.0 0.0 0.006561246078294483 0.0011307950303122182 0.0 0.0 0.0492564294770823 2.5759928785693115e-08 0.0 0.0 0.02908054069616883 0.0 0.0 0.0 0.0 0.03855992203921487 0.0 0.0 0.012924040287412874
0.0 0.0025109379001642938 0.0 0.0 0.0 0.001677374035008839 0.0 0.0 0.0 2.9879099115755973e-08 0.0 0.0 0.0 0.0007455356153834809 0.0 0.0 0.0 0.0 0.004716129884565982 0.0 0.0 0.0 0.025004452988621945 0.0 0.0 0.0 0.057160475770363484 0.0 0.0 0.0 0.10618977670758926 0.0 4.039316186073125e-19 0.0 0.0 8.074299204482469e-13 6.09934248790099e-10 0.0 0.0 0.0002610479160526228 0.0002932345295659275 0.0 0.0 0.053218776232451755 0.0016208895021833539 0.0 0.0 0.0005446289013776134 2.4514264150855216e-08 0.0 0.0 0.05493965375263414 1.1659755635004942e-08 0.0 0.0 0.06630723186928072 0.002864023005471171 0.0 0.0 0.07296369874035658 0.03733835050397517 0.0 0.0 0.008977683900581113 0.0 2.298037480607911e-07 0.0 0.0 0.0 1.3783127052678957e-07 0.0 0.0 0.0 3.066611779041354e-12 0.0 0.0 0.0 9.361169254408012e-08 0.0 0.0 0.0 0.0 8.064111037614849e-08 0.0 0.0 0.0 0.004645234879397584 0.0 0.0 0.0 0.018591084905049172 0.0 0.0 0.0 0.08920270970203462 0.0 5.5913468592151015e-05 0.0 0.0 0.002095012619999686 3.6953285474213826e-08 0.0 0.0 0.02522959742925349 2.1113350742180788e-08 0.0 0.0 2.8065918044051517e-07 0.011159218569388982 0.0 0.0 0.0037025667254466104 0.001396085276384728 0.0 0.0 0.05861942424260102 2.6028838970268804e-07 0.0 0.0 0.09445822472327524 0.0066226255807959825 0.0 0.0 0.1923695989220831 0.06645298903553906 0.0 0.0 0.01598266051320622 0.0 0.00662253929361766 0.0 0.0 0.0 0.009616223416279091 0.0 0.0 0.0 2.866471781110975e-07 0.0 0.0 0.0 0.007506361124060038 0.0 0.0 0.0 0.0 1.2655683903153463e-12 0.0 0.0 0.0 1.0283581623820768e-07 0.0 0.0 0.0 7.720006339602437e-07 0.0 0.0 0.0 1.4513395449284856e-07 0.0 8.473500367006013e-05 0.0 0.0 0.002790275084727298 2.644035013050068e-09 0.0 0.0 0.002510955604156562 0.0033703390910306695 0.0 0.0 0.05727009203496376 0.026728573182183753 0.0 0.0 0.0028242824182586976 0.0026871707813707294 0.0 0.0 0.08106539891400269 9.034014119811322e-08 0.0 0.0 0.17437286331687993 0.011284781638419655 0.0 0.0 0.3321575779286079 0.10090214754087584 0.0 0.0 0.048538728757975186 0.0 0.18393712835361065 0.0 0.0 0.0 0.10114537484503329 0.0 0.0 0.0 7.248197876700032e-07 0.0 0.0 0.0 0.19254772097584305 0.0 0.0 0.0 0.0 0.05122236716543102 0.0 0.0 0.0 0.012592856834661803 0.0 0.0 0.0 0.019826939602470305 0.0 0.0 0.0 0.11847225660764582 0.0 0.0002011518631506783 0.0 0.0 0.015387196281081577 8.33780879946628e-09 0.0 0.0 0.0464639967693169 0.0007167913601934747 0.0 0.0 0.04776070570607919 0.15478465705914254 0.0 0.0 0.052105396202351606 0.0005087965222232316 0.0 0.0 0.028493717050464842 5.041642767211339e-08 0.0 0.0 0.02629795095405954 4.556331053476462e-05 0.0 0.0 0.024899394279588635 0.0550101325608613 0.0 0.0 0.0176639240922978
0.0 0.00399105980741641 0.0 0.0 0.0 0.0023834107939965216 0.0 0.0 0.0 6.490755368292473e-08 0.0 0.0 0.0 0.0018426072615903388 0.0 0.0 0.0 0.0 0.04279216315307 0.0 0.0 0.0 0.03175093788019123 0.0 0.0 0.0 0.10964918529893217 0.0 0.0 0.0 0.1817310374234574 0.0 7.7419692821858e-09 0.0 0.0 0.02266817426088633 1.1565963118319045e-08 0.0 0.0 0.030507056859803195 0.0007251584993055905 0.0 0.0 0.06146077351033583 0.031460441530933754 0.0 0.0 0.020179166668301378 4.13491435258033e-08 0.0 0.0 0.07984202131240727 4.5066830219479115e-08 0.0 0.0 0.047328638551885335 0.003884198793758949 0.0 0.0 0.1601909211461226 0.03266997471796891 0.0 0.0 0.030703707647533857 0.0 4.818226773788663e-07 0.0 0.0 0.0 3.5380210540024205e-08 0.0 0.0 0.0 2.2168840173277557e-12 0.0 0.0 0.0 2.0894462855490298e-07 0.0 0.0 0.0 0.0 0.04800855629156975 0.0 0.0 0.0 0.0027827435906737736 0.0 0.0 0.0 0.07558097557412385 0.0 0.0 0.0 0.0588680273515151 0.0 0.0008692544098835199 0.0 0.0 0.025180405701060397 4.924579749843662e-19 0.0 0.0 8.489731286248578e-13 0.002208322272161134 0.0 0.0 0.03569041005404189 0.026797725392789223 0.0 0.0 0.009525019634173399 0.0025522850199256306 0.0 0.0 0.07268248437977613 1.787056297150505e-08 0.0 0.0 0.03454057006392695 0.004426344890191495 0.0 0.0 0.106034148644604 0.160228959413823 0.0 0.0 0.043166994512856334 0.0 0.0023772853390559377 0.0 0.0 0.0 0.006346379895397059 0.0 0.0 0.0 1.4867951596127312e-07 0.0 0.0 0.0 0.013476232493305968 0.0 0.0 0.0 0.0 1.815698313527542e-09 0.0 0.0 0.0 3.1433843968984425e-08 0.0 0.0 0.0 3.919190314897325e-08 0.0 0.0 0.0 1.3881377717843458e-07 0.0 0.0008373681612701433 0.0 0.0 0.04513638475222969 5.995505512688672e-09 0.0 0.0 0.025409048500032512 0.0016968016667386965 0.0 0.0 0.0280371766689907 0.043017328753126485 0.0 0.0 0.010417331669888653 0.000881034460807841 0.0 0.0 0.025414659283384485 1.1721700566614352e-07 0.0 0.0 0.08021451767688491 0.00957043070595154 0.0 0.0 0.1846356045242392 0.1981925672082764 0.0 0.0 0.07080670321763416 0.0 0.35955449678650103 0.0 0.0 0.0 0.17651047673827835 0.0 0.0 0.0 0.0 0.0 0.0 0.0 0.15516351623033542 0.0 0.0 0.0 0.0 0.07620006937716042 0.0 0.0 0.0 0.06573742456024957 0.0 0.0 0.0 0.0 0.0 0.0 0.0 0.033668134653095476 0.0 0.001808268600292275 0.0 0.0 0.026908882001608833 3.758427654397847e-07 0.0 0.0 0.13393089114749465 0.0 0.0 0.0 0.0 0.1003984165501559 0.0 0.0 0.02036055359052377 0.0012688830272647336 0.0 0.0 0.05678653689429755 1.5259110042939815e-07 0.0 0.0 0.07170108199479006 0.0 0.0 0.0 0.0 0.08205519514090875 0.0 0.0 0.01891121980343597
0.0 0.01670844295509166 0.0 0.0 0.0 0.002334993921318605 0.0 0.0 0.0 4.4256835201713294e-08 0.0 0.0 0.0 0.002853150250092561 0.0 0.0 0.0 0.0 0.03811038788513881 0.0 0.0 0.0 0.034659160507047426 0.0 0.0 0.0 0.01982742377247827 0.0 0.0 0.0 0.038179902370948635 0.0 0.0014330857661805439 0.0 0.0 0.058831857214412045 4.675387914919965e-09 0.0 0.0 0.00247854431115067 0.0008210279981467712 0.0 0.0 0.023880876784509283 0.016392206212527058 0.0 0.0 0.0033163150191843323 0.01390688485358893 0.0 0.0 0.3367095582348565 1.1208543390019289e-07 0.0 0.0 0.08471390900879974 0.008991421164349454 0.0 0.0 0.163805973914673 0.060585104592813306 0.0 0.0 0.033906727190856946 0.0 2.9566609310176737e-07 0.0 0.0 0.0 1.7534268804551425e-07 0.0 0.0 0.0 2.5039239562877956e-12 0.0 0.0 0.0 8.270590814048829e-08 0.0 0.0 0.0 0.0 0.026888314090930773 0.0 0.0 0.0 0.005276361877661173 0.0 0.0 0.0 0.04763861057635841 0.0 0.0 0.0 0.08251037596886489 0.0 0.00012496603029606403 0.0 0.0 0.0036798207712923302 5.951582584586356e-09 0.0 0.0 0.003963543820077539 0.005770764465224225 0.0 0.0 0.05234868728104619 0.0035489629329858324 0.0 0.0 0.0014009351146202326 0.002396596392136272 0.0 0.0 0.0910967315583897 1.164525105301367e-07 0.0 0.0 0.11494652106461842 0.006383641468963386 0.0 0.0 0.16727842635146506 0.051465489844494956 0.0 0.0 0.01630755906954878 0.0 0.022054153656766627 0.0 0.0 0.0 0.010159031682005463 0.0 0.0 0.0 2.3668896780914153e-07 0.0 0.0 0.0 0.009273089816420312 0.0 0.0 0.0 0.0 2.0239830891386792e-08 0.0 0.0 0.0 1.2701403207198358e-06 0.0 0.0 0.0 7.974511527166436e-08 0.0 0.0 0.0 2.64105572625379e-07 0.0 0.000296448777336577 0.0 0.0 0.04659826478673211 2.0957241236513895e-09 0.0 0.0 0.004502032487189817 0.0003717938394964145 0.0 0.0 0.0037355021813431076 0.01613629438642269 0.0 0.0 0.005529627842272329 0.003140371022882947 0.0 0.0 0.14523750940744284 1.3666834294460951e-07 0.0 0.0 0.17161761369012438 0.01567864322573496 0.0 0.0 0.1975405122103345 0.10052178417747575 0.0 0.0 0.05481902643554374 0.0 0.09201398225766176 0.0 0.0 0.0 0.14981946156780312 0.0 0.0 0.0 1.2417699209037124e-06 0.0 0.0 0.0 0.06921544735701685 0.0 0.0 0.0 0.0 0.042155195765598126 0.0 0.0 0.0 0.030900893842095663 0.0 0.0 0.0 0.003610265807689544 0.0 0.0 0.0 0.0046754147140545274 0.0 0.00014838078889891794 0.0 0.0 0.004043108146430005 1.1748164541960309e-07 0.0 0.0 0.02624280549277396 0.0016721556933792772 0.0 0.0 0.05521842966006747 0.02840401689950368 0.0 0.0 0.009636942996741954 0.00044989775201777384 0.0 0.0 0.01642284092581629 5.830656579402625e-08 0.0 0.0 0.04141011232739253 0.0014276093077431181 0.0 0.0 0.031210341143053374 0.03399627390617944 0.0 0.0 0.00930530976292642
0.0 0.0024472687520262298 0.0 0.0 0.0 0.004564115752657676 0.0 0.0 0.0 4.138409269205288e-09 0.0 0.0 0.0 0.005871874131546654 0.0 0.0 0.0 0.0 7.600774098799789e-08 0.0 0.0 0.0 0.12864219752649522 0.0 0.0 0.0 0.028426088563869256 0.0 0.0 0.0 0.4181314201357321 0.0 1.115890333602097e-09 0.0 0.0 4.070214423237309e-08 2.1597473330144616e-09 0.0 0.0 0.0029002808852833036 1.9809446758921034e-09 0.0 0.0 2.206842021644025e-08 0.007698715687925283 0.0 0.0 0.0020894669355698255 0.000814956593000597 0.0 0.0 0.03332704042718213 1.912263507611903e-07 0.0 0.0 0.1566082812333417 0.0006051308658037109 0.0 0.0 0.0075581359805373845 0.2627684955151384 0.0 0.0 0.07181708315176208 0.0 2.043823894321647e-07 0.0 0.0 0.0 9.28584875060414e-08 0.0 0.0 0.0 2.973050669970689e-12 0.0 0.0 0.0 1.465298057636114e-07 0.0 0.0 0.0 0.0 0.0007437464359032911 0.0 0.0 0.0 0.03982931182532336 0.0 0.0 0.0 0.0044279559485873275 0.0 0.0 0.0 0.032367620003280584 0.0 0.0003668591718939664 0.0 0.0 0.006616376405681385 2.016271166842774e-18 0.0 0.0 1.9835291618860604e-08 0.0030712467403241485 0.0 0.0 0.12682319281145354 0.030297107481272595 0.0 0.0 0.008248448541133794 0.003378508676907921 0.0 0.0 0.06207307212319301 7.600847668657412e-08 0.0 0.0 0.06993865026637434 0.0057664113727578644 0.0 0.0 0.15262626190778011 0.085171768398616 0.0 0.0 0.026861827035813798 0.0 0.004375532050935039 0.0 0.0 0.0 0.006378760145238294 0.0 0.0 0.0 1.8547098545509105e-08 0.0 0.0 0.0 0.007393740734652494 0.0 0.0 0.0 0.0 1.8547098545509105e-08 0.0 0.0 0.0 1.1546306721482698e-07 0.0 0.0 0.0 1.0515970620472439e-13 0.0 0.0 0.0 3.4334337960822067e-07 0.0 2.7143188929683744e-15 0.0 0.0 1.02445387311756e-13 6.286340329059889e-10 0.0 0.0 0.0010235015061070987 1.3952072565805174e-09 0.0 0.0 9.161862665646852e-09 0.025064264350394532 0.0 0.0 0.00861342368632826 0.0007437046178660106 0.0 0.0 0.031470128381979746 6.523913833045053e-08 0.0 0.0 0.10236570781176858 0.004375530655727783 0.0 0.0 0.032213823837983095 0.24024107581398513 0.0 0.0 0.04799160445312047 0.0 0.5683767770484871 0.0 0.0 0.0 0.06642566545671108 0.0 0.0 0.0 4.546651696628787e-07 0.0 0.0 0.0 0.03277435457860803 0.0 0.0 0.0 0.0 0.011944690545182381 0.0 0.0 0.0 0.006951626172165247 0.0 0.0 0.0 0.0018471562160772648 0.0 0.0 0.0 0.02642793977921151 0.0 0.005823167528457306 0.0 0.0 0.29490062179848814 8.247247935248354e-08 0.0 0.0 0.053396437999282044 0.0038707571491591306 0.0 0.0 0.11843119118797707 0.0004949749328773383 0.0 0.0 0.00011016205228031741 0.0017560650706209813 0.0 0.0 0.10511203515434575 2.6038829253852268e-08 0.0 0.0 0.019583696252471028 0.000458971317999803 0.0 0.0 0.021749003855555088 0.009520438944766386 0.0 0.0 0.003850896908225438
0.0 0.0065321140279062774 0.0 0.0 0.0 0.003896274319084462 0.0 0.0 0.0 4.5101987853141916e-08 0.0 0.0 0.0 0.0017737558901988434 0.0 0.0 0.0 0.0 0.034219813772969274 0.0 0.0 0.0 0.08207430594509052 0.0 0.0 0.0 0.10521824357387874 0.0 0.0 0.0 0.02225678924869854 0.0 0.0009953240243164602 0.0 0.0 0.030834497260803465 2.6985500138446364e-09 0.0 0.0 0.001049106112965429 0.0005382101636137883 0.0 0.0 0.025126690509155388 0.015073114373574711 0.0 0.0 0.004644573659921898 0.003460198181269138 0.0 0.0 0.11201614558244344 1.8231227630863974e-08 0.0 0.0 0.13865000411273154 0.0013610740263407014 0.0 0.0 0.13103706661461476 0.052995012887596775 0.0 0.0 0.016091609649834047 0.0 1.356124878307977e-07 0.0 0.0 0.0 2.9575814780427875e-07 0.0 0.0 0.0 3.864050653371156e-12 0.0 0.0 0.0 2.1187760308916578e-07 0.0 0.0 0.0 0.0 0.006170632217654095 0.0 0.0 0.0 0.028743589556750895 0.0 0.0 0.0 0.04771615963512467 0.0 0.0 0.0 0.08425847535179791 0.0 0.0009605267821236731 0.0 0.0 0.052469516476659185 3.879967823474423e-08 0.0 0.0 0.022784656057094555 0.002269005499816729 0.0 0.0 0.06698704162629376 0.02651156572953485 0.0 0.0 0.00808944792617004 0.0016480405386559175 0.0 0.0 0.051586004082244126 2.159754468474993e-07 0.0 0.0 0.1365292967025897 0.010659336137215605 0.0 0.0 0.21087302422715953 0.14310608805688826 0.0 0.0 0.038927159617538704 0.0 0.013861100593420987 0.0 0.0 0.0 0.004534801575071804 0.0 0.0 0.0 1.250263333004592e-07 0.0 0.0 0.0 0.01420437903501832 0.0 0.0 0.0 0.0 2.2007117171514468e-08 0.0 0.0 0.0 3.6367738783952545e-08 0.0 0.0 0.0 2.6661595481588742e-08 0.0 0.0 0.0 8.509573376719868e-08 0.0 4.372696296569895e-09 0.0 0.0 0.0016122463511467728 1.5732591743134508e-09 0.0 0.0 0.003721368173436821 0.0072456132395757955 0.0 0.0 0.09732535299003382 0.032918259355754695 0.0 0.0 0.010111583814695527 0.0037512708545093566 0.0 0.0 0.1312218301008758 9.659028641548124e-08 0.0 0.0 0.10457855143003175 0.010527167163281791 0.0 0.0 0.14818304490877104 0.1958446023799593 0.0 0.0 0.08542565744831285 0.0 0.223375802306822 0.0 0.0 0.0 0.1584574851090235 0.0 0.0 0.0 0.0 0.0 0.0 0.0 0.18437520081193204 0.0 0.0 0.0 0.0 0.03787105080516061 0.0 0.0 0.0 0.06925386702779085 0.0 0.0 0.0 0.0 0.0 0.0 0.0 0.09500028344999188 0.0 0.000723951711842678 0.0 0.0 0.032408020557193766 2.165003142540497e-07 0.0 0.0 0.13045009211880454 0.0 0.0 0.0 0.0 0.033847722196528665 0.0 0.0 0.010982811077911046 0.0006628728737639153 0.0 0.0 0.0434628688746915 5.288334020409914e-08 0.0 0.0 0.05556609063008437 0.0 0.0 0.0 0.0 0.0689923202544795 0.0 0.0 0.02052946647851463
0.0 0.004370533011321257 0.0 0.0 0.0 0.0034009943597186824 0.0 0.0 0.0 7.76600863650563e-08 0.0 0.0 0.0 0.0 0.0 0.0 0.0 0.0 2.212161483638644e-07 0.0 0.0 0.0 0.3302399370637158 0.0 0.0 0.0 0.016029003713404474 0.0 0.0 0.0 0.0 0.0 9.847069180209587e-10 0.0 0.0 0.0030376127112690878 5.17033043813447e-09 0.0 0.0 0.010178009510977231 7.660739562115324e-09 0.0 0.0 2.1355734229312936e-07 0.0 0.0 0.0 0.0 2.8794411272661383e-08 0.0 0.0 0.08933329592203869 1.0701378282184192e-07 0.0 0.0 0.139889410080953 0.00753795167375432 0.0 0.0 0.21828697733441196 0.0 0.0 0.0 0.0 0.0 5.793018535575671e-07 0.0 0.0 0.0 0.0 0.0 0.0 0.0 2.361247922443637e-11 0.0 0.0 0.0 0.0 0.0 0.0 0.0 0.0 0.006931911250240046 0.0 0.0 0.0 0.0 0.0 0.0 0.0 0.05819272197393714 0.0 0.0 0.0 0.0 0.0 9.221655237606462e-09 0.0 0.0 1.886334340421134e-07 0.0 0.0 0.0 0.0 0.016365850973116252 0.0 0.0 0.3255978435318962 0.0 0.0 0.0 0.0 0.006545184271512875 0.0 0.0 0.18000551260109549 0.0 0.0 0.0 0.0 0.053514605285095135 0.0 0.0 1.14256690677062 0.0 0.0 0.0 0.0 0.0 0.011658470702083219 0.0 0.0 0.0 0.05947622776357843 0.0 0.0 0.0 0.0 0.0 0.0 0.0 0.006283717127043628 0.0 0.0 0.0 0.0 1.933491380314144e-12 0.0 0.0 0.0 5.8181713259709105e-08 0.0 0.0 0.0 0.0 0.0 0.0 0.0 1.9500052093191322e-08 0.0 2.5241224034283312e-09 0.0 0.0 0.006256374686178854 4.460292999628263e-08 0.0 0.0 0.04957007598190764 0.0 0.0 0.0 0.0 0.01617919863404657 0.0 0.0 0.002216029258156174 4.535684577094563e-08 0.0 0.0 0.1271976456886796 4.847245502551445e-07 0.0 0.0 1.1969659593839108 0.0 0.0 0.0 0.0 0.31406038034396394 0.0 0.0 0.04822742569631981 0.0 0.33023957897801054 0.0 0.0 0.0 0.0 0.0 0.0 0.0 0.0 0.0 0.0 0.0 0.0 0.0 0.0 0.0 0.0 0.0062837171270436285 0.0 0.0 0.0 0.0 0.0 0.0 0.0 0.0 0.0 0.0 0.0 0.0 0.0 5.224654717840813e-10 0.0 0.0 1.8977586621407236e-08 0.0 0.0 0.0 0.0 0.0 0.0 0.0 0.0 0.0 0.0 0.0 0.0 0.0012263333554063545 0.0 0.0 0.04921712159906964 0.0 0.0 0.0 0.0 0.0 0.0 0.0 0.0 0.0 0.0 0.0 0.0
0.0 0.00267280773143715 0.0 0.0 0.0 0.002822917757942546 0.0 0.0 0.0 6.577924390108137e-08 0.0 0.0 0.0 0.0019219575957401158 0.0 0.0 0.0 0.0 0.042568202801880145 0.0 0.0 0.0 0.07296168064893328 0.0 0.0 0.0 0.037779283826903015 0.0 0.0 0.0 0.038426619950748246 0.0 0.0007329021687016732 0.0 0.0 0.02295600311455563 2.2892658573051907e-13 0.0 0.0 0.00728101797059857 4.260881216084023e-05 0.0 0.0 0.0012690551791666802 0.03213212361339583 0.0 0.0 0.012791888145773016 0.0008905089310787917 0.0 0.0 0.05296424437397194 8.343669235278124e-08 0.0 0.0 0.08064719234777144 0.00312645824257914 0.0 0.0 0.0805671972815718 0.09762260569638607 0.0 0.0 0.02174592020066563 0.0 2.0823722207710554e-07 0.0 0.0 0.0 4.2834137655578633e-07 0.0 0.0 0.0 5.396702070472607e-12 0.0 0.0 0.0 2.699724630299774e-07 0.0 0.0 0.0 0.0 1.0908458289324348e-07 0.0 0.0 0.0 0.11543785391172733 0.0 0.0 0.0 0.06683856201427373 0.0 0.0 0.0 0.11423193596936693 0.0 1.8821542399003924e-05 0.0 0.0 0.0013309085015415299 2.5363991188445246e-07 0.0 0.0 0.17658904603097103 0.00359201000625052 0.0 0.0 0.08734649018623304 0.03830027352796358 0.0 0.0 0.010443794187330036 0.0013546200030183535 0.0 0.0 0.0791517787123197 3.6562585290854534e-07 0.0 0.0 0.2400389519772033 0.01210769857500539 0.0 0.0 0.2393974696182584 0.15663625690624403 0.0 0.0 0.04874147680150833 0.0 0.008124521299378339 0.0 0.0 0.0 0.008220349124897748 0.0 0.0 0.0 1.1426321802025046e-07 0.0 0.0 0.0 0.01893493475317314 0.0 0.0 0.0 0.0 2.0195439906294675e-08 0.0 0.0 0.0 1.4570615643635716e-06 0.0 0.0 0.0 8.93426455137444e-09 0.0 0.0 0.0 1.031208047319349e-07 0.0 2.433603910520585e-09 0.0 0.0 0.001538976204388354 1.206733429754321e-13 0.0 0.0 0.006634697081782575 0.004777644613402578 0.0 0.0 0.06417565156865883 0.020243604286315157 0.0 0.0 0.012431002556641148 0.0013497022226786552 0.0 0.0 0.07084322372559441 5.3504894783953154e-08 0.0 0.0 0.14885633538890697 0.010094527560927687 0.0 0.0 0.12559316826223724 0.15458580823931845 0.0 0.0 0.12123033136808163 0.0 0.1809382499604271 0.0 0.0 0.0 0.3162029095746204 0.0 0.0 0.0 1.4092642149297732e-06 0.0 0.0 0.0 0.16611906877247454 0.0 0.0 0.0 0.0 0.03463726692267823 0.0 0.0 0.0 0.1292206688432116 0.0 0.0 0.0 0.0051837239694719605 0.0 0.0 0.0 0.02295144138878685 0.0 0.002205630505835674 0.0 0.0 0.07678327725253124 4.2920440468253165e-08 0.0 0.0 0.024434262180561755 1.0650417162252813e-09 0.0 0.0 2.111290230773445e-08 0.06175443133016621 0.0 0.0 0.01869441932167989 0.0008655610570476506 0.0 0.0 0.03199579862581432 1.2142971586681362e-07 0.0 0.0 0.10313711761903475 0.001538970565299378 0.0 0.0 0.0342040970636115 0.08035045853667475 0.0 0.0 0.018484188015093796
0.0 0.0 0.0 0.0 0.0 0.0014764967148104822 0.0 0.0 0.0 2.9647709050894125e-08 0.0 0.0 0.0 0.0029462830514099324 0.0 0.0 0.0 0.0 0.0 0.0 0.0 0.0 0.04786742672508179 0.0 0.0 0.0 0.16673852436322267 0.0 0.0 0.0 0.07768516155561382 0.0 0.0 0.0 0.0 0.0 1.196329056633951e-10 0.0 0.0 0.0001565954491997399 0.0009832008057794183 0.0 0.0 0.029160794425932474 0.06624567138795477 0.0 0.0 0.018418109642970897 0.0 0.0 0.0 0.0 5.943460189703169e-08 0.0 0.0 0.04597025481199239 0.0019444789254078234 0.0 0.0 0.08758547159790622 0.09219929150696238 0.0 0.0 0.02891798262104583 0.0 8.565615578650904e-08 0.0 0.0 0.0 2.4991818254315403e-07 0.0 0.0 0.0 6.323348901755122e-12 0.0 0.0 0.0 4.4982980714429173e-07 0.0 0.0 0.0 0.0 0.061615752394352456 0.0 0.0 0.0 0.14747935060818232 0.0 0.0 0.0 0.1020011478228083 0.0 0.0 0.0 0.004077219205193921 0.0 7.028654327979756e-05 0.0 0.0 0.0028991299271913895 5.58242766881645e-08 0.0 0.0 0.0754354755430363 0.0016663842393002252 0.0 0.0 0.044852194771504636 0.07477284791891442 0.0 0.0 0.043478642449620096 0.0005545078221990786 0.0 0.0 0.030331070912140698 1.3527533378897873e-07 0.0 0.0 0.11123264922460564 0.011087691842980672 0.0 0.0 0.317746747593679 0.12362859994862925 0.0 0.0 0.08819015704145244 0.0 0.020080627979337694 0.0 0.0 0.0 0.010433911541279145 0.0 0.0 0.0 2.0873799268275874e-07 0.0 0.0 0.0 0.016713233975980214 0.0 0.0 0.0 0.0 7.164609007549385e-08 0.0 0.0 0.0 2.4018958135732635e-07 0.0 0.0 0.0 1.4368043503674026e-07 0.0 0.0 0.0 4.671966385833175e-07 0.0 2.9739615424587e-09 0.0 0.0 0.0022491095693956834 2.9535792174472735e-07 0.0 0.0 0.17476278653319433 0.0024263934589258576 0.0 0.0 0.04411483527765418 0.06915127019658655 0.0 0.0 0.021217549626744797 0.003422570203016687 0.0 0.0 0.16518928413883674 7.974468417217904e-08 0.0 0.0 0.1489506030269565 0.023498016071406537 0.0 0.0 0.3595791524225222 0.2582160321330918 0.0 0.0 0.06432019651989455 0.0 0.2722103990084248 0.0 0.0 0.0 0.3045975087782957 0.0 0.0 0.0 5.563387181344711e-07 0.0 0.0 0.0 0.20923692966860913 0.0 0.0 0.0 0.0 0.053348547791027656 0.0 0.0 0.0 0.05364298339449085 0.0 0.0 0.0 0.035661838077678774 0.0 0.0 0.0 0.08624352726260916 0.0 2.7580733823494707e-08 0.0 0.0 0.0096627518903256 1.172481948507379e-08 0.0 0.0 0.06306456192396856 0.0012774184458854481 0.0 0.0 0.05232256378976673 0.03379840505796288 0.0 0.0 0.007880634806592967 0.0003754142907385365 0.0 0.0 0.0462861924600264 2.036952219076736e-07 0.0 0.0 0.10378431338745923 0.0016968637675408985 0.0 0.0 0.05224700946338881 0.06803327564394579 0.0 0.0 0.024425977209216566
0.0 0.0025595383626588956 0.0 0.0 0.0 0.0032205939969297452 0.0 0.0 0.0 4.411083263774694e-08 0.0 0.0 0.0 0.0011868816356412088 0.0 0.0 0.0 0.0 0.04469730218961773 0.0 0.0 0.0 0.025859777078073177 0.0 0.0 0.0 0.05031138649722388 0.0 0.0 0.0 0.07664130685102574 0.0 0.0008172394509625655 0.0 0.0 0.026654380365791045 4.48566153197554e-08 0.0 0.0 0.029073396005807092 0.0007907719803410436 0.0 0.0 0.022632991195985445 0.018843719943161447 0.0 0.0 0.007578297622997412 0.0006052264428012761 0.0 0.0 0.0428537933725716 1.2422379095835922e-07 0.0 0.0 0.08958041406928757 0.004672077649544943 0.0 0.0 0.09887394884267671 0.030666284899011475 0.0 0.0 0.0128178592786666 0.0 3.021335448345867e-07 0.0 0.0 0.0 5.857258363968875e-07 0.0 0.0 0.0 4.127035952653351e-12 0.0 0.0 0.0 7.343631872707725e-08 0.0 0.0 0.0 0.0 0.039102062026225945 0.0 0.0 0.0 0.02798693529171579 0.0 0.0 0.0 0.04265463634387985 0.0 0.0 0.0 0.029016177543454414 0.0 0.0001488662937262303 0.0 0.0 0.0025455396539685875 8.879234949097883e-09 0.0 0.0 0.005842637845306453 0.0006196769068277318 0.0 0.0 0.030574558627330307 0.03696618844948208 0.0 0.0 0.008468017559412636 0.0017723904081354722 0.0 0.0 0.1041651897149028 4.674334577369056e-07 0.0 0.0 0.32073180537765794 0.006001711760063417 0.0 0.0 0.15652437672657782 0.0602386572245034 0.0 0.0 0.013045236017332651 0.0 0.007080237925643978 0.0 0.0 0.0 0.008781693067282033 0.0 0.0 0.0 1.269150937857366e-07 0.0 0.0 0.0 0.006808627647270349 0.0 0.0 0.0 0.0 1.578915153880398e-08 0.0 0.0 0.0 1.2195935489771246e-07 0.0 0.0 0.0 7.346218817630347e-08 0.0 0.0 0.0 4.6286231716233166e-08 0.0 3.4598913070432627e-05 0.0 0.0 0.0012014415534385909 2.8134591452530272e-09 0.0 0.0 0.00103374340731038 0.0005093497985277057 0.0 0.0 0.04966436149366912 0.03411304332183896 0.0 0.0 0.010837456216907338 0.0014192936366349816 0.0 0.0 0.04935815227426202 2.4062640771530296e-07 0.0 0.0 0.16746541840279044 0.008544980573946795 0.0 0.0 0.1776560681253806 0.13273131536004265 0.0 0.0 0.05188447153651519 0.0 0.18786969419409286 0.0 0.0 0.0 0.12675693841522784 0.0 0.0 0.0 8.646687286961687e-08 0.0 0.0 0.0 0.09310163212673153 0.0 0.0 0.0 0.0 0.022591461416666153 0.0 0.0 0.0 0.03131865988614511 0.0 0.0 0.0 0.004427901214929758 0.0 0.0 0.0 0.04450498144809539 0.0 0.0012472915634181936 0.0 0.0 0.024020316782489077 1.1542998703832434e-08 0.0 0.0 0.003951848338836761 0.0014707206169369644 0.0 0.0 0.05069009772211586 0.036912954016595834 0.0 0.0 0.011436562219145472 0.0009221513973133356 0.0 0.0 0.029270915060927417 6.092386246599782e-08 0.0 0.0 0.04480057121563456 6.139626910154552e-05 0.0 0.0 0.0024435378022445464 0.04154658389172432 0.0 0.0 0.008872246666513671
0.0 0.0009661630748260579 0.0 0.0 0.0 0.0044505037042396264 0.0 0.0 0.0 3.194179224719991e-09 0.0 0.0 0.0 0.004188126997715298 0.0 0.0 0.0 0.0 0.023062537042765972 0.0 0.0 0.0 0.21740648689021932 0.0 0.0 0.0 0.028630167484360772 0.0 0.0 0.0 0.2978925371330539 0.0 1.5889157434096365e-05 0.0 0.0 0.000421050737466196 6.040224011684176e-08 0.0 0.0 0.041583651058849584 3.8716383719604424e-05 0.0 0.0 0.0009287216081477612 0.03350271957410735 0.0 0.0 0.004863135261033268 0.0003867092420418848 0.0 0.0 0.011489063056712235 2.3471406832868984e-08 0.0 0.0 0.13631480989675557 0.00024176438558212759 0.0 0.0 0.006502039255256967 0.16056512590139885 0.0 0.0 0.04410953980138815 0.0 0.0 0.0 0.0 0.0 0.0 0.0 0.0 0.0 5.351275058025724e-12 0.0 0.0 0.0 1.711308059396275e-07 0.0 0.0 0.0 0.0 0.0 0.0 0.0 0.0 0.0 0.0 0.0 0.0 0.03357706456980005 0.0 0.0 0.0 0.03057201295883076 0.0 0.0 0.0 0.0 0.0 0.0 0.0 0.0 0.0 0.00718627119963362 0.0 0.0 0.17280451718085413 0.029144061877728715 0.0 0.0 0.02347105817135903 0.0 0.0 0.0 0.0 0.0 0.0 0.0 0.0 0.008896000804970668 0.0 0.0 0.17729168166310136 0.0964859935498375 0.0 0.0 0.038375176178916795 0.0 0.0 0.0 0.0 0.0 0.001868553536237919 0.0 0.0 0.0 0.0 0.0 0.0 0.0 0.016616530480528358 0.0 0.0 0.0 0.0 0.0 0.0 0.0 0.0 3.1944838311170928e-09 0.0 0.0 0.0 0.0 0.0 0.0 0.0 1.520702939215701e-06 0.0 0.0 0.0 0.0 0.0 1.4678740133851409e-08 0.0 0.0 0.02898230694030895 0.0 0.0 0.0 0.0 0.05235329972839778 0.0 0.0 0.013770396464426104 0.0 0.0 0.0 0.0 3.4007057272541877e-09 0.0 0.0 0.04183194287201633 0.0 0.0 0.0 0.0 0.28606302527252947 0.0 0.0 0.10363358739738311 0.0 0.5660255654755741 0.0 0.0 0.0 0.05332883889295809 0.0 0.0 0.0 1.52069789254704e-06 0.0 0.0 0.0 0.1056908514465855 0.0 0.0 0.0 0.0 0.05829140714023203 0.0 0.0 0.0 0.006534349176690815 0.0 0.0 0.0 0.03289878575771214 0.0 0.0 0.0 0.02813357352368735 0.0 0.006629469153160147 0.0 0.0 0.22577253424005192 6.087389103566076e-08 0.0 0.0 0.027003162581317755 0.0006742165930838412 0.0 0.0 0.025945123570069034 0.0557178510700553 0.0 0.0 0.014857226236652567 0.0025727294183240795 0.0 0.0 0.12192642697631224 8.308834555182157e-09 0.0 0.0 0.02215781710004715 0.0014481146497764196 0.0 0.0 0.04805647566520539 0.036822615988415734 0.0 0.0 0.013167767913328798
0.0 0.002380973078773828 0.0 0.0 0.0 0.003354486211181067 0.0 0.0 0.0 2.158550039875259e-08 0.0 0.0 0.0 0.007123561976957523 0.0 0.0 0.0 0.0 0.03661580841570228 0.0 0.0 0.0 0.06035656611730767 0.0 0.0 0.0 0.0333068019369035 0.0 0.0 0.0 0.14778667472274634 0.0 0.00015307053347533414 0.0 0.0 0.005305285347137031 1.0658902495869283e-09 0.0 0.0 0.05140116471111465 6.058268606884091e-09 0.0 0.0 0.009344622830339308 0.03203659894235486 0.0 0.0 0.00983506134763079 0.0007702349068519361 0.0 0.0 0.02994410927022378 4.89886107477973e-08 0.0 0.0 0.11039617756238813 5.091515511709581e-08 0.0 0.0 0.0701027190020793 0.0626167186067354 0.0 0.0 0.07886405138831383 0.0 2.1933929066575696e-07 0.0 0.0 0.0 4.180049881112785e-08 0.0 0.0 0.0 6.243418265174037e-12 0.0 0.0 0.0 7.061312566197013e-08 0.0 0.0 0.0 0.0 0.010085186534492419 0.0 0.0 0.0 0.0012414852057438342 0.0 0.0 0.0 0.0887192228639514 0.0 0.0 0.0 0.03032851491930993 0.0 2.6954756415581602e-08 0.0 0.0 0.000446111549212629 1.1549384090324002e-13 0.0 0.0 0.004497556547905069 0.011350325587934355 0.0 0.0 0.07735872757741875 0.026485703907111833 0.0 0.0 0.008364022593348019 0.0009272040457112292 0.0 0.0 0.06371073312870079 7.294002552881348e-13 0.0 0.0 0.031845657221089486 0.011129681137417372 0.0 0.0 0.2248741913639377 0.03661519802171161 0.0 0.0 0.0109607122736392 0.0 0.04168848311538973 0.0 0.0 0.0 0.0038939907613702975 0.0 0.0 0.0 1.868516485555358e-07 0.0 0.0 0.0 0.01664741983896917 0.0 0.0 0.0 0.0 7.301848935369532e-08 0.0 0.0 0.0 1.2351086187732294e-06 0.0 0.0 0.0 5.873673227540713e-07 0.0 0.0 0.0 5.346417440120839e-07 0.0 0.0005139282797436287 0.0 0.0 0.006175309301280445 3.0164962203979484e-08 0.0 0.0 0.030430297857091518 0.005397248824549029 0.0 0.0 0.08407295012106827 0.02474413323986738 0.0 0.0 0.00825599740835648 0.006963774039938322 0.0 0.0 0.17016687690165103 1.36515328131414e-07 0.0 0.0 0.07842853192087533 0.03180935229957894 0.0 0.0 0.32973656384881744 0.19748151501738442 0.0 0.0 0.09113306683841732 0.0 0.22678673592105195 0.0 0.0 0.0 0.12312589075044743 0.0 0.0 0.0 2.221692782520526e-06 0.0 0.0 0.0 0.1876736687499089 0.0 0.0 0.0 0.0 0.055916416115948525 0.0 0.0 0.0 0.06690318828613229 0.0 0.0 0.0 0.037563283028741304 0.0 0.0 0.0 0.04922425451506241 0.0 0.0005852898877794693 0.0 0.0 0.017844910561898134 7.26583684525336e-08 0.0 0.0 0.028837240132039314 0.0007049470796386023 0.0 0.0 0.023872049605807574 0.11014324135890964 0.0 0.0 0.045352227513480614 0.00110727260276456 0.0 0.0 0.03602204189529609 4.236515387771259e-08 0.0 0.0 0.044226751240433224 0.001838468664835728 0.0 0.0 0.08635799303252259 0.07256406969536129 0.0 0.0 0.023644168256344144
0.0 0.007337146189110544 0.0 0.0 0.0 0.004171042739103133 0.0 0.0 0.0 6.58043854099701e-09 0.0 0.0 0.0 0.0032527791005316237 0.0 0.0 0.0 0.0 0.04288959910858491 0.0 0.0 0.0 0.028705355479713878 0.0 0.0 0.0 0.033699713439678855 0.0 0.0 0.0 0.04166261124017365 0.0 0.001168081391456397 0.0 0.0 0.02883286395135022 1.7683703668711226e-08 0.0 0.0 0.012313507197416827 5.9103197750926263e-05 0.0 0.0 0.038753305040284444 0.023595941417345122 0.0 0.0 0.004239125470009181 0.003837058980944986 0.0 0.0 0.1297595636795309 1.0743241066952632e-07 0.0 0.0 0.10754162182549322 0.00040574661862884066 0.0 0.0 0.01872111653792323 0.0872792196207827 0.0 0.0 0.023248305980567426 0.0 1.0911696939173454e-07 0.0 0.0 0.0 2.3385414498796037e-07 0.0 0.0 0.0 4.21138145448858e-12 0.0 0.0 0.0 9.032126906072046e-08 0.0 0.0 0.0 0.0 0.0046780772250142825 0.0 0.0 0.0 0.053722275277932184 0.0 0.0 0.0 0.016536308504600472 0.0 0.0 0.0 0.02649705826263972 0.0 0.001138442243380553 0.0 0.0 0.024688385439470707 5.938149981400426e-09 0.0 0.0 0.02803082407400349 0.004520677015859306 0.0 0.0 0.05293621393101336 0.039075654420406405 0.0 0.0 0.010607958751829738 0.0009204523700702805 0.0 0.0 0.02966719454823135 1.8069208460824266e-07 0.0 0.0 0.16261712393623096 0.004348307585864872 0.0 0.0 0.19657546720256505 0.06156272354044057 0.0 0.0 0.0149881670612559 0.0 0.009423345917600044 0.0 0.0 0.0 0.005401992028669998 0.0 0.0 0.0 2.2620107767879533e-07 0.0 0.0 0.0 0.012564908987918504 0.0 0.0 0.0 0.0 4.2360388297263905e-08 0.0 0.0 0.0 5.229885920049053e-08 0.0 0.0 0.0 8.336183084996174e-07 0.0 0.0 0.0 6.017019072201773e-08 0.0 1.2814132760444268e-09 0.0 0.0 2.795147055126184e-08 3.680898954560799e-08 0.0 0.0 0.028943038689438226 0.00010292063292474488 0.0 0.0 0.01809625201107817 0.0017036343729951657 0.0 0.0 0.004858700438842295 0.003981091951049861 0.0 0.0 0.07823448195278279 4.800410932652747e-08 0.0 0.0 0.08784015405620682 0.01795370315731326 0.0 0.0 0.3304020300381169 0.09922609867098099 0.0 0.0 0.06492458018848196 0.0 0.13019667804447133 0.0 0.0 0.0 0.0883226936838438 0.0 0.0 0.0 7.556620191181428e-07 0.0 0.0 0.0 0.20035501949220552 0.0 0.0 0.0 0.0 0.06139422665532929 0.0 0.0 0.0 0.07123377373110394 0.0 0.0 0.0 0.0034677566245641445 0.0 0.0 0.0 0.07427574721787909 0.0 0.0028683631353195603 0.0 0.0 0.053014033168455654 2.1352702612097556e-13 0.0 0.0 0.0009026469037576673 1.0311003613167735e-19 0.0 0.0 1.6683130249211952e-13 0.044460583558223604 0.0 0.0 0.019407971749581338 0.000847483255548926 0.0 0.0 0.02659618998498976 3.673657767278205e-08 0.0 0.0 0.022818831773913063 1.4926924275670854e-08 0.0 0.0 0.027077803257893912 0.06406666918927709 0.0 0.0 0.02508263539478929
0.0 0.0015123722133187684 0.0 0.0 0.0 0.0017132425700666517 0.0 0.0 0.0 5.1065757739122744e-08 0.0 0.0 0.0 0.0008919977958441169 0.0 0.0 0.0 0.0 0.02956388194566073 0.0 0.0 0.0 0.10613362863984932 0.0 0.0 0.0 0.051434165293671404 0.0 0.0 0.0 0.0028312170286429205 0.0 1.1353247925636574e-14 0.0 0.0 2.5548828385712874e-08 7.0168787696212e-10 0.0 0.0 0.00321267531606572 0.001455370269104533 0.0 0.0 0.03437977581599479 0.0012277920344497591 0.0 0.0 0.0001689960111237338 9.155625385214147e-09 0.0 0.0 0.02903342256610013 9.489512296797575e-09 0.0 0.0 0.06926957757145238 0.0046055858882534835 0.0 0.0 0.11850904167062469 0.04538116333201339 0.0 0.0 0.009608545227470837 0.0 1.7403943317449442e-07 0.0 0.0 0.0 1.1822502299011557e-08 0.0 0.0 0.0 1.104099965823396e-11 0.0 0.0 0.0 2.5548839738960795e-08 0.0 0.0 0.0 0.0 0.0029317975694617073 0.0 0.0 0.0 0.020775553248574958 0.0 0.0 0.0 0.04471377345474728 0.0 0.0 0.0 0.023221784001908538 0.0 1.2272288025924566e-08 0.0 0.0 0.025833389846352483 1.6346347765732393e-14 0.0 0.0 0.0006366971235594486 0.004152428420732771 0.0 0.0 0.09860314889817813 0.0005342106735086596 0.0 0.0 0.00011898025508149757 0.0009404791164218855 0.0 0.0 0.06045871430035985 1.979089509206261e-13 0.0 0.0 0.008642593519921419 0.025417941645348382 0.0 0.0 0.5484292447244894 0.02902967127215207 0.0 0.0 0.0072050396780542455 0.0 0.008579348147823072 0.0 0.0 0.0 0.027469177277973347 0.0 0.0 0.0 1.5619833006600127e-07 0.0 0.0 0.0 0.007060831588081179 0.0 0.0 0.0 0.0 1.1971727954790157e-12 0.0 0.0 0.0 1.1827802088786898e-07 0.0 0.0 0.0 4.6666663701610975e-08 0.0 0.0 0.0 4.23286941252886e-08 0.0 6.821068867449174e-05 0.0 0.0 0.0037662647369385927 4.481998293218536e-09 0.0 0.0 0.018177111260624122 0.0013627115618643152 0.0 0.0 0.047759716597493965 0.01802691151963429 0.0 0.0 0.005603049697874554 0.0012060333029595565 0.0 0.0 0.07654471026672424 1.7952560590314132e-07 0.0 0.0 0.555450523471225 0.007454752340342112 0.0 0.0 0.2139163180682572 0.14543444364176222 0.0 0.0 0.034258711227360274 0.0 0.17987099850724939 0.0 0.0 0.0 0.06246047660415021 0.0 0.0 0.0 0.0 0.0 0.0 0.0 0.02460188901671894 0.0 0.0 0.0 0.0 0.007948956180946537 0.0 0.0 0.0 0.002969567323272215 0.0 0.0 0.0 0.0 0.0 0.0 0.0 0.023474734512027896 0.0 0.0011878354589683418 0.0 0.0 0.0482143980051184 4.1763112452171e-09 0.0 0.0 0.002831162139046146 0.0 0.0 0.0 0.0 0.002056538820649358 0.0 0.0 0.00043745403850358253 0.0007150836500382354 0.0 0.0 0.0325564296306305 1.3046486341489683e-08 0.0 0.0 0.021903343855050973 0.0 0.0 0.0 0.0 0.006010324585055009 0.0 0.0 0.0035287704565899773
0.0 0.013086370261555933 0.0 0.0 0.0 0.0 0.0 0.0 0.0 1.1273643276847794e-07 0.0 0.0 0.0 0.008597432758129913 0.0 0.0 0.0 0.0 0.0189743840558552 0.0 0.0 0.0 0.0 0.0 0.0 0.0 0.16131408944776687 0.0 0.0 0.0 0.10533234814066336 0.0 0.0016438695761980923 0.0 0.0 0.039507181839854584 0.0 0.0 0.0 0.0 0.00048763926276343324 0.0 0.0 0.03554963287659316 0.006728351000660853 0.0 0.0 0.00463349256753456 0.0032496973729538247 0.0 0.0 0.1659175132132617 0.0 0.0 0.0 0.0 0.005921405446958469 0.0 0.0 0.23300934960490818 0.17303664045407263 0.0 0.0 0.0894781611904257 0.0 1.6285179227558817e-07 0.0 0.0 0.0 0.0 0.0 0.0 0.0 3.3423240977436752e-12 0.0 0.0 0.0 2.326783439360736e-08 0.0 0.0 0.0 0.0 0.030495891614091525 0.0 0.0 0.0 0.0 0.0 0.0 0.0 0.033865319434928674 0.0 0.0 0.0 0.05832346617661788 0.0 9.977216111957872e-05 0.0 0.0 0.0014253048210877439 0.0 0.0 0.0 0.0 0.00022016241986995197 0.0 0.0 0.0045164869388540415 0.00240477319663694 0.0 0.0 0.020081084013234766 0.004639093518869211 0.0 0.0 0.06029138156091143 0.0 0.0 0.0 0.0 0.0007963389195146856 0.0 0.0 0.2029807086031697 0.010228933058433169 0.0 0.0 0.0059133268151145965 0.0 0.027078595710425802 0.0 0.0 0.0 0.013043996527631815 0.0 0.0 0.0 5.671924377075308e-07 0.0 0.0 0.0 0.014935807309171316 0.0 0.0 0.0 0.0 7.954922698085835e-08 0.0 0.0 0.0 2.1813237047718187e-06 0.0 0.0 0.0 3.1200330089069847e-06 0.0 0.0 0.0 1.6059813177721608e-06 0.0 0.0006481808205028176 0.0 0.0 0.0498157695059234 6.743854625530026e-08 0.0 0.0 0.025903105130677787 0.0015926399919677274 0.0 0.0 0.08404568560004604 0.0008315664929421067 0.0 0.0 0.06558139199086835 0.004863946257421561 0.0 0.0 0.15997244447617878 1.1515100343086136e-07 0.0 0.0 0.25190535401205116 0.04049240852501018 0.0 0.0 0.8433816439362468 0.1984247521837029 0.0 0.0 0.10803130215348453 0.0 0.2454556928205114 0.0 0.0 0.0 0.11243368998492553 0.0 0.0 0.0 6.306955045631716e-06 0.0 0.0 0.0 0.20281236646271097 0.0 0.0 0.0 0.0 0.03907981190443097 0.0 0.0 0.0 0.028747437663115133 0.0 0.0 0.0 0.03323587805577005 0.0 0.0 0.0 0.13700403209910314 0.0 0.005956216365256387 0.0 0.0 0.13771932044503907 1.614119612906708e-08 0.0 0.0 0.014403539430461172 0.0015714597567403634 0.0 0.0 0.05128756498166705 0.0689629601907723 0.0 0.0 0.02640814376836049 0.0005831396837971439 0.0 0.0 0.05596385142032374 5.0370780002475716e-08 0.0 0.0 0.03831847946526552 0.003976912416841817 0.0 0.0 0.15230089415361447 0.07309410649097199 0.0 0.0 0.024952226891375762
0.0 0.024810520277518396 0.0 0.0 0.0 0.009200357366029952 0.0 0.0 0.0 5.872329678984388e-08 0.0 0.0 0.0 0.005717208173093607 0.0 0.0 0.0 0.0 0.0878037044757418 0.0 0.0 0.0 0.07768926622340266 0.0 0.0 0.0 0.02966640105009285 0.0 0.0 0.0 0.0757270214836412 0.0 0.006304996533726303 0.0 0.0 0.108751873296784 3.527632971081291e-08 0.0 0.0 0.01852641306058343 3.0023487831432715e-07 0.0 0.0 0.024412156308167912 0.009532822351239445 0.0 0.0 0.00397057320770977 0.02018205336351198 0.0 0.0 0.38169901926000915 3.3170078062773385e-07 0.0 0.0 0.18514613508393135 0.019966113570335352 0.0 0.0 0.2165175088242866 0.1641195638873552 0.0 0.0 0.07992243939319478 0.0 4.790837268559873e-07 0.0 0.0 0.0 5.774788776121037e-08 0.0 0.0 0.0 2.2941433796515154e-12 0.0 0.0 0.0 2.720571558733835e-07 0.0 0.0 0.0 0.0 0.04182538466178266 0.0 0.0 0.0 0.0016664447632925258 0.0 0.0 0.0 0.015417633438385972 0.0 0.0 0.0 0.07962029708526287 0.0 0.00010527862554915718 0.0 0.0 0.005848000610471618 9.7283833832704e-09 0.0 0.0 0.003359374477496466 6.288684028954088e-08 0.0 0.0 0.06906567857998328 0.029567315043457377 0.0 0.0 0.012013921318015937 0.002535138468632871 0.0 0.0 0.14339407769054197 1.1210278652941961e-07 0.0 0.0 0.043401090965329604 0.0031590198814842522 0.0 0.0 0.15449305413689354 0.10884244424935575 0.0 0.0 0.06051828895780998 0.0 0.03768646883873108 0.0 0.0 0.0 0.01198806299595845 0.0 0.0 0.0 3.3113757880419377e-07 0.0 0.0 0.0 0.014334932080539287 0.0 0.0 0.0 0.0 1.3292314187436962e-06 0.0 0.0 0.0 1.0854535442358414e-06 0.0 0.0 0.0 2.1710381117946806e-07 0.0 0.0 0.0 1.6384422231255826e-07 0.0 0.0007287146898060515 0.0 0.0 0.04662885139854045 7.667020180483726e-09 0.0 0.0 0.0052920412365677705 0.002664397106863644 0.0 0.0 0.07143492896894886 0.008246538330343403 0.0 0.0 0.0012130311133651068 0.007880699699526365 0.0 0.0 0.29449065442338773 1.1522147956341533e-07 0.0 0.0 0.22485413635131124 0.022855039387211677 0.0 0.0 0.3873159841473488 0.12699355047479477 0.0 0.0 0.04292014329744031 0.0 0.20838892503290216 0.0 0.0 0.0 0.1202068184753195 0.0 0.0 0.0 2.3494760062912473e-06 0.0 0.0 0.0 0.2007637910446788 0.0 0.0 0.0 0.0 0.04186875190047572 0.0 0.0 0.0 0.040602888341089695 0.0 0.0 0.0 0.0816648242478384 0.0 0.0 0.0 0.056679738866063784 0.0 0.0008095039701103095 0.0 0.0 0.051068045254211596 1.840307336176662e-07 0.0 0.0 0.039049983300462075 0.006534614188699452 0.0 0.0 0.07759098300282222 0.015973745211126156 0.0 0.0 0.021000162321024748 0.001181759189075703 0.0 0.0 0.035672643149458574 7.576643483156724e-08 0.0 0.0 0.04227549901184176 0.004533624798317923 0.0 0.0 0.0718090532121972 0.06608590448123465 0.0 0.0 0.02691337635728221
0.0 0.006923654635274841 0.0 0.0 0.0 0.0036515960672420297 0.0 0.0 0.0 3.602234934322287e-08 0.0 0.0 0.0 0.0036033751111192646 0.0 0.0 0.0 0.0 0.029790472533552093 0.0 0.0 0.0 0.012928309535196227 0.0 0.0 0.0 0.012262932653521878 0.0 0.0 0.0 0.13904512583452175 0.0 0.0004831594223201655 0.0 0.0 0.021756877324828627 9.756806769359483e-08 0.0 0.0 0.022239614027910512 0.0005081458589235683 0.0 0.0 0.0065473984413615075 0.00738706486218696 0.0 0.0 0.0014992657331556116 0.0048381418400449475 0.0 0.0 0.1397212164520132 1.6101172480283468e-07 0.0 0.0 0.08328833511467908 0.004954269383758025 0.0 0.0 0.09783533096490604 0.10615737205612642 0.0 0.0 0.027226727494137418 0.0 2.5242403844776053e-07 0.0 0.0 0.0 9.586148384625405e-08 0.0 0.0 0.0 3.3029789097384986e-12 0.0 0.0 0.0 4.332554790750494e-07 0.0 0.0 0.0 0.0 0.0004623480305107054 0.0 0.0 0.0 0.050522162800320354 0.0 0.0 0.0 0.05593729941576411 0.0 0.0 0.0 0.1597834760459499 0.0 0.0002384459666280605 0.0 0.0 0.005012480039181369 2.6749577728196665e-08 0.0 0.0 0.04611359538838032 0.0019742266146765075 0.0 0.0 0.027952583822124618 0.05711713437121477 0.0 0.0 0.017074343267108782 0.003437058027601234 0.0 0.0 0.07225482439525374 7.203261206994362e-08 0.0 0.0 0.0661748649340528 0.011278770439346634 0.0 0.0 0.18777605079603257 0.15712952811004757 0.0 0.0 0.056624833807874406 0.0 0.01056085393323495 0.0 0.0 0.0 0.002780322759225492 0.0 0.0 0.0 1.0300501580574312e-07 0.0 0.0 0.0 0.010665705649712214 0.0 0.0 0.0 0.0 9.871491056073006e-09 0.0 0.0 0.0 8.785367667694631e-13 0.0 0.0 0.0 2.520931888647679e-07 0.0 0.0 0.0 9.20631152810779e-08 0.0 3.2062832571980446e-05 0.0 0.0 0.007855792065631546 4.1380776357208843e-13 0.0 0.0 0.026501510447452484 5.384482400882508e-08 0.0 0.0 0.03630247678355697 0.026685214490844676 0.0 0.0 0.003949337039484035 0.0016819841322015436 0.0 0.0 0.10197741048968925 5.21148928997142e-13 0.0 0.0 0.052123575674722075 0.005291514888561988 0.0 0.0 0.1212164171512795 0.15527918348525416 0.0 0.0 0.04763669392123032 0.0 0.17654207956424373 0.0 0.0 0.0 0.28156218362160274 0.0 0.0 0.0 2.1499800561080985e-07 0.0 0.0 0.0 0.2930139548812529 0.0 0.0 0.0 0.0 0.030168792803200797 0.0 0.0 0.0 0.08946708379303928 0.0 0.0 0.0 0.033125963342304644 0.0 0.0 0.0 0.15452162895901875 0.0 0.0024943577245187553 0.0 0.0 0.08543331891218976 3.412245776502888e-07 0.0 0.0 0.15382096046355187 7.644683987506627e-14 0.0 0.0 1.1966630111675639e-07 0.1616108985840723 0.0 0.0 0.04999032632731782 0.0009734518900987889 0.0 0.0 0.03000963463860238 9.349016791300892e-08 0.0 0.0 0.08568990403116215 4.317021282541278e-09 0.0 0.0 0.0075764021178976616 0.07975203710535822 0.0 0.0 0.03446253853350878
0.0 0.010959562111228775 0.0 0.0 0.0 0.0015585285834103482 0.0 0.0 0.0 4.922339333388607e-08 0.0 0.0 0.0 0.004852455633323056 0.0 0.0 0.0 0.0 0.0426364822059176 0.0 0.0 0.0 0.08418329113913373 0.0 0.0 0.0 0.05709929422713931 0.0 0.0 0.0 0.03172568522628128 0.0 0.002413419277306214 0.0 0.0 0.0611355695542891 3.9734051980339476e-09 0.0 0.0 0.0018298779178671282 0.002303691578917355 0.0 0.0 0.03509037732083008 0.0158462281206161 0.0 0.0 0.0035101217207967727 0.009830249146869762 0.0 0.0 0.20476908978797181 9.482429689936938e-08 0.0 0.0 0.06322109996351544 0.006902688172207878 0.0 0.0 0.13987253372011807 0.11832873876225479 0.0 0.0 0.03684682549900825 0.0 2.820775492969341e-07 0.0 0.0 0.0 1.3252479390120718e-07 0.0 0.0 0.0 1.9137113669912707e-12 0.0 0.0 0.0 8.811929590824817e-08 0.0 0.0 0.0 0.0 0.06274550058954365 0.0 0.0 0.0 0.005951765453921719 0.0 0.0 0.0 0.027979460070861925 0.0 0.0 0.0 0.026442673672287496 0.0 6.551269430784423e-05 0.0 0.0 0.004330946193874335 4.8519686943467215e-14 0.0 0.0 0.002028094388559438 0.001755205393331511 0.0 0.0 0.07779851860928448 0.026260629535926467 0.0 0.0 0.003711718059444789 0.0015777662332224942 0.0 0.0 0.08207288861313114 3.6038233462118795e-08 0.0 0.0 0.08249570943542021 0.006777488865150298 0.0 0.0 0.12695796130206405 0.07640007808889622 0.0 0.0 0.017977708925777866 0.0 0.019429674048318753 0.0 0.0 0.0 0.007790214390507637 0.0 0.0 0.0 1.350512200080756e-07 0.0 0.0 0.0 0.00755875739584792 0.0 0.0 0.0 0.0 3.055278610179303e-07 0.0 0.0 0.0 1.4340972123239763e-06 0.0 0.0 0.0 2.0138512329217962e-08 0.0 0.0 0.0 7.508431021236642e-07 0.0 0.0001452325839444862 0.0 0.0 0.008303781597571584 7.183708012593286e-09 0.0 0.0 0.0033527709707629927 0.004442186503671499 0.0 0.0 0.07441619066101311 1.1738388468029163e-06 0.0 0.0 0.023615738780710816 0.002548276944512355 0.0 0.0 0.18068278426007203 1.0931195991608556e-07 0.0 0.0 0.13964836044747783 0.00955457501589097 0.0 0.0 0.15285552687229814 0.10608558506815942 0.0 0.0 0.0436894697552874 0.0 0.18525523456137505 0.0 0.0 0.0 0.1137705242879029 0.0 0.0 0.0 2.326330231153557e-06 0.0 0.0 0.0 0.05979444335939888 0.0 0.0 0.0 0.0 0.016747001140705677 0.0 0.0 0.0 0.02581413418450962 0.0 0.0 0.0 0.02929014424981497 0.0 0.0 0.0 0.0052517999728036325 0.0 9.516852994008648e-05 0.0 0.0 0.00409983620410196 1.6674942129299224e-07 0.0 0.0 0.05669617766331672 0.0015751102920911197 0.0 0.0 0.014689480160122705 1.8092184076992972e-07 0.0 0.0 0.0009473592539724064 0.0006949701412522696 0.0 0.0 0.03437642366523091 8.46424795168763e-08 0.0 0.0 0.044987546714975936 0.0030140309125580417 0.0 0.0 0.04190464589615926 0.01589963226718077 0.0 0.0 0.008582322065780763
0.0 0.00207320957732502 0.0 0.0 0.0 0.00399402066579335 0.0 0.0 0.0 0.0 0.0 0.0 0.0 0.007543730249562426 0.0 0.0 0.0 0.0 4.25477619514136e-08 0.0 0.0 0.0 0.09869498534019709 0.0 0.0 0.0 0.0 0.0 0.0 0.0 0.40219024365552847 0.0 1.3323447076502197e-05 0.0 0.0 0.0004719805693467006 2.4574246517584794e-10 0.0 0.0 0.0002211387094331981 0.0 0.0 0.0 0.0 0.012433853551040786 0.0 0.0 0.0018402537336042143 0.0006869477317851446 0.0 0.0 0.02728335097887371 2.646554663991831e-07 0.0 0.0 0.14132042920071974 0.0 0.0 0.0 0.0 0.31909756402677386 0.0 0.0 0.08117343579205424 0.0 2.307503222208821e-07 0.0 0.0 0.0 1.4955797699205702e-07 0.0 0.0 0.0 5.913674943190261e-13 0.0 0.0 0.0 1.2211445205836584e-07 0.0 0.0 0.0 0.0 0.0011856195327423621 0.0 0.0 0.0 0.0008437701419347579 0.0 0.0 0.0 0.0005325755079188463 0.0 0.0 0.0 0.09402442220257771 0.0 0.0009135670525940888 0.0 0.0 0.012168990961829844 2.4707447060588612e-08 0.0 0.0 0.010848814094376364 0.0009923157261368463 0.0 0.0 0.009974024484333079 0.06110921229261348 0.0 0.0 0.011113756970507547 0.0027011684221700887 0.0 0.0 0.0746169878368485 1.2690133531265085e-07 0.0 0.0 0.07989367915343663 0.0015510532027673287 0.0 0.0 0.017478885930421555 0.13854551028223466 0.0 0.0 0.031024379511473864 0.0 0.0 0.0 0.0 0.0 0.0018601045689354545 0.0 0.0 0.0 0.0 0.0 0.0 0.0 0.0049766420672042525 0.0 0.0 0.0 0.0 0.0 0.0 0.0 0.0 2.6025930281409034e-07 0.0 0.0 0.0 0.0 0.0 0.0 0.0 6.374008657979585e-07 0.0 0.0 0.0 0.0 0.0 2.293910059265316e-14 0.0 0.0 2.3461666816485777e-08 0.0 0.0 0.0 0.0 0.0010066081042271599 0.0 0.0 0.0005312706061560235 0.0 0.0 0.0 0.0 2.500086934712542e-08 0.0 0.0 0.028668441561371657 0.0 0.0 0.0 0.0 0.03409496533821055 0.0 0.0 0.02044758618767427 0.0 0.5209193335313457 0.0 0.0 0.0 0.09073211259246788 0.0 0.0 0.0 8.976595772445546e-07 0.0 0.0 0.0 0.007777045037279067 0.0 0.0 0.0 0.0 0.01410320429216988 0.0 0.0 0.0 0.007581690548403653 0.0 0.0 0.0 0.0010053266641540928 0.0 0.0 0.0 0.0004550531883747876 0.0 0.00773906034828647 0.0 0.0 0.3631900966491422 3.5963217663227687e-08 0.0 0.0 0.0427724649964018 0.002973402044434141 0.0 0.0 0.038330391987467634 0.03552182206184796 0.0 0.0 0.013516834418492305 0.0017716015988933562 0.0 0.0 0.09972891370174063 2.4949241451747176e-08 0.0 0.0 0.042086800063281735 0.0013199756628013903 0.0 0.0 0.017427715685903556 0.002674679093449377 0.0 0.0 0.0011122759048945794
0.0 0.003752473050665327 0.0 0.0 0.0 0.0021875011096822304 0.0 0.0 0.0 4.422505129218287e-08 0.0 0.0 0.0 0.002579058322892035 0.0 0.0 0.0 0.0 0.04372800718615347 0.0 0.0 0.0 0.08433105658206115 0.0 0.0 0.0 0.09435510276405776 0.0 0.0 0.0 0.08064189628082011 0.0 1.5281352932479714e-05 0.0 0.0 0.0006524698406284471 9.176354157022444e-08 0.0 0.0 0.037570582350605154 0.0002928908294622108 0.0 0.0 0.005771609955575344 0.05485855488156414 0.0 0.0 0.018843161377737064 0.0003532175794236741 0.0 0.0 0.07170881152120165 1.01301047071089e-07 0.0 0.0 0.056226057689570466 0.0053955150777472635 0.0 0.0 0.10455279307736497 0.13907968021568892 0.0 0.0 0.03457586538156171 0.0 2.3570537808466272e-07 0.0 0.0 0.0 2.5201771551386035e-07 0.0 0.0 0.0 3.6372069596724275e-12 0.0 0.0 0.0 2.6319462402599354e-07 0.0 0.0 0.0 0.0 0.021704921056890168 0.0 0.0 0.0 0.0023180653893324172 0.0 0.0 0.0 0.03425069425937121 0.0 0.0 0.0 0.0962604899765611 0.0 0.0011621096790151537 0.0 0.0 0.024336666145310094 5.049709993654345e-08 0.0 0.0 0.03969700912405101 7.143935864363717e-05 0.0 0.0 0.029775292894795493 0.0026637358363344687 0.0 0.0 0.003021837091736983 0.0012623598658812797 0.0 0.0 0.0717439680785303 1.1554845302896722e-07 0.0 0.0 0.04814220282160195 0.009896559672162986 0.0 0.0 0.16642653487339965 0.07780985944919379 0.0 0.0 0.06066433551355983 0.0 0.007597638718771855 0.0 0.0 0.0 0.006527973270657904 0.0 0.0 0.0 7.007446428126437e-08 0.0 0.0 0.0 0.005702535493244553 0.0 0.0 0.0 0.0 1.4689565993090415e-08 0.0 0.0 0.0 7.1701790546309e-08 0.0 0.0 0.0 7.833551166026084e-07 0.0 0.0 0.0 2.6017097274892762e-08 0.0 0.00043323910787386894 0.0 0.0 0.028561982168688126 2.14957170480957e-09 0.0 0.0 0.01674048076237975 0.0009244432720416351 0.0 0.0 0.026610985644589778 0.04403878750464888 0.0 0.0 0.009920356317235507 0.0028912560597432607 0.0 0.0 0.08072612978636194 2.7211614768606697e-07 0.0 0.0 0.1269940256632088 0.004586869406940661 0.0 0.0 0.08808710877785213 0.09128473714756258 0.0 0.0 0.029368948316718813 0.0 0.29170571533827727 0.0 0.0 0.0 0.14230909332503774 0.0 0.0 0.0 7.814609706577628e-07 0.0 0.0 0.0 0.05325618874661146 0.0 0.0 0.0 0.0 0.052571699419436776 0.0 0.0 0.0 0.006868653810078697 0.0 0.0 0.0 1.0893333494843402e-07 0.0 0.0 0.0 0.002097583594521656 0.0 0.0011981269670194525 0.0 0.0 0.07720197768131713 1.2851579489787982e-08 0.0 0.0 0.0489199525176792 1.960168747779601e-13 0.0 0.0 2.1425062496180037e-07 0.04196705969561746 0.0 0.0 0.009712651904966414 0.001203486096401716 0.0 0.0 0.05696003662156804 1.0469359435525723e-07 0.0 0.0 0.04232270386404066 2.4522802184679944e-08 0.0 0.0 0.030051435964822525 0.035569364140286844 0.0 0.0 0.007659977581752552
0.0 0.0 0.0 0.0 0.0 0.0 0.0 0.0 0.0 9.364498875845748e-08 0.0 0.0 0.0 0.0019713806127824936 0.0 0.0 0.0 0.0 0.0 0.0 0.0 0.0 0.0 0.0 0.0 0.0 0.12386866472113058 0.0 0.0 0.0 0.10829055899601396 0.0 0.0 0.0 0.0 0.0 0.0 0.0 0.0 0.0 0.00027757443705345023 0.0 0.0 0.014529162123473414 0.0013879196372481794 0.0 0.0 0.008708871115599896 0.0 0.0 0.0 0.0 0.0 0.0 0.0 0.0 0.002814218786962178 0.0 0.0 0.1984482862710023 0.03454457537943117 0.0 0.0 0.015065694251229483 0.0 0.0 0.0 0.0 0.0 1.6038545755018737e-07 0.0 0.0 0.0 7.527243979139506e-12 0.0 0.0 0.0 2.3182193108525708e-07 0.0 0.0 0.0 0.0 0.0 0.0 0.0 0.0 0.008392140933377918 0.0 0.0 0.0 0.0689779974161539 0.0 0.0 0.0 0.05774281821389224 0.0 0.0 0.0 0.0 0.0 3.3912397758252245e-08 0.0 0.0 0.013687392490267167 0.0020837163028702135 0.0 0.0 0.017145188367804307 0.02725024533896053 0.0 0.0 0.013448013596520331 0.0 0.0 0.0 0.0 1.2408314051572794e-07 0.0 0.0 0.10539689818958804 0.01613207832025495 0.0 0.0 0.19310676957192363 0.03988438502604244 0.0 0.0 0.031643305994958515 0.0 0.015966189535019847 0.0 0.0 0.0 0.007175344646589992 0.0 0.0 0.0 2.3756690031175355e-07 0.0 0.0 0.0 0.03334623806732376 0.0 0.0 0.0 0.0 8.283507218636505e-07 0.0 0.0 0.0 5.2999039302884086e-08 0.0 0.0 0.0 3.373115954773604e-08 0.0 0.0 0.0 4.199030368727167e-06 0.0 0.00022956653545745458 0.0 0.0 0.01472745331989922 5.73651615662462e-19 0.0 0.0 1.0843464707320723e-08 0.005169781648112843 0.0 0.0 0.1289956923796483 0.0741044190844331 0.0 0.0 0.030377511638536372 0.0012951193595137417 0.0 0.0 0.13774984289169315 8.30275553331012e-08 0.0 0.0 0.12030125847757965 0.011952852994603767 0.0 0.0 0.1938194016641859 0.29960862977850267 0.0 0.0 0.19994275237198006 0.0 0.2161930341821247 0.0 0.0 0.0 0.1545993017623777 0.0 0.0 0.0 4.7211090582555905e-06 0.0 0.0 0.0 0.33819769661088345 0.0 0.0 0.0 0.0 0.024902698962653073 0.0 0.0 0.0 0.06522240597218003 0.0 0.0 0.0 0.05302682966164246 0.0 0.0 0.0 0.2303636125164452 0.0 5.9568566995228434e-05 0.0 0.0 0.060906361088983195 1.4440722637223297e-07 0.0 0.0 0.11818315301866886 0.006478667421269094 0.0 0.0 0.05769246796851548 0.10653830979369742 0.0 0.0 0.046542516491364455 0.00038721979580482737 0.0 0.0 0.037489117388049525 2.9831312903462095e-08 0.0 0.0 0.044425214990920836 0.008100418014188919 0.0 0.0 0.1296503958137836 0.12567626962612852 0.0 0.0 0.045018844921083066
0.0 0.0034100605298691368 0.0 0.0 0.0 0.0021202627776955416 0.0 0.0 0.0 4.126986689776985e-08 0.0 0.0 0.0 0.003588864640315996 0.0 0.0 0.0 0.0 0.030227657286324566 0.0 0.0 0.0 0.02197181076779029 0.0 0.0 0.0 0.04622700658754511 0.0 0.0 0.0 0.02915199109592426 0.0 0.00022715742056593578 0.0 0.0 0.0062306694601373305 3.6441126068206904e-13 0.0 0.0 0.013287651642112907 0.005954621552459402 0.0 0.0 0.0845671046635416 0.02656384565680027 0.0 0.0 0.007868637664083128 0.0006165843195664513 0.0 0.0 0.052820771222545936 5.5963703672467926e-08 0.0 0.0 0.056153119087342496 0.002800216880245922 0.0 0.0 0.10987207635036601 0.07790027401265531 0.0 0.0 0.04199218740823969 0.0 1.0661712583043355e-07 0.0 0.0 0.0 2.2126819280344312e-07 0.0 0.0 0.0 3.961483582382235e-12 0.0 0.0 0.0 1.1546026282213662e-07 0.0 0.0 0.0 0.0 0.07918431472505143 0.0 0.0 0.0 0.04418784926216517 0.0 0.0 0.0 0.0612331371350747 0.0 0.0 0.0 0.042318263983701296 0.0 1.2055122069399943e-05 0.0 0.0 0.005591324808370192 3.6229411726243984e-09 0.0 0.0 0.0124528088666717 0.0017698422224602403 0.0 0.0 0.061825941670332035 0.02470717136736712 0.0 0.0 0.006798216424689766 0.00014898582551571847 0.0 0.0 0.03977374655387994 9.996490636474022e-08 0.0 0.0 0.13042481749314144 0.010601707721578256 0.0 0.0 0.14516807196362125 0.06147145380516204 0.0 0.0 0.02059294602383253 0.0 0.019435915269397416 0.0 0.0 0.0 0.006518993293054133 0.0 0.0 0.0 1.5252101455250288e-07 0.0 0.0 0.0 0.013019079302730403 0.0 0.0 0.0 0.0 4.8847308688307344e-08 0.0 0.0 0.0 9.543415767325001e-09 0.0 0.0 0.0 1.1171513482419245e-07 0.0 0.0 0.0 6.920175779731216e-08 0.0 0.001565314207367526 0.0 0.0 0.03799483752467407 1.4409587435952576e-10 0.0 0.0 9.351825705116206e-05 0.002288288388039106 0.0 0.0 0.04806875745664543 0.028577272434249616 0.0 0.0 0.007289727572264949 0.004461109627245012 0.0 0.0 0.12360857500202592 1.3708322745794846e-07 0.0 0.0 0.08692024191816496 0.017015828536002017 0.0 0.0 0.21322556210019206 0.13582615669075046 0.0 0.0 0.06470876210227174 0.0 0.10473238332119184 0.0 0.0 0.0 0.2182840877670502 0.0 0.0 0.0 6.834717222095781e-08 0.0 0.0 0.0 0.13726860124765877 0.0 0.0 0.0 0.0 0.03528766720138033 0.0 0.0 0.0 0.0469976945315304 0.0 0.0 0.0 0.01841746054687542 0.0 0.0 0.0 0.05762515386748704 0.0 0.0016750312241751047 0.0 0.0 0.05621290664284013 3.0183821713459875e-08 0.0 0.0 0.020890190117480185 6.579593175614265e-09 0.0 0.0 0.01025000745444679 0.038342953507933195 0.0 0.0 0.00901621237187627 0.00041299147124242543 0.0 0.0 0.019922454030191987 1.163864822727346e-07 0.0 0.0 0.0879594819696727 1.4371347528661854e-09 0.0 0.0 0.002510089047780751 0.05276876566407013 0.0 0.0 0.016754647471005725
0.0 0.002892998768403937 0.0 0.0 0.0 0.0024745274312771904 0.0 0.0 0.0 3.5226512517214886e-08 0.0 0.0 0.0 0.0007931961758970915 0.0 0.0 0.0 0.0 0.0007403701080131259 0.0 0.0 0.0 0.03438060993764616 0.0 0.0 0.0 0.015775183325937695 0.0 0.0 0.0 0.01675117801009268 0.0 0.0008747425440785991 0.0 0.0 0.010237247910910012 1.3464373566466542e-09 0.0 0.0 0.00074033003597996 5.537090804410283e-09 0.0 0.0 0.003809060219519638 0.00924778362564237 0.0 0.0 0.003787228771345224 0.002246381955884008 0.0 0.0 0.04280439090356938 5.051710528932525e-08 0.0 0.0 0.08199674511327207 0.0036355654645664347 0.0 0.0 0.06647434851266144 0.022566223906885813 0.0 0.0 0.006650521700995856 0.0 4.486244678239761e-08 0.0 0.0 0.0 4.006379153571411e-07 0.0 0.0 0.0 3.509573567550714e-12 0.0 0.0 0.0 3.640589864917428e-07 0.0 0.0 0.0 0.0 0.011111945592541828 0.0 0.0 0.0 0.04702458163733863 0.0 0.0 0.0 0.0916939747721 0.0 0.0 0.0 0.09695390837772445 0.0 4.2826144395304974e-06 0.0 0.0 9.31679287907676e-05 1.7462208430706443e-07 0.0 0.0 0.06843794737372672 0.004267020445432337 0.0 0.0 0.04988148768036092 0.08261184609734767 0.0 0.0 0.022878019113300663 0.0007360426311268129 0.0 0.0 0.0179525824660838 2.902675526795076e-07 0.0 0.0 0.18351726641567737 0.007753984704831172 0.0 0.0 0.17528225944349052 0.1598403822180627 0.0 0.0 0.056288405470591094 0.0 0.011158860898522112 0.0 0.0 0.0 0.004470071173579749 0.0 0.0 0.0 1.296357220779375e-07 0.0 0.0 0.0 0.007127589004766104 0.0 0.0 0.0 0.0 2.1767580523968244e-08 0.0 0.0 0.0 2.2437133626564605e-08 0.0 0.0 0.0 3.3973579990228676e-08 0.0 0.0 0.0 8.668695526231508e-08 0.0 0.0003488430373559552 0.0 0.0 0.012014943474533213 5.927111734029844e-08 0.0 0.0 0.04538993487837668 0.0011476298285053891 0.0 0.0 0.03660531027795435 0.005411782459642157 0.0 0.0 0.00590678486440374 0.0017104367609581694 0.0 0.0 0.09435915844276808 4.709817342086237e-08 0.0 0.0 0.0697321295233372 0.007338275535312782 0.0 0.0 0.16419508341693195 0.08657969503125662 0.0 0.0 0.044464392430123637 0.0 0.05359543685231683 0.0 0.0 0.0 0.23983941113693263 0.0 0.0 0.0 0.0 0.0 0.0 0.0 0.18080511983117073 0.0 0.0 0.0 0.0 0.016844062522868485 0.0 0.0 0.0 0.14676873186336448 0.0 0.0 0.0 0.0 0.0 0.0 0.0 0.028126557233476186 0.0 3.460813518220355e-05 0.0 0.0 0.0403567655995289 1.1722732400230591e-07 0.0 0.0 0.0676891610231812 0.0 0.0 0.0 0.0 0.028593350424156148 0.0 0.0 0.010583908644037994 0.00020541992306545803 0.0 0.0 0.008555971348756151 6.921306380883837e-08 0.0 0.0 0.08386769925386497 0.0 0.0 0.0 0.0 0.061879420368496245 0.0 0.0 0.01889037054838723
0.0 0.013898929424750515 0.0 0.0 0.0 0.006899655183542769 0.0 0.0 0.0 9.467842311543134e-09 0.0 0.0 0.0 0.003216741164574406 0.0 0.0 0.0 0.0 0.03994086410794697 0.0 0.0 0.0 0.1360917704835832 0.0 0.0 0.0 0.029532028619017877 0.0 0.0 0.0 0.02103913278758391 0.0 0.0005101916747630636 0.0 0.0 0.009192110050911327 5.0857963072205267e-08 0.0 0.0 0.026981887350666738 0.00024374861728676536 0.0 0.0 0.003348639584588271 0.015874338716901994 0.0 0.0 0.00399689480706987 0.007026401000661109 0.0 0.0 0.21206817651374188 2.3073851570854333e-07 0.0 0.0 0.18332224635169714 0.00248394669941992 0.0 0.0 0.0350507952050386 0.10357518866975106 0.0 0.0 0.028945624337103043 0.0 1.958392202788478e-07 0.0 0.0 0.0 1.630628459629571e-07 0.0 0.0 0.0 2.529667109655898e-12 0.0 0.0 0.0 2.477899410519543e-07 0.0 0.0 0.0 0.0 0.003080192057649486 0.0 0.0 0.0 0.030410081879517815 0.0 0.0 0.0 0.026453742588294665 0.0 0.0 0.0 0.1029344342735148 0.0 0.00022906769089102035 0.0 0.0 0.006421155720592527 1.880823946231938e-09 0.0 0.0 0.004204573503528314 0.0034348682201218047 0.0 0.0 0.13930817919966182 0.038605292015239316 0.0 0.0 0.011530594077082285 0.002638206631530868 0.0 0.0 0.05829035025330952 5.2512899319605733e-08 0.0 0.0 0.10670346354677207 0.005132206091175483 0.0 0.0 0.1436372607675884 0.1568001126359511 0.0 0.0 0.04342516017424001 0.0 0.011912184102935326 0.0 0.0 0.0 0.004545443254634503 0.0 0.0 0.0 2.252549864181911e-07 0.0 0.0 0.0 0.007130651812507474 0.0 0.0 0.0 0.0 1.2547039746993323e-07 0.0 0.0 0.0 2.5132541300200805e-08 0.0 0.0 0.0 1.443205290538853e-07 0.0 0.0 0.0 4.093474968605331e-08 0.0 0.0012411007848681765 0.0 0.0 0.027261724581394708 1.4583640780796488e-10 0.0 0.0 0.0002697071982015622 0.002332093263367001 0.0 0.0 0.03504478541282609 0.015021251187724762 0.0 0.0 0.0019302523379763465 0.008222774852759384 0.0 0.0 0.12801001069062928 1.0013144713998235e-07 0.0 0.0 0.10117347642712968 0.008951335131615099 0.0 0.0 0.37762642577583877 0.09466689977098133 0.0 0.0 0.022569240342447908 0.0 0.20079248663122584 0.0 0.0 0.0 0.15143318929795355 0.0 0.0 0.0 1.0113285911322877e-07 0.0 0.0 0.0 0.13080310630779413 0.0 0.0 0.0 0.0 0.01712668002415717 0.0 0.0 0.0 0.03723185481229868 0.0 0.0 0.0 0.027114999384353453 0.0 0.0 0.0 0.04055043173503775 0.0 0.003158745796535493 0.0 0.0 0.09581677427338638 1.1733572224245096e-07 0.0 0.0 0.03965537251112994 0.0004673513104812481 0.0 0.0 0.003128812484849341 0.01595390444378463 0.0 0.0 0.011987359904382506 0.0009888468087008884 0.0 0.0 0.035412307431962796 5.309132912404131e-08 0.0 0.0 0.054316085724341344 0.0005429550915964028 0.0 0.0 0.004075364692457322 0.032122068350179604 0.0 0.0 0.0158902179349994
0.0 0.007505495969087268 0.0 0.0 0.0 0.0011802496984877587 0.0 0.0 0.0 1.9730340110504622e-07 0.0 0.0 0.0 0.0010407587538729935 0.0 0.0 0.0 0.0 0.08567037748399592 0.0 0.0 0.0 0.0007200171556675468 0.0 0.0 0.0 0.5205479555756763 0.0 0.0 0.0 0.0541070442731935 0.0 0.0009472826684628759 0.0 0.0 0.033036780569739216 3.843869043402185e-13 0.0 0.0 0.021638810438933846 0.0022445062900915873 0.0 0.0 0.09600273281263746 0.001275547752140259 0.0 0.0 0.0002841523872277333 0.0005301121573557801 0.0 0.0 0.13447804592197402 6.65500612674328e-13 0.0 0.0 0.04200294639851464 0.014868976930795445 0.0 0.0 0.48055003386251216 0.06044276486598742 0.0 0.0 0.013933779352885629 0.0 0.0 0.0 0.0 0.0 0.0 0.0 0.0 0.0 2.2924734855471165e-12 0.0 0.0 0.0 2.0538326991212698e-08 0.0 0.0 0.0 0.0 0.0 0.0 0.0 0.0 0.0 0.0 0.0 0.0 0.04682844221598598 0.0 0.0 0.0 0.031879998187353806 0.0 0.0 0.0 0.0 0.0 0.0 0.0 0.0 0.0 6.683221280649723e-09 0.0 0.0 0.004562463563304362 0.0071245868423045755 0.0 0.0 0.0016451662434767572 0.0 0.0 0.0 0.0 0.0 0.0 0.0 0.0 9.600612375218547e-08 0.0 0.0 0.14523506260703328 0.01977316226019664 0.0 0.0 0.005119089620994892 0.0 0.014376310688194158 0.0 0.0 0.0 0.002228603143445648 0.0 0.0 0.0 9.659439253134796e-07 0.0 0.0 0.0 0.05642241106643033 0.0 0.0 0.0 0.0 7.21618054808274e-08 0.0 0.0 0.0 4.227707687648655e-09 0.0 0.0 0.0 5.081501377696561e-06 0.0 0.0 0.0 1.0243453631629524e-06 0.0 0.0033975270320591605 0.0 0.0 0.15423780332374354 3.6147092135157537e-13 0.0 0.0 0.022282190549094024 0.0119833478118449 0.0 0.0 0.20879467099164994 0.16181759393512915 0.0 0.0 0.07850815275904537 0.0007504387480833637 0.0 0.0 0.1549479665093832 5.936951159421891e-13 0.0 0.0 0.041031225771451255 0.0436008607988132 0.0 0.0 1.0464555468054644 0.5566811597662276 0.0 0.0 0.32632608459557216 0.0 0.6398536406694497 0.0 0.0 0.0 0.07529958756140638 0.0 0.0 0.0 5.018986635135976e-06 0.0 0.0 0.0 0.2091159121821907 0.0 0.0 0.0 0.0 0.12275669107816581 0.0 0.0 0.0 0.01261220194893174 0.0 0.0 0.0 0.07363980710988753 0.0 0.0 0.0 0.06634015548961725 0.0 0.0030807157807175916 0.0 0.0 0.13767490467571275 1.245370066795044e-08 0.0 0.0 0.01440673577269472 0.00014882047186189404 0.0 0.0 0.005278793566675453 0.0051156330092440505 0.0 0.0 0.001029301621031705 0.0013177449178786282 0.0 0.0 0.14398868196053574 8.084913743193497e-09 0.0 0.0 0.028765501563660072 0.00018167584924340407 0.0 0.0 0.18291397878631158 0.08016371278109846 0.0 0.0 0.03148742707274053
0.0 0.007912348262281954 0.0 0.0 0.0 0.003932028881035133 0.0 0.0 0.0 9.30566742190132e-08 0.0 0.0 0.0 0.0018941936311270367 0.0 0.0 0.0 0.0 0.009378835858998789 0.0 0.0 0.0 0.03864254821298762 0.0 0.0 0.0 0.12703275799893063 0.0 0.0 0.0 0.04064841608394118 0.0 1.1813158735895017e-09 0.0 0.0 0.0013261240396789037 1.230286542751232e-09 0.0 0.0 0.004577512985500129 0.0017565518228162091 0.0 0.0 0.03621512234255587 0.0020675472321217657 0.0 0.0 0.0006316360320245614 0.001542658570430568 0.0 0.0 0.1341431204766164 8.073377496438854e-08 0.0 0.0 0.16887215170146708 0.011827020069450444 0.0 0.0 0.2552171021996756 0.0210700609424644 0.0 0.0 0.026269999111914542 0.0 3.1518073567430717e-07 0.0 0.0 0.0 2.734947553699833e-08 0.0 0.0 0.0 3.5967543248547543e-12 0.0 0.0 0.0 7.43882458321609e-08 0.0 0.0 0.0 0.0 0.00332467996646827 0.0 0.0 0.0 0.005102396782175475 0.0 0.0 0.0 0.005802675309884308 0.0 0.0 0.0 0.004600485161257323 0.0 9.847814117291203e-05 0.0 0.0 0.008677648505907057 3.109595779158356e-08 0.0 0.0 0.006997018407297479 0.0016334989568695779 0.0 0.0 0.03125573556743637 0.00845777867420867 0.0 0.0 0.0015940793444294726 0.0016859014529766957 0.0 0.0 0.10965544746419739 7.436730112032233e-08 0.0 0.0 0.018761069675657115 0.013001158740815914 0.0 0.0 0.1643312551664485 0.06223878714412037 0.0 0.0 0.015690648321331813 0.0 0.035186199604323384 0.0 0.0 0.0 0.008079382010769529 0.0 0.0 0.0 2.9134757918372545e-07 0.0 0.0 0.0 0.005442961882419967 0.0 0.0 0.0 0.0 1.1670625527840287e-07 0.0 0.0 0.0 6.317232009888488e-08 0.0 0.0 0.0 6.509571210388746e-07 0.0 0.0 0.0 6.676335447570069e-08 0.0 0.0007743375025451736 0.0 0.0 0.060325147867782036 3.3994063087784427e-09 0.0 0.0 0.002019119247479225 0.001019511608594272 0.0 0.0 0.06881873958143465 0.0008009953661695266 0.0 0.0 0.0005933637469106028 0.009449366262302895 0.0 0.0 0.26459224419116517 1.825633691470735e-07 0.0 0.0 0.14420433799597815 0.018113000542597322 0.0 0.0 0.4983995418420989 0.10907117930529735 0.0 0.0 0.03839452132517055 0.0 0.1726036951075172 0.0 0.0 0.0 0.0017164021963297013 0.0 0.0 0.0 5.28213992529986e-07 0.0 0.0 0.0 0.06024085476022848 0.0 0.0 0.0 0.0 0.03387086433457751 0.0 0.0 0.0 0.007972211022540867 0.0 0.0 0.0 0.0015151353614552149 0.0 0.0 0.0 0.024219873943447726 0.0 1.3233982293518356e-05 0.0 0.0 0.007400150900652683 1.5698367779476892e-08 0.0 0.0 0.02046443374593985 0.0027449081752241116 0.0 0.0 0.036457214245188704 0.0018688890851813152 0.0 0.0 0.0005199961191527389 0.00017468673808070583 0.0 0.0 0.032822310359794334 4.841146064183894e-10 0.0 0.0 0.0007075545305716833 0.00011328596946032136 0.0 0.0 0.02089016339040811 0.028986242528504517 0.0 0.0 0.007606614274943194
0.0 0.00708280563188643 0.0 0.0 0.0 0.0 0.0 0.0 0.0 1.7197906557504228e-08 0.0 0.0 0.0 0.0004817887182584885 0.0 0.0 0.0 0.0 0.006065636096136113 0.0 0.0 0.0 0.0 0.0 0.0 0.0 0.007001423695752041 0.0 0.0 0.0 0.09816443201122026 0.0 3.784753995255588e-09 0.0 0.0 1.9765818714739458e-07 0.0 0.0 0.0 0.0 1.4886911020007058e-09 0.0 0.0 0.0021493802139635324 4.564518754282757e-08 0.0 0.0 0.0003726940213480251 0.00337116349271655 0.0 0.0 0.13758164066857848 0.0 0.0 0.0 0.0 0.00023810609948066971 0.0 0.0 0.09334536952571187 0.04807047174115224 0.0 0.0 0.007012015195092238 0.0 1.1618562103580694e-07 0.0 0.0 0.0 2.4535811575311834e-07 0.0 0.0 0.0 7.699994599833388e-12 0.0 0.0 0.0 4.5250873645740056e-08 0.0 0.0 0.0 0.0 6.075537717686411e-08 0.0 0.0 0.0 0.041724595831651286 0.0 0.0 0.0 0.08605460858149427 0.0 0.0 0.0 8.37747022891618e-08 0.0 4.706261628454176e-09 0.0 0.0 9.612177465863824e-08 1.7090497406194298e-08 0.0 0.0 0.00563361749340852 0.0004562600461392539 0.0 0.0 0.005948892771925745 5.673769344843291e-06 0.0 0.0 0.038332190977121886 0.0021493518275525012 0.0 0.0 0.049217519514165906 2.0510137445221677e-07 0.0 0.0 0.10674276645721133 0.005311335674374053 0.0 0.0 0.41590039402589596 1.7198891861126852e-06 0.0 0.0 0.013027435449524161 0.0 0.009738411826137558 0.0 0.0 0.0 0.023165628962844062 0.0 0.0 0.0 1.5366244826975906e-06 0.0 0.0 0.0 0.06704042741836037 0.0 0.0 0.0 0.0 8.021098645932236e-08 0.0 0.0 0.0 4.4596639014529643e-07 0.0 0.0 0.0 1.143755449941319e-05 0.0 0.0 0.0 1.5278406730432203e-05 0.0 1.560112965652471e-09 0.0 0.0 7.244913968731036e-08 5.382881795254714e-09 0.0 0.0 0.0026452352741395337 0.0042435034758266646 0.0 0.0 0.10696837668337705 0.004575580094688076 0.0 0.0 0.07742860289909793 0.002815359149185338 0.0 0.0 0.14154752213669675 9.54514207804252e-08 0.0 0.0 0.4364929309591 0.07106461593835103 0.0 0.0 1.358725003046051 0.1884157276146805 0.0 0.0 0.43303162022773656 0.0 0.09709088659070844 0.0 0.0 0.0 0.10461347462226522 0.0 0.0 0.0 2.560714246490291e-05 0.0 0.0 0.0 0.039340142851235604 0.0 0.0 0.0 0.0 0.0003727091263325427 0.0 0.0 0.0 0.008651711178432516 0.0 0.0 0.0 0.09257181991611198 0.0 0.0 0.0 0.005266164017851041 0.0 7.690181860010863e-05 0.0 0.0 0.0009966467902352576 2.942502764823758e-13 0.0 0.0 1.1647508331349069e-07 0.00577422034688644 0.0 0.0 0.0965980514862916 3.1512497400584945e-12 0.0 0.0 2.128996182053126e-08 0.0002702578099287057 0.0 0.0 0.0039268960857007885 8.377584174489764e-08 0.0 0.0 0.040836061280341764 0.012857923682543137 0.0 0.0 0.5113124649762428 8.924492836011849e-07 0.0 0.0 0.0067599284992695885
0.0 0.0015186796923624163 0.0 0.0 0.0 0.0009509342708008133 0.0 0.0 0.0 6.421486147436223e-08 0.0 0.0 0.0 0.0016166403259477422 0.0 0.0 0.0 0.0 0.03841304583635319 0.0 0.0 0.0 0.1000132058486406 0.0 0.0 0.0 0.17785961506808598 0.0 0.0 0.0 0.03809576585166268 0.0 6.632953314321624e-06 0.0 0.0 0.01833794477650536 3.2330751077147637e-10 0.0 0.0 0.0004500205529672576 0.0022322376366384696 0.0 0.0 0.04794518603554467 0.05708073953006764 0.0 0.0 0.00890705854365733 4.531978607769319e-05 0.0 0.0 0.035280232258829154 1.3985614406431063e-08 0.0 0.0 0.023388298756592256 0.009205956187660088 0.0 0.0 0.16836498050545853 0.06113856640440289 0.0 0.0 0.02036493995114594 0.0 2.215401546405149e-08 0.0 0.0 0.0 0.0 0.0 0.0 0.0 2.07377283817882e-12 0.0 0.0 0.0 1.4308666206762154e-08 0.0 0.0 0.0 0.0 0.021021190947826 0.0 0.0 0.0 0.0 0.0 0.0 0.0 0.043981827388512064 0.0 0.0 0.0 0.00047172284069488995 0.0 2.4812565148889078e-05 0.0 0.0 0.0016127711998935009 0.0 0.0 0.0 0.0 0.0011621074689813873 0.0 0.0 0.04777598750178469 0.033299301276655965 0.0 0.0 0.021297216283890714 0.00011562821679150724 0.0 0.0 0.00842619335080533 0.0 0.0 0.0 0.0 0.0010887318417522206 0.0 0.0 0.12439567483826083 0.004265753173587191 0.0 0.0 0.003067228985466458 0.0 0.01149927040284918 0.0 0.0 0.0 0.0021046001628325906 0.0 0.0 0.0 2.958497028432454e-07 0.0 0.0 0.0 0.012855615038736855 0.0 0.0 0.0 0.0 2.9163742610100282e-08 0.0 0.0 0.0 3.129990581401204e-08 0.0 0.0 0.0 1.3080326487656212e-07 0.0 0.0 0.0 1.9860276438156038e-07 0.0 0.0008660628920208965 0.0 0.0 0.032038949892021974 8.740514027914313e-13 0.0 0.0 0.04929523617564212 0.0024424917836489814 0.0 0.0 0.10579505850380605 0.03223845403199294 0.0 0.0 0.005676315450153343 0.00166687788620383 0.0 0.0 0.10993190193556501 6.670028727944412e-13 0.0 0.0 0.042201987663520575 0.01109467324912904 0.0 0.0 0.4110778631966201 0.24618260757679497 0.0 0.0 0.07745423051332599 0.0 0.34136366035551524 0.0 0.0 0.0 0.062419206743399534 0.0 0.0 0.0 0.0 0.0 0.0 0.0 0.09895999402595969 0.0 0.0 0.0 0.0 0.07552555440408075 0.0 0.0 0.0 0.0051589591478087525 0.0 0.0 0.0 0.0 0.0 0.0 0.0 0.03274775014742097 0.0 0.0003128066985195345 0.0 0.0 0.0432873094500784 3.755810317427577e-14 0.0 0.0 4.9560874665391585e-08 0.0 0.0 0.0 0.0 0.021987898617838522 0.0 0.0 0.00572737311519425 0.0010481775058957738 0.0 0.0 0.06887300497208222 2.2154254914070525e-08 0.0 0.0 0.02602361769706667 0.0 0.0 0.0 0.0 0.04654954051353443 0.0 0.0 0.012431772621417122
0.0 0.02262032547444219 0.0 0.0 0.0 0.0029587121387927616 0.0 0.0 0.0 1.1433036752991625e-07 0.0 0.0 0.0 0.004439029710602718 0.0 0.0 0.0 0.0 0.030954918813314455 0.0 0.0 0.0 0.05259886770993827 0.0 0.0 0.0 0.21951849944823668 0.0 0.0 0.0 0.12166714363375185 0.0 0.00010492518506531209 0.0 0.0 0.014889296426329659 1.0004261876524784e-08 0.0 0.0 0.002867066334332517 0.001572697075468856 0.0 0.0 0.01800040132950545 0.05323856790568601 0.0 0.0 0.012960539216430962 0.011929298182365733 0.0 0.0 0.4279053313623395 1.9439036581286738e-07 0.0 0.0 0.09409637805546582 0.01767759655468172 0.0 0.0 0.30247519624998237 0.2055659379710286 0.0 0.0 0.05969246746197109 0.0 1.0975641233150087e-07 0.0 0.0 0.0 2.7249132149193466e-07 0.0 0.0 0.0 5.147140360240409e-12 0.0 0.0 0.0 7.750831175614867e-08 0.0 0.0 0.0 0.0 6.81002476363751e-08 0.0 0.0 0.0 0.0030786034806237566 0.0 0.0 0.0 0.11182283776484667 0.0 0.0 0.0 2.0439107385555957e-07 0.0 5.6417648502966244e-05 0.0 0.0 0.0012242173250172753 5.581197371816981e-09 0.0 0.0 0.003174496522459698 0.004074286764914135 0.0 0.0 0.0992648221498037 0.0009070669160891134 0.0 0.0 0.0008909015910144016 0.001956696097011745 0.0 0.0 0.04760290061719373 1.8168352671583255e-07 0.0 0.0 0.09542725932964233 0.0077045529769085176 0.0 0.0 0.1330163671490797 0.02334033380708391 0.0 0.0 0.025701825330812646 0.0 0.04279545502581855 0.0 0.0 0.0 0.0012806349735202415 0.0 0.0 0.0 2.2186972184665822e-07 0.0 0.0 0.0 0.02215485285014358 0.0 0.0 0.0 0.0 1.3316633954631256e-06 0.0 0.0 0.0 3.3119890915415527e-13 0.0 0.0 0.0 1.1827054415541216e-06 0.0 0.0 0.0 1.433902878992792e-07 0.0 0.0037960132062470277 0.0 0.0 0.1315559400572526 4.668022991456096e-08 0.0 0.0 0.03272429754792405 0.011673136072627712 0.0 0.0 0.11757359267792084 0.0034894465128481227 0.0 0.0 0.038377232758459286 0.010867312778683101 0.0 0.0 0.37022845225684575 2.1420017721814156e-08 0.0 0.0 0.016835408922362554 0.01973989191727083 0.0 0.0 0.3594160702008741 0.21504692851320878 0.0 0.0 0.12765467233013783 0.0 0.3515983345039551 0.0 0.0 0.0 0.11066209413315743 0.0 0.0 0.0 2.3215542195985003e-06 0.0 0.0 0.0 0.16892809320811333 0.0 0.0 0.0 0.0 0.06717278557561665 0.0 0.0 0.0 0.053914743308105424 0.0 0.0 0.0 0.007847185594984698 0.0 0.0 0.0 0.06658733879846461 0.0 0.00035477823477365823 0.0 0.0 0.0671698496120318 7.775533336662855e-13 0.0 0.0 0.041207372495260096 1.8185453865644346e-09 0.0 0.0 1.943234826747339e-08 0.05758554743360321 0.0 0.0 0.02193726118623824 0.0006131750793636906 0.0 0.0 0.07233558198250167 8.157531939558975e-13 0.0 0.0 0.04841783778381222 0.0037890015387870655 0.0 0.0 0.09004228914988635 0.07201701433989773 0.0 0.0 0.019668021388768445
0.0 0.0025869337598718235 0.0 0.0 0.0 0.004665802239678474 0.0 0.0 0.0 2.0924941970486323e-08 0.0 0.0 0.0 0.003434018975038184 0.0 0.0 0.0 0.0 0.014834171455312475 0.0 0.0 0.0 0.09683776546270531 0.0 0.0 0.0 0.026119188395581555 0.0 0.0 0.0 0.20466291045356894 0.0 0.00041135016206203946 0.0 0.0 0.018631623489697557 1.4170004052730211e-07 0.0 0.0 0.02016154413898333 0.00024284468284141675 0.0 0.0 0.00184983582989931 0.0008623879293896758 0.0 0.0 0.006561162817193318 0.0011531199116832638 0.0 0.0 0.05124845278515917 4.664669812754712e-07 0.0 0.0 0.1449312346829701 0.004420520834630687 0.0 0.0 0.05623324089589137 0.1093827422593608 0.0 0.0 0.06018126767518979 0.0 4.844607461248072e-07 0.0 0.0 0.0 3.040428888279924e-07 0.0 0.0 0.0 6.431894152101187e-12 0.0 0.0 0.0 2.2508867980969093e-07 0.0 0.0 0.0 0.0 0.0005148413640555772 0.0 0.0 0.0 0.03332694569881486 0.0 0.0 0.0 0.008142528446348335 0.0 0.0 0.0 0.022368036035449002 0.0 5.540240353712719e-05 0.0 0.0 0.002260662478922157 8.207996800657899e-08 0.0 0.0 0.07114569599251638 0.0015318577181193762 0.0 0.0 0.03886835601285198 0.03711096103376078 0.0 0.0 0.008830200544676932 0.001015139835850188 0.0 0.0 0.05539723716607972 2.4646020616285056e-07 0.0 0.0 0.10287991270777389 0.009054302256888169 0.0 0.0 0.14975614254152833 0.11379217458770129 0.0 0.0 0.054873473546495764 0.0 0.01514367991075451 0.0 0.0 0.0 0.004624292266439246 0.0 0.0 0.0 4.256635834986879e-08 0.0 0.0 0.0 0.010784544429147478 0.0 0.0 0.0 0.0 1.1352788336059194e-06 0.0 0.0 0.0 3.552373829936632e-08 0.0 0.0 0.0 7.65993061246328e-07 0.0 0.0 0.0 3.7670342228331913e-07 0.0 0.0013328653384022762 0.0 0.0 0.03367845462079069 1.5115919393528907e-09 0.0 0.0 0.0016839816798640468 6.801214917935512e-05 0.0 0.0 0.001326071410338294 0.0002468401141186455 0.0 0.0 0.0020058437583040075 0.001967064578160573 0.0 0.0 0.12560810340063094 3.414999817380176e-08 0.0 0.0 0.08255730643215463 0.0026287820041874244 0.0 0.0 0.05522009358606619 0.08477789235339708 0.0 0.0 0.07991580576918315 0.0 0.32472293763579585 0.0 0.0 0.0 0.050790549138333925 0.0 0.0 0.0 2.2500013232204254e-06 0.0 0.0 0.0 0.05087998137148971 0.0 0.0 0.0 0.0 0.033370742651905504 0.0 0.0 0.0 0.022299837242663597 0.0 0.0 0.0 0.006079587747598123 0.0 0.0 0.0 0.0032625262729132198 0.0 0.0035507071886162742 0.0 0.0 0.09018434517358756 5.4524056651732e-10 0.0 0.0 0.025456418850982612 0.002766871233172432 0.0 0.0 0.04747397066889238 0.031308980409778676 0.0 0.0 0.003918063643426598 0.0012011264812187097 0.0 0.0 0.05054216639699863 2.119268519011485e-08 0.0 0.0 0.019940708448475893 0.00983936829368072 0.0 0.0 0.08194737132831036 0.05166896594029949 0.0 0.0 0.007070901635069544
0.0 0.004052771252855353 0.0 0.0 0.0 0.0026508205266071727 0.0 0.0 0.0 8.988879272402793e-08 0.0 0.0 0.0 0.005351150193105872 0.0 0.0 0.0 0.0 0.0028261250815521826 0.0 0.0 0.0 0.08999115866786456 0.0 0.0 0.0 0.11535526082905381 0.0 0.0 0.0 0.09638166447636698 0.0 7.268141010573769e-10 0.0 0.0 4.9545509056442264e-08 1.5604656845923344e-09 0.0 0.0 0.001141587986634861 0.00456189123267009 0.0 0.0 0.045628590325409425 0.004274488374367367 0.0 0.0 0.0006902191390274864 0.0010152366339130565 0.0 0.0 0.08792625642641241 1.181376171636047e-07 0.0 0.0 0.09785719245492289 0.017014234279218256 0.0 0.0 0.24863191194660836 0.21786281872934155 0.0 0.0 0.05872141775601534 0.0 2.710728907011422e-07 0.0 0.0 0.0 1.8950394290909137e-07 0.0 0.0 0.0 6.361037566011451e-12 0.0 0.0 0.0 1.8850460150484695e-07 0.0 0.0 0.0 0.0 0.024897277243074525 0.0 0.0 0.0 0.05871851382398699 0.0 0.0 0.0 0.07784504543939286 0.0 0.0 0.0 0.042234207649314515 0.0 0.0004444795201152665 0.0 0.0 0.014057632770378763 3.068903833189679e-08 0.0 0.0 0.04518128233379083 0.00044047333521507443 0.0 0.0 0.10542836174287128 0.029413552401765703 0.0 0.0 0.011951584022366542 0.002005551340298351 0.0 0.0 0.10232544755382658 7.339415405444032e-08 0.0 0.0 0.13565100942272726 0.009477539300513175 0.0 0.0 0.3817312181779834 0.07266988654837668 0.0 0.0 0.0353714602076874 0.0 0.030449997872428806 0.0 0.0 0.0 0.01638141006615396 0.0 0.0 0.0 3.286116205162372e-07 0.0 0.0 0.0 0.01042017244712667 0.0 0.0 0.0 0.0 7.64750713081751e-08 0.0 0.0 0.0 1.4132477666561364e-07 0.0 0.0 0.0 1.3407095980540741e-08 0.0 0.0 0.0 1.872998303235016e-07 0.0 0.0028762139560515394 0.0 0.0 0.10649787256229876 5.243724421835921e-08 0.0 0.0 0.03760217874327847 0.0008722366234953391 0.0 0.0 0.008976352571229692 0.025945152775708392 0.0 0.0 0.010430260006236243 0.0036747742628278836 0.0 0.0 0.2876930433730744 1.5553068593294746e-07 0.0 0.0 0.2334773808990292 0.02488553422621802 0.0 0.0 0.3964575130620932 0.17535741934291402 0.0 0.0 0.06530812712935287 0.0 0.28943123599671194 0.0 0.0 0.0 0.17671497969849537 0.0 0.0 0.0 0.0 0.0 0.0 0.0 0.12177865812172606 0.0 0.0 0.0 0.0 0.050857759820330646 0.0 0.0 0.0 0.047352015998717904 0.0 0.0 0.0 0.0 0.0 0.0 0.0 0.03934039344751154 0.0 0.0013607735647480266 0.0 0.0 0.07488149005615378 1.205638786699481e-07 0.0 0.0 0.09364701668311047 0.0 0.0 0.0 0.0 0.0063429119245454624 0.0 0.0 0.0017241400805869406 0.00084182498570918 0.0 0.0 0.061729113911627206 5.5696703622589896e-08 0.0 0.0 0.06556757002731863 0.0 0.0 0.0 0.0 0.0560586437199142 0.0 0.0 0.014306351873356209
0.0 0.0 0.0 0.0 0.0 0.0011767658052198795 0.0 0.0 0.0 1.999393452331932e-08 0.0 0.0 0.0 0.009586464937162727 0.0 0.0 0.0 0.0 0.0 0.0 0.0 0.0 0.0720397380884475 0.0 0.0 0.0 0.07013644348952873 0.0 0.0 0.0 0.3028432313809855 0.0 0.0 0.0 0.0 0.0 2.1449172023089231e-13 0.0 0.0 0.015866369077556328 0.0003659196835382174 0.0 0.0 0.005797889646092017 0.032077328327504186 0.0 0.0 0.005162201354123918 0.0 0.0 0.0 0.0 7.232522397731859e-13 0.0 0.0 0.03958407454799601 0.0022353946002821317 0.0 0.0 0.0501312801067818 0.22941039139196603 0.0 0.0 0.09642185708908428 0.0 0.0 0.0 0.0 0.0 7.716573765719321e-08 0.0 0.0 0.0 1.3629166851143317e-12 0.0 0.0 0.0 1.7152596757523282e-07 0.0 0.0 0.0 0.0 0.0 0.0 0.0 0.0 0.045325318284512736 0.0 0.0 0.0 0.039348659840708435 0.0 0.0 0.0 0.020385471676921934 0.0 0.0 0.0 0.0 0.0 8.872545851623895e-08 0.0 0.0 0.04658713882406913 0.002442900549679203 0.0 0.0 0.07045178625999225 0.006480751177239792 0.0 0.0 0.0022175198910312265 0.0 0.0 0.0 0.0 7.153231480635903e-08 0.0 0.0 0.036754252988064534 0.001970249116214641 0.0 0.0 0.07878682551227868 0.07711119247790715 0.0 0.0 0.02247184077108971 0.0 0.005802252244527827 0.0 0.0 0.0 0.0 0.0 0.0 0.0 2.8393132055036635e-08 0.0 0.0 0.0 0.009456400244173657 0.0 0.0 0.0 0.0 8.142468036307086e-09 0.0 0.0 0.0 0.0 0.0 0.0 0.0 4.72575594915325e-09 0.0 0.0 0.0 8.353312269365857e-07 0.0 0.000985820364927022 0.0 0.0 0.02335544635413592 0.0 0.0 0.0 0.0 0.003882475389040484 0.0 0.0 0.03205914401478048 0.03331223624002265 0.0 0.0 0.01839571585834858 0.0010829585510134469 0.0 0.0 0.03310698810300645 0.0 0.0 0.0 0.0 0.0026721918941342688 0.0 0.0 0.025719629343235482 0.1975046016030307 0.0 0.0 0.06299757952359103 0.0 0.43921716071443384 0.0 0.0 0.0 0.09830347434369678 0.0 0.0 0.0 7.998110214270049e-07 0.0 0.0 0.0 0.11568103172547847 0.0 0.0 0.0 0.0 0.059269699946561116 0.0 0.0 0.0 0.0031535530012407943 0.0 0.0 0.0 0.0025057301652620136 0.0 0.0 0.0 0.05832186375581552 0.0 0.007326563823320831 0.0 0.0 0.24747802376019293 1.9335313906614675e-08 0.0 0.0 0.02388616432803733 0.0009381140230188499 0.0 0.0 0.03174137818412568 0.034654304158498316 0.0 0.0 0.019703468181067912 0.0013679079970558311 0.0 0.0 0.11384253951949821 3.2295130471454966e-08 0.0 0.0 0.03549044109677745 0.0007514356259257443 0.0 0.0 0.02839601595072502 0.04608391224470296 0.0 0.0 0.01505605185479107
0.0 0.00015238481715886554 0.0 0.0 0.0 0.0012619574302237934 0.0 0.0 0.0 9.111513244865295e-08 0.0 0.0 0.0 0.0030366564277525994 0.0 0.0 0.0 0.0 0.014281004486479851 0.0 0.0 0.0 0.021837616303058773 0.0 0.0 0.0 0.0986773949841089 0.0 0.0 0.0 0.14300053448470873 0.0 0.00028199780545500296 0.0 0.0 0.019564845813139598 4.284805008906887e-13 0.0 0.0 0.016463424347717547 0.00010906160756686773 0.0 0.0 0.007956976322495977 0.013789582373234306 0.0 0.0 0.0038964383648020674 3.980358492196119e-05 0.0 0.0 0.003096131423072365 8.338408219075012e-08 0.0 0.0 0.035269254394944445 0.008051467579003588 0.0 0.0 0.14711818390328554 0.09384618524882789 0.0 0.0 0.04175994654249537 0.0 2.99650745309982e-07 0.0 0.0 0.0 3.095535898666307e-07 0.0 0.0 0.0 5.471875770871392e-12 0.0 0.0 0.0 1.7592431459868046e-07 0.0 0.0 0.0 0.0 0.0018718542906908469 0.0 0.0 0.0 0.033202832737673216 0.0 0.0 0.0 0.007805865966087654 0.0 0.0 0.0 0.04724375548706557 0.0 1.9760256935310396e-10 0.0 0.0 5.988751362148065e-09 9.757334667299749e-08 0.0 0.0 0.022355256015042926 0.0021100381557775994 0.0 0.0 0.026899081786983404 0.005081737820179158 0.0 0.0 0.016554066797626044 0.0010161536825069547 0.0 0.0 0.03452785411993056 1.6690336595168066e-07 0.0 0.0 0.13152217686811954 0.01615179204724476 0.0 0.0 0.20894639755002803 0.051056840993480714 0.0 0.0 0.029728094698244428 0.0 0.01742639332829986 0.0 0.0 0.0 0.008861752659881934 0.0 0.0 0.0 7.304183890718053e-08 0.0 0.0 0.0 0.028563498509744517 0.0 0.0 0.0 0.0 3.572876262578043e-08 0.0 0.0 0.0 8.348614875807189e-07 0.0 0.0 0.0 1.1154224006344155e-06 0.0 0.0 0.0 9.390164587145484e-06 0.0 7.308632346608202e-05 0.0 0.0 0.0020751238357374796 1.3748794163804114e-10 0.0 0.0 0.025499203420864175 0.002165859237795104 0.0 0.0 0.07233943052773548 0.07461953334527077 0.0 0.0 0.017735401780758765 0.0016128293064305629 0.0 0.0 0.16589337112844146 3.430021344603722e-07 0.0 0.0 0.15271870556928202 0.006735678951795115 0.0 0.0 0.14325485039980043 0.21811851814281083 0.0 0.0 0.18478000908001457 0.0 0.2602174724621522 0.0 0.0 0.0 0.08000028883782169 0.0 0.0 0.0 1.117472342305856e-05 0.0 0.0 0.0 0.18343064610138715 0.0 0.0 0.0 0.0 0.04590943212890651 0.0 0.0 0.0 0.01795900043309017 0.0 0.0 0.0 0.08059336438773423 0.0 0.0 0.0 0.06890143788231057 0.0 0.000767106530855629 0.0 0.0 0.06315332214728078 6.144287368486625e-08 0.0 0.0 0.06852370793872913 0.008698894804260593 0.0 0.0 0.08614107618859485 0.02568874166441558 0.0 0.0 0.0061807328770042205 0.0006601123590289444 0.0 0.0 0.040870401604279724 3.26904022682585e-08 0.0 0.0 0.020597748308221153 0.008009710526556803 0.0 0.0 0.15329129074147899 0.06663221228416907 0.0 0.0 0.02332790849298957
0.0 0.0010064374938261774 0.0 0.0 0.0 0.002294261620065015 0.0 0.0 0.0 0.0 0.0 0.0 0.0 0.008839869024437362 0.0 0.0 0.0 0.0 0.02195250105871577 0.0 0.0 0.0 0.14467523972692525 0.0 0.0 0.0 0.0 0.0 0.0 0.0 0.5431229868947485 0.0 6.851132072591205e-05 0.0 0.0 0.021440966296633394 3.916166810062413e-14 0.0 0.0 0.0022237139584213466 0.0 0.0 0.0 0.0 0.012411221562253485 0.0 0.0 0.0025817249614770886 0.00021268211927733194 0.0 0.0 0.030510795501208207 1.1045437949450258e-12 0.0 0.0 0.07638246606460504 0.0 0.0 0.0 0.0 0.41343813268286794 0.0 0.0 0.10988852483482367 0.0 1.5263590993489118e-07 0.0 0.0 0.0 1.1452833019875932e-08 0.0 0.0 0.0 2.160843215223597e-12 0.0 0.0 0.0 5.048689766994465e-09 0.0 0.0 0.0 0.0 0.0018609086594076555 0.0 0.0 0.0 0.0025159434320058986 0.0 0.0 0.0 0.004296742451728291 0.0 0.0 0.0 1.1452833019875929e-08 0.0 1.4355338637441904e-08 0.0 0.0 4.640100567748526e-07 2.0017748103044158e-13 0.0 0.0 1.2405987000904057e-06 0.003931270940461827 0.0 0.0 0.1407440255713392 0.00242209810575275 0.0 0.0 9.384532625314839e-05 0.0009595871912591507 0.0 0.0 0.0347748200432212 5.048489589513435e-09 0.0 0.0 0.03507874636296458 0.003465801935340459 0.0 0.0 0.11073378736532315 0.03361956129234266 0.0 0.0 0.0014604256693220138 0.0 0.0 0.0 0.0 0.0 0.006379332923076829 0.0 0.0 0.0 0.0 0.0 0.0 0.0 0.012960170377719264 0.0 0.0 0.0 0.0 0.0 0.0 0.0 0.0 1.775749171428195e-06 0.0 0.0 0.0 0.0 0.0 0.0 0.0 5.584195557892619e-07 0.0 0.0 0.0 0.0 0.0 6.132770256559649e-09 0.0 0.0 0.005703843008298104 0.0 0.0 0.0 0.0 0.009506649519400482 0.0 0.0 0.0020356233385311535 0.0 0.0 0.0 0.0 1.5795698983595964e-07 0.0 0.0 0.10070272491527361 0.0 0.0 0.0 0.0 0.26309264454036185 0.0 0.0 0.08836382275636531 0.0 0.7087441375506536 0.0 0.0 0.0 0.0 0.0 0.0 0.0 2.334166566374242e-06 0.0 0.0 0.0 0.0 0.0 0.0 0.0 0.0 0.014912728381426963 0.0 0.0 0.0 0.0 0.0 0.0 0.0 0.012949379547271706 0.0 0.0 0.0 0.0 0.0 0.008451156986962405 0.0 0.0 0.4026402045972733 0.0 0.0 0.0 0.0 0.008314761553499852 0.0 0.0 0.1414310768048391 0.0 0.0 0.0 0.0 0.0024486161647651185 0.0 0.0 0.14106535075549398 0.0 0.0 0.0 0.0 0.003627668871493957 0.0 0.0 0.059250460427489264 0.0 0.0 0.0 0.0
0.0 0.003300674909996219 0.0 0.0 0.0 0.0006547085020015844 0.0 0.0 0.0 3.3366409117733984e-08 0.0 0.0 0.0 0.0027921981356642056 0.0 0.0 0.0 0.0 0.004570483463487496 0.0 0.0 0.0 0.0062146646706536645 0.0 0.0 0.0 0.03143078954242235 0.0 0.0 0.0 0.062226384451059526 0.0 1.052321980222721e-09 0.0 0.0 2.041295178247346e-08 5.5888703586994036e-09 0.0 0.0 0.0041461883183699505 0.0001441395537742136 0.0 0.0 0.002510988078415232 0.0017663876323595492 0.0 0.0 0.006690484531112707 0.0017457982368447047 0.0 0.0 0.05234532102316249 2.4004351476460606e-08 0.0 0.0 0.01996555846513531 0.00516946328227472 0.0 0.0 0.08466918437423367 0.02827435887454254 0.0 0.0 0.022174784572790804 0.0 0.0 0.0 0.0 0.0 1.5358297935267118e-08 0.0 0.0 0.0 1.270817344318374e-12 0.0 0.0 0.0 4.3781699209604303e-07 0.0 0.0 0.0 0.0 0.0 0.0 0.0 0.0 0.024199274607350527 0.0 0.0 0.0 0.06928917843247401 0.0 0.0 0.0 0.07051088185718234 0.0 0.0 0.0 0.0 0.0 5.6671860264432404e-14 0.0 0.0 2.9593165163299752e-08 0.00017761260132095232 0.0 0.0 0.0023609379531678303 0.02847881989156207 0.0 0.0 0.016943856189117576 0.0 0.0 0.0 0.0 1.1583924279767755e-08 0.0 0.0 0.006781818406587764 0.003307241905388298 0.0 0.0 0.11075192640267206 0.057932791358672714 0.0 0.0 0.07398240928153194 0.0 0.017098588987451372 0.0 0.0 0.0 0.015171135754458553 0.0 0.0 0.0 2.700903800526815e-07 0.0 0.0 0.0 0.017579280564596757 0.0 0.0 0.0 0.0 2.2619454128897736e-07 0.0 0.0 0.0 1.1125635934119785e-06 0.0 0.0 0.0 1.6142604992373354e-06 0.0 0.0 0.0 3.489784920188268e-06 0.0 0.00013647790156368056 0.0 0.0 0.004089372676910604 8.103457884092195e-09 0.0 0.0 0.00575184759781787 0.00816552230906833 0.0 0.0 0.09234182490311275 0.04587319298268895 0.0 0.0 0.01394372375003058 0.004006534757808423 0.0 0.0 0.1295745472286363 1.55338000140024e-07 0.0 0.0 0.13398148838958376 0.018280925120814317 0.0 0.0 0.28396478745809584 0.1485235528004277 0.0 0.0 0.1148694051605415 0.0 0.08404305823017545 0.0 0.0 0.0 0.1481734752822488 0.0 0.0 0.0 6.158178435933529e-06 0.0 0.0 0.0 0.19449570267497343 0.0 0.0 0.0 0.0 0.01068750551014699 0.0 0.0 0.0 0.017546204386792667 0.0 0.0 0.0 0.06958112149026274 0.0 0.0 0.0 0.12388167663527615 0.0 0.0006893702014749744 0.0 0.0 0.019927166527479494 1.9003445115235948e-07 0.0 0.0 0.035713393723720094 0.007869518988909176 0.0 0.0 0.12841333828417562 0.017643026778858442 0.0 0.0 0.04968133443790367 0.00016943276405736424 0.0 0.0 0.008408064964195062 5.8523448885390746e-08 0.0 0.0 0.04641587444439714 0.008201309723760306 0.0 0.0 0.15770234792704424 0.07980157476558747 0.0 0.0 0.030195077497518215
0.0 0.013314195761262589 0.0 0.0 0.0 0.00726011489622735 0.0 0.0 0.0 5.23969523570996e-08 0.0 0.0 0.0 0.0016429893657377611 0.0 0.0 0.0 0.0 0.021158449491474305 0.0 0.0 0.0 0.0874245027684595 0.0 0.0 0.0 0.18554948717227654 0.0 0.0 0.0 0.07890943054893543 0.0 0.0004476825076552432 0.0 0.0 0.012836363142423438 1.0310387417910876e-08 0.0 0.0 0.009829897674457393 0.0004859957058648698 0.0 0.0 0.03331369325628836 0.0320182314181429 0.0 0.0 0.004016722965183499 0.0057866016335335665 0.0 0.0 0.24596695417317085 1.267177289874709e-07 0.0 0.0 0.24491396879384603 0.01389898242804471 0.0 0.0 0.16609878465326638 0.06713332467785657 0.0 0.0 0.015952798830490496 0.0 1.4890033167920398e-07 0.0 0.0 0.0 9.672292098539334e-08 0.0 0.0 0.0 6.834477779997756e-12 0.0 0.0 0.0 2.2033527238765048e-07 0.0 0.0 0.0 0.0 0.03648677221736636 0.0 0.0 0.0 0.038895834044270126 0.0 0.0 0.0 0.11270446854357434 0.0 0.0 0.0 0.04631947343026741 0.0 5.159041660802032e-06 0.0 0.0 0.0005558706725420803 2.997567179842495e-09 0.0 0.0 0.045311777365427436 0.002604645028539116 0.0 0.0 0.0726851595938912 0.04565568043867211 0.0 0.0 0.009479425766781634 0.002903960535108744 0.0 0.0 0.05988483753616361 1.2792951673467352e-08 0.0 0.0 0.06554739943162269 0.01632711783535882 0.0 0.0 0.39469910241084205 0.15091292325004077 0.0 0.0 0.04714252348848565 0.0 0.03514151203160549 0.0 0.0 0.0 0.011284692581786692 0.0 0.0 0.0 3.5734073522144656e-07 0.0 0.0 0.0 0.013690965488473934 0.0 0.0 0.0 0.0 5.0240764319972245e-08 0.0 0.0 0.0 8.50760232945566e-08 0.0 0.0 0.0 6.444399871118158e-08 0.0 0.0 0.0 2.099837357306157e-07 0.0 0.00018821539193332842 0.0 0.0 0.006804687433573383 1.0226997225382099e-07 0.0 0.0 0.1082163135590909 0.006186198595549714 0.0 0.0 0.13459015192382018 0.031245049162123784 0.0 0.0 0.011023301823785985 0.009077448475156917 0.0 0.0 0.29821670758807317 1.4819415573338634e-07 0.0 0.0 0.18000890502849107 0.0206145878492441 0.0 0.0 0.43762913326569214 0.21576823329763734 0.0 0.0 0.07770086140534983 0.0 0.3179073837354524 0.0 0.0 0.0 0.2158616440345432 0.0 0.0 0.0 0.0 0.0 0.0 0.0 0.06705542521512681 0.0 0.0 0.0 0.0 0.028066610035401104 0.0 0.0 0.0 0.04997729901632862 0.0 0.0 0.0 0.0 0.0 0.0 0.0 0.004345691352881177 0.0 0.0019211222113814784 0.0 0.0 0.07965132447960911 2.358121985016358e-13 0.0 0.0 0.005190793651161446 0.0 0.0 0.0 0.0 0.030696836012058124 0.0 0.0 0.012114728961373795 0.00042721781453308483 0.0 0.0 0.0712100862394894 6.268236047193032e-08 0.0 0.0 0.0783988217764771 0.0 0.0 0.0 0.0 0.027394174728590858 0.0 0.0 0.00814826708472926
0.0 0.022372388871567055 0.0 0.0 0.0 0.00606605994445516 0.0 0.0 0.0 7.60923493123808e-08 0.0 0.0 0.0 0.001139361525106414 0.0 0.0 0.0 0.0 0.09675617763416679 0.0 0.0 0.0 0.1264384970298167 0.0 0.0 0.0 0.04924475651599569 0.0 0.0 0.0 0.04041983690831846 0.0 0.0005392386189823251 0.0 0.0 0.014932035847049259 1.664647168293875e-07 0.0 0.0 0.07896884622532194 0.004504679870892638 0.0 0.0 0.035301970060789466 0.024035397341333573 0.0 0.0 0.005217444984572757 0.015346692848154294 0.0 0.0 0.4796025025315874 3.2640809512062114e-07 0.0 0.0 0.17594089552852174 0.009495816512929722 0.0 0.0 0.24044064359785466 0.06061935513481255 0.0 0.0 0.013849150956204075 0.0 2.9885766510246014e-07 0.0 0.0 0.0 2.3065786170842786e-07 0.0 0.0 0.0 3.9730370116014865e-12 0.0 0.0 0.0 3.957641035992577e-07 0.0 0.0 0.0 0.0 0.03298344325419003 0.0 0.0 0.0 0.0806168617245737 0.0 0.0 0.0 0.04116352929274537 0.0 0.0 0.0 0.0020241074604382386 0.0 0.0001111958774923804 0.0 0.0 0.04747298549284343 1.880542978165129e-07 0.0 0.0 0.05030615670950171 0.0015342000301883862 0.0 0.0 0.0794321948644436 0.03613791464494658 0.0 0.0 0.009592557260291597 0.002481562017099006 0.0 0.0 0.11065791030117376 1.178838415753661e-07 0.0 0.0 0.11121068972050313 0.015980652840929418 0.0 0.0 0.24930421456864768 0.09989830897355652 0.0 0.0 0.09448096064724318 0.0 0.028482609977956437 0.0 0.0 0.0 0.012510797445732304 0.0 0.0 0.0 2.3754705869826508e-07 0.0 0.0 0.0 0.00974991076884523 0.0 0.0 0.0 0.0 8.282938763177322e-08 0.0 0.0 0.0 2.050727055751452e-06 0.0 0.0 0.0 3.8808961052587575e-08 0.0 0.0 0.0 1.192487462728755e-07 0.0 0.0007014874045992051 0.0 0.0 0.01627321811358276 3.136010012798062e-09 0.0 0.0 0.0019312074205519478 0.00039730064078659485 0.0 0.0 0.038589101500208306 0.03632351322683614 0.0 0.0 0.0051582624609602164 0.007486899401639823 0.0 0.0 0.23761679597352978 1.2526357261434025e-07 0.0 0.0 0.22769006075765702 0.013349727983158678 0.0 0.0 0.28665153617063815 0.1869692005949001 0.0 0.0 0.05236008740040758 0.0 0.26200397038110895 0.0 0.0 0.0 0.14107745132497262 0.0 0.0 0.0 1.9104700155605765e-06 0.0 0.0 0.0 0.16117463756834205 0.0 0.0 0.0 0.0 0.033760075695914334 0.0 0.0 0.0 0.01753002713118713 0.0 0.0 0.0 1.9757259353148617e-07 0.0 0.0 0.0 0.12077400522670229 0.0 0.0009598008265202184 0.0 0.0 0.03817397467959701 6.393819591830164e-13 0.0 0.0 0.03567636584496775 2.2090715663658898e-09 0.0 0.0 4.3810396677742726e-08 0.07129181061098812 0.0 0.0 0.017116070862024504 0.0019510094389906946 0.0 0.0 0.05056596057879623 6.067352396187002e-08 0.0 0.0 0.04785033977528877 0.002084142038098373 0.0 0.0 0.046340552849940236 0.04898246921706564 0.0 0.0 0.01650264706592096
0.0 0.00589829844863619 0.0 0.0 0.0 0.001636006340058332 0.0 0.0 0.0 4.1716491830667896e-08 0.0 0.0 0.0 0.005175776405272118 0.0 0.0 0.0 0.0 2.2063362286281706e-07 0.0 0.0 0.0 0.011495798275984959 0.0 0.0 0.0 0.032607698566147425 0.0 0.0 0.0 0.14403620534453362 0.0 8.181579916506067e-05 0.0 0.0 0.0036130068242161816 2.9555056781053323e-19 0.0 0.0 2.775592137170807e-08 4.707027841984872e-06 0.0 0.0 7.475292605659547e-05 0.023588027727375237 0.0 0.0 0.008328812945521062 0.001663572165006482 0.0 0.0 0.08199320504183732 1.1644254685087126e-12 0.0 0.0 0.08011828653935503 0.004231749527858951 0.0 0.0 0.08741454211891536 0.09311521493177205 0.0 0.0 0.06767306532463425 0.0 2.2063362286281703e-07 0.0 0.0 0.0 3.514770561260048e-08 0.0 0.0 0.0 3.2198609107318563e-12 0.0 0.0 0.0 1.524078343000461e-07 0.0 0.0 0.0 0.0 0.0036948226233812415 0.0 0.0 0.0 0.0021902275255034406 0.0 0.0 0.0 0.08367123660549898 0.0 0.0 0.0 0.02942683722708531 0.0 3.5331293010271403e-09 0.0 0.0 4.6349233591293066e-08 3.41005292559769e-19 0.0 0.0 2.351725432149034e-08 0.0032386250034900353 0.0 0.0 0.03908648109896766 0.00018291936014016834 0.0 0.0 0.00019550157650473007 0.005898294915506888 0.0 0.0 0.0836567308576102 3.7368180180908894e-13 0.0 0.0 0.02889308677999098 0.022315744884766266 0.0 0.0 0.19360501508316555 0.05095383075604067 0.0 0.0 0.043574250555706955 0.0 0.036894299969751194 0.0 0.0 0.0 0.008380884965581146 0.0 0.0 0.0 1.9601136423833063e-07 0.0 0.0 0.0 0.00723442359578834 0.0 0.0 0.0 0.0 3.832648513339379e-08 0.0 0.0 0.0 2.9131632879134107e-07 0.0 0.0 0.0 8.730352330171543e-08 0.0 0.0 0.0 1.66130967707774e-06 0.0 7.16115928831573e-05 0.0 0.0 0.0008653929731448599 1.4787426486040117e-08 0.0 0.0 0.00545842546630917 0.0043902031961117575 0.0 0.0 0.07764504533650599 0.023175440766962083 0.0 0.0 0.007645607278686375 0.00446948579168398 0.0 0.0 0.17528278214184792 2.861281768003079e-07 0.0 0.0 0.14157696219031782 0.013710783103549434 0.0 0.0 0.30833753366970973 0.08354467166852798 0.0 0.0 0.03381506023449831 0.0 0.14534710376827864 0.0 0.0 0.0 0.10896619752812389 0.0 0.0 0.0 1.8619023985966548e-06 0.0 0.0 0.0 0.11513623047262016 0.0 0.0 0.0 0.0 0.03199606942260827 0.0 0.0 0.0 0.029017283320902615 0.0 0.0 0.0 0.0029727360373245277 0.0 0.0 0.0 0.06765197953407104 0.0 8.420490920069375e-05 0.0 0.0 0.03520892874575652 1.0233228079997954e-07 0.0 0.0 0.13571599508759216 0.0034342327633451876 0.0 0.0 0.042755512325045604 0.027180754259264 0.0 0.0 0.004105192326772833 0.00044113420388290875 0.0 0.0 0.03558954271689723 4.9429604421399245e-09 0.0 0.0 0.03713414649642047 0.0026357281980622723 0.0 0.0 0.04145004768630791 0.05344968783984096 0.0 0.0 0.01222651230488329
0.0 0.01569438636542571 0.0 0.0 0.0 0.009774191803157754 0.0 0.0 0.0 1.1496236226706693e-07 0.0 0.0 0.0 0.0013948593208279031 0.0 0.0 0.0 0.0 0.005955698997544861 0.0 0.0 0.0 0.005770447082484094 0.0 0.0 0.0 0.15244137113668427 0.0 0.0 0.0 0.07078268511381214 0.0 2.9631577958723453e-10 0.0 0.0 8.711171546095338e-08 8.498490387116963e-13 0.0 0.0 0.018248690803837186 0.00045026968868590783 0.0 0.0 0.0065087890840954685 0.017236314432147837 0.0 0.0 0.016823359005763972 0.0004916107632357802 0.0 0.0 0.1741318916596343 4.076966965608811e-07 0.0 0.0 0.26061677540378253 0.012774440593981832 0.0 0.0 0.22037236492193407 0.04868946021756043 0.0 0.0 0.041346997103759636 0.0 1.0916711202526472e-06 0.0 0.0 0.0 1.643058337398249e-06 0.0 0.0 0.0 3.815423304349148e-12 0.0 0.0 0.0 1.326891783651736e-07 0.0 0.0 0.0 0.0 0.020459932484374437 0.0 0.0 0.0 0.06586974336687587 0.0 0.0 0.0 0.018686485186740116 0.0 0.0 0.0 0.016139013941862675 0.0 0.00016036262043882542 0.0 0.0 0.0034901246606084883 1.5173973601826516e-07 0.0 0.0 0.06299071417614738 0.002043979346622501 0.0 0.0 0.07301118219206625 0.052094263509986305 0.0 0.0 0.013677886406495077 0.01066559332106287 0.0 0.0 0.3087018268316711 1.7280917814476704e-06 0.0 0.0 0.9015728143349497 0.013297100554418234 0.0 0.0 0.1873717655071454 0.08610447898050459 0.0 0.0 0.028257899665844927 0.0 0.015989331826526995 0.0 0.0 0.0 0.014157272694103723 0.0 0.0 0.0 7.276995006661251e-08 0.0 0.0 0.0 0.005959738299190921 0.0 0.0 0.0 0.0 2.8732883403716375e-07 0.0 0.0 0.0 4.495232905380951e-08 0.0 0.0 0.0 5.281690661028588e-08 0.0 0.0 0.0 6.198961389444494e-08 0.0 0.003346657340245239 0.0 0.0 0.060634684290288086 1.2445446425940964e-07 0.0 0.0 0.05385698352671518 6.740025062293424e-09 0.0 0.0 0.007985494334916247 0.03440165143884974 0.0 0.0 0.011038875316430032 0.011875483288470115 0.0 0.0 0.15349564991797543 3.579450205611124e-07 0.0 0.0 0.2263957292181752 0.0032764631483316146 0.0 0.0 0.13594316658527433 0.0994014499306085 0.0 0.0 0.04547189821917882 0.0 0.20326539246745243 0.0 0.0 0.0 0.09722215435181614 0.0 0.0 0.0 2.5935155583872025e-07 0.0 0.0 0.0 0.20930869062510518 0.0 0.0 0.0 0.0 0.03285159161265813 0.0 0.0 0.0 0.13582852990109687 0.0 0.0 0.0 0.00013656830160283404 0.0 0.0 0.0 0.05347813994585418 0.0 0.00011845454301399228 0.0 0.0 0.02056762875232681 1.0459516944577116e-07 0.0 0.0 0.02916116022491229 0.0034705440230431207 0.0 0.0 0.03555260977888244 0.05141227419052491 0.0 0.0 0.01127410904412139 0.0002053902789910398 0.0 0.0 0.03740205513636547 6.031997329962268e-08 0.0 0.0 0.03219850339783985 0.0007936114946634254 0.0 0.0 0.00911482584872033 0.09563592708352717 0.0 0.0 0.020506628297078944
0.0 0.004573490131654426 0.0 0.0 0.0 0.003966598152305894 0.0 0.0 0.0 9.988597149719815e-08 0.0 0.0 0.0 0.0035237886778007772 0.0 0.0 0.0 0.0 0.006101238927017183 0.0 0.0 0.0 0.09299915682997667 0.0 0.0 0.0 0.0978267596930025 0.0 0.0 0.0 0.09248618396908817 0.0 3.867924411722737e-10 0.0 0.0 1.9777827112498047e-08 1.5563522432267343e-09 0.0 0.0 0.004421294144522315 0.006846516948323242 0.0 0.0 0.07191671359875307 0.004262984408940499 0.0 0.0 0.0006883559967265511 0.0013839649913378127 0.0 0.0 0.08350580072803698 6.672785395260027e-08 0.0 0.0 0.1375241699456538 0.014453877070629449 0.0 0.0 0.2867786075166504 0.14611671454254221 0.0 0.0 0.03961551723290011 0.0 1.4954089786565894e-07 0.0 0.0 0.0 1.323692458444034e-07 0.0 0.0 0.0 7.776818827134746e-12 0.0 0.0 0.0 1.880011286511393e-07 0.0 0.0 0.0 0.0 0.02911173749667417 0.0 0.0 0.0 0.015200296022934275 0.0 0.0 0.0 0.0805932406942784 0.0 0.0 0.0 0.04212140522399605 0.0 4.254245882641766e-09 0.0 0.0 0.012813098876166877 6.371794781840257e-13 0.0 0.0 0.03304726281373329 0.0005771872207359372 0.0 0.0 0.07254892176147328 0.029334992404169546 0.0 0.0 0.011919662779052051 1.8344009608253057e-08 0.0 0.0 0.05363950643067172 1.425869361895973e-12 0.0 0.0 0.09509908120602255 0.01680769296695296 0.0 0.0 0.4506423044761116 0.0724757941346904 0.0 0.0 0.03527698734229536 0.0 0.035444173390956714 0.0 0.0 0.0 0.018296077300029447 0.0 0.0 0.0 4.164927758934284e-07 0.0 0.0 0.0 0.016122074875796456 0.0 0.0 0.0 0.0 1.0640057881594647e-06 0.0 0.0 0.0 1.4137532858119293e-07 0.0 0.0 0.0 2.4595709853217542e-08 0.0 0.0 0.0 3.014035748805814e-07 0.0 0.0021555943639718594 0.0 0.0 0.09413641790443958 5.233705568073735e-08 0.0 0.0 0.03849945240815874 0.0012387423473126814 0.0 0.0 0.011538734748942821 0.025875856432878992 0.0 0.0 0.010402414269260805 0.006491265170851945 0.0 0.0 0.3395940598773218 1.5512977991649405e-07 0.0 0.0 0.27767992374897876 0.026597636723315166 0.0 0.0 0.3906647623339407 0.17771626340137656 0.0 0.0 0.10435889191644325 0.0 0.2493955263555755 0.0 0.0 0.0 0.14080802492748568 0.0 0.0 0.0 1.0149938772650029e-06 0.0 0.0 0.0 0.1242795895319362 0.0 0.0 0.0 0.0 0.052921846388757965 0.0 0.0 0.0 0.04603874120979684 0.0 0.0 0.0 0.005427239829030408 0.0 0.0 0.0 0.039537813659076874 0.0 0.001281467423223579 0.0 0.0 0.07261619248322938 1.1838022902557607e-07 0.0 0.0 0.09220230547334235 1.1018444621820618e-08 0.0 0.0 1.1475571502181994e-07 0.006325958338296938 0.0 0.0 0.0017195363832550642 0.0007516619132994642 0.0 0.0 0.05307362267791131 4.1695548863736966e-08 0.0 0.0 0.05542657061292831 0.0033410777638444482 0.0 0.0 0.03901279911042119 0.05237559214597961 0.0 0.0 0.014672797298120313
0.0 0.006815418290942134 0.0 0.0 0.0 0.004505351335938047 0.0 0.0 0.0 8.788314306483695e-08 0.0 0.0 0.0 0.001117114462507119 0.0 0.0 0.0 0.0 0.07581548741566305 0.0 0.0 0.0 0.013744305982228953 0.0 0.0 0.0 0.04690437161077634 0.0 0.0 0.0 0.015142769985490795 0.0 0.0017565278006857745 0.0 0.0 0.04365175190322697 4.834545852142736e-08 0.0 0.0 0.023521234150676865 0.00010993678767771228 0.0 0.0 0.00360538417419282 0.04285946976582946 0.0 0.0 0.014153472580052546 0.0025273612995995714 0.0 0.0 0.11310761573060851 2.788476175430385e-07 0.0 0.0 0.14098440316862457 0.011419305069899792 0.0 0.0 0.24255361752521779 0.03669431321257727 0.0 0.0 0.011869941213905815 0.0 3.2299762988572234e-07 0.0 0.0 0.0 1.2035108780511645e-07 0.0 0.0 0.0 3.057009359888414e-12 0.0 0.0 0.0 1.5165151189525595e-07 0.0 0.0 0.0 0.0 0.038529142738682506 0.0 0.0 0.0 0.038917049691825495 0.0 0.0 0.0 0.033875602046472275 0.0 0.0 0.0 0.06664161023992504 0.0 0.00018484010811528663 0.0 0.0 0.03879691047516465 5.546355101852539e-08 0.0 0.0 0.027428665362111575 0.001421740095540843 0.0 0.0 0.026687304382539592 0.00357949420892616 0.0 0.0 0.0008597935405479357 0.0016122394283828508 0.0 0.0 0.10363216608256932 2.3186187682652185e-08 0.0 0.0 0.08595043747069019 0.006392833209404242 0.0 0.0 0.11437814209353052 0.08318197653136196 0.0 0.0 0.028492595658271547 0.0 0.021255654918181665 0.0 0.0 0.0 0.00227743078013198 0.0 0.0 0.0 1.0412245238240209e-07 0.0 0.0 0.0 0.009211489390812972 0.0 0.0 0.0 0.0 8.813241221034436e-08 0.0 0.0 0.0 2.6870147119043948e-08 0.0 0.0 0.0 5.306196917607465e-08 0.0 0.0 0.0 5.659032831903977e-08 0.0 5.814362298015916e-09 0.0 0.0 0.005561088937326126 2.238009551043765e-14 0.0 0.0 1.1544213243689446e-08 0.0034954965158178856 0.0 0.0 0.03891563140448957 0.028674920521125077 0.0 0.0 0.009693786546051431 0.005031206584573403 0.0 0.0 0.18136684774877956 4.8730300834538626e-08 0.0 0.0 0.0281817523802752 0.008931816891625161 0.0 0.0 0.16187179013928105 0.1404970527935303 0.0 0.0 0.0555968565988779 0.0 0.12353553878740547 0.0 0.0 0.0 0.1711805022497475 0.0 0.0 0.0 0.0 0.0 0.0 0.0 0.10511198374495959 0.0 0.0 0.0 0.0 0.0153131072210429 0.0 0.0 0.0 0.04629742109229551 0.0 0.0 0.0 0.0 0.0 0.0 0.0 0.05383021093645315 0.0 0.00020346353246619042 0.0 0.0 0.04546492991809819 5.771810305166347e-08 0.0 0.0 0.053308938177995445 0.0 0.0 0.0 0.0 0.026647545489659103 0.0 0.0 0.009989712915875354 0.0011223274043449896 0.0 0.0 0.027575525272277517 8.271204556351361e-08 0.0 0.0 0.06426497140581118 0.0 0.0 0.0 0.0 0.03769325225910324 0.0 0.0 0.01040145709467551
0.0 0.00896387593888282 0.0 0.0 0.0 0.002106563385699074 0.0 0.0 0.0 6.074386971091017e-08 0.0 0.0 0.0 0.0015301341540945828 0.0 0.0 0.0 0.0 0.050234234124155314 0.0 0.0 0.0 0.029071253765885312 0.0 0.0 0.0 0.058790668878990315 0.0 0.0 0.0 0.054017621042418945 0.0 0.0008131159803814884 0.0 0.0 0.018977108481073205 5.3871296188075385e-14 0.0 0.0 5.398131678644405e-05 0.0032893557952031966 0.0 0.0 0.04172498838658671 0.023893436683894813 0.0 0.0 0.003327689697829674 0.004241375021124091 0.0 0.0 0.19133270596933738 3.854684746160726e-08 0.0 0.0 0.07859312919070956 0.007791356053792191 0.0 0.0 0.1629659856565121 0.09021839518494676 0.0 0.0 0.019206414097283207 0.0 3.7748483260947194e-07 0.0 0.0 0.0 1.7987260175702434e-07 0.0 0.0 0.0 1.7645629482730672e-12 0.0 0.0 0.0 1.7383990118815975e-07 0.0 0.0 0.0 0.0 0.019206747399064115 0.0 0.0 0.0 0.03099714104444129 0.0 0.0 0.0 0.002521797688226575 0.0 0.0 0.0 0.04732944072867053 0.0 0.00040717664448519983 0.0 0.0 0.0108873794982986 1.0295899895140214e-08 0.0 0.0 0.011959631414318469 0.0050504630689376115 0.0 0.0 0.0445777994077654 0.023224459088256603 0.0 0.0 0.001045696890915552 0.0038680363190477223 0.0 0.0 0.1303677319632443 2.4871884269641154e-07 0.0 0.0 0.12178023796286844 0.00572353550370008 0.0 0.0 0.10686385363857831 0.0739442915268898 0.0 0.0 0.019193387234338898 0.0 0.01509878327815497 0.0 0.0 0.0 0.009960536486583394 0.0 0.0 0.0 8.912187123678255e-08 0.0 0.0 0.0 0.004126814282651419 0.0 0.0 0.0 0.0 2.2061909108497592e-08 0.0 0.0 0.0 1.1615670861186277e-07 0.0 0.0 0.0 2.8371229253554856e-08 0.0 0.0 0.0 6.291649279398847e-08 0.0 4.87409061180495e-05 0.0 0.0 0.0024138362591508973 7.836819789317638e-08 0.0 0.0 0.035000485746496224 0.00012060614345224004 0.0 0.0 0.02387918122261517 1.0958878234807325e-07 0.0 0.0 2.479893399099705e-08 0.0024253774625761144 0.0 0.0 0.14475068934106342 2.1270472105572285e-07 0.0 0.0 0.1472322613977608 0.005131730433760473 0.0 0.0 0.10814957246454872 0.07897287016860434 0.0 0.0 0.026725084450516797 0.0 0.19081448794530817 0.0 0.0 0.0 0.08345621697482616 0.0 0.0 0.0 7.96388342572627e-08 0.0 0.0 0.0 0.0699337783965101 0.0 0.0 0.0 0.0 0.023186547133347668 0.0 0.0 0.0 0.03085679245061189 0.0 0.0 0.0 0.0001505680953006639 0.0 0.0 0.0 0.02139699299389707 0.0 0.00016880563196772173 0.0 0.0 0.026994913099411853 6.220936378660495e-08 0.0 0.0 0.025177799720808962 0.0019344225070814327 0.0 0.0 0.023273821519360954 0.03442641195260618 0.0 0.0 0.010767881040878452 0.0007315455115852964 0.0 0.0 0.03266611619333354 4.1063816485361007e-08 0.0 0.0 0.025246536889545278 0.00014475366333379866 0.0 0.0 0.0019525961275843212 0.019524588761497846 0.0 0.0 0.008687796163582924
0.0 0.00847302236408568 0.0 0.0 0.0 0.0038550717030834537 0.0 0.0 0.0 1.1005569225999646e-07 0.0 0.0 0.0 0.0029418723798622943 0.0 0.0 0.0 0.0 0.02093351896714102 0.0 0.0 0.0 0.05807534737504354 0.0 0.0 0.0 0.16294016865685126 0.0 0.0 0.0 0.03930750324116898 0.0 0.00195412785229689 0.0 0.0 0.0330851374120199 5.42911597600588e-08 0.0 0.0 0.03112291110912415 0.0013596334248212648 0.0 0.0 0.02535900767535342 0.006764179030288658 0.0 0.0 0.006815493815107829 0.003636667343949225 0.0 0.0 0.13649115674764126 2.67174148687393e-07 0.0 0.0 0.15243470517200122 0.009444110095067182 0.0 0.0 0.29187368374133604 0.030180852429383655 0.0 0.0 0.03673427751646899 0.0 2.6506839579785176e-07 0.0 0.0 0.0 5.639461308143125e-08 0.0 0.0 0.0 7.1863740761246204e-12 0.0 0.0 0.0 7.516330482421801e-08 0.0 0.0 0.0 0.0 0.0017855054861105584 0.0 0.0 0.0 0.00013404893211191278 0.0 0.0 0.0 0.12320923854344429 0.0 0.0 0.0 5.639461308143125e-08 0.0 0.00021909148413054902 0.0 0.0 0.0072283020616673195 3.6029518865492645e-08 0.0 0.0 0.018388210938582956 0.00585525391005448 0.0 0.0 0.06296180667307957 9.725420247508482e-05 0.0 0.0 3.679472963682796e-05 0.0018891181105979583 0.0 0.0 0.07070717006395144 3.913378595872537e-08 0.0 0.0 0.022392334708814028 0.01931511351986527 0.0 0.0 0.27963530099549155 0.02863453079508348 0.0 0.0 0.012146014852313512 0.0 0.03914833578423616 0.0 0.0 0.0 0.005160232275220623 0.0 0.0 0.0 2.3290474981679927e-07 0.0 0.0 0.0 0.01778549304910931 0.0 0.0 0.0 0.0 8.565030186273412e-08 0.0 0.0 0.0 1.0282147215060201e-06 0.0 0.0 0.0 1.3166607849084898e-07 0.0 0.0 0.0 1.6316381696727453e-07 0.0 0.00029861163135668086 0.0 0.0 0.07867757657459684 1.7295792581240732e-12 0.0 0.0 0.050991329197378275 3.48724372717906e-05 0.0 0.0 0.03462203647377261 0.08182271137047703 0.0 0.0 0.04899346272533685 0.0067224639240180606 0.0 0.0 0.28430018780975824 1.7569687116128508e-12 0.0 0.0 0.10750631485890022 0.021169660735574965 0.0 0.0 0.35332032715682027 0.23490247699505026 0.0 0.0 0.10747240634533113 0.0 0.23363491502348716 0.0 0.0 0.0 0.1460366677369336 0.0 0.0 0.0 1.005598067756747e-06 0.0 0.0 0.0 0.11071257175761635 0.0 0.0 0.0 0.0 0.08374143450661845 0.0 0.0 0.0 0.03767343236983396 0.0 0.0 0.0 0.001780261048737983 0.0 0.0 0.0 0.008244884424702396 0.0 0.00014940857612120626 0.0 0.0 0.005856412750224145 2.2335348603291576e-13 0.0 0.0 0.002239366690493282 0.0006925396411925012 0.0 0.0 0.012574390068828106 0.022920823967614582 0.0 0.0 0.003119665529604257 0.00040058758025311974 0.0 0.0 0.0444497768001371 1.3596455734464498e-08 0.0 0.0 0.059538876430620814 0.0012111632243456195 0.0 0.0 0.02465536655625483 0.08506233132573217 0.0 0.0 0.015428079819291054
0.0 0.007014817513871774 0.0 0.0 0.0 0.002663350535813469 0.0 0.0 0.0 8.465210775163259e-08 0.0 0.0 0.0 0.006207635009861513 0.0 0.0 0.0 0.0 0.04843276537093628 0.0 0.0 0.0 0.024692409143470834 0.0 0.0 0.0 0.036849811684562334 0.0 0.0 0.0 0.03618384803321722 0.0 0.0013210975950713024 0.0 0.0 0.021591357318413017 1.6771574890239303e-08 0.0 0.0 0.010893120758283083 0.005205401916748067 0.0 0.0 0.07138907372767926 0.01968123242371447 0.0 0.0 0.019259338063247068 0.001704818379100582 0.0 0.0 0.09712377848721897 8.702239732808583e-08 0.0 0.0 0.06806419656722762 0.012830395771424509 0.0 0.0 0.22810250157670192 0.05267545684039309 0.0 0.0 0.07861885122710105 0.0 9.183458493496176e-07 0.0 0.0 0.0 2.4078945179044267e-07 0.0 0.0 0.0 2.462418209071514e-12 0.0 0.0 0.0 1.5525899876935753e-07 0.0 0.0 0.0 0.0 0.024674284813874556 0.0 0.0 0.0 0.033927682004750034 0.0 0.0 0.0 0.0578940497385145 0.0 0.0 0.0 0.05657375538032401 0.0 0.00020413672399617898 0.0 0.0 0.00782318448788812 1.7021078095354444e-07 0.0 0.0 0.05271403033926581 9.703991640667353e-05 0.0 0.0 0.0012572786200763493 0.002332845694385973 0.0 0.0 0.0007515187862683026 0.004748009634243992 0.0 0.0 0.1751758275916822 8.296543985415209e-07 0.0 0.0 0.1614211355318097 0.006262300563807498 0.0 0.0 0.11167796582334454 0.050041206089258015 0.0 0.0 0.0320514265224545 0.0 0.005509403614625696 0.0 0.0 0.0 0.011464911608634793 0.0 0.0 0.0 1.342673325705027e-07 0.0 0.0 0.0 0.01876706367449883 0.0 0.0 0.0 0.0 9.5935241258434e-09 0.0 0.0 0.0 1.460575014264421e-06 0.0 0.0 0.0 5.623055713111542e-08 0.0 0.0 0.0 1.143767095052949e-06 0.0 0.000919096167648621 0.0 0.0 0.036133087616171344 9.329494657063714e-09 0.0 0.0 0.00819131052006067 0.00015765009558806596 0.0 0.0 0.007933905313238761 0.03906793193675792 0.0 0.0 0.01303262352674171 0.0028666174625147727 0.0 0.0 0.06088496634428259 1.2816099006267956e-07 0.0 0.0 0.15753081447041753 0.005922129824588577 0.0 0.0 0.1631747589333068 0.21039565041952699 0.0 0.0 0.07311285600460336 0.0 0.13363369475783984 0.0 0.0 0.0 0.15894126900356306 0.0 0.0 0.0 2.368367615986248e-06 0.0 0.0 0.0 0.1817222847743468 0.0 0.0 0.0 0.0 0.0762335787963962 0.0 0.0 0.0 0.006558653055833222 0.0 0.0 0.0 0.004112777763068143 0.0 0.0 0.0 0.0955776219664933 0.0 0.0026317726300101084 0.0 0.0 0.10606806833117338 3.4108475544023307e-12 0.0 0.0 0.027650315325724987 6.899072410113684e-05 0.0 0.0 0.001254899344242095 0.03446425828988457 0.0 0.0 0.014355411443035456 0.0014903391190689505 0.0 0.0 0.03431981569473543 7.324371504693869e-08 0.0 0.0 0.054913777898209615 0.0029600035313249507 0.0 0.0 0.06247641413549248 0.07222159392364495 0.0 0.0 0.026911552797663562
0.0 0.006681379280183681 0.0 0.0 0.0 0.003016670757748573 0.0 0.0 0.0 1.9900755548588283e-07 0.0 0.0 0.0 0.0029355604592201465 0.0 0.0 0.0 0.0 0.004755598294688985 0.0 0.0 0.0 0.03341435532793816 0.0 0.0 0.0 0.10474460608747084 0.0 0.0 0.0 0.03889753366062129 0.0 3.2410543884206876e-08 0.0 0.0 0.029996364182656034 4.2769796931199115e-13 0.0 0.0 0.02620106514005178 0.0032808950443745776 0.0 0.0 0.05562972146712473 6.124564834516739e-13 0.0 0.0 4.80392360300233e-09 0.0011394755515626868 0.0 0.0 0.11437021867607555 5.5528641388734715e-08 0.0 0.0 0.09431092164090327 0.019370009369258902 0.0 0.0 0.39243248647515516 0.029996821375564697 0.0 0.0 0.03279879196386501 0.0 3.446548803411773e-07 0.0 0.0 0.0 6.930965382123626e-07 0.0 0.0 0.0 4.40321574006372e-12 0.0 0.0 0.0 2.9965722352390307e-07 0.0 0.0 0.0 0.0 0.0345952499043421 0.0 0.0 0.0 0.01771938819615471 0.0 0.0 0.0 0.06810379498595064 0.0 0.0 0.0 0.09587172352204133 0.0 7.852403221150424e-05 0.0 0.0 0.0014624353386274067 1.4670481946522707e-08 0.0 0.0 0.009893948544526533 0.002226569059366232 0.0 0.0 0.11425839549185415 0.008362069311597201 0.0 0.0 0.00887238114354691 0.0022006700498989227 0.0 0.0 0.11860584441575053 5.632091187466252e-07 0.0 0.0 0.23395717294269794 0.013290279541637234 0.0 0.0 0.2729501661039211 0.09117047799725934 0.0 0.0 0.05729482902784969 0.0 0.039538599687679914 0.0 0.0 0.0 0.01007233153170734 0.0 0.0 0.0 4.3467569216146366e-07 0.0 0.0 0.0 0.022226336694723924 0.0 0.0 0.0 0.0 5.264791293907434e-07 0.0 0.0 0.0 1.2333296356205187e-07 0.0 0.0 0.0 2.5081272613164125e-07 0.0 0.0 0.0 2.726217580230584e-07 0.0 0.0020817748848141033 0.0 0.0 0.04679354597091618 1.8899336160564847e-08 0.0 0.0 0.006769369923312785 0.005550676763876438 0.0 0.0 0.0790688603861674 0.03379570312745733 0.0 0.0 0.010549953289383266 0.006835828362056144 0.0 0.0 0.3755789298025368 3.7778821127732787e-07 0.0 0.0 0.1924152030520833 0.023896805869654286 0.0 0.0 0.6238839573385344 0.2791730998968899 0.0 0.0 0.12508383955692012 0.0 0.1355919315125441 0.0 0.0 0.0 0.20320046122249466 0.0 0.0 0.0 4.5213873618138336e-07 0.0 0.0 0.0 0.19786887705088302 0.0 0.0 0.0 0.0 0.07799208056636958 0.0 0.0 0.0 0.09402047073515547 0.0 0.0 0.0 0.0013946638186960638 0.0 0.0 0.0 0.049623858741829494 0.0 0.0013784827183794682 0.0 0.0 0.023073996699007813 2.1938180806349136e-07 0.0 0.0 0.12501481843660114 0.002763961016383979 0.0 0.0 0.029339346657516266 0.002050272713271843 0.0 0.0 0.0007722909232815578 0.00017007051421572241 0.0 0.0 0.02336521864900136 8.79350200119468e-08 0.0 0.0 0.1009075036079568 0.001458481502052347 0.0 0.0 0.017357450998518757 0.09211327750200518 0.0 0.0 0.023771915992054252
0.0 0.0 0.0 0.0 0.0 0.0020140142362829057 0.0 0.0 0.0 7.73902723589729e-09 0.0 0.0 0.0 0.0 0.0 0.0 0.0 0.0 0.0 0.0 0.0 0.0 0.08613556059395634 0.0 0.0 0.0 7.79531734147959e-08 0.0 0.0 0.0 0.0 0.0 0.0 0.0 0.0 0.0 3.696414114956894e-13 0.0 0.0 0.020677834614968846 6.873636833541123e-10 0.0 0.0 0.0013303380746036752 0.0 0.0 0.0 0.0 0.0 0.0 0.0 0.0 1.3587426215660585e-12 0.0 0.0 0.07743483459074053 1.3693311946077329e-08 0.0 0.0 0.029713269192132886 0.0 0.0 0.0 0.0 0.0 1.2224952277718734e-07 0.0 0.0 0.0 1.1962680216793337e-07 0.0 0.0 0.0 1.9278663609218935e-11 0.0 0.0 0.0 1.20140136359137e-07 0.0 0.0 0.0 0.0 0.02096659631551122 0.0 0.0 0.0 0.0049130139682878335 0.0 0.0 0.0 0.05173174188673721 0.0 0.0 0.0 0.0058842929611893 0.0 1.4699964453904188e-09 0.0 0.0 5.1046113071624126e-08 4.0700084062409097e-23 0.0 0.0 1.5853979774251622e-12 0.0032380017181871295 0.0 0.0 0.08781185950559195 4.535163486090816e-08 0.0 0.0 1.1768595943845165e-08 0.00028567695425092443 0.0 0.0 0.04083496664383124 2.0202005841470025e-12 0.0 0.0 0.08821798842014292 0.03625175783441861 0.0 0.0 0.8143652739033972 0.06531421174729585 0.0 0.0 0.021932440049986183 0.0 0.007256756739453021 0.0 0.0 0.0 0.04213571562621433 0.0 0.0 0.0 2.644128703874272e-07 0.0 0.0 0.0 0.004522636479013386 0.0 0.0 0.0 0.0 1.4381063891715242e-08 0.0 0.0 0.0 1.2905268444454698e-06 0.0 0.0 0.0 9.528603098737237e-08 0.0 0.0 0.0 1.2758146507908372e-08 0.0 3.306119840238838e-05 0.0 0.0 0.0012019126793720173 3.945096485269406e-08 0.0 0.0 0.0501366342338571 0.0003090354642872008 0.0 0.0 0.007535754690935835 0.000652601386647046 0.0 0.0 0.0012630856074901916 0.0013709129285409871 0.0 0.0 0.052224756752393374 2.782844193428364e-07 0.0 0.0 0.8079935547264724 0.013168456782935893 0.0 0.0 0.3825545887779066 0.05225878226821278 0.0 0.0 0.03443400351932862 0.0 0.07887875955815396 0.0 0.0 0.0 0.03934579564242617 0.0 0.0 0.0 1.0855532104062287e-06 0.0 0.0 0.0 0.0 0.0 0.0 0.0 0.0 0.0010415626807307378 0.0 0.0 0.0 1.0577261617139818e-07 0.0 0.0 0.0 0.0034810881658028365 0.0 0.0 0.0 0.0 0.0 2.9145780672295e-05 0.0 0.0 0.001062083647525864 1.038712526463756e-08 0.0 0.0 0.004793065901625757 1.1901185613034136e-13 0.0 0.0 2.267615485918409e-12 0.0 0.0 0.0 0.0 0.0002952236434471018 0.0 0.0 0.011824346708308541 3.3909481923081584e-08 0.0 0.0 0.017948403065950382 0.0012325062573796041 0.0 0.0 0.02632902736083338 0.0 0.0 0.0 0.0
0.0 0.008276206437303259 0.0 0.0 0.0 0.007216679170777012 0.0 0.0 0.0 3.025582426093958e-08 0.0 0.0 0.0 0.008717105674814074 0.0 0.0 0.0 0.0 0.046981081598522545 0.0 0.0 0.0 0.12561996044443421 0.0 0.0 0.0 0.09874134162229221 0.0 0.0 0.0 0.033848273109828166 0.0 6.597921802499347e-05 0.0 0.0 0.03983063760805566 5.470526336812937e-08 0.0 0.0 0.01331251030383041 0.002398506460340206 0.0 0.0 0.02478622044112268 0.024478233576135273 0.0 0.0 0.00810162580685036 0.002570541370504313 0.0 0.0 0.10196119109114413 2.1324673926631972e-07 0.0 0.0 0.1533790381142882 0.003026381530611894 0.0 0.0 0.07073315701336373 0.20356929733281123 0.0 0.0 0.07073532981578201 0.0 4.040039607685592e-07 0.0 0.0 0.0 1.4170163416535526e-07 0.0 0.0 0.0 2.641765152462897e-12 0.0 0.0 0.0 2.887027464242718e-07 0.0 0.0 0.0 0.0 0.0025109861196228682 0.0 0.0 0.0 0.09952535342365804 0.0 0.0 0.0 0.11732915692226065 0.0 0.0 0.0 0.07739474426830262 0.0 0.0018154623676485764 0.0 0.0 0.029300272939205677 2.500165966960646e-08 0.0 0.0 0.05079050728343549 0.010570691236418048 0.0 0.0 0.14779114119403 0.08135720503162172 0.0 0.0 0.03861161986388075 0.0032048299362507715 0.0 0.0 0.11293227262597742 1.2873690241117334e-07 0.0 0.0 0.09929089050715405 0.009935496013820145 0.0 0.0 0.16366619860882822 0.1396424442156605 0.0 0.0 0.06236497256489822 0.0 0.024863950495507662 0.0 0.0 0.0 0.007208407412574057 0.0 0.0 0.0 2.390563109368948e-07 0.0 0.0 0.0 0.0139990251337327 0.0 0.0 0.0 0.0 2.468365089909485e-08 0.0 0.0 0.0 1.7420434206360302e-06 0.0 0.0 0.0 1.0368422493362795e-08 0.0 0.0 0.0 9.980553982622133e-07 0.0 0.002179412216962319 0.0 0.0 0.05912033547515711 3.819971779707835e-08 0.0 0.0 0.023347056657029738 0.005192236490196211 0.0 0.0 0.06912895625541718 0.05241145498833851 0.0 0.0 0.011008654719587568 0.013187305494219249 0.0 0.0 0.20017742761983526 2.533851782312993e-07 0.0 0.0 0.11920673029474572 0.01167929461622317 0.0 0.0 0.1636063098678736 0.11018659227732847 0.0 0.0 0.11192173081094697 0.0 0.2797346148188949 0.0 0.0 0.0 0.2734171706562914 0.0 0.0 0.0 2.5058361153277145e-06 0.0 0.0 0.0 0.2723983832511731 0.0 0.0 0.0 0.0 0.06944994653691924 0.0 0.0 0.0 0.12395152596766586 0.0 0.0 0.0 0.006317636089431056 0.0 0.0 0.0 0.09539569416845009 0.0 0.0012409065358871326 0.0 0.0 0.047156768109193885 1.739554232566888e-08 0.0 0.0 0.011847619619313321 0.0007512217584780871 0.0 0.0 0.02558865183734273 0.08445774627168298 0.0 0.0 0.03559677807453868 0.0009543692350357101 0.0 0.0 0.050756078742067834 5.916024409272925e-08 0.0 0.0 0.08999770050983058 0.0025177939920376004 0.0 0.0 0.06466500914837262 0.12944970086889618 0.0 0.0 0.03168001866681259
0.0 0.00913192486443816 0.0 0.0 0.0 0.0024786820165777035 0.0 0.0 0.0 7.931249103502441e-08 0.0 0.0 0.0 0.0009566658578550484 0.0 0.0 0.0 0.0 0.04934968520945822 0.0 0.0 0.0 0.060997181923746036 0.0 0.0 0.0 0.08315073460874366 0.0 0.0 0.0 0.013433103765475502 0.0 4.744698756361082e-05 0.0 0.0 0.008111297222701123 1.3093506569874755e-09 0.0 0.0 0.0005230338649378661 0.00036892119650371535 0.0 0.0 0.024051289114967282 0.028007402569940526 0.0 0.0 0.017314252252831314 0.001493501886851756 0.0 0.0 0.11837321822615117 1.3695912386202765e-07 0.0 0.0 0.0914235259239006 0.012573951326216028 0.0 0.0 0.2217846608358789 0.02146402213124935 0.0 0.0 0.012078090621230286 0.0 3.25372171849635e-07 0.0 0.0 0.0 4.3293710655998414e-08 0.0 0.0 0.0 1.8939936688821183e-12 0.0 0.0 0.0 8.695929664032175e-08 0.0 0.0 0.0 0.0 0.00341748954537192 0.0 0.0 0.0 0.024265483678179114 0.0 0.0 0.0 0.06355879805324784 0.0 0.0 0.0 0.05264979814902047 0.0 0.0034077822720726203 0.0 0.0 0.049339818271985 1.2964485687293974e-08 0.0 0.0 0.0049092072736130095 0.0017304810976700345 0.0 0.0 0.051814545351142875 0.060755171148218316 0.0 0.0 0.026426436367405194 0.002678005271118748 0.0 0.0 0.12766365366444385 7.776623801395688e-08 0.0 0.0 0.03299419982282817 0.002895991508209687 0.0 0.0 0.09759177078452691 0.061999410754871434 0.0 0.0 0.01576068341787927 0.0 0.006963890789544142 0.0 0.0 0.0 0.0060417149706008776 0.0 0.0 0.0 1.2992174961090386e-07 0.0 0.0 0.0 0.012021298083417174 0.0 0.0 0.0 0.0 1.589526670966034e-08 0.0 0.0 0.0 6.486085148595142e-07 0.0 0.0 0.0 3.3684509304568814e-08 0.0 0.0 0.0 1.0887877372511489e-07 0.0 3.5466104516582864e-05 0.0 0.0 0.020793503169819972 5.0157758063903237e-08 0.0 0.0 0.026808127979405096 0.0013642043547616018 0.0 0.0 0.030988712306856406 0.049754531320910095 0.0 0.0 0.014407910563053107 0.0009955336052718004 0.0 0.0 0.06446512763416275 1.4854585342775623e-07 0.0 0.0 0.12257187173550435 0.005879310623847527 0.0 0.0 0.14827468350543957 0.1705178566615448 0.0 0.0 0.06414341848757439 0.0 0.1908345644812693 0.0 0.0 0.0 0.13537112914493007 0.0 0.0 0.0 6.080896506399459e-07 0.0 0.0 0.0 0.14684538642383502 0.0 0.0 0.0 0.0 0.02565645386869924 0.0 0.0 0.0 0.11312014053615274 0.0 0.0 0.0 5.323198196803847e-09 0.0 0.0 0.0 0.022954633479426875 0.0 0.002507883730009183 0.0 0.0 0.053688228205320446 2.3333511996403935e-09 0.0 0.0 0.012648675633383883 0.0008862944729300307 0.0 0.0 0.01609238229605209 0.005707312433713229 0.0 0.0 0.002941128572952581 0.0014017321939576444 0.0 0.0 0.03675626151601761 2.5590912228058167e-08 0.0 0.0 0.04970515075654314 0.0006604568224449744 0.0 0.0 0.013444765395251395 0.05505873025325986 0.0 0.0 0.015168908033030995
0.0 0.00223386968511314 0.0 0.0 0.0 0.0007192193680323667 0.0 0.0 0.0 5.0935350692252266e-08 0.0 0.0 0.0 0.0016257341009428372 0.0 0.0 0.0 0.0 0.004081662147706806 0.0 0.0 0.0 0.025662846612921893 0.0 0.0 0.0 0.055725735715786893 0.0 0.0 0.0 0.08717477418288685 0.0 8.32163548496761e-15 0.0 0.0 2.5008726763788486e-08 1.1391500329878356e-09 0.0 0.0 0.0004379072842016235 0.00010068039570756247 0.0 0.0 0.005323309091167133 8.146186430391404e-07 0.0 0.0 0.005100904766065686 1.3822303907926704e-08 0.0 0.0 0.04657193904511365 7.844783835608439e-09 0.0 0.0 0.026067527459882844 0.0019300173577216822 0.0 0.0 0.1484702453401564 0.022479018699405766 0.0 0.0 0.0158375279044873 0.0 0.0 0.0 0.0 0.0 6.082250366617818e-08 0.0 0.0 0.0 1.974876655998367e-12 0.0 0.0 0.0 1.3893384464841972e-07 0.0 0.0 0.0 0.0 0.0 0.0 0.0 0.0 0.019867286089309207 0.0 0.0 0.0 0.019469588114462203 0.0 0.0 0.0 0.05241073731350345 0.0 0.0 0.0 0.0 0.0 1.3389961074754082e-08 0.0 0.0 0.02378180654592805 4.330565508218638e-09 0.0 0.0 0.003169335840891586 0.015348469254719901 0.0 0.0 0.024523420737123457 0.0 0.0 0.0 0.0 2.7974503719536808e-08 0.0 0.0 0.035682069741253146 0.0025634632117877603 0.0 0.0 0.10701638277274952 0.062072939716103406 0.0 0.0 0.030750578026109147 0.0 0.012040865656770936 0.0 0.0 0.0 0.007232301128292366 0.0 0.0 0.0 2.848484748413021e-07 0.0 0.0 0.0 0.015988854678035406 0.0 0.0 0.0 0.0 5.952981330877283e-07 0.0 0.0 0.0 4.958138393103069e-07 0.0 0.0 0.0 1.320412783275738e-06 0.0 0.0 0.0 2.1027109016366357e-06 0.0 1.2895676250248275e-08 0.0 0.0 0.023818994983216723 8.456628912098563e-13 0.0 0.0 0.03855214735620055 0.0012467924196381448 0.0 0.0 0.031631135511447396 0.01924289914360834 0.0 0.0 0.003388282847298892 0.0028220527329813287 0.0 0.0 0.11998000756013946 9.164310652915266e-08 0.0 0.0 0.08643373833014703 0.01868684671205137 0.0 0.0 0.39797745262187206 0.1731676933650938 0.0 0.0 0.1055352255088974 0.0 0.18095182256444325 0.0 0.0 0.0 0.08379603019844646 0.0 0.0 0.0 4.134810976243688e-06 0.0 0.0 0.0 0.052843222058751325 0.0 0.0 0.0 0.0 0.006990961263754969 0.0 0.0 0.0 0.02129242158311916 0.0 0.0 0.0 0.037430861674602724 0.0 0.0 0.0 0.004743705250097369 0.0 0.0011990522183788098 0.0 0.0 0.03740572508886479 1.350609942328074e-09 0.0 0.0 0.003306033699526821 0.006644891142985823 0.0 0.0 0.07960789669937193 5.225518465766295e-07 0.0 0.0 0.016167196705804587 0.0006514895389022046 0.0 0.0 0.03723849787051891 5.641536239399476e-08 0.0 0.0 0.023824231025366648 0.004089545211364072 0.0 0.0 0.11021646415107583 0.02528285228319644 0.0 0.0 0.006737520568248865
0.0 0.003014159500128195 0.0 0.0 0.0 0.003380622071218293 0.0 0.0 0.0 9.896875593599158e-08 0.0 0.0 0.0 0.00019446784683423236 0.0 0.0 0.0 0.0 0.058930778350292486 0.0 0.0 0.0 0.03171185760600873 0.0 0.0 0.0 0.039084258024339354 0.0 0.0 0.0 0.03475343918141732 0.0 7.993819220887032e-09 0.0 0.0 0.026531122644926294 3.180913756728464e-08 0.0 0.0 0.021498710602273662 0.003314948731662952 0.0 0.0 0.05561612880051164 2.213306859543588e-14 0.0 0.0 5.079652652239303e-10 1.8500078842725992e-08 0.0 0.0 0.06195106244569267 1.9786939271161575e-07 0.0 0.0 0.09383572947690676 0.008149070706517771 0.0 0.0 0.2699033683555567 1.0332917143856155e-07 0.0 0.0 0.002658776493324042 0.0 3.096305221882382e-07 0.0 0.0 0.0 1.6554577559690382e-07 0.0 0.0 0.0 4.3620625462311446e-12 0.0 0.0 0.0 3.0710247188840114e-07 0.0 0.0 0.0 0.0 0.024784741337894343 0.0 0.0 0.0 0.0062606861188211176 0.0 0.0 0.0 0.11039910010290545 0.0 0.0 0.0 0.011053032624887398 0.0 0.00012862999544483895 0.0 0.0 0.003659360076135039 6.594776860573668e-08 0.0 0.0 0.02206577834395206 0.0018614805915021953 0.0 0.0 0.033885298786732944 0.03907891441644604 0.0 0.0 0.003241796285275531 0.0022265757611997007 0.0 0.0 0.11962753263374161 2.1327140054950122e-07 0.0 0.0 0.1221002402072198 0.010220868507776709 0.0 0.0 0.21970112559406502 0.12978567342511796 0.0 0.0 0.04248100029820777 0.0 0.016658443713164856 0.0 0.0 0.0 0.018608352500848992 0.0 0.0 0.0 1.2129578691016593e-07 0.0 0.0 0.0 0.01772337333899046 0.0 0.0 0.0 0.0 2.3420668357456247e-07 0.0 0.0 0.0 1.599240808861783e-07 0.0 0.0 0.0 1.445716151933141e-07 0.0 0.0 0.0 2.588107969299147e-07 0.0 1.973601233244105e-08 0.0 0.0 0.03865759032463945 9.956751639659897e-09 0.0 0.0 0.03390626089373458 0.004587122927572688 0.0 0.0 0.056851130895143084 0.08353500143285934 0.0 0.0 0.030435206608703934 0.002077373347650345 0.0 0.0 0.13064027546552157 2.3250755164072944e-07 0.0 0.0 0.2859460704456422 0.019053821090644466 0.0 0.0 0.18275517073037872 0.21629358995511855 0.0 0.0 0.06568723079960956 0.0 0.14480742031824265 0.0 0.0 0.0 0.13050842006666544 0.0 0.0 0.0 5.224816768503959e-07 0.0 0.0 0.0 0.2018181357224556 0.0 0.0 0.0 0.0 0.023245197195448312 0.0 0.0 0.0 0.06594862079434653 0.0 0.0 0.0 0.09161290293328478 0.0 0.0 0.0 0.03706962110024953 0.0 0.0012817522610514094 0.0 0.0 0.03015033911062561 3.865087647608493e-09 0.0 0.0 0.008351489838428627 0.0020282190183872695 0.0 0.0 0.03947044632755829 0.0008292375705946817 0.0 0.0 0.0007648442294291267 0.0008749707916799669 0.0 0.0 0.02528104447535865 2.705604137395318e-08 0.0 0.0 0.05843894989057144 0.0008669535651652546 0.0 0.0 0.01644810510886529 0.03270048864742334 0.0 0.0 0.027671971599723174
0.0 0.0032586892310809868 0.0 0.0 0.0 0.0032783215514720783 0.0 0.0 0.0 5.668498948764726e-08 0.0 0.0 0.0 0.0055116543863307135 0.0 0.0 0.0 0.0 0.05693536201194673 0.0 0.0 0.0 0.03348938043065561 0.0 0.0 0.0 0.056148720631298145 0.0 0.0 0.0 0.06973459895978543 0.0 0.0010414529731155658 0.0 0.0 0.033962693162522595 2.1320813034951977e-08 0.0 0.0 0.031205932827205473 0.0012467460391068315 0.0 0.0 0.029038228203046357 0.003143751203818128 0.0 0.0 0.030185964062860508 0.0007755884885822037 0.0 0.0 0.054556257488493506 1.4956369802709994e-07 0.0 0.0 0.08255623766189732 0.00956009796616317 0.0 0.0 0.12980121550900836 0.04807208553243107 0.0 0.0 0.06914701088838646 0.0 6.76163463297225e-07 0.0 0.0 0.0 9.6963342590655e-07 0.0 0.0 0.0 5.04773948681625e-12 0.0 0.0 0.0 1.868178345013173e-07 0.0 0.0 0.0 0.0 0.050213888739833686 0.0 0.0 0.0 0.008368701168062515 0.0 0.0 0.0 0.01034804434305768 0.0 0.0 0.0 0.04826823132797875 0.0 0.0002590291422141198 0.0 0.0 0.003278335782028501 2.0563840426058026e-08 0.0 0.0 0.006826392821344302 0.0016747648057066134 0.0 0.0 0.05946913419180281 0.044893465713543704 0.0 0.0 0.01028698441755229 0.003739698835242091 0.0 0.0 0.16830343637083062 9.161124245019066e-07 0.0 0.0 0.43639312976812694 0.004610510721005464 0.0 0.0 0.14969261096699205 0.04037169144183812 0.0 0.0 0.044341994475929666 0.0 0.008348525356393126 0.0 0.0 0.0 0.014249250761472782 0.0 0.0 0.0 1.7709812907833213e-07 0.0 0.0 0.0 0.011468012466551276 0.0 0.0 0.0 0.0 1.9875504175841822e-08 0.0 0.0 0.0 1.7800438202340576e-07 0.0 0.0 0.0 2.0021833080963416e-06 0.0 0.0 0.0 1.8472978398528453e-06 0.0 0.0020821952660892056 0.0 0.0 0.02572140167452177 3.2620566818845237e-09 0.0 0.0 0.001332544490009392 0.0004420869830439499 0.0 0.0 0.009484548453405845 0.022349126172981026 0.0 0.0 0.008826435692936849 0.0015598629347779857 0.0 0.0 0.037553016570584505 4.6452992648184416e-07 0.0 0.0 0.24784513482470036 0.010377406037655806 0.0 0.0 0.2807538659559403 0.17705500966952412 0.0 0.0 0.0813596554116501 0.0 0.20470017128274853 0.0 0.0 0.0 0.09967032363256184 0.0 0.0 0.0 3.8135728678429686e-06 0.0 0.0 0.0 0.12313996749483888 0.0 0.0 0.0 0.0 0.022675519165203904 0.0 0.0 0.0 0.08482986783493264 0.0 0.0 0.0 0.0037395748373807926 0.0 0.0 0.0 0.029334031232998888 0.0 0.0015616813879677993 0.0 0.0 0.03610337044809017 8.007079699179137e-08 0.0 0.0 0.009759508009481476 0.0039505692717374105 0.0 0.0 0.06827327879829659 0.03056291863656744 0.0 0.0 0.004190516105422458 0.0010292128258842944 0.0 0.0 0.034990131601588474 1.771962152990424e-07 0.0 0.0 0.031535108289624185 0.0022037838581270212 0.0 0.0 0.10999153385626728 0.06303104250596255 0.0 0.0 0.013169099896757623
0.0 0.001204484911832461 0.0 0.0 0.0 0.002738808929730238 0.0 0.0 0.0 6.228050382395549e-08 0.0 0.0 0.0 0.0028278936484236157 0.0 0.0 0.0 0.0 0.0036577671251856137 0.0 0.0 0.0 0.06475773736541976 0.0 0.0 0.0 0.1378728894286223 0.0 0.0 0.0 0.13984136127316707 0.0 2.715516926460524e-15 0.0 0.0 2.92311524095525e-13 2.468174609362661e-10 0.0 0.0 0.0003849847626634895 3.384990606076113e-05 0.0 0.0 0.00044023743344614953 0.030398677087358914 0.0 0.0 0.004620443827891651 0.0003011384139217133 0.0 0.0 0.03634344394594882 4.341305752210415e-09 0.0 0.0 0.09814580194279786 0.007395043496344558 0.0 0.0 0.14480575823530795 0.16520565765346829 0.0 0.0 0.030667476084343313 0.0 2.8896273291191075e-08 0.0 0.0 0.0 1.8923623216090212e-07 0.0 0.0 0.0 4.0290210324224475e-12 0.0 0.0 0.0 1.9134308943674697e-07 0.0 0.0 0.0 0.0 0.027340624113562105 0.0 0.0 0.0 0.06257399255921724 0.0 0.0 0.0 0.06469444961795291 0.0 0.0 0.0 0.0276977352595393 0.0 7.375659661226809e-10 0.0 0.0 6.436623928520726e-08 4.455982576851667e-10 0.0 0.0 0.003371325050966678 0.0067812266035549495 0.0 0.0 0.09757040138669622 0.038427069481548504 0.0 0.0 0.0075833399595557184 0.0001433213266761661 0.0 0.0 0.014022794956866846 9.376967445660974e-08 0.0 0.0 0.10008173652704577 0.006911286427202401 0.0 0.0 0.23911097993240088 0.13622251648781147 0.0 0.0 0.03911015385155744 0.0 0.01891441322971145 0.0 0.0 0.0 0.012310340289775963 0.0 0.0 0.0 2.9790487216232135e-07 0.0 0.0 0.0 0.009628164315100201 0.0 0.0 0.0 0.0 5.5840770847990025e-08 0.0 0.0 0.0 1.3343332521575257e-07 0.0 0.0 0.0 3.0275129104568716e-07 0.0 0.0 0.0 6.499846084994715e-08 0.0 0.001691311144879997 0.0 0.0 0.09015193190945654 8.856090951829297e-08 0.0 0.0 0.03507123650434303 0.00031550124378529847 0.0 0.0 0.07222031575274031 0.025609131748249688 0.0 0.0 0.010436926903476158 0.0022268661234842815 0.0 0.0 0.219070096929166 1.6465220974521916e-07 0.0 0.0 0.20165904294253842 0.019416261921925457 0.0 0.0 0.4476361675887731 0.12634136360644627 0.0 0.0 0.03551852041418502 0.0 0.3260108281545776 0.0 0.0 0.0 0.1965045780395229 0.0 0.0 0.0 1.9683444295206772e-07 0.0 0.0 0.0 0.08466770449005702 0.0 0.0 0.0 0.0 0.004879746185014891 0.0 0.0 0.0 0.026401622972002155 0.0 0.0 0.0 0.032928801969974275 0.0 0.0 0.0 0.03538599302247628 0.0 0.0016822738457179835 0.0 0.0 0.06364405034707525 1.206438814248553e-08 0.0 0.0 0.03599463618721926 4.1181558981880496e-08 0.0 0.0 0.042696695633023224 0.04516058021175597 0.0 0.0 0.020375241261482168 0.0007263381782413159 0.0 0.0 0.0596319416583931 6.267070074046534e-08 0.0 0.0 0.07315376324363602 4.959027366276169e-09 0.0 0.0 0.007387928216340479 0.012219889744710033 0.0 0.0 0.009724763255436772
0.0 0.007587181363059433 0.0 0.0 0.0 0.009131573860702603 0.0 0.0 0.0 5.427901653028538e-08 0.0 0.0 0.0 0.002190876060343257 0.0 0.0 0.0 0.0 0.037695315608266354 0.0 0.0 0.0 0.06200793336347972 0.0 0.0 0.0 0.05914603826852452 0.0 0.0 0.0 0.11940117075055769 0.0 7.464443241124684e-05 0.0 0.0 0.03198088574602983 1.3161830926494157e-09 0.0 0.0 0.0021658290299226978 0.0021221232554789024 0.0 0.0 0.032935641646367114 0.0076091936165104375 0.0 0.0 0.005346060855927644 0.0033161060958252966 0.0 0.0 0.14233503406083736 2.1827360896952785e-07 0.0 0.0 0.18684847268027066 0.012522607153242356 0.0 0.0 0.19059242513927657 0.06580788831175008 0.0 0.0 0.022633977711340424 0.0 2.9458630219137744e-08 0.0 0.0 0.0 3.5560697511725586e-07 0.0 0.0 0.0 3.1052790752974612e-12 0.0 0.0 0.0 3.63053537678611e-07 0.0 0.0 0.0 0.0 0.02378725190573938 0.0 0.0 0.0 0.008540747856621018 0.0 0.0 0.0 0.1052265156318219 0.0 0.0 0.0 0.014351015458121643 0.0 3.4361568730697236e-10 0.0 0.0 0.0012379394910731296 2.883348093174966e-08 0.0 0.0 0.014956731437568064 0.0020273203150143622 0.0 0.0 0.015484433506619153 0.06027079002803421 0.0 0.0 0.022251376620872985 3.005472572768761e-09 0.0 0.0 0.012139637013207244 2.65790025949169e-07 0.0 0.0 0.1623261765640201 0.008508381379888928 0.0 0.0 0.16607223890545636 0.1607047227420905 0.0 0.0 0.0769054830569872 0.0 0.02867511387695059 0.0 0.0 0.0 0.005832472572887876 0.0 0.0 0.0 1.1011476159260532e-07 0.0 0.0 0.0 0.005132367253411834 0.0 0.0 0.0 0.0 6.969134820399645e-08 0.0 0.0 0.0 1.4240549363357458e-07 0.0 0.0 0.0 5.6414459151388586e-08 0.0 0.0 0.0 3.829027293731742e-08 0.0 0.0034957830479715856 0.0 0.0 0.07718964683447357 1.7541020807827125e-08 0.0 0.0 0.008835993467346598 0.0005904336601277174 0.0 0.0 0.03062027889816316 0.04305623490337124 0.0 0.0 0.007578388870118079 0.009945218316388704 0.0 0.0 0.2523427804102498 6.330945793782488e-08 0.0 0.0 0.09682589435700789 0.009690675554459212 0.0 0.0 0.18208761266445866 0.10265057244645004 0.0 0.0 0.02740670432506712 0.0 0.24198813329218802 0.0 0.0 0.0 0.13694112881173834 0.0 0.0 0.0 5.546404646349587e-08 0.0 0.0 0.0 0.1126405008310023 0.0 0.0 0.0 0.0 0.02075174269347703 0.0 0.0 0.0 0.045679796950684144 0.0 0.0 0.0 9.263230770090983e-05 0.0 0.0 0.0 0.05343988913660313 0.0 0.0011881274685318715 0.0 0.0 0.06366819217199172 1.2291867065701832e-07 0.0 0.0 0.05703725701545794 0.001778879818272915 0.0 0.0 0.033885616545480564 0.024156000087283934 0.0 0.0 0.00411505918319776 0.0008898028529048583 0.0 0.0 0.043162613698289026 3.0139799948313705e-08 0.0 0.0 0.05766055390555492 6.29642823072939e-05 0.0 0.0 0.0013447127999301161 0.05253839777778605 0.0 0.0 0.013264181508294552
0.0 0.00968358672377247 0.0 0.0 0.0 0.005203511821409883 0.0 0.0 0.0 1.0272288691081523e-07 0.0 0.0 0.0 0.002494503928561877 0.0 0.0 0.0 0.0 0.04415179064929885 0.0 0.0 0.0 0.03612447111259838 0.0 0.0 0.0 0.05795935605495341 0.0 0.0 0.0 0.0038155861918742263 0.0 0.0024314776375163696 0.0 0.0 0.04067794826703838 1.4213050810719138e-08 0.0 0.0 0.004104903927251908 0.0005163003558508296 0.0 0.0 0.025509262839562785 0.0038855957059880254 0.0 0.0 0.02490423575504522 0.008269677144076594 0.0 0.0 0.15820840890235163 2.1538998617222385e-07 0.0 0.0 0.06746240753172612 0.0069999478250211454 0.0 0.0 0.24770160218979484 0.08232335245226359 0.0 0.0 0.03310409129429809 0.0 2.8128776530756353e-07 0.0 0.0 0.0 7.295434219498156e-08 0.0 0.0 0.0 6.044108444242637e-12 0.0 0.0 0.0 2.215207306310697e-07 0.0 0.0 0.0 0.0 0.02504936217734822 0.0 0.0 0.0 0.057792561293734425 0.0 0.0 0.0 0.04215050659426134 0.0 0.0 0.0 0.006663394361207786 0.0 0.00018515836151258467 0.0 0.0 0.030997958336220398 2.3669565235348133e-09 0.0 0.0 0.0024755660657474524 0.004391670195415995 0.0 0.0 0.0877683420958641 9.872679272590847e-08 0.0 0.0 0.0021218452632822647 0.001196650828256086 0.0 0.0 0.055466113004920665 2.5145144190316922e-08 0.0 0.0 0.05262729617009853 0.009010466072225004 0.0 0.0 0.3082611110202827 0.026593492328463503 0.0 0.0 0.039884630463538635 0.0 0.016936301654175617 0.0 0.0 0.0 0.01705420744930806 0.0 0.0 0.0 3.2816764391059825e-07 0.0 0.0 0.0 0.014013567807986453 0.0 0.0 0.0 0.0 6.698698581747833e-08 0.0 0.0 0.0 1.695020026337561e-06 0.0 0.0 0.0 1.3601584862193272e-07 0.0 0.0 0.0 1.16668463875857e-06 0.0 0.0001979007005898193 0.0 0.0 0.05623844394507992 2.1570185946745414e-13 0.0 0.0 0.010183607672834574 0.0008950481690512223 0.0 0.0 0.03435115980491276 0.004232134169714697 0.0 0.0 0.0016109793359693509 0.00355761196962231 0.0 0.0 0.18649256406760095 1.4298761964976229e-07 0.0 0.0 0.3114469188580656 0.022815718562174313 0.0 0.0 0.468783387928478 0.20461593925990684 0.0 0.0 0.07658094339784607 0.0 0.10830258785071945 0.0 0.0 0.0 0.10939803220149162 0.0 0.0 0.0 2.6338109246056844e-06 0.0 0.0 0.0 0.11499048363085432 0.0 0.0 0.0 0.0 0.02718511331172105 0.0 0.0 0.0 0.03402191398543288 0.0 0.0 0.0 0.007599275133304679 0.0 0.0 0.0 0.060791048670290324 0.0 2.0385834240700848e-08 0.0 0.0 0.028904737121991396 3.24055905934183e-09 0.0 0.0 0.004142127958370598 0.00020173143601619583 0.0 0.0 0.03359915367648255 0.002855275981268165 0.0 0.0 0.0015681461065949974 0.0004272395982951925 0.0 0.0 0.023339508391477474 1.724253501343007e-07 0.0 0.0 0.040596956848834534 0.00317352246335933 0.0 0.0 0.06831920747593596 0.0332530837056832 0.0 0.0 0.012333009897355593
0.0 0.004903532593025273 0.0 0.0 0.0 0.0028654130474839203 0.0 0.0 0.0 5.975102648479648e-08 0.0 0.0 0.0 0.0030547241851252454 0.0 0.0 0.0 0.0 0.03619011436807557 0.0 0.0 0.0 0.014293161603345721 0.0 0.0 0.0 0.04590325120489232 0.0 0.0 0.0 0.1113892669079653 0.0 0.0007878985506714507 0.0 0.0 0.027686886804432702 5.7068276237608737e-08 0.0 0.0 0.03182414099939724 0.000179491771768989 0.0 0.0 0.0023504819497222355 0.0005303249614215337 0.0 0.0 0.0009670762071415567 0.002386217084245482 0.0 0.0 0.092632754182941 5.889276583897172e-08 0.0 0.0 0.07445772107627464 0.011136690297064149 0.0 0.0 0.18731113040061304 0.06540939081290131 0.0 0.0 0.024383471404684453 0.0 4.1855507458390514e-08 0.0 0.0 0.0 7.528576131223979e-08 0.0 0.0 0.0 8.800747582319273e-12 0.0 0.0 0.0 2.716734807992637e-07 0.0 0.0 0.0 0.0 0.024673009628262705 0.0 0.0 0.0 0.01390024984484187 0.0 0.0 0.0 0.026681449031988255 0.0 0.0 0.0 0.11686274617910568 0.0 3.6184395845172647e-09 0.0 0.0 4.996187125539616e-08 3.9535816297191133e-13 0.0 0.0 0.027213280118568203 0.003196827362953797 0.0 0.0 0.04345043618150639 0.030884850205594935 0.0 0.0 0.019118169869117407 0.0009995925854063093 0.0 0.0 0.015474153246360575 3.7671288858012446e-08 0.0 0.0 0.041180058870840135 0.02335057986187447 0.0 0.0 0.314789216511355 0.11621394896383891 0.0 0.0 0.046094820275645224 0.0 0.02406853840391307 0.0 0.0 0.0 0.011182713202704324 0.0 0.0 0.0 1.2156223159236765e-07 0.0 0.0 0.0 0.018077980167201656 0.0 0.0 0.0 0.0 4.873305925790766e-07 0.0 0.0 0.0 2.6250343712326204e-06 0.0 0.0 0.0 1.3446666615317674e-07 0.0 0.0 0.0 1.1267685253093996e-07 0.0 0.00044202955478062143 0.0 0.0 0.04560172745340545 3.3995181077985617e-09 0.0 0.0 0.025665104350112294 0.0006042124834711288 0.0 0.0 0.04229445326781317 0.014336549704820168 0.0 0.0 0.006684535654304269 0.0035706084038163726 0.0 0.0 0.21434456512442698 6.825558617788603e-08 0.0 0.0 0.21003059113279499 0.00553445393113721 0.0 0.0 0.19844772966376795 0.23327242062839432 0.0 0.0 0.09795005923105789 0.0 0.17880368123183313 0.0 0.0 0.0 0.19734627893038226 0.0 0.0 0.0 3.110124825101725e-06 0.0 0.0 0.0 0.20193384275084308 0.0 0.0 0.0 0.0 0.0034627469859010804 0.0 0.0 0.0 0.09683223262800233 0.0 0.0 0.0 0.05489014130931726 0.0 0.0 0.0 0.06788169785343008 0.0 0.0016345364434500744 0.0 0.0 0.02955373588465564 7.03782599203633e-08 0.0 0.0 0.09927024659157686 0.004625741345629875 0.0 0.0 0.06284661167884574 0.055853894202991645 0.0 0.0 0.042348987091943874 0.0010028433358510286 0.0 0.0 0.03242356149339629 1.0803309564353811e-07 0.0 0.0 0.05916642329300962 0.0047013350710347354 0.0 0.0 0.07866731494958662 0.061585533557920714 0.0 0.0 0.02301140439719723
0.0 0.004651018232046314 0.0 0.0 0.0 0.0016023720455780998 0.0 0.0 0.0 1.0599327040135238e-07 0.0 0.0 0.0 0.00011144267279685642 0.0 0.0 0.0 0.0 0.0022037971312909637 0.0 0.0 0.0 0.013115411156271692 0.0 0.0 0.0 0.04080724918936496 0.0 0.0 0.0 0.025315924133494767 0.0 4.790541628336085e-05 0.0 0.0 0.0024015229788900204 2.0631655152101806e-13 0.0 0.0 7.112620807084938e-08 0.0003225229506757113 0.0 0.0 0.03867040137824383 0.0004934557958058992 0.0 0.0 0.00012378462565008048 0.000991671887859035 0.0 0.0 0.08181513334285821 7.66652324251831e-08 0.0 0.0 0.04668943499932201 0.010593605388890606 0.0 0.0 0.2780503110564661 0.0036363657520309487 0.0 0.0 0.0010227100166307593 0.0 2.0915915045406306e-07 0.0 0.0 0.0 1.756853294413534e-07 0.0 0.0 0.0 6.868042339876016e-12 0.0 0.0 0.0 1.2847438973039664e-07 0.0 0.0 0.0 0.0 0.003768450259438052 0.0 0.0 0.0 0.008141787851374092 0.0 0.0 0.0 0.06250670799830199 0.0 0.0 0.0 0.021014393660541014 0.0 3.943647288111678e-14 0.0 0.0 1.4004756633847614e-12 1.7218137160749485e-10 0.0 0.0 0.004241264049152861 0.003703243402950331 0.0 0.0 0.0588665858359583 0.003714463126337256 0.0 0.0 0.0007601325808335943 0.003334625916920325 0.0 0.0 0.08500776365227918 3.645254768149142e-08 0.0 0.0 0.11043146777505176 0.014848333860076642 0.0 0.0 0.3513340568383936 0.05152593528872815 0.0 0.0 0.01509599585839819 0.0 0.015488746593505132 0.0 0.0 0.0 0.020675480572140498 0.0 0.0 0.0 2.3779530715005408e-07 0.0 0.0 0.0 0.012222983181256896 0.0 0.0 0.0 0.0 4.515884443422132e-08 0.0 0.0 0.0 1.714791137988748e-07 0.0 0.0 0.0 4.277768310438095e-08 0.0 0.0 0.0 1.4721480174236938e-07 0.0 0.00011786731217043512 0.0 0.0 0.025644079620112475 3.052401410091022e-08 0.0 0.0 0.02460216011638258 0.003014427964123304 0.0 0.0 0.04973483250195573 0.003953355182395219 0.0 0.0 0.001168471271672575 0.001198592767730278 0.0 0.0 0.17247644952250232 3.031902708304412e-07 0.0 0.0 0.38457341606780837 0.016095481345281337 0.0 0.0 0.26889549057615175 0.1323134193943333 0.0 0.0 0.06526740473040546 0.0 0.061302407625720486 0.0 0.0 0.0 0.07315331146660711 0.0 0.0 0.0 0.0 0.0 0.0 0.0 0.10158725457551965 0.0 0.0 0.0 0.0 0.03608737172238984 0.0 0.0 0.0 0.05002831868209405 0.0 0.0 0.0 0.0 0.0 0.0 0.0 0.027806118499479247 0.0 0.0005199997959206606 0.0 0.0 0.04359078992597769 5.900231188584491e-08 0.0 0.0 0.02702898142642784 0.0 0.0 0.0 0.0 0.001966141907297651 0.0 0.0 0.0010306114503810533 0.00015427584676814003 0.0 0.0 0.011863570065269734 7.31897305612317e-09 0.0 0.0 0.03401142008204193 0.0 0.0 0.0 0.0 0.03843983722091884 0.0 0.0 0.013392134324859386
0.0 0.011608568967650475 0.0 0.0 0.0 0.0012261044269557494 0.0 0.0 0.0 6.71964058101446e-08 0.0 0.0 0.0 0.0068632072696272715 0.0 0.0 0.0 0.0 0.11646597406746868 0.0 0.0 0.0 0.0005695732597720709 0.0 0.0 0.0 0.14783489805667047 0.0 0.0 0.0 0.019365557108252232 0.0 0.002990789089641488 0.0 0.0 0.07558485704361803 5.9174887797016245e-15 0.0 0.0 0.00035057355939150715 0.0029385130031543013 0.0 0.0 0.039419670637733745 0.025732670889804334 0.0 0.0 0.004845180478230389 0.003244280703679705 0.0 0.0 0.1527333804799246 6.501249814887749e-13 0.0 0.0 0.04318223004722254 0.00906411520245103 0.0 0.0 0.16337058625556783 0.1497376216343157 0.0 0.0 0.06542665038375746 0.0 3.195037597910062e-08 0.0 0.0 0.0 7.252801309369275e-07 0.0 0.0 0.0 5.055410752715191e-12 0.0 0.0 0.0 3.110609233092452e-07 0.0 0.0 0.0 0.0 0.02686076706139429 0.0 0.0 0.0 0.09541139952485475 0.0 0.0 0.0 0.10959627473892226 0.0 0.0 0.0 0.0015762585964342515 0.0 6.95512745530482e-05 0.0 0.0 0.0011780439254586554 9.671320480781968e-08 0.0 0.0 0.07194139953578713 0.0035036486805008382 0.0 0.0 0.045261941834157084 0.014864050877364617 0.0 0.0 0.0036410548999475534 0.0008614389838298664 0.0 0.0 0.01635864809838608 4.984415167986931e-07 0.0 0.0 0.3765876560324803 0.011222601452028436 0.0 0.0 0.2837003462293151 0.19473231439484395 0.0 0.0 0.057156897934473594 0.0 0.017143533330735095 0.0 0.0 0.0 0.01924078516846767 0.0 0.0 0.0 1.5181874326458015e-07 0.0 0.0 0.0 0.005769687905541205 0.0 0.0 0.0 0.0 4.265659695843482e-08 0.0 0.0 0.0 8.412545917266108e-08 0.0 0.0 0.0 1.6395007091038905e-07 0.0 0.0 0.0 7.708006086687798e-08 0.0 0.001771504665843316 0.0 0.0 0.10972319735273933 7.142827571286538e-08 0.0 0.0 0.06455671480292968 0.0007018059696130379 0.0 0.0 0.04577906948534731 0.0593935612872111 0.0 0.0 0.014414331926478825 0.007782246678284317 0.0 0.0 0.13555036307978838 3.293252786714742e-07 0.0 0.0 0.27882986550157224 0.014723469980666455 0.0 0.0 0.21076622655954644 0.1130476787206049 0.0 0.0 0.03401706955009267 0.0 0.27665043901911124 0.0 0.0 0.0 0.21297708504605117 0.0 0.0 0.0 1.487919834228855e-07 0.0 0.0 0.0 0.12934437695125156 0.0 0.0 0.0 0.0 0.027814513593640715 0.0 0.0 0.0 0.04447873083088776 0.0 0.0 0.0 0.03890892017277475 0.0 0.0 0.0 0.03720567152642945 0.0 0.0018678295825521778 0.0 0.0 0.037339986152018556 1.4019365490343755e-08 0.0 0.0 0.02410143212659396 6.287881951852063e-10 0.0 0.0 0.0009309896295947196 0.004563040944997919 0.0 0.0 0.0007410619207868969 0.0012355805160653972 0.0 0.0 0.06304798278259291 5.836818811235968e-08 0.0 0.0 0.08107052996089673 3.3062849442866306e-09 0.0 0.0 0.005488418764571885 0.03769456276494438 0.0 0.0 0.017093692361579184
0.0 0.01630715205754101 0.0 0.0 0.0 0.006447674733509399 0.0 0.0 0.0 4.2336202802336283e-08 0.0 0.0 0.0 0.004823400900043726 0.0 0.0 0.0 0.0 0.04257909934834099 0.0 0.0 0.0 0.04917888827395189 0.0 0.0 0.0 0.1340125638084328 0.0 0.0 0.0 0.059025836648338145 0.0 0.0009819244672210456 0.0 0.0 0.017316505137653312 1.0333565173526168e-08 0.0 0.0 0.014943104734936614 0.00035860552470676606 0.0 0.0 0.026481042976968253 0.021053472210648464 0.0 0.0 0.005107178470965708 0.008767180430220789 0.0 0.0 0.28289104039910784 2.1363162638777098e-07 0.0 0.0 0.17532537618580052 0.0038912761122572785 0.0 0.0 0.12213428178372036 0.15084748043984317 0.0 0.0 0.046020443872449066 0.0 1.1408545290927273e-07 0.0 0.0 0.0 9.209424356500561e-08 0.0 0.0 0.0 6.043052085315634e-12 0.0 0.0 0.0 2.3338015763001694e-07 0.0 0.0 0.0 0.0 0.006419858507305037 0.0 0.0 0.0 0.002651908451551922 0.0 0.0 0.0 0.07443958258255542 0.0 0.0 0.0 0.06672010930335076 0.0 0.000898496302778258 0.0 0.0 0.0298711891450511 6.735407067314099e-09 0.0 0.0 0.008149246668173862 0.0001284191090314465 0.0 0.0 0.006460704051813187 0.02461100564899689 0.0 0.0 0.016247082055591004 0.0019540055629075027 0.0 0.0 0.04282142569430185 8.666924846666049e-08 0.0 0.0 0.07116374867917177 0.009734924251971495 0.0 0.0 0.31906181648756865 0.1060535488400615 0.0 0.0 0.03226328866523215 0.0 0.019161517053521596 0.0 0.0 0.0 0.008291966061875784 0.0 0.0 0.0 2.282726112481781e-07 0.0 0.0 0.0 0.006800576491481361 0.0 0.0 0.0 0.0 4.6114712982305373e-08 0.0 0.0 0.0 4.784562941026435e-08 0.0 0.0 0.0 8.320945824940691e-08 0.0 0.0 0.0 9.344505646062306e-08 0.0 0.0023187468145700243 0.0 0.0 0.07068854215177552 5.041566839834516e-10 0.0 0.0 0.028051078515615994 0.004668155372683593 0.0 0.0 0.07046321951422527 0.02616905872301034 0.0 0.0 0.0060934280044090275 0.007923503999883735 0.0 0.0 0.18678545640782437 7.349387722076937e-08 0.0 0.0 0.16856955682333655 0.01547290750883941 0.0 0.0 0.3602033972600639 0.13007885455597368 0.0 0.0 0.03577071202456073 0.0 0.24135119498336763 0.0 0.0 0.0 0.14450744596152154 0.0 0.0 0.0 0.0 0.0 0.0 0.0 0.11447096498052883 0.0 0.0 0.0 0.0 0.03115027409518485 0.0 0.0 0.0 0.06234458955940838 0.0 0.0 0.0 0.0 0.0 0.0 0.0 0.032600312097618295 0.0 0.0027525064098968843 0.0 0.0 0.0837115559076928 1.575745928293182e-08 0.0 0.0 0.06892214106821895 0.0 0.0 0.0 0.0 0.0019175917161293487 0.0 0.0 0.001042540634966387 0.0007838197709883148 0.0 0.0 0.05007609532185271 3.8352644943016813e-08 0.0 0.0 0.05208612649193347 0.0 0.0 0.0 0.0 0.03959859379075464 0.0 0.0 0.015282720024494156
0.0 0.0 0.0 0.0 0.0 0.000721754035459973 0.0 0.0 0.0 2.207408249400333e-08 0.0 0.0 0.0 0.005417544732655238 0.0 0.0 0.0 0.0 0.0 0.0 0.0 0.0 0.07836139748198001 0.0 0.0 0.0 0.061891724519701936 0.0 0.0 0.0 0.1157407325206102 0.0 0.0 0.0 0.0 0.0 5.407331065528117e-10 0.0 0.0 0.0005737430431351193 3.8428386423823555e-05 0.0 0.0 0.018313645806035273 0.02227231379742679 0.0 0.0 0.014766532225255466 0.0 0.0 0.0 0.0 1.975546605791988e-08 0.0 0.0 0.010753699750503797 0.000410508241020513 0.0 0.0 0.07003002865153275 0.09222381190817652 0.0 0.0 0.05094778017346939 0.0 1.507851871708068e-07 0.0 0.0 0.0 2.359724730819589e-07 0.0 0.0 0.0 3.362336670816152e-12 0.0 0.0 0.0 1.4107386791665485e-07 0.0 0.0 0.0 0.0 0.020527801710565074 0.0 0.0 0.0 0.030327134520531346 0.0 0.0 0.0 0.01287301972853479 0.0 0.0 0.0 0.02456291126259442 0.0 5.459770331014829e-05 0.0 0.0 0.0010376436248455136 1.284962712303059e-07 0.0 0.0 0.05033921494046953 0.002017775236743589 0.0 0.0 0.03192401690581132 0.039508637347972206 0.0 0.0 0.03681341462223478 0.0013500588214576765 0.0 0.0 0.03730349042615313 1.2636645770245864e-07 0.0 0.0 0.039880645846834546 0.017442101780671845 0.0 0.0 0.17683805863095098 0.013564892437320526 0.0 0.0 0.0362343609348069 0.0 0.019015575610813223 0.0 0.0 0.0 0.0085755330231383 0.0 0.0 0.0 7.555914322796199e-08 0.0 0.0 0.0 0.01005179264528721 0.0 0.0 0.0 0.0 1.3440414379589762e-06 0.0 0.0 0.0 2.5921709212451083e-06 0.0 0.0 0.0 2.756303402514313e-08 0.0 0.0 0.0 2.762481671308759e-06 0.0 9.093679569359552e-05 0.0 0.0 0.003539724045670111 1.5319087794470565e-13 0.0 0.0 0.005001371820303958 0.00110033414041327 0.0 0.0 0.0356759214644414 0.04861789845391717 0.0 0.0 0.03491249243671821 0.0029749524392718198 0.0 0.0 0.1250618247459101 2.1555370691850513e-07 0.0 0.0 0.16724151664633255 0.005126836062362587 0.0 0.0 0.10878116288940232 0.1248994913063283 0.0 0.0 0.08288427803367139 0.0 0.23697812812629176 0.0 0.0 0.0 0.07899334419115428 0.0 0.0 0.0 6.628620975488518e-06 0.0 0.0 0.0 0.1533982869936083 0.0 0.0 0.0 0.0 0.035435518047006544 0.0 0.0 0.0 0.05300430470422572 0.0 0.0 0.0 0.055477691825245895 0.0 0.0 0.0 0.02894392924861157 0.0 0.0006717574839014694 0.0 0.0 0.022139126317769917 1.9744620904105453e-09 0.0 0.0 0.025570925972572676 0.0051575066520600475 0.0 0.0 0.07257823632942492 0.04240647794496003 0.0 0.0 0.010948508269594603 0.0009970175985629952 0.0 0.0 0.035284039319820264 3.514764020906058e-08 0.0 0.0 0.02325261722450116 0.0077268811490567345 0.0 0.0 0.1302848992450711 0.07739947811095607 0.0 0.0 0.018408906325622323
0.0 0.003237301323358999 0.0 0.0 0.0 0.0045445817784008705 0.0 0.0 0.0 1.385013184279962e-07 0.0 0.0 0.0 0.003253321852619853 0.0 0.0 0.0 0.0 0.0032090631708688224 0.0 0.0 0.0 0.05115684639248137 0.0 0.0 0.0 0.1763924758281445 0.0 0.0 0.0 0.10237163954848023 0.0 0.0012049301131837917 0.0 0.0 0.02772538914444908 4.600280814375905e-09 0.0 0.0 0.009741328510799226 0.0005191708664701711 0.0 0.0 0.008745818470284973 0.04779443870860944 0.0 0.0 0.016761609258856166 0.0005848084250741468 0.0 0.0 0.055473863525136856 2.148534630647585e-07 0.0 0.0 0.11742773526871816 0.02022405918858921 0.0 0.0 0.34273047135762313 0.11707718730900933 0.0 0.0 0.03276554827967607 0.0 6.926410677175707e-07 0.0 0.0 0.0 6.932179338960254e-07 0.0 0.0 0.0 4.005426337715614e-12 0.0 0.0 0.0 2.3442195289050767e-07 0.0 0.0 0.0 0.0 0.06224604877885724 0.0 0.0 0.0 0.004167325741408719 0.0 0.0 0.0 0.06150461746463019 0.0 0.0 0.0 0.08953391845777009 0.0 0.00024232561019963517 0.0 0.0 0.004156251749491153 9.057875364030146e-09 0.0 0.0 0.004538727407514556 0.004685631565224125 0.0 0.0 0.029777110946748186 0.048284625878290716 0.0 0.0 0.009889569427456179 0.0027303737094347092 0.0 0.0 0.25064805246820065 6.941823310671774e-07 0.0 0.0 0.35703397320122343 0.0037711838017239017 0.0 0.0 0.08313216762181164 0.12867307702152306 0.0 0.0 0.043642319750258125 0.0 0.01765246096889022 0.0 0.0 0.0 0.014180362093478316 0.0 0.0 0.0 6.47350509125626e-08 0.0 0.0 0.0 0.010182960212492691 0.0 0.0 0.0 0.0 8.742628815394197e-08 0.0 0.0 0.0 1.92698767347365e-07 0.0 0.0 0.0 8.268427372629155e-09 0.0 0.0 0.0 5.982309537822707e-08 0.0 0.0009686683295619413 0.0 0.0 0.05642501360988799 1.744046812869721e-07 0.0 0.0 0.06675287609126297 0.0018922391854734701 0.0 0.0 0.060599690686465556 0.03699272429229186 0.0 0.0 0.02286332550339627 0.0038363630916724138 0.0 0.0 0.1497057958288786 4.6002278188510744e-07 0.0 0.0 0.23908967964627925 0.005344782136379048 0.0 0.0 0.06931624854131131 0.12906685002541313 0.0 0.0 0.0752001472495258 0.0 0.312239570006658 0.0 0.0 0.0 0.19974462530724346 0.0 0.0 0.0 8.123579580221041e-08 0.0 0.0 0.0 0.14277308823272178 0.0 0.0 0.0 0.0 0.04703749029691946 0.0 0.0 0.0 0.06306235967917571 0.0 0.0 0.0 0.00013423713799786506 0.0 0.0 0.0 0.045975517605694155 0.0 0.001020686056264831 0.0 0.0 0.0900897053579543 1.6418092421002686e-08 0.0 0.0 0.015960603727239574 0.0022730072570334068 0.0 0.0 0.041245484031351906 0.07140904157098257 0.0 0.0 0.015882591016120832 0.0004471881203066814 0.0 0.0 0.05205981652329131 8.506282933799898e-08 0.0 0.0 0.08697373261370635 9.674110807383596e-05 0.0 0.0 0.0019681270807830552 0.07545941997629885 0.0 0.0 0.0142417644064686
0.0 0.010335258455657963 0.0 0.0 0.0 0.0014220177997057728 0.0 0.0 0.0 5.013171660136527e-08 0.0 0.0 0.0 0.008775428024949633 0.0 0.0 0.0 0.0 0.13858175961598487 0.0 0.0 0.0 0.003758516042206529 0.0 0.0 0.0 0.08892272850780614 0.0 0.0 0.0 0.12228601666577692 0.0 0.00143160394938034 0.0 0.0 0.047771135821394986 1.4439223275270191e-07 0.0 0.0 0.03969051399635454 0.0030629108305021547 0.0 0.0 0.05896705233583227 0.04731847285267724 0.0 0.0 0.009463408337166666 0.005759930534470099 0.0 0.0 0.18543168934388468 6.140001454182312e-08 0.0 0.0 0.05245659079967908 0.009739767787283533 0.0 0.0 0.1312910236974389 0.21694592536104487 0.0 0.0 0.08184997090935087 0.0 2.6703869594458247e-07 0.0 0.0 0.0 9.04320767300721e-08 0.0 0.0 0.0 5.222778037647917e-12 0.0 0.0 0.0 2.34051783884746e-07 0.0 0.0 0.0 0.0 0.0057140284638182 0.0 0.0 0.0 0.04879375837829893 0.0 0.0 0.0 0.028884184276110992 0.0 0.0 0.0 0.170353128871233 0.0 3.1885477377714375e-05 0.0 0.0 0.012349512282562527 4.5612886886768616e-09 0.0 0.0 0.0014091744289481637 0.008029412995716115 0.0 0.0 0.03892460680791571 0.027773003549535914 0.0 0.0 0.017335212000804495 0.0021172966145737047 0.0 0.0 0.07711485455316507 2.7525218141559597e-08 0.0 0.0 0.04712478910436259 0.0076520777957479955 0.0 0.0 0.2084932514098661 0.13247733835770906 0.0 0.0 0.04137246088970663 0.0 0.017320624773564254 0.0 0.0 0.0 0.005088830016446756 0.0 0.0 0.0 2.6645521187671754e-07 0.0 0.0 0.0 0.02063538407365089 0.0 0.0 0.0 0.0 3.4924229671545574e-08 0.0 0.0 0.0 4.448675604344963e-07 0.0 0.0 0.0 1.2287133695317123e-06 0.0 0.0 0.0 2.0449487383638666e-07 0.0 0.00028403973757482206 0.0 0.0 0.008028849268686111 8.163927636283617e-08 0.0 0.0 0.047254437932573896 1.6516600054962492e-08 0.0 0.0 0.008340539986462205 0.04898095860245115 0.0 0.0 0.011678228676906249 0.0038773869419859107 0.0 0.0 0.11648083099924911 1.693968403939389e-08 0.0 0.0 0.09364795524974837 0.012126146769288701 0.0 0.0 0.27151533484964735 0.19699863661826328 0.0 0.0 0.11101796525462751 0.0 0.32589287056385635 0.0 0.0 0.0 0.24796807184311895 0.0 0.0 0.0 1.5964078822180202e-06 0.0 0.0 0.0 0.20823290035817152 0.0 0.0 0.0 0.0 0.06340941951150819 0.0 0.0 0.0 0.04178726374117672 0.0 0.0 0.0 0.006759010863244169 0.0 0.0 0.0 0.12568825239262685 0.0 0.004992725904400384 0.0 0.0 0.1678069759743705 1.255146052295836e-07 0.0 0.0 0.15515991081867905 0.0019043620606630834 0.0 0.0 0.034577481851820205 0.039209200345216445 0.0 0.0 0.014676819954755716 0.0020378852522669965 0.0 0.0 0.06849111158985358 1.0353759174613405e-07 0.0 0.0 0.09038766891089113 0.0005304105630721342 0.0 0.0 0.05355498268351143 0.0723919034861311 0.0 0.0 0.026440145614064416
0.0 0.00306413574823773 0.0 0.0 0.0 0.0020580330665108627 0.0 0.0 0.0 2.6907736141898146e-08 0.0 0.0 0.0 0.0022811045323396077 0.0 0.0 0.0 0.0 0.03203123334280695 0.0 0.0 0.0 0.03021729683732667 0.0 0.0 0.0 0.07032009911977218 0.0 0.0 0.0 0.02051954037930045 0.0 1.1167516364867927e-09 0.0 0.0 3.136686375333149e-08 5.8297720463581596e-08 0.0 0.0 0.036662496904956605 0.0001070465757782646 0.0 0.0 0.002422443574665378 0.005077388301914731 0.0 0.0 0.0031603769882237744 0.0009704873887585432 0.0 0.0 0.05282852883972334 1.2286503674246077e-08 0.0 0.0 0.07921946561221832 0.0041204520108526176 0.0 0.0 0.07118729481643202 0.061365111103882305 0.0 0.0 0.026122369098528386 0.0 1.4350971847071227e-08 0.0 0.0 0.0 3.1554094695754943e-07 0.0 0.0 0.0 7.011136153462587e-12 0.0 0.0 0.0 2.467816616799096e-07 0.0 0.0 0.0 0.0 0.006720355607748671 0.0 0.0 0.0 0.0087846354150457 0.0 0.0 0.0 0.023339457654180263 0.0 0.0 0.0 0.05523970933892696 0.0 0.0004965295436692705 0.0 0.0 0.018755037844320824 1.5171789183531633e-09 0.0 0.0 0.0024268130173063047 0.002803828879349038 0.0 0.0 0.054201652527755384 0.009910175551291147 0.0 0.0 0.002807360292949746 8.442101623527221e-05 0.0 0.0 0.0035751142381014282 2.4292960152073495e-07 0.0 0.0 0.1665768271862045 0.027842819205351223 0.0 0.0 0.3066528581410154 0.10574233680862104 0.0 0.0 0.03372047943388061 0.0 0.011954283365072132 0.0 0.0 0.0 0.015347598350703212 0.0 0.0 0.0 4.423399055137829e-09 0.0 0.0 0.0 0.008644775779343323 0.0 0.0 0.0 0.0 6.857848764920208e-09 0.0 0.0 0.0 5.935966009983174e-07 0.0 0.0 0.0 2.1713301360394638e-09 0.0 0.0 0.0 4.424368698967657e-09 0.0 0.000273027130174975 0.0 0.0 0.016118772356806893 5.819585743118715e-09 0.0 0.0 0.05449620222388256 0.0008868145708227277 0.0 0.0 0.02162349591336418 0.0007377033495439547 0.0 0.0 0.000476291974085189 0.0016501363428532818 0.0 0.0 0.11816113695248052 2.0198715333442409e-07 0.0 0.0 0.25610159663359466 0.00025129750439475235 0.0 0.0 0.006869858017736465 0.058447278702520436 0.0 0.0 0.020588363573280352 0.0 0.13806973621492452 0.0 0.0 0.0 0.07667821105774057 0.0 0.0 0.0 5.75712578439529e-07 0.0 0.0 0.0 0.20800663214874965 0.0 0.0 0.0 0.0 0.008678247318470228 0.0 0.0 0.0 0.05239887332484727 0.0 0.0 0.0 0.0009527915490361412 0.0 0.0 0.0 0.16054274805144242 0.0 0.0032623953765032756 0.0 0.0 0.05939785005690133 2.4043869626828314e-08 0.0 0.0 0.02343983292097775 0.0006933099947279014 0.0 0.0 0.013604390827349065 0.11136600512147941 0.0 0.0 0.030560149803307634 0.0006663023398780877 0.0 0.0 0.02697724950170108 2.979897833939689e-08 0.0 0.0 0.025271864459870317 0.0006252412372638457 0.0 0.0 0.01375516328009192 0.05417775629109222 0.0 0.0 0.027976160604874848
0.0 0.003432659898427457 0.0 0.0 0.0 0.003989719344695102 0.0 0.0 0.0 3.318441772983491e-08 0.0 0.0 0.0 0.0024072365740438768 0.0 0.0 0.0 0.0 0.06526914044790459 0.0 0.0 0.0 0.08739808939618239 0.0 0.0 0.0 0.04607997284802284 0.0 0.0 0.0 0.0517215513164434 0.0 4.694832143785462e-06 0.0 0.0 0.00033054105062189107 9.527924683968513e-08 0.0 0.0 0.06853865311323108 5.896117425846746e-10 0.0 0.0 0.0003011108532258025 0.043163870034008366 0.0 0.0 0.008816251386820349 0.0010576589614660241 0.0 0.0 0.0751865757687465 6.090836035345719e-08 0.0 0.0 0.13063592387690467 0.0057325354431077835 0.0 0.0 0.09316761804092437 0.11117693146258137 0.0 0.0 0.024849610824953062 0.0 2.345397480917445e-08 0.0 0.0 0.0 6.196770077568385e-07 0.0 0.0 0.0 1.1142138217004586e-11 0.0 0.0 0.0 4.6346352841060947e-07 0.0 0.0 0.0 0.0 0.010983162317190782 0.0 0.0 0.0 0.04764517568574937 0.0 0.0 0.0 0.024329850430153333 0.0 0.0 0.0 0.03772704456776787 0.0 0.0008114845323103925 0.0 0.0 0.0306515952309471 5.986914449304861e-09 0.0 0.0 0.020765591076508823 0.008957192079475495 0.0 0.0 0.10141327335140145 0.03325173207120045 0.0 0.0 0.009804690540456313 0.0001379703399728131 0.0 0.0 0.0058428544453742026 4.455889740625249e-07 0.0 0.0 0.31900488454300613 0.03902343646384492 0.0 0.0 0.5042555121407637 0.1808388108046214 0.0 0.0 0.0773668907908161 0.0 0.016828359597587404 0.0 0.0 0.0 0.03770788965779381 0.0 0.0 0.0 1.2709440584658712e-07 0.0 0.0 0.0 0.0103019253623478 0.0 0.0 0.0 0.0 1.1212525813006709e-08 0.0 0.0 0.0 1.2913748527663213e-07 0.0 0.0 0.0 1.699126909900434e-06 0.0 0.0 0.0 1.7163865101719856e-08 0.0 0.00018615107363823805 0.0 0.0 0.008236488609143859 1.7057504057192e-08 0.0 0.0 0.023182289378615658 0.0038442429088571288 0.0 0.0 0.0482782747715176 6.309966598179284e-09 0.0 0.0 0.0001716640016101643 0.002333419753201958 0.0 0.0 0.16612393103298304 4.813465559141185e-07 0.0 0.0 0.5686613675790563 0.007280824009431983 0.0 0.0 0.13430319336795787 0.020166356173986474 0.0 0.0 0.06621421162776403 0.0 0.23020771105856355 0.0 0.0 0.0 0.08185254091923579 0.0 0.0 0.0 1.6963508203771536e-06 0.0 0.0 0.0 0.2844299532920249 0.0 0.0 0.0 0.0 0.04490290316128867 0.0 0.0 0.0 0.0706122103631384 0.0 0.0 0.0 0.013487611705767212 0.0 0.0 0.0 0.1736268294618995 0.0 0.003921701185740753 0.0 0.0 0.11145247431830722 2.1340980041731824e-08 0.0 0.0 0.008309080776727365 1.8463812419768524e-08 0.0 0.0 0.020164690035676863 0.09419802946971605 0.0 0.0 0.041848143515902464 0.0013765683231102012 0.0 0.0 0.04398245483092032 4.17000062654386e-08 0.0 0.0 0.032934466178992455 5.1753993382883684e-08 0.0 0.0 0.06320011232946991 0.09870664583167815 0.0 0.0 0.033596753225330234
0.0 0.004270682136070743 0.0 0.0 0.0 0.0027355041989569995 0.0 0.0 0.0 3.88080232396357e-08 0.0 0.0 0.0 0.0016731146430088784 0.0 0.0 0.0 0.0 0.013443237032708446 0.0 0.0 0.0 0.0558285013220109 0.0 0.0 0.0 0.06658101734614076 0.0 0.0 0.0 0.07777144786297586 0.0 0.00021913696975173517 0.0 0.0 0.016967624458670942 6.101112025391902e-10 0.0 0.0 0.0009756581929784783 0.0053277334034047405 0.0 0.0 0.031186499818485442 0.010612238356873957 0.0 0.0 0.0019614353013770506 0.002274213633050523 0.0 0.0 0.07739025747800662 1.0161650565610826e-07 0.0 0.0 0.08366667369476057 0.005090223880540609 0.0 0.0 0.1209447901599233 0.0596862530280651 0.0 0.0 0.020143238370087708 0.0 7.952701876870892e-08 0.0 0.0 0.0 1.5399653946811826e-07 0.0 0.0 0.0 1.0681966665651514e-12 0.0 0.0 0.0 1.7351623418431403e-07 0.0 0.0 0.0 0.0 0.02112296845024001 0.0 0.0 0.0 0.0058026431609076055 0.0 0.0 0.0 0.02853267902846785 0.0 0.0 0.0 0.028813349619288605 0.0 1.9388251309425227e-14 0.0 0.0 4.7224172798174335e-08 1.6063647452501517e-10 0.0 0.0 0.003956385157183832 0.0017065745058857929 0.0 0.0 0.07235919983676865 0.02309915369556779 0.0 0.0 0.003547144620611378 0.001947983384307292 0.0 0.0 0.034211497268371256 8.122708753723802e-08 0.0 0.0 0.07616460007883935 0.002704553455099824 0.0 0.0 0.06654472073509822 0.08812955715630633 0.0 0.0 0.028258348954380258 0.0 0.014625479792749713 0.0 0.0 0.0 0.0044397418037329765 0.0 0.0 0.0 3.746988847247355e-07 0.0 0.0 0.0 0.01762144233769501 0.0 0.0 0.0 0.0 5.86976554715683e-07 0.0 0.0 0.0 3.410762155197646e-08 0.0 0.0 0.0 7.446160109653755e-07 0.0 0.0 0.0 1.5336373003318895e-06 0.0 0.000976507907926406 0.0 0.0 0.04355669392057198 1.7582545289686922e-08 0.0 0.0 0.007000882761420037 0.002521855252542563 0.0 0.0 0.03134358003738584 0.015540806445030496 0.0 0.0 0.004619476737254531 0.001994779874699721 0.0 0.0 0.11069367908988599 1.252372755104972e-07 0.0 0.0 0.07448306228859891 0.01415809991841239 0.0 0.0 0.23838822474741103 0.10433028969839996 0.0 0.0 0.11565804248790248 0.0 0.21795108887285886 0.0 0.0 0.0 0.07709624025967463 0.0 0.0 0.0 2.485829511403887e-06 0.0 0.0 0.0 0.1214755429663737 0.0 0.0 0.0 0.0 0.03430265450632881 0.0 0.0 0.0 0.043037326610306056 0.0 0.0 0.0 0.010445379654057563 0.0 0.0 0.0 0.05343294590137217 0.0 0.0007948412607720244 0.0 0.0 0.050947727564931496 5.5243149728235655e-08 0.0 0.0 0.026335321050233215 0.0015686377113274625 0.0 0.0 0.024244001068416395 0.04945601707941323 0.0 0.0 0.008055479600301403 0.0005667828911211257 0.0 0.0 0.03913236002876478 2.536354921897751e-08 0.0 0.0 0.025378759035475686 0.0036093605058490417 0.0 0.0 0.07469528693909716 0.039858647739236634 0.0 0.0 0.014134245983950453
0.0 0.0023784315038790542 0.0 0.0 0.0 0.002420213627582691 0.0 0.0 0.0 4.567852801892058e-08 0.0 0.0 0.0 0.00594359692688978 0.0 0.0 0.0 0.0 0.0008213437648107356 0.0 0.0 0.0 0.10237799899236241 0.0 0.0 0.0 0.1631308589566351 0.0 0.0 0.0 0.15664118209763983 0.0 7.647233868472704e-16 0.0 0.0 2.2985109731701392e-09 8.286166519540243e-15 0.0 0.0 0.00045767759886387914 0.0001509435304383318 0.0 0.0 0.0027001657777387857 0.03495582517803768 0.0 0.0 0.005261305938397021 1.3421218846746877e-08 0.0 0.0 0.04522730031089827 2.0375962855671653e-12 0.0 0.0 0.08845247497641964 0.005101531897711109 0.0 0.0 0.11947900195486057 0.23372249511546392 0.0 0.0 0.04774650773675824 0.0 1.3225084559171578e-07 0.0 0.0 0.0 2.555735791579e-07 0.0 0.0 0.0 7.879057322382596e-12 0.0 0.0 0.0 1.3475375113955454e-07 0.0 0.0 0.0 0.0 0.0016379310867264466 0.0 0.0 0.0 0.048127404195628457 0.0 0.0 0.0 0.10534638950676234 0.0 0.0 0.0 0.12305608023689346 0.0 0.0004461890720411165 0.0 0.0 0.029394236646906942 1.0345861565603034e-08 0.0 0.0 0.04682765554505453 0.006607233782234013 0.0 0.0 0.11524924006458344 0.005658801754599896 0.0 0.0 0.0017851912954784293 0.002547547501328284 0.0 0.0 0.06282814604078892 1.3903708922027122e-07 0.0 0.0 0.14717999179938032 0.013508692130809678 0.0 0.0 0.2435593575009178 0.1285950563453148 0.0 0.0 0.031467283409874064 0.0 0.0020026135514029757 0.0 0.0 0.0 0.010091896605991902 0.0 0.0 0.0 1.340524370524522e-07 0.0 0.0 0.0 0.02436272292936062 0.0 0.0 0.0 0.0 4.67733817643557e-09 0.0 0.0 0.0 1.0289824271527663e-07 0.0 0.0 0.0 4.667924013563583e-08 0.0 0.0 0.0 2.1666486913250094e-06 0.0 0.0029419471590015588 0.0 0.0 0.07354784762156952 2.931495813823592e-08 0.0 0.0 0.014785726548064562 0.0020201901929774928 0.0 0.0 0.06467449681996308 0.11339793196917965 0.0 0.0 0.04257471050553017 0.0006462083081754533 0.0 0.0 0.017715561281149615 2.4371503397507987e-07 0.0 0.0 0.1688303661149833 0.0061198793088466825 0.0 0.0 0.16932070944312877 0.2696090024327465 0.0 0.0 0.13117856110631543 0.0 0.4086022302216515 0.0 0.0 0.0 0.26852097408270287 0.0 0.0 0.0 2.1411646682236617e-06 0.0 0.0 0.0 0.14552396614057944 0.0 0.0 0.0 0.0 0.03324430550511598 0.0 0.0 0.0 0.05546309237019226 0.0 0.0 0.0 0.045465584988606596 0.0 0.0 0.0 0.041657437886666156 0.0 0.0028806175692083513 0.0 0.0 0.19330369452512336 9.716313509011719e-08 0.0 0.0 0.12207407465027895 0.000128314076464492 0.0 0.0 0.0021709500466982894 0.0006502472233820085 0.0 0.0 0.00014887161560022774 0.0008298454085774056 0.0 0.0 0.08754567626010307 6.561082741987189e-08 0.0 0.0 0.08663970041536839 0.002820582219710743 0.0 0.0 0.046266610102488934 0.03605995159087762 0.0 0.0 0.018094982039487742
0.0 0.00441745416220165 0.0 0.0 0.0 0.0018952524237880147 0.0 0.0 0.0 6.604731652376692e-08 0.0 0.0 0.0 0.0049164312630595 0.0 0.0 0.0 0.0 0.028201437251671707 0.0 0.0 0.0 0.013916063173344373 0.0 0.0 0.0 0.021170289672495235 0.0 0.0 0.0 0.078803766671872 0.0 0.0006010421081801079 0.0 0.0 0.02430184562055928 2.2530059179515744e-09 0.0 0.0 0.013807737722378673 0.0012045878597592582 0.0 0.0 0.008744572098039895 0.019422639278364896 0.0 0.0 0.004972875090625137 0.0026443678058252823 0.0 0.0 0.0824414313566762 1.460993831338413e-07 0.0 0.0 0.055945345311168425 0.015106739719326126 0.0 0.0 0.1819458698912457 0.08000487539737419 0.0 0.0 0.04005153758688706 0.0 1.3761686251564196e-07 0.0 0.0 0.0 3.006303696400226e-07 0.0 0.0 0.0 1.4872656969857257e-12 0.0 0.0 0.0 1.2590502717048278e-07 0.0 0.0 0.0 0.0 0.010396513478642884 0.0 0.0 0.0 0.04930573192787681 0.0 0.0 0.0 0.038954644080000135 0.0 0.0 0.0 0.018428497232182758 0.0 2.0479408959810435e-05 0.0 0.0 0.000418082903900948 2.9758246375237217e-08 0.0 0.0 0.00863299835698366 0.001677612563997668 0.0 0.0 0.059014106673859194 0.0009090871181980399 0.0 0.0 0.011576844781097497 0.0020253197876851483 0.0 0.0 0.044182498125994375 2.414471527918068e-07 0.0 0.0 0.11318979184550784 0.009543347897309075 0.0 0.0 0.09046089841050658 0.04566295106726928 0.0 0.0 0.03750855654031665 0.0 0.02920888003068565 0.0 0.0 0.0 0.005767643194090463 0.0 0.0 0.0 1.029789803327563e-07 0.0 0.0 0.0 0.00920787054743545 0.0 0.0 0.0 0.0 1.3174870299550963e-06 0.0 0.0 0.0 8.271184253666414e-08 0.0 0.0 0.0 4.964338237459517e-07 0.0 0.0 0.0 2.1210517753639535e-06 0.0 0.0003873905204737902 0.0 0.0 0.018867600760681124 8.877606141609743e-09 0.0 0.0 0.005454834499974089 0.0002583195114581352 0.0 0.0 0.021775368112324042 0.0387680200141769 0.0 0.0 0.009839421031592003 0.004778939010032299 0.0 0.0 0.23197102880132559 2.9138108764795833e-08 0.0 0.0 0.07434194856144655 0.007811227991647789 0.0 0.0 0.1698050945989259 0.10472751128848076 0.0 0.0 0.06562718135472229 0.0 0.12559804885763326 0.0 0.0 0.0 0.10942219047045448 0.0 0.0 0.0 3.8486566874794454e-06 0.0 0.0 0.0 0.1144746379515246 0.0 0.0 0.0 0.0 0.030269107254916525 0.0 0.0 0.0 0.019027363752179463 0.0 0.0 0.0 0.035225533141967115 0.0 0.0 0.0 0.0440770615179836 0.0 4.527290819581989e-05 0.0 0.0 0.02134033395199814 7.735620929074125e-08 0.0 0.0 0.0386184230178295 0.003394615411327593 0.0 0.0 0.04902342782818112 0.006250821024670271 0.0 0.0 0.022638474975401966 0.0008740411289308594 0.0 0.0 0.021523805525485325 2.9224034175860704e-08 0.0 0.0 0.032582525806453023 0.005188045796366254 0.0 0.0 0.0782936231316075 0.053752820747765453 0.0 0.0 0.01549982473185977
0.0 0.00028778789994822674 0.0 0.0 0.0 0.0 0.0 0.0 0.0 7.37157204186975e-08 0.0 0.0 0.0 0.0033747491652225624 0.0 0.0 0.0 0.0 0.029260510616075264 0.0 0.0 0.0 0.0 0.0 0.0 0.0 0.030709035615652323 0.0 0.0 0.0 0.13424679304994952 0.0 1.236888567311614e-10 0.0 0.0 0.00042114450229213375 0.0 0.0 0.0 0.0 0.002521896730949129 0.0 0.0 0.03072770211252066 0.03233447150834182 0.0 0.0 0.002121149398380858 1.7039262685154282e-09 0.0 0.0 0.00650455897990916 0.0 0.0 0.0 0.0 0.004382683155771395 0.0 0.0 0.15050263162442556 0.11868508921679419 0.0 0.0 0.03750378209387023 0.0 0.0 0.0 0.0 0.0 2.428381493335675e-07 0.0 0.0 0.0 3.7128072631996484e-12 0.0 0.0 0.0 1.2402343118335373e-07 0.0 0.0 0.0 0.0 0.0 0.0 0.0 0.0 0.013367028893835335 0.0 0.0 0.0 0.1117024525448072 0.0 0.0 0.0 0.032679283517350485 0.0 0.0 0.0 0.0 0.0 3.7399367409368e-08 0.0 0.0 0.03481219411405461 0.004508404299578817 0.0 0.0 0.05278160968765334 0.01721233530798166 0.0 0.0 0.020886705534968898 0.0 0.0 0.0 0.0 1.3932849323496112e-07 0.0 0.0 0.13419037655529958 0.011909912341691057 0.0 0.0 0.18383765938095586 0.051102651365681886 0.0 0.0 0.024014915553945543 0.0 0.01839595964625812 0.0 0.0 0.0 0.011282914290458291 0.0 0.0 0.0 1.1017821910100583e-07 0.0 0.0 0.0 0.0130254975877545 0.0 0.0 0.0 0.0 3.649058343350967e-08 0.0 0.0 0.0 6.317871280759311e-07 0.0 0.0 0.0 4.774706480868458e-07 0.0 0.0 0.0 1.6544833720062962e-07 0.0 4.624004038525928e-05 0.0 0.0 0.003301337532256884 3.4822852065297337e-09 0.0 0.0 0.008987245511615987 0.003286516420283061 0.0 0.0 0.046768477617937 0.07151790405835663 0.0 0.0 0.02156035815709875 0.002192322354442676 0.0 0.0 0.15843412306527319 1.6277299109820422e-07 0.0 0.0 0.16209906128472087 0.01111893265138077 0.0 0.0 0.1576695086165715 0.1852059883561428 0.0 0.0 0.07343012465070924 0.0 0.17553259173547076 0.0 0.0 0.0 0.14646560782738538 0.0 0.0 0.0 1.1272990444699497e-06 0.0 0.0 0.0 0.27463187837241465 0.0 0.0 0.0 0.0 0.03886581726951475 0.0 0.0 0.0 0.11683362566264133 0.0 0.0 0.0 0.01305611718911117 0.0 0.0 0.0 0.12615084526822218 0.0 0.0007711530607824615 0.0 0.0 0.11357992705518447 8.591308251055647e-09 0.0 0.0 0.0146907773331278 0.004259418633365248 0.0 0.0 0.09548317139428696 0.05170739176982262 0.0 0.0 0.021699706890512673 0.0006528934976656859 0.0 0.0 0.035337655639780974 1.5290848124065676e-08 0.0 0.0 0.0502759997272483 0.0007167174696705344 0.0 0.0 0.03237946331788126 0.0818586554487723 0.0 0.0 0.027535583463694252
0.0 0.017095479758149023 0.0 0.0 0.0 0.004802217448040479 0.0 0.0 0.0 8.809252750985713e-08 0.0 0.0 0.0 0.00404272774531465 0.0 0.0 0.0 0.0 0.04267023054823426 0.0 0.0 0.0 0.007921079397217255 0.0 0.0 0.0 0.0898475370194482 0.0 0.0 0.0 0.09009551422525919 0.0 0.0029146753466312587 0.0 0.0 0.06041792598449937 6.99753561455528e-09 0.0 0.0 0.00429572515274542 2.7768059770028153e-05 0.0 0.0 0.022891797608714844 0.032729283553012724 0.0 0.0 0.010928673279800835 0.010836356174486937 0.0 0.0 0.27531794696455836 2.0626772221365048e-07 0.0 0.0 0.10575654916970681 0.007924566679330464 0.0 0.0 0.2067103343614564 0.10569672909452947 0.0 0.0 0.042983902445674606 0.0 5.265343788131902e-07 0.0 0.0 0.0 1.1281274610606616e-07 0.0 0.0 0.0 2.2655373499016977e-12 0.0 0.0 0.0 1.7266589822190304e-07 0.0 0.0 0.0 0.0 0.06338318892874865 0.0 0.0 0.0 0.04042232769799839 0.0 0.0 0.0 0.055652246764157275 0.0 0.0 0.0 0.03684937358583745 0.0 0.00014890216579846674 0.0 0.0 0.008462942065102484 5.446347908654829e-14 0.0 0.0 0.0004928530294655956 0.0009459730183592632 0.0 0.0 0.04403986340683149 0.003648376092985897 0.0 0.0 0.0017846673830310424 0.005050399733180705 0.0 0.0 0.16850560943872636 9.831661869929362e-08 0.0 0.0 0.08186039257608456 0.004259542904258349 0.0 0.0 0.14065394277006368 0.08515465511380942 0.0 0.0 0.036263801069061644 0.0 0.014272872277410245 0.0 0.0 0.0 0.009047960356863593 0.0 0.0 0.0 2.424197277786459e-07 0.0 0.0 0.0 0.015105503148540306 0.0 0.0 0.0 0.0 3.34171133743818e-08 0.0 0.0 0.0 1.9392810721672976e-06 0.0 0.0 0.0 5.3800482019138994e-08 0.0 0.0 0.0 1.017192134587017e-06 0.0 0.0002826011002858545 0.0 0.0 0.02943342250789143 7.076442230483705e-08 0.0 0.0 0.037370460966336595 0.00582827240657214 0.0 0.0 0.08224951083071702 0.0025878642846209206 0.0 0.0 0.0009605521595484807 0.005284863014751717 0.0 0.0 0.15535251507082712 1.227104962035225e-07 0.0 0.0 0.1582057533090887 0.01339122688850405 0.0 0.0 0.26685804695290044 0.1713535726251201 0.0 0.0 0.09646832093362712 0.0 0.1801456441679343 0.0 0.0 0.0 0.19241245314572375 0.0 0.0 0.0 2.713176281321982e-06 0.0 0.0 0.0 0.1326626347431114 0.0 0.0 0.0 0.0 0.023940095237432527 0.0 0.0 0.0 0.03796976625551427 0.0 0.0 0.0 0.013212917436307224 0.0 0.0 0.0 0.07668825937361057 0.0 2.0699741395164292e-05 0.0 0.0 0.0032813900333978764 2.053238970709687e-07 0.0 0.0 0.0678240203380503 0.0027810841809491667 0.0 0.0 0.04266100893196698 0.04635639935660835 0.0 0.0 0.040709356470576906 0.000642475029393567 0.0 0.0 0.03752126465638219 1.0753431573180035e-07 0.0 0.0 0.07012080070140224 0.003268144064798464 0.0 0.0 0.060849916642664585 0.05769656511236385 0.0 0.0 0.014214138242632193
0.0 0.009261020313995835 0.0 0.0 0.0 0.003411204844616103 0.0 0.0 0.0 2.4486123169169342e-08 0.0 0.0 0.0 0.003146394282015222 0.0 0.0 0.0 0.0 0.04462218010689791 0.0 0.0 0.0 0.051191829192603816 0.0 0.0 0.0 0.0819736958797504 0.0 0.0 0.0 0.12192978901690385 0.0 0.00035377061632922534 0.0 0.0 0.006983635684152944 2.429247214208709e-13 0.0 0.0 0.0054457738918061195 0.0020854511424329737 0.0 0.0 0.03647014554983188 0.006245084932187511 0.0 0.0 0.0014063870315349652 0.0061145490554568435 0.0 0.0 0.17523177305805915 1.1570480614096776e-07 0.0 0.0 0.1340046194338384 0.0034427748015855 0.0 0.0 0.07008145120818957 0.12407288337847215 0.0 0.0 0.034279775960756556 0.0 2.569073732200686e-07 0.0 0.0 0.0 5.262969972244699e-07 0.0 0.0 0.0 5.2714042852936605e-12 0.0 0.0 0.0 3.901912823603668e-07 0.0 0.0 0.0 0.0 0.004708086230560288 0.0 0.0 0.0 0.06021188510178246 0.0 0.0 0.0 0.042615937386209744 0.0 0.0 0.0 0.06990803862570905 0.0 0.0005550319435251805 0.0 0.0 0.01447874268458623 1.84384021023085e-08 0.0 0.0 0.0391381745883939 5.201027905788811e-08 0.0 0.0 0.012545858803500471 0.05012315330216855 0.0 0.0 0.01683216432280703 0.002845420951543108 0.0 0.0 0.07443923281636873 3.445270731006054e-07 0.0 0.0 0.28875613718317816 0.010968574906802909 0.0 0.0 0.27346327725678504 0.2367332180826403 0.0 0.0 0.06302350737819797 0.0 0.022072027836772926 0.0 0.0 0.0 0.013305663055730714 0.0 0.0 0.0 1.395006692980722e-07 0.0 0.0 0.0 0.004145227031913297 0.0 0.0 0.0 0.0 5.599320244578209e-08 0.0 0.0 0.0 5.542908128318746e-07 0.0 0.0 0.0 5.15090814160376e-08 0.0 0.0 0.0 9.974495839944239e-08 0.0 0.0004759998386068268 0.0 0.0 0.0324622682888111 9.869414935317538e-08 0.0 0.0 0.08377171386046948 0.0033877486451356826 0.0 0.0 0.037424484633075586 0.03394516729423334 0.0 0.0 0.005618525993516672 0.0053872391195852855 0.0 0.0 0.18216933775791333 2.1727801697893988e-07 0.0 0.0 0.19400206742269088 0.015044045360816724 0.0 0.0 0.23522384495309162 0.0806513433707913 0.0 0.0 0.021179793865522142 0.0 0.2733940059354548 0.0 0.0 0.0 0.16072655314691747 0.0 0.0 0.0 4.840574738795071e-07 0.0 0.0 0.0 0.3158638156586985 0.0 0.0 0.0 0.0 0.009659949365506786 0.0 0.0 0.0 0.022268927508463404 0.0 0.0 0.0 0.0634873614301815 0.0 0.0 0.0 0.22773958885975773 0.0 0.00010079007325583699 0.0 0.0 0.047466892584261774 3.275940232136451e-07 0.0 0.0 0.15846174829114126 0.0009334516846132425 0.0 0.0 0.019267898045048297 0.16179476662366876 0.0 0.0 0.03155164135131663 0.0010726303890862658 0.0 0.0 0.056412817788261495 5.1164210394827185e-08 0.0 0.0 0.04664947843107117 0.0006107584977993476 0.0 0.0 0.012726817818840476 0.05641924181438279 0.0 0.0 0.03135850373080786
0.0 0.0017404504399130447 0.0 0.0 0.0 0.004944642277963037 0.0 0.0 0.0 6.026009293311676e-08 0.0 0.0 0.0 0.0008526408963988359 0.0 0.0 0.0 0.0 0.00317586159993556 0.0 0.0 0.0 0.04642335254313098 0.0 0.0 0.0 0.045355912388811134 0.0 0.0 0.0 0.035396878335238344 0.0 6.486647655944047e-15 0.0 0.0 1.9508151173097648e-08 5.321394081713861e-08 0.0 0.0 0.031070057128660702 7.085983598054298e-06 0.0 0.0 0.0033733106482457327 0.02526824250493331 0.0 0.0 0.003781422649496423 1.0761327345506532e-08 0.0 0.0 0.03628508490125847 1.3744997092036832e-07 0.0 0.0 0.041166039018109835 0.003481415069808967 0.0 0.0 0.19499077891299568 0.014073810457563276 0.0 0.0 0.003029859577554006 0.0 2.6837645302262046e-07 0.0 0.0 0.0 1.7846738085423694e-07 0.0 0.0 0.0 1.3238205503163599e-12 0.0 0.0 0.0 2.1028660333836848e-07 0.0 0.0 0.0 0.0 0.031039872333090784 0.0 0.0 0.0 0.0001461202838164254 0.0 0.0 0.0 0.011087448329739704 0.0 0.0 0.0 0.08790684829972455 0.0 0.00015429065628491323 0.0 0.0 0.0024088373372546583 6.276078141231714e-08 0.0 0.0 0.02698227698502651 2.984038464775425e-08 0.0 0.0 0.029138310114761378 0.03124417742056028 0.0 0.0 0.03310558754837147 0.005277390845094754 0.0 0.0 0.08472362208359811 1.9048747498566183e-07 0.0 0.0 0.09647545264729608 1.0015533667690676e-07 0.0 0.0 0.08337839319023006 0.03751291601445201 0.0 0.0 0.05743882369384093 0.0 0.012734942381262205 0.0 0.0 0.0 0.0041766850906585305 0.0 0.0 0.0 7.028182872154506e-07 0.0 0.0 0.0 0.036124597447383396 0.0 0.0 0.0 0.0 9.281656832529284e-07 0.0 0.0 0.0 8.565196654405675e-07 0.0 0.0 0.0 2.4111052429529924e-06 0.0 0.0 0.0 6.820107988313032e-06 0.0 2.738666272705622e-09 0.0 0.0 0.007485329207790147 2.379991097752154e-18 0.0 0.0 1.3435457045592818e-07 0.0028027302053981796 0.0 0.0 0.06184743017864754 0.0648595763733591 0.0 0.0 0.045824260723214924 0.0017404787434637514 0.0 0.0 0.14284402760550272 1.235408976545524e-12 0.0 0.0 0.07822517845505433 0.028118953444392393 0.0 0.0 0.7724577436704655 0.1812158750843257 0.0 0.0 0.20758742400142566 0.0 0.11587634366948774 0.0 0.0 0.0 0.12931969392001247 0.0 0.0 0.0 9.90643722096605e-06 0.0 0.0 0.0 0.25943378468735523 0.0 0.0 0.0 0.0 0.029283529538323087 0.0 0.0 0.0 0.10452019408393701 0.0 0.0 0.0 0.1190169324098801 0.0 0.0 0.0 0.043590577285600556 0.0 3.515609817748582e-05 0.0 0.0 0.002056026218767928 1.7321527075636628e-07 0.0 0.0 0.06773287917507224 0.0021806133764708203 0.0 0.0 0.03224493581899119 0.055898907815363844 0.0 0.0 0.0067524323104375 0.00033046403134684167 0.0 0.0 0.017224189286265307 4.707033933824476e-08 0.0 0.0 0.02803843022010495 0.012369806621763242 0.0 0.0 0.2049906502310024 0.0945662230435188 0.0 0.0 0.0341752013848293
0.0 0.0018929877939613763 0.0 0.0 0.0 0.0022481683691359376 0.0 0.0 0.0 2.362181957297227e-08 0.0 0.0 0.0 0.008480623529666175 0.0 0.0 0.0 0.0 1.165243891359182e-08 0.0 0.0 0.0 0.20145239588645947 0.0 0.0 0.0 0.001893021877082473 0.0 0.0 0.0 0.43297128080773617 0.0 4.10451824572025e-11 0.0 0.0 0.00010683692004623981 4.868871322909601e-09 0.0 0.0 0.002228519636027762 5.827312731394664e-10 0.0 0.0 0.00034546206999935396 0.04246281083918307 0.0 0.0 0.0077050143971554045 1.1529620335717112e-08 0.0 0.0 0.033646560295178346 7.064307906916741e-08 0.0 0.0 0.0792421064547496 0.001013481432013876 0.0 0.0 0.06804082688093423 0.3572612319781016 0.0 0.0 0.07792565248770783 0.0 7.551120011087607e-08 0.0 0.0 0.0 0.0 0.0 0.0 0.0 1.284892163000869e-12 0.0 0.0 0.0 0.0 0.0 0.0 0.0 0.0 0.0006810442185678932 0.0 0.0 0.0 0.0 0.0 0.0 0.0 0.02702100660977261 0.0 0.0 0.0 0.0 0.0 0.00419955945919642 0.0 0.0 0.10991173130005893 0.0 0.0 0.0 0.0 0.0027015159564684394 0.0 0.0 0.08838249166067395 0.0 0.0 0.0 0.0 0.0006196089680431568 0.0 0.0 0.02717361347209505 0.0 0.0 0.0 0.0 0.0021615855688710793 0.0 0.0 0.09361184959667142 0.0 0.0 0.0 0.0 0.0 0.0 0.0 0.0 0.0 0.001920502537690546 0.0 0.0 0.0 1.7681982450207987e-08 0.0 0.0 0.0 0.006042323683983176 0.0 0.0 0.0 0.0 0.0 0.0 0.0 0.0 2.5361875112317104e-13 0.0 0.0 0.0 1.2051154054797957e-08 0.0 0.0 0.0 3.9557613014357403e-07 0.0 0.0 0.0 0.0 0.0 4.252154712466537e-15 0.0 0.0 0.0002927447480894419 8.54076335420951e-10 0.0 0.0 3.322904476134653e-08 0.031075985844857795 0.0 0.0 0.004540940119998357 0.0 0.0 0.0 0.0 4.331425878112933e-13 0.0 0.0 0.033433160945819405 0.0007988835410680092 0.0 0.0 0.03484746087496478 0.23756982073352315 0.0 0.0 0.04158820813212097 0.0 0.6344236469185556 0.0 0.0 0.0 0.02353337992151401 0.0 0.0 0.0 3.6632245090177976e-07 0.0 0.0 0.0 0.08046741560605444 0.0 0.0 0.0 0.0 0.0521675934840528 0.0 0.0 0.0 0.0037429024896846685 0.0 0.0 0.0 0.006995664258061809 0.0 0.0 0.0 0.03802351722706439 0.0 0.0055020564351915945 0.0 0.0 0.33732207958299354 1.677682468538449e-15 0.0 0.0 0.0001290765042886911 0.000982141750779957 0.0 0.0 0.04719085365064888 0.060974559693321675 0.0 0.0 0.028744747103670032 0.0023005668814863713 0.0 0.0 0.10896912013101272 9.553853706632276e-14 0.0 0.0 0.008241049316705804 0.0003052342176472024 0.0 0.0 0.015818556264992054 0.028807067211996523 0.0 0.0 0.012507550783925736
0.0 0.0038656037628576534 0.0 0.0 0.0 0.004095259197221849 0.0 0.0 0.0 2.6913599263827665e-08 0.0 0.0 0.0 0.001957046451697081 0.0 0.0 0.0 0.0 0.034395083040735325 0.0 0.0 0.0 0.11955148627790801 0.0 0.0 0.0 0.032727024620871854 0.0 0.0 0.0 0.07833640078693792 0.0 1.9882370364862638e-14 0.0 0.0 1.5798838142941448e-08 4.793278473574901e-08 0.0 0.0 0.032631571501867684 0.0026337156278343475 0.0 0.0 0.029453349287985143 0.04320088182290291 0.0 0.0 0.006256137998275735 0.0008859151189279928 0.0 0.0 0.06693449399402299 1.6073301028587322e-07 0.0 0.0 0.0912440683598119 0.002134729499947735 0.0 0.0 0.07449263633696428 0.09528702046252127 0.0 0.0 0.02248510648026964 0.0 7.44123332796359e-08 0.0 0.0 0.0 3.5170581759760174e-07 0.0 0.0 0.0 4.630001148164976e-12 0.0 0.0 0.0 3.2644889812828053e-07 0.0 0.0 0.0 0.0 0.00034202114960261087 0.0 0.0 0.0 0.06960038337793026 0.0 0.0 0.0 0.0423747533056531 0.0 0.0 0.0 0.06498955363103376 0.0 0.001398606419423748 0.0 0.0 0.048071939807105196 2.602425288535723e-08 0.0 0.0 0.046704552484754754 0.0014481185097364692 0.0 0.0 0.04501146314994957 0.07291437073696 0.0 0.0 0.036738355447690045 0.0006447646719736971 0.0 0.0 0.020263334683162756 2.2601628498718035e-07 0.0 0.0 0.16657742496536482 0.01422093735762855 0.0 0.0 0.21518806281860822 0.18621577727228567 0.0 0.0 0.06346606332474018 0.0 0.010829064879459666 0.0 0.0 0.0 0.009117473941987324 0.0 0.0 0.0 5.679358955118072e-08 0.0 0.0 0.0 0.006480095698546584 0.0 0.0 0.0 0.0 1.6033022450277951e-09 0.0 0.0 0.0 9.860650869811368e-08 0.0 0.0 0.0 9.138416153733954e-09 0.0 0.0 0.0 2.800922017322019e-08 0.0 2.942165577514767e-05 0.0 0.0 0.003274451491002373 1.4542858153779661e-08 0.0 0.0 0.03575848097889838 0.0006662350252617702 0.0 0.0 0.009460592203536575 0.012821383413897153 0.0 0.0 0.013185696997486633 0.003844971912218881 0.0 0.0 0.12346357074544433 1.0365375824480396e-07 0.0 0.0 0.16728605170679312 0.003403679658345339 0.0 0.0 0.05719016832445194 0.07768340247203788 0.0 0.0 0.03127087569601421 0.0 0.25031525167180246 0.0 0.0 0.0 0.16409362661919297 0.0 0.0 0.0 5.3645628453939075e-08 0.0 0.0 0.0 0.17831082893495623 0.0 0.0 0.0 0.0 0.0794386141768684 0.0 0.0 0.0 0.06313546431752569 0.0 0.0 0.0 9.448924377508418e-05 0.0 0.0 0.0 0.023242863849991528 0.0 0.0019850718301938843 0.0 0.0 0.04851624364886398 9.505891829472614e-08 0.0 0.0 0.07484055575338566 0.001851810843544681 0.0 0.0 0.032037937900894084 0.009103638122987668 0.0 0.0 0.0034989583559523613 0.001129184716842614 0.0 0.0 0.04294008081703634 7.860981141919678e-08 0.0 0.0 0.051533885359172554 6.746479128423699e-05 0.0 0.0 0.0013086141466741137 0.08259278803455194 0.0 0.0 0.021494257847766155
0.0 0.0 0.0 0.0 0.0 0.0005290295771750932 0.0 0.0 0.0 6.385198335789997e-08 0.0 0.0 0.0 0.0017729380776630426 0.0 0.0 0.0 0.0 0.0 0.0 0.0 0.0 0.022606499424511036 0.0 0.0 0.0 0.045140172194935824 0.0 0.0 0.0 0.11694161426031861 0.0 0.0 0.0 0.0 0.0 7.700523377982854e-11 0.0 0.0 4.950749066854387e-05 0.0009700667641611299 0.0 0.0 0.020466423735137074 0.031847029184317345 0.0 0.0 0.007286662925554859 0.0 0.0 0.0 0.0 1.7354239163884323e-08 0.0 0.0 0.012509004428458634 0.006223671536109616 0.0 0.0 0.17705801038207689 0.03942935886498535 0.0 0.0 0.016886746799507 0.0 0.0 0.0 0.0 0.0 6.833971843544795e-08 0.0 0.0 0.0 2.6543164586686787e-12 0.0 0.0 0.0 2.204034024314275e-07 0.0 0.0 0.0 0.0 0.0 0.0 0.0 0.0 0.003212982666390055 0.0 0.0 0.0 0.08912138941094191 0.0 0.0 0.0 0.10533664624097407 0.0 0.0 0.0 0.0 0.0 4.5177932800260947e-13 0.0 0.0 0.022606529386357144 0.0005620018760896824 0.0 0.0 0.018523637292258036 0.0980243139718016 0.0 0.0 0.016177384856413946 0.0 0.0 0.0 0.0 4.220118616214906e-08 0.0 0.0 0.04556849411001183 0.002349400370222171 0.0 0.0 0.13930197951223786 0.11101271974659521 0.0 0.0 0.026389298301389762 0.0 0.008694677429941131 0.0 0.0 0.0 0.004154405987950927 0.0 0.0 0.0 2.0626567164116445e-07 0.0 0.0 0.0 0.01907009290688487 0.0 0.0 0.0 0.0 1.1093270879217583e-07 0.0 0.0 0.0 2.0156747741802122e-07 0.0 0.0 0.0 3.454256262078108e-08 0.0 0.0 0.0 1.838099051863803e-07 0.0 2.9582873727372095e-09 0.0 0.0 0.009299887796644802 2.997284945533422e-08 0.0 0.0 0.04799940808735136 0.0014422142715439907 0.0 0.0 0.03501484550306933 0.05597181099805017 0.0 0.0 0.014902221323659749 3.034175942087014e-08 0.0 0.0 0.08908746559683157 7.568790019749369e-08 0.0 0.0 0.054928053752643737 0.016810182409487354 0.0 0.0 0.23228498382412666 0.19340169955561679 0.0 0.0 0.07359457492646035 0.0 0.16830413768990257 0.0 0.0 0.0 0.19298751441346162 0.0 0.0 0.0 2.6073234470183537e-07 0.0 0.0 0.0 0.30907175020880884 0.0 0.0 0.0 0.0 0.05527623574085476 0.0 0.0 0.0 0.13007418372499369 0.0 0.0 0.0 0.030368824763015865 0.0 0.0 0.0 0.09864998812482152 0.0 0.0017891115424553488 0.0 0.0 0.1065764216447048 5.742811507034759e-08 0.0 0.0 0.066483920600048 0.00303415075254709 0.0 0.0 0.029793351666806127 0.06994988466571196 0.0 0.0 0.04304477710616796 0.0005128797747549187 0.0 0.0 0.02448179712790463 6.60240281210174e-08 0.0 0.0 0.0744770163861037 0.0005276946102875359 0.0 0.0 0.007663834179114097 0.08501310976614002 0.0 0.0 0.036763540465388427
0.0 0.014840186318030982 0.0 0.0 0.0 0.001194069887335159 0.0 0.0 0.0 1.2670932713892068e-07 0.0 0.0 0.0 0.007222367172324239 0.0 0.0 0.0 0.0 0.07088241852047085 0.0 0.0 0.0 0.005380036766288557 0.0 0.0 0.0 0.24977890194070626 0.0 0.0 0.0 0.17839095189019552 0.0 0.001212491216098498 0.0 0.0 0.10149203422396148 7.642181946311479e-13 0.0 0.0 1.000639704800264e-06 0.0025117206634217015 0.0 0.0 0.0284727524646024 0.002049180106272889 0.0 0.0 0.0007891334161040327 0.005929253063582871 0.0 0.0 0.21236154453679335 3.015294414195593e-08 0.0 0.0 0.04426460353783039 0.019031005589503814 0.0 0.0 0.4119618664205803 0.2473937196736636 0.0 0.0 0.07255205759011224 0.0 2.4914394120734066e-07 0.0 0.0 0.0 2.1754886004971822e-07 0.0 0.0 0.0 2.6225174332972825e-12 0.0 0.0 0.0 2.0639484762614819e-07 0.0 0.0 0.0 0.0 0.03738461341925926 0.0 0.0 0.0 0.1655811988966347 0.0 0.0 0.0 0.03746771610954204 0.0 0.0 0.0 0.01179247979383538 0.0 0.0006156433661569084 0.0 0.0 0.11658012495765577 5.05392694150547e-09 0.0 0.0 0.0026097446478134025 0.0008374807693222574 0.0 0.0 0.00965083480220827 0.03853909786536703 0.0 0.0 0.00945993844429454 0.000868898539275284 0.0 0.0 0.09874917549804778 1.4129088299414485e-07 0.0 0.0 0.13684713847108543 0.006733525871047856 0.0 0.0 0.09782966539985884 0.1991238675565531 0.0 0.0 0.04612285585430589 0.0 0.028476591520552864 0.0 0.0 0.0 0.010850754997447929 0.0 0.0 0.0 6.939381903647377e-08 0.0 0.0 0.0 0.008995505230990426 0.0 0.0 0.0 0.0 1.128814961795903e-06 0.0 0.0 0.0 6.27937962563136e-08 0.0 0.0 0.0 2.2099986733705158e-08 0.0 0.0 0.0 5.6966636978729716e-08 0.0 0.0066547809192024875 0.0 0.0 0.12593307058088493 7.207597608616984e-09 0.0 0.0 0.005011674892021971 0.006603093574533071 0.0 0.0 0.11553763739316844 0.03362908915031188 0.0 0.0 0.012358628224281609 0.0070043500037046446 0.0 0.0 0.2894877470244986 2.849786328262583e-07 0.0 0.0 0.18749617906997237 0.003083311325584517 0.0 0.0 0.07813483015237717 0.19503236530309834 0.0 0.0 0.055022801033884246 0.0 0.4636660969383485 0.0 0.0 0.0 0.24018096578562825 0.0 0.0 0.0 1.0006404690184583e-06 0.0 0.0 0.0 0.032734486578072895 0.0 0.0 0.0 0.0 0.030208593955705788 0.0 0.0 0.0 0.00733157145002563 0.0 0.0 0.0 0.00922788296133053 0.0 0.0 0.0 0.0021845170091732338 0.0 0.00024343536467846618 0.0 0.0 0.01444122027382107 1.0512651480104334e-07 0.0 0.0 0.13149091363731222 9.26542514599023e-05 0.0 0.0 0.0005575717827615651 0.005065319834157982 0.0 0.0 0.0404767853891351 0.001896560412066412 0.0 0.0 0.09962098487378683 9.927900786892087e-08 0.0 0.0 0.07855401358531651 0.005287382514828655 0.0 0.0 0.035673248834017596 0.015749910453093777 0.0 0.0 0.005468462706101529
0.0 0.007304036641527281 0.0 0.0 0.0 0.005696951430559669 0.0 0.0 0.0 3.2690352921653734e-08 0.0 0.0 0.0 0.004978217500929034 0.0 0.0 0.0 0.0 0.03690087474234226 0.0 0.0 0.0 0.1700677146448586 0.0 0.0 0.0 0.004064402945056849 0.0 0.0 0.0 0.12539539378901576 0.0 0.002950408410408528 0.0 0.0 0.03458919609008446 7.742605854869845e-09 0.0 0.0 0.005318932579883987 0.00011920503586905822 0.0 0.0 0.002265976277561446 0.015912987180080707 0.0 0.0 0.0040697061639266415 0.002727219581585124 0.0 0.0 0.1090057274755981 3.986031818674969e-07 0.0 0.0 0.2058709208820016 0.002060989306093599 0.0 0.0 0.088228125215839 0.19604623601578072 0.0 0.0 0.040552385233358634 0.0 6.459812686018213e-07 0.0 0.0 0.0 3.529720121297012e-07 0.0 0.0 0.0 1.4041132674338071e-11 0.0 0.0 0.0 1.3677656910575395e-07 0.0 0.0 0.0 0.0 0.0079518705065914 0.0 0.0 0.0 0.03835684608802373 0.0 0.0 0.0 0.058996568768869134 0.0 0.0 0.0 0.01858519080557341 0.0 0.0019712595169996227 0.0 0.0 0.03941057767242904 1.335932790373137e-09 0.0 0.0 0.004667812051691823 0.009344633947094918 0.0 0.0 0.16830467476028357 0.017273269069421643 0.0 0.0 0.012772117903138019 0.006528281735096061 0.0 0.0 0.2343535589999339 2.2325133691610406e-07 0.0 0.0 0.19882159297793475 0.023758684611597237 0.0 0.0 0.6102440211350698 0.039986393184595646 0.0 0.0 0.008121623731475056 0.0 0.009182048847238479 0.0 0.0 0.0 0.03021152676895613 0.0 0.0 0.0 1.2370537586776193e-07 0.0 0.0 0.0 0.006026072490279248 0.0 0.0 0.0 0.0 4.878216025637678e-08 0.0 0.0 0.0 5.51291276506523e-07 0.0 0.0 0.0 8.797794813904904e-08 0.0 0.0 0.0 3.225601316026069e-12 0.0 4.826832080502476e-10 0.0 0.0 4.91549841221266e-08 1.0555110673978902e-07 0.0 0.0 0.10139073920031856 5.262505909450838e-09 0.0 0.0 0.004064387237362294 0.03325474424589488 0.0 0.0 0.004960226475830971 0.0007563266481069943 0.0 0.0 0.08680025755559981 4.4090931258696973e-07 0.0 0.0 0.5939371223098259 0.009182117039056515 0.0 0.0 0.22860010745468343 0.15390086616460696 0.0 0.0 0.04370491929709452 0.0 0.3199416546512391 0.0 0.0 0.0 0.08574599781563805 0.0 0.0 0.0 5.316448405811749e-07 0.0 0.0 0.0 0.12806716057465034 0.0 0.0 0.0 0.0 0.020373625449326766 0.0 0.0 0.0 0.03359290421818498 0.0 0.0 0.0 0.08060919791881256 0.0 0.0 0.0 0.004495859756103431 0.0 0.0016956950377950489 0.0 0.0 0.08223084381380319 3.322129504142749e-09 0.0 0.0 0.002025206946817479 0.00018958795713433851 0.0 0.0 0.0022810542478530903 0.046089165030499146 0.0 0.0 0.013964887997886435 0.00135004685069432 0.0 0.0 0.05810179155100599 1.7203349019787342e-08 0.0 0.0 0.023743967700040294 0.0007645486524981576 0.0 0.0 0.012893811049634146 0.031291683795488356 0.0 0.0 0.017938071522304484
0.0 0.0036734155546381065 0.0 0.0 0.0 0.0018266593708582918 0.0 0.0 0.0 1.198894243719571e-08 0.0 0.0 0.0 0.0037849738875067257 0.0 0.0 0.0 0.0 0.02223121467317538 0.0 0.0 0.0 0.10848883415927645 0.0 0.0 0.0 0.02740045408597628 0.0 0.0 0.0 0.17013546129839527 0.0 0.00012356613552770332 0.0 0.0 0.002549439282169649 1.689248454819703e-08 0.0 0.0 0.033345032357006324 6.54446106679126e-05 0.0 0.0 0.0007411437439428952 0.0051167647230371495 0.0 0.0 0.0009660690439826676 0.0024666179657793154 0.0 0.0 0.06379054462070397 2.9049584831775037e-08 0.0 0.0 0.04600902463477787 0.0004428689610363703 0.0 0.0 0.034573275430763536 0.1255502039113531 0.0 0.0 0.042174120653037016 0.0 7.662248114518202e-08 0.0 0.0 0.0 1.2090018610427877e-07 0.0 0.0 0.0 2.858939921567535e-12 0.0 0.0 0.0 2.0375505129696214e-07 0.0 0.0 0.0 0.0 0.011831187485857635 0.0 0.0 0.0 0.053258754235774364 0.0 0.0 0.0 0.017667906760816678 0.0 0.0 0.0 0.015635863222169408 0.0 0.001235837102107507 0.0 0.0 0.022087066614984243 6.848758156433034e-08 0.0 0.0 0.06554057370430194 0.005644384140140726 0.0 0.0 0.14444187659637442 0.013483135205218662 0.0 0.0 0.0036793307018347433 0.0012623916977638897 0.0 0.0 0.026806639298135003 4.90746811453068e-08 0.0 0.0 0.07087003006146322 0.0067684442294687055 0.0 0.0 0.17320498178765242 0.09204317805262593 0.0 0.0 0.03321628611642357 0.0 0.0026611794816594645 0.0 0.0 0.0 0.004032792811276807 0.0 0.0 0.0 3.286783579748504e-08 0.0 0.0 0.0 0.008776789135973876 0.0 0.0 0.0 0.0 4.364496218880376e-13 0.0 0.0 0.0 5.7912406765710154e-08 0.0 0.0 0.0 9.26588833150331e-09 0.0 0.0 0.0 4.0435368931537846e-07 0.0 1.5488666841105058e-14 0.0 0.0 4.3163730770558527e-08 4.087031485541526e-08 0.0 0.0 0.024921398674351253 5.328995297511956e-05 0.0 0.0 0.002712327521673039 0.011212010183009703 0.0 0.0 0.0021718926686204237 9.265794135825676e-09 0.0 0.0 0.028950367499028417 9.378168121388376e-09 0.0 0.0 0.06588049858547633 0.0012928030618256032 0.0 0.0 0.05916473615113154 0.23874214611479858 0.0 0.0 0.05521275165055525 0.0 0.3219212925580447 0.0 0.0 0.0 0.08827175120257612 0.0 0.0 0.0 4.2667282826939987e-07 0.0 0.0 0.0 0.16956852188000632 0.0 0.0 0.0 0.0 0.008845074629349374 0.0 0.0 0.0 0.08643652433190052 0.0 0.0 0.0 0.0013245311040033555 0.0 0.0 0.0 0.08552435859328497 0.0 0.002921147603594963 0.0 0.0 0.10543141673308827 1.0498247502049942e-07 0.0 0.0 0.05022105320751636 0.0021375570216041763 0.0 0.0 0.043968815690154865 0.05118236605518223 0.0 0.0 0.01543362617392309 0.0012754910313625587 0.0 0.0 0.06539116801519569 5.442761861373883e-08 0.0 0.0 0.027963307133231113 0.0004226870812882219 0.0 0.0 0.015369181251450544 0.04243218806823003 0.0 0.0 0.0151981321573499
0.0 0.006433089792010792 0.0 0.0 0.0 0.003345786219509257 0.0 0.0 0.0 4.308748033773325e-08 0.0 0.0 0.0 0.003490630710797441 0.0 0.0 0.0 0.0 0.016154740997817066 0.0 0.0 0.0 0.0017631003580830219 0.0 0.0 0.0 0.0483201235700791 0.0 0.0 0.0 0.07588628977169316 0.0 0.0007677891639571196 0.0 0.0 0.011692480746891956 5.248811431676169e-09 0.0 0.0 0.0013145906861069484 0.0024447467752690545 0.0 0.0 0.03227189448507294 0.002802198560813148 0.0 0.0 0.019503548965748865 0.004460196977670041 0.0 0.0 0.0493751317600923 8.263639412225785e-08 0.0 0.0 0.023204244663908306 0.0037567019328418137 0.0 0.0 0.12060115883894841 0.06307959084295557 0.0 0.0 0.042632409837683446 0.0 2.3456951303802436e-07 0.0 0.0 0.0 3.810406052475144e-07 0.0 0.0 0.0 4.884544834606722e-12 0.0 0.0 0.0 3.503052926696638e-07 0.0 0.0 0.0 0.0 0.02120600157353558 0.0 0.0 0.0 0.031700123246633044 0.0 0.0 0.0 0.042853487450222216 0.0 0.0 0.0 0.028766000354128452 0.0 1.2790423008617155e-09 0.0 0.0 0.0009569643710446526 1.0577484928004107e-07 0.0 0.0 0.029711042952471626 0.00023739802844393668 0.0 0.0 0.003530378676344601 0.0017559881812147559 0.0 0.0 0.001998319248557444 0.0013135913506176317 0.0 0.0 0.06540663629468606 3.984067338248802e-07 0.0 0.0 0.20523823689402473 0.010535350048742328 0.0 0.0 0.15023805448105404 0.11995733153948555 0.0 0.0 0.054916679061012774 0.0 0.00907783290431493 0.0 0.0 0.0 0.013531005312852937 0.0 0.0 0.0 1.496627320194729e-07 0.0 0.0 0.0 0.010754314978681855 0.0 0.0 0.0 0.0 6.380143055377108e-07 0.0 0.0 0.0 2.5476334800098077e-06 0.0 0.0 0.0 2.4619637365369206e-07 0.0 0.0 0.0 1.2464741159904526e-07 0.0 0.0007718371967939204 0.0 0.0 0.011336192012654673 5.774711904315403e-08 0.0 0.0 0.051669543809208775 0.003605132036047687 0.0 0.0 0.0695419506480247 0.0038107800134452273 0.0 0.0 0.0006020537031144795 0.000991287404556901 0.0 0.0 0.09633345171862642 2.1182891026050734e-07 0.0 0.0 0.23107473179655993 0.0053230289551241886 0.0 0.0 0.09929635137857634 0.08747668997052646 0.0 0.0 0.07512289556369894 0.0 0.1266130974318336 0.0 0.0 0.0 0.10764844005155187 0.0 0.0 0.0 3.363736473898215e-06 0.0 0.0 0.0 0.1300472645703322 0.0 0.0 0.0 0.0 0.033435874047013286 0.0 0.0 0.0 0.004724427273772524 0.0 0.0 0.0 0.05016368994973355 0.0 0.0 0.0 0.060370119108056855 0.0 0.003928782037069605 0.0 0.0 0.04989375648711215 5.512433416649947e-08 0.0 0.0 0.02411810907540751 0.001515842378229934 0.0 0.0 0.03035647962854669 0.031098080775741707 0.0 0.0 0.008114675027574096 0.001036064400090306 0.0 0.0 0.022114904099385813 4.915314337102116e-08 0.0 0.0 0.04127577819866913 0.0059451027038827965 0.0 0.0 0.0897823804800117 0.04806621122808064 0.0 0.0 0.018581747418345472
0.0 0.014462030563162462 0.0 0.0 0.0 0.0037784536652646864 0.0 0.0 0.0 1.0326683826677822e-07 0.0 0.0 0.0 0.002825867725411132 0.0 0.0 0.0 0.0 0.027958907020758303 0.0 0.0 0.0 0.18450053965036173 0.0 0.0 0.0 0.08730255720198368 0.0 0.0 0.0 0.18246050996709934 0.0 0.0004890996374975515 0.0 0.0 0.04984403411178883 2.6742765398048544e-10 0.0 0.0 0.00047613389911452237 0.0013731572385154481 0.0 0.0 0.02040082687999853 0.02501951939380149 0.0 0.0 0.006078053029852063 0.00528031696419925 0.0 0.0 0.24544454355390574 1.0626185718814384e-07 0.0 0.0 0.15472369810728645 0.01375285402814682 0.0 0.0 0.26971785207173116 0.14179199792170633 0.0 0.0 0.034371402649343616 0.0 5.58214931186961e-07 0.0 0.0 0.0 6.469894310343023e-07 0.0 0.0 0.0 2.079906566452697e-12 0.0 0.0 0.0 2.48140148878268e-07 0.0 0.0 0.0 0.0 0.012368865659912657 0.0 0.0 0.0 0.06275951510706892 0.0 0.0 0.0 0.06630931540624488 0.0 0.0 0.0 0.006422155953164966 0.0 0.0009071644245855228 0.0 0.0 0.06892660165756617 8.069799442382178e-08 0.0 0.0 0.03404689684010032 0.00026224084880708344 0.0 0.0 0.051814362847936175 0.07403796035460936 0.0 0.0 0.026875562358062294 0.0071656449779501485 0.0 0.0 0.20504167808046478 4.570570336862902e-07 0.0 0.0 0.3448081728314873 0.0057483424336314615 0.0 0.0 0.1212078326408092 0.24041565399620932 0.0 0.0 0.04479576988501909 0.0 0.01057839405412709 0.0 0.0 0.0 0.010665590951195963 0.0 0.0 0.0 1.5901861665926005e-07 0.0 0.0 0.0 0.00528405057059876 0.0 0.0 0.0 0.0 2.1792848291812998e-08 0.0 0.0 0.0 1.5661174080056047e-07 0.0 0.0 0.0 3.742207950515514e-08 0.0 0.0 0.0 4.646086623507611e-08 0.0 8.965666714127421e-05 0.0 0.0 0.0020012795159778766 1.748279926646682e-07 0.0 0.0 0.06612353339441054 6.378858528815128e-06 0.0 0.0 0.0043022902791034845 0.052723517410148635 0.0 0.0 0.02836507907700476 0.0022018200690222195 0.0 0.0 0.13233408440858846 3.308873174050545e-07 0.0 0.0 0.21762072634275306 0.005385221186908846 0.0 0.0 0.18657958857836962 0.08128968393654956 0.0 0.0 0.02861129788843903 0.0 0.4571815310079823 0.0 0.0 0.0 0.13341524731912893 0.0 0.0 0.0 0.0 0.0 0.0 0.0 0.0981241140788017 0.0 0.0 0.0 0.0 0.06335302998447684 0.0 0.0 0.0 0.00961076059665003 0.0 0.0 0.0 0.0 0.0 0.0 0.0 0.03850632110503519 0.0 0.0030822068250218842 0.0 0.0 0.08042542339163329 3.354996733552802e-07 0.0 0.0 0.15287811216665317 0.0 0.0 0.0 0.0 0.00036920750918594485 0.0 0.0 6.281892174538207e-05 0.001850545655258696 0.0 0.0 0.08106512683825137 3.5268534628131126e-08 0.0 0.0 0.04757444100067208 0.0 0.0 0.0 0.0 0.04553256411857109 0.0 0.0 0.013678649610267603
0.0 0.019320845277588542 0.0 0.0 0.0 0.0052976123508431195 0.0 0.0 0.0 1.2649736059949168e-07 0.0 0.0 0.0 0.004450456961177628 0.0 0.0 0.0 0.0 0.08324903490484079 0.0 0.0 0.0 0.05700856141785022 0.0 0.0 0.0 0.02533365384949052 0.0 0.0 0.0 0.14091689465281484 0.0 0.001170041955640722 0.0 0.0 0.07373840231363786 1.002946651266459e-09 0.0 0.0 0.0010709951892330838 0.00041694267726926466 0.0 0.0 0.005509382319015891 0.02914593007642699 0.0 0.0 0.014707501724144128 0.004808727132086203 0.0 0.0 0.2051296793200158 2.2003760533892101e-07 0.0 0.0 0.17875806681640288 0.019246787309826027 0.0 0.0 0.3853369296138239 0.048638436481241394 0.0 0.0 0.05270332828205248 0.0 4.881947336327906e-07 0.0 0.0 0.0 2.9315866112587807e-07 0.0 0.0 0.0 5.1674637920327495e-12 0.0 0.0 0.0 6.547713456793584e-08 0.0 0.0 0.0 0.0 0.03836735705876143 0.0 0.0 0.0 0.00706725845760892 0.0 0.0 0.0 0.09614496032778208 0.0 0.0 0.0 0.0012106603013615762 0.0 0.0004716343611721659 0.0 0.0 0.005804636954726053 1.3076911515323235e-07 0.0 0.0 0.048688590764774976 0.00040510505980384927 0.0 0.0 0.010691856256873349 0.004362074924575041 0.0 0.0 0.0009397997129314362 0.005940399259059266 0.0 0.0 0.19155094098642866 1.0607422642892608e-07 0.0 0.0 0.18637907759049469 0.009166518094121508 0.0 0.0 0.31943538252303794 0.07269524123429862 0.0 0.0 0.01764634107565125 0.0 0.030133251505569406 0.0 0.0 0.0 0.018892822242311223 0.0 0.0 0.0 4.4718778262101774e-07 0.0 0.0 0.0 0.009562497213115194 0.0 0.0 0.0 0.0 7.84397631901108e-08 0.0 0.0 0.0 2.544361048476286e-07 0.0 0.0 0.0 1.272597799019045e-06 0.0 0.0 0.0 1.4471850527499297e-07 0.0 0.00044427861513848035 0.0 0.0 0.004041011536340576 5.1561050227741573e-08 0.0 0.0 0.0322289616927319 0.0032455995718824893 0.0 0.0 0.08297042029890514 0.009614217678937947 0.0 0.0 0.0011141334350399665 0.013181084584145224 0.0 0.0 0.2911899348598768 3.644349948830015e-07 0.0 0.0 0.33629427653661687 0.023587784178051106 0.0 0.0 0.6650279379731995 0.2140637983658724 0.0 0.0 0.05620775676638675 0.0 0.25705355984710476 0.0 0.0 0.0 0.12146504329798262 0.0 0.0 0.0 1.0956162649563543e-06 0.0 0.0 0.0 0.0 0.0 0.0 0.0 0.0 0.004142726854949191 0.0 0.0 0.0 0.007287794205751077 0.0 0.0 0.0 0.0025824985907271225 0.0 0.0 0.0 0.0 0.0 0.0013103163411389395 0.0 0.0 0.0727337945294357 1.9281096082888007e-09 0.0 0.0 0.012778971173187804 0.002421347793059954 0.0 0.0 0.052883267907749686 0.0 0.0 0.0 0.0 0.0017425588385888858 0.0 0.0 0.050433774492592495 3.3630545401899765e-08 0.0 0.0 0.05217652121632847 9.891075772786084e-05 0.0 0.0 0.03886706206042289 0.0 0.0 0.0 0.0
0.0 0.002419155803316708 0.0 0.0 0.0 0.0012785791306699284 0.0 0.0 0.0 6.505976962846878e-08 0.0 0.0 0.0 0.004327302217114263 0.0 0.0 0.0 0.0 0.03548444814065823 0.0 0.0 0.0 0.04164097048199492 0.0 0.0 0.0 0.0933104311073996 0.0 0.0 0.0 0.05646471842875862 0.0 5.15264050792328e-06 0.0 0.0 0.00020251536072423445 1.8285209829361446e-09 0.0 0.0 0.03481381273343058 0.000133426362176002 0.0 0.0 0.02142288980290777 0.00086517675837438 0.0 0.0 0.027358462192009995 0.00016812848648527256 0.0 0.0 0.04656442482943117 1.0702653311734725e-07 0.0 0.0 0.049532266690535794 0.0063351238856798045 0.0 0.0 0.17575145219599952 0.023052687676686324 0.0 0.0 0.0576193032493035 0.0 3.7586081617234106e-07 0.0 0.0 0.0 4.303430596117098e-07 0.0 0.0 0.0 5.501989237993829e-12 0.0 0.0 0.0 2.831807632248427e-07 0.0 0.0 0.0 0.0 0.028067181149549755 0.0 0.0 0.0 0.1060063835376182 0.0 0.0 0.0 0.047056106286198406 0.0 0.0 0.0 0.05679178444122107 0.0 0.00017622866309375938 0.0 0.0 0.0102481118907205 8.978647895748139e-08 0.0 0.0 0.07430268046609986 0.0031649319279486695 0.0 0.0 0.06091117083510512 0.004018717431820401 0.0 0.0 0.007848544306817003 0.0008234451736637425 0.0 0.0 0.0879503951538414 3.18288031866575e-07 0.0 0.0 0.24390922388432926 0.020196961911123773 0.0 0.0 0.33531186797030144 0.09258761588540737 0.0 0.0 0.0508626179067798 0.0 0.032418849866854386 0.0 0.0 0.0 0.01634398430223231 0.0 0.0 0.0 3.330935445398815e-07 0.0 0.0 0.0 0.011927015556592145 0.0 0.0 0.0 0.0 2.485350142824209e-08 0.0 0.0 0.0 1.910579998251454e-06 0.0 0.0 0.0 7.932154750692327e-07 0.0 0.0 0.0 8.882076605654047e-07 0.0 0.0012841269176291001 0.0 0.0 0.024843274823932157 4.370421988299978e-09 0.0 0.0 0.00287486750465041 0.00880608598868404 0.0 0.0 0.05801666887199529 0.038141130065293224 0.0 0.0 0.009463913275535824 0.004649083855615615 0.0 0.0 0.14891420283527615 1.9519862759549275e-07 0.0 0.0 0.2777324264580017 0.018260841630730166 0.0 0.0 0.5088220540274356 0.2572099435990259 0.0 0.0 0.06505432297094829 0.0 0.1920621866278241 0.0 0.0 0.0 0.20242329225722244 0.0 0.0 0.0 3.218697819156745e-06 0.0 0.0 0.0 0.04885904056772052 0.0 0.0 0.0 0.0 0.02124978353494246 0.0 0.0 0.0 0.03970084876103308 0.0 0.0 0.0 0.003062741209068948 0.0 0.0 0.0 0.0011002680171456577 0.0 1.7131487132544971e-09 0.0 0.0 0.0011002723151452365 7.079715640827264e-08 0.0 0.0 0.07299797760039356 0.0006524693376715267 0.0 0.0 0.030471860911705253 0.007602524792094484 0.0 0.0 0.0015324816274707202 0.0009189347607264031 0.0 0.0 0.039200296831583686 2.3642690727683928e-07 0.0 0.0 0.06667478783234315 0.0031403417752094067 0.0 0.0 0.08993510596021106 0.019869941941884132 0.0 0.0 0.005879568314808026
0.0 0.011269481862535182 0.0 0.0 0.0 0.001039499840715679 0.0 0.0 0.0 9.074310799952998e-08 0.0 0.0 0.0 0.010273076357808372 0.0 0.0 0.0 0.0 0.01399837946758102 0.0 0.0 0.0 0.005602617436705005 0.0 0.0 0.0 0.11932447022121595 0.0 0.0 0.0 0.025347055294396265 0.0 0.0005180921179597914 0.0 0.0 0.006380355287243265 3.9179770841768876e-19 0.0 0.0 2.191926524380018e-08 0.000489283510288476 0.0 0.0 0.03797771499535545 0.0009335092547198067 0.0 0.0 0.009726729408058648 0.01105440667686302 0.0 0.0 0.19233919427878735 6.45209746068769e-13 0.0 0.0 0.04046984274086278 0.006153339526633844 0.0 0.0 0.2600629384471437 0.019784179661681212 0.0 0.0 0.07527139583791753 0.0 4.966698342922294e-07 0.0 0.0 0.0 2.195810948730013e-07 0.0 0.0 0.0 1.0108038274828656e-11 0.0 0.0 0.0 8.510975923987827e-08 0.0 0.0 0.0 0.0 0.03553158104120931 0.0 0.0 0.0 0.006023711975975868 0.0 0.0 0.0 0.039215316976173954 0.0 0.0 0.0 0.010934631576398277 0.0 0.0008659759629959865 0.0 0.0 0.013531433209095438 9.000335647288763e-14 0.0 0.0 0.0031441692563051933 0.001241758339596457 0.0 0.0 0.018712876889556376 0.028370685138466252 0.0 0.0 0.005721324771124906 0.0020710199722058127 0.0 0.0 0.04222345702104706 6.473214199979467e-08 0.0 0.0 0.1321677802689738 0.014854314907049354 0.0 0.0 0.25575960644487333 0.03598570276920872 0.0 0.0 0.013211534511430494 0.0 0.02454963834347499 0.0 0.0 0.0 0.01365323740175449 0.0 0.0 0.0 8.292148394712682e-07 0.0 0.0 0.0 0.038585334182226795 0.0 0.0 0.0 0.0 1.1129926272723385e-06 0.0 0.0 0.0 2.5958203084742607e-06 0.0 0.0 0.0 4.861429315647383e-06 0.0 0.0 0.0 4.906432001703713e-07 0.0 1.5899818415032765e-08 0.0 0.0 0.041893601846390266 1.715509418771945e-08 0.0 0.0 0.010911251643630415 0.003046505734598585 0.0 0.0 0.09674950358988196 0.025436170037003283 0.0 0.0 0.012568125117960382 0.0065223366422613935 0.0 0.0 0.25681716784278513 2.188477278816834e-07 0.0 0.0 0.2109925888224542 0.04258734309161458 0.0 0.0 0.8940745595800165 0.17991287831925362 0.0 0.0 0.2617288030204891 0.0 0.12845290554405378 0.0 0.0 0.0 0.0753526133930186 0.0 0.0 0.0 8.140917396055283e-06 0.0 0.0 0.0 0.14538180846894727 0.0 0.0 0.0 0.0 0.006494632991473068 0.0 0.0 0.0 0.059732349485573426 0.0 0.0 0.0 0.03206054239767197 0.0 0.0 0.0 0.0959527792440232 0.0 0.0014918842090166225 0.0 0.0 0.02672135264360236 5.0348089135087965e-08 0.0 0.0 0.06868038701748173 0.0009836218476660383 0.0 0.0 0.02036255951044841 0.009522775789609948 0.0 0.0 0.004472325392103691 5.8417323046193e-05 0.0 0.0 0.025228735041583735 3.8637104476082283e-08 0.0 0.0 0.03179447080970234 0.007432872184848422 0.0 0.0 0.26893613670932676 0.049249567353472884 0.0 0.0 0.025204617319200553
0.0 0.0027370696277414872 0.0 0.0 0.0 0.0019034322429191963 0.0 0.0 0.0 9.98010396586885e-09 0.0 0.0 0.0 0.002321589121573909 0.0 0.0 0.0 0.0 0.008975109134537872 0.0 0.0 0.0 0.09483136414706421 0.0 0.0 0.0 0.04878781336980954 0.0 0.0 0.0 0.0011192698479040788 0.0 7.578268506022649e-11 0.0 0.0 6.6149155507449055e-09 8.844335610607336e-10 0.0 0.0 0.002266516608540255 0.00022162242331594855 0.0 0.0 0.002902060671116185 0.009217681068821267 0.0 0.0 0.0021845176940445328 0.00026208679319045475 0.0 0.0 0.04911410963319652 5.023347538319469e-08 0.0 0.0 0.05371959058197886 0.001201433939026602 0.0 0.0 0.038519632435674606 0.08336280151125056 0.0 0.0 0.023970904515134856 0.0 2.573469686912111e-07 0.0 0.0 0.0 1.835015389921254e-07 0.0 0.0 0.0 1.9994534843531835e-12 0.0 0.0 0.0 2.2592487181938522e-07 0.0 0.0 0.0 0.0 0.0030136064386173693 0.0 0.0 0.0 0.07032724986825775 0.0 0.0 0.0 0.19506563351584455 0.0 0.0 0.0 0.1621943260091411 0.0 0.00017029598898020935 0.0 0.0 0.016981441699523602 7.656599082889666e-09 0.0 0.0 0.007425291450922099 0.005373531011544045 0.0 0.0 0.0830918878097382 0.0548572730200457 0.0 0.0 0.01822288175111537 0.0018892120658034841 0.0 0.0 0.06957775927915358 1.4362035774577144e-07 0.0 0.0 0.10551226954041812 0.003185404539041044 0.0 0.0 0.1103580253377025 0.12090646838877189 0.0 0.0 0.040893307121923905 0.0 0.004720890958182763 0.0 0.0 0.0 0.01045159674781587 0.0 0.0 0.0 4.9795295866052624e-08 0.0 0.0 0.0 0.00630952530803661 0.0 0.0 0.0 0.0 5.207065172087508e-09 0.0 0.0 0.0 3.2405500432451604e-08 0.0 0.0 0.0 8.015202352539902e-13 0.0 0.0 0.0 2.2164032160631467e-08 0.0 0.0012813711386911444 0.0 0.0 0.021890819878934757 6.280127993217714e-10 0.0 0.0 0.0001775299893478313 0.0073794216968204145 0.0 0.0 0.07939876248223324 0.10562136654570412 0.0 0.0 0.02810417452671132 0.0014107863204769792 0.0 0.0 0.03178450837601375 3.7868639802887294e-07 0.0 0.0 0.14209141624133653 0.004120649199583059 0.0 0.0 0.06182207152367734 0.10623764861321457 0.0 0.0 0.028624981299441868 0.0 0.14625533856642278 0.0 0.0 0.0 0.41824560333958666 0.0 0.0 0.0 0.0 0.0 0.0 0.0 0.013879105004190914 0.0 0.0 0.0 0.0 0.004803685260749573 0.0 0.0 0.0 0.02096396396764594 0.0 0.0 0.0 0.0 0.0 0.0 0.0 3.160847936647471e-08 0.0 0.0014842877852714678 0.0 0.0 0.03594460103168598 9.466694937719845e-09 0.0 0.0 0.007093849432847197 0.0 0.0 0.0 0.0 0.08073282288267063 0.0 0.0 0.020618400256134487 0.0004640608041421338 0.0 0.0 0.024857363129504137 7.559940741737504e-08 0.0 0.0 0.13403612604778142 0.0 0.0 0.0 0.0 0.0054035133365308964 0.0 0.0 0.0015428906707228881
0.0 0.00205861510645572 0.0 0.0 0.0 0.0011725817589776865 0.0 0.0 0.0 5.380975208358907e-08 0.0 0.0 0.0 0.003938849103442515 0.0 0.0 0.0 0.0 1.997480552960127e-08 0.0 0.0 0.0 0.0397196023199897 0.0 0.0 0.0 0.07220107911965504 0.0 0.0 0.0 0.044080246505037966 0.0 3.108893130715641e-10 0.0 0.0 9.008271128147245e-09 2.0502361728692e-14 0.0 0.0 1.0474455853568946e-08 0.0022405246964166694 0.0 0.0 0.03315336877583677 0.006282839445222868 0.0 0.0 0.0013560984909300132 0.0008458177869424116 0.0 0.0 0.027477610741573625 3.2191742909007316e-08 0.0 0.0 0.019871919112688798 0.005378861725572253 0.0 0.0 0.13008269530426894 0.09208978737673598 0.0 0.0 0.03454461665225698 0.0 1.6524706169119904e-07 0.0 0.0 0.0 9.319160441218809e-09 0.0 0.0 0.0 1.444543888901084e-12 0.0 0.0 0.0 2.1521761842534112e-07 0.0 0.0 0.0 0.0 0.002621545459487492 0.0 0.0 0.0 0.022259066990034625 0.0 0.0 0.0 0.051381287080216824 0.0 0.0 0.0 0.12612122927741623 0.0 0.0015502071338049568 0.0 0.0 0.020708883998240987 1.988508831262121e-09 0.0 0.0 0.0007291066872878105 0.00342353578379137 0.0 0.0 0.04885318548797422 0.06486676986587532 0.0 0.0 0.020664231207581048 0.0005084307756184224 0.0 0.0 0.06575698617259959 1.798629669833915e-08 0.0 0.0 0.007393869957649318 0.0016571510162297787 0.0 0.0 0.07697727820396957 0.09193752805720595 0.0 0.0 0.030612828592617915 0.0 0.015309528486240516 0.0 0.0 0.0 0.0056349105329811765 0.0 0.0 0.0 9.142302513151205e-08 0.0 0.0 0.0 0.0070951664545568 0.0 0.0 0.0 0.0 3.6657220592036137e-07 0.0 0.0 0.0 6.597713216956688e-08 0.0 0.0 0.0 2.5283295800424083e-08 0.0 0.0 0.0 1.082206242447672e-06 0.0 0.0007297911461785569 0.0 0.0 0.024968862890965712 7.334225602641189e-09 0.0 0.0 0.00266299020276718 0.0035135980337956054 0.0 0.0 0.0434135235798 0.028780849031853586 0.0 0.0 0.02453430774656499 0.0016693102927523428 0.0 0.0 0.10923250525634556 1.3793896107758975e-07 0.0 0.0 0.11323017972968367 0.006241293286451644 0.0 0.0 0.12912390596725815 0.08105672136005893 0.0 0.0 0.04082431077434953 0.0 0.1386326390797303 0.0 0.0 0.0 0.19557562719603588 0.0 0.0 0.0 1.405236167948883e-06 0.0 0.0 0.0 0.20836549950446503 0.0 0.0 0.0 0.0 0.040410919195544175 0.0 0.0 0.0 0.09881718686590805 0.0 0.0 0.0 0.0050216113931721785 0.0 0.0 0.0 0.07716656441877125 0.0 0.0014431775582859185 0.0 0.0 0.037470755806547 1.2950806561000927e-07 0.0 0.0 0.06550731178523005 0.002754876471298197 0.0 0.0 0.010571616246598406 0.08646399460381148 0.0 0.0 0.04883387566175216 0.00042336477415608306 0.0 0.0 0.02467572701723827 6.283746387043735e-08 0.0 0.0 0.06544870281242463 0.004256435112619601 0.0 0.0 0.03815820139801909 0.07253936757425504 0.0 0.0 0.0231259380288862
0.0 0.002999856817466082 0.0 0.0 0.0 0.0009359611294113964 0.0 0.0 0.0 2.699908791941191e-08 0.0 0.0 0.0 0.005947673375617602 0.0 0.0 0.0 0.0 0.0055905919362509325 0.0 0.0 0.0 0.05590322036857286 0.0 0.0 0.0 0.05272508019512659 0.0 0.0 0.0 0.1143297639979352 0.0 9.625373238006909e-15 0.0 0.0 2.891356211521362e-08 3.125291850280735e-09 0.0 0.0 0.006296510361991696 0.0009561780600282194 0.0 0.0 0.04242674390899249 0.006089539622603461 0.0 0.0 0.00100788139191142 1.8574378818856727e-08 0.0 0.0 0.06254131449512022 1.4151970931161544e-08 0.0 0.0 0.0435620069679429 0.0008620349363047599 0.0 0.0 0.0808594627424295 0.17693705849650695 0.0 0.0 0.05134713679936425 0.0 1.7316754057412865e-07 0.0 0.0 0.0 5.909037274966742e-08 0.0 0.0 0.0 2.719565496757667e-12 0.0 0.0 0.0 1.6686621403562275e-07 0.0 0.0 0.0 0.0 0.005757705282642527 0.0 0.0 0.0 0.03648206257108493 0.0 0.0 0.0 0.0581634233999726 0.0 0.0 0.0 0.06884664571095392 0.0 0.0017278639725073915 0.0 0.0 0.05818625117006379 1.188125338497984e-07 0.0 0.0 0.02777953001715412 0.004426956286963138 0.0 0.0 0.07228917013698259 0.03164195684752858 0.0 0.0 0.007220394023548603 0.0012201371154696033 0.0 0.0 0.039805585396957784 6.207393339696048e-08 0.0 0.0 0.04243588354010261 0.006381476554928033 0.0 0.0 0.1432662165655852 0.11130485163239295 0.0 0.0 0.02994732249811909 0.0 0.017129096099018522 0.0 0.0 0.0 0.005537709017280972 0.0 0.0 0.0 2.1318861267015363e-07 0.0 0.0 0.0 0.0065885662805823374 0.0 0.0 0.0 0.0 4.667874761400266e-08 0.0 0.0 0.0 9.551547463179153e-08 0.0 0.0 0.0 7.901755690969168e-08 0.0 0.0 0.0 8.164041572535474e-08 0.0 7.379864001912636e-05 0.0 0.0 0.0017670372074652379 2.1577678000569577e-13 0.0 0.0 0.012182880270617433 0.0019444295940049367 0.0 0.0 0.027229952913188738 0.0461992211071826 0.0 0.0 0.021586658046573243 0.0052115225709828275 0.0 0.0 0.15364802564573612 4.572276785190702e-08 0.0 0.0 0.08897698557882501 0.013025921961051425 0.0 0.0 0.31345845700952424 0.10246282442140338 0.0 0.0 0.03655808071420608 0.0 0.2084195304138604 0.0 0.0 0.0 0.1570772604116103 0.0 0.0 0.0 6.266177472577832e-08 0.0 0.0 0.0 0.2280105569502198 0.0 0.0 0.0 0.0 0.04542854148674981 0.0 0.0 0.0 0.102262152618495 0.0 0.0 0.0 9.53951666109859e-05 0.0 0.0 0.0 0.06818638983499734 0.0 0.0010970622995518137 0.0 0.0 0.06688505612225391 6.62368186735812e-08 0.0 0.0 0.08020494980216013 0.00159285324390484 0.0 0.0 0.03231663521608686 0.05247941009669499 0.0 0.0 0.015504359257438632 0.0005531151486637936 0.0 0.0 0.03327574821285915 4.780318365331647e-08 0.0 0.0 0.051680482180065025 6.573394830914896e-05 0.0 0.0 0.0014952251317073353 0.0732034598323306 0.0 0.0 0.024972593817439236
0.0 0.009526818556107618 0.0 0.0 0.0 0.00591001815766131 0.0 0.0 0.0 9.15909053710167e-08 0.0 0.0 0.0 0.003011467839595191 0.0 0.0 0.0 0.0 0.03248854153649616 0.0 0.0 0.0 0.07010186041316073 0.0 0.0 0.0 0.08892450314915855 0.0 0.0 0.0 0.06265501314120041 0.0 0.00016271691380712015 0.0 0.0 0.004433605440119683 3.3562633827068784e-08 0.0 0.0 0.02694535416999582 0.00022135235491595892 0.0 0.0 0.02379934997208586 1.0258834618599818e-06 0.0 0.0 0.03300038669336719 0.004836132286831257 0.0 0.0 0.12540752199009003 6.095600276456713e-08 0.0 0.0 0.21538227884275898 0.009644365119856597 0.0 0.0 0.1603788765706007 0.11272430729511163 0.0 0.0 0.03620527056009639 0.0 5.315328710117176e-07 0.0 0.0 0.0 2.2723352461424013e-07 0.0 0.0 0.0 5.753838292933329e-12 0.0 0.0 0.0 1.1046740713836806e-07 0.0 0.0 0.0 0.0 0.046328578019214854 0.0 0.0 0.0 0.002973632873999959 0.0 0.0 0.0 0.019779238483017915 0.0 0.0 0.0 0.007667805554721907 0.0 8.986634302847319e-05 0.0 0.0 0.0020529795063080943 5.764334837551551e-08 0.0 0.0 0.03203492781994333 0.0034117223135436327 0.0 0.0 0.06148290616721949 0.02260929306211507 0.0 0.0 0.006402592348062698 0.004517415088522114 0.0 0.0 0.15923703357819774 3.2584819805034367e-07 0.0 0.0 0.14184616530443758 0.01319170512296771 0.0 0.0 0.2912161686990916 0.0834792757625526 0.0 0.0 0.0213251921839021 0.0 0.024405953909633453 0.0 0.0 0.0 0.010003441781820038 0.0 0.0 0.0 8.55810789928098e-08 0.0 0.0 0.0 0.006964124543460617 0.0 0.0 0.0 0.0 8.698427524335076e-07 0.0 0.0 0.0 4.760296788959591e-07 0.0 0.0 0.0 2.189447175498772e-08 0.0 0.0 0.0 8.268880391964198e-08 0.0 0.0013598704917721397 0.0 0.0 0.058829441018937 3.894267571405549e-08 0.0 0.0 0.04523053314614527 0.00010281621566985541 0.0 0.0 0.0023189975469330706 0.0065556573625545796 0.0 0.0 0.0016664973036660624 0.005054816187906022 0.0 0.0 0.2640597219959027 2.136920486579482e-07 0.0 0.0 0.19236276782046413 0.009129657797459253 0.0 0.0 0.12993269034314855 0.10053424031563617 0.0 0.0 0.061134734509330546 0.0 0.22023661424140378 0.0 0.0 0.0 0.06083556775794868 0.0 0.0 0.0 1.1876781993958952e-06 0.0 0.0 0.0 0.08329066898552362 0.0 0.0 0.0 0.0 0.00974583559192387 0.0 0.0 0.0 0.05500837588672957 0.0 0.0 0.0 0.0006189057857556719 0.0 0.0 0.0 0.0041204899980023715 0.0 0.00022128358948999413 0.0 0.0 0.008700268280510726 7.311362097391704e-08 0.0 0.0 0.03489778535864745 0.0014741204432186935 0.0 0.0 0.02671057295512471 0.00016576515350325339 0.0 0.0 6.73824298179756e-05 0.0022062952429123695 0.0 0.0 0.041858241811282344 6.548102823920287e-08 0.0 0.0 0.026113469125476952 0.0028457764978140356 0.0 0.0 0.039091571329268264 0.04488316802811168 0.0 0.0 0.008956794783802615
0.0 0.020453295989195052 0.0 0.0 0.0 0.006341800803710354 0.0 0.0 0.0 1.0552039648214308e-07 0.0 0.0 0.0 0.008111896901212012 0.0 0.0 0.0 0.0 0.0241078593458768 0.0 0.0 0.0 0.06576052996043277 0.0 0.0 0.0 0.1463054961758232 0.0 0.0 0.0 0.04331127118025009 0.0 0.0033837840807001127 0.0 0.0 0.07608679216863654 8.591004631383745e-08 0.0 0.0 0.024003889949438816 0.000228871443108695 0.0 0.0 0.002493237640911514 0.020529810139636423 0.0 0.0 0.006083726989459618 0.018886741623704892 0.0 0.0 0.2502869238038599 3.7170295281146105e-07 0.0 0.0 0.19879736943239884 0.023852529609753936 0.0 0.0 0.2203251566219794 0.16314683907491115 0.0 0.0 0.10287117810000729 0.0 8.052489225747845e-07 0.0 0.0 0.0 7.608748430112269e-07 0.0 0.0 0.0 4.562018455233574e-12 0.0 0.0 0.0 3.008356601072307e-07 0.0 0.0 0.0 0.0 0.036366318463570774 0.0 0.0 0.0 0.05234255043974975 0.0 0.0 0.0 0.09469579792839662 0.0 0.0 0.0 0.04809450833899799 0.0 0.0008975582665408929 0.0 0.0 0.029500240389451367 1.2526157967557138e-07 0.0 0.0 0.06021400801599288 0.00043812311481354377 0.0 0.0 0.04272031611273128 0.0013154681352327332 0.0 0.0 0.00028430584064030216 0.0073866105688840215 0.0 0.0 0.22075251482161032 6.772683658582951e-07 0.0 0.0 0.4280992990309321 0.012441803271328784 0.0 0.0 0.24290935658014098 0.10334160275983845 0.0 0.0 0.04356651259561708 0.0 0.02388421820120733 0.0 0.0 0.0 0.012552488353071024 0.0 0.0 0.0 1.2669289302386403e-07 0.0 0.0 0.0 0.010811210881571711 0.0 0.0 0.0 0.0 2.676247295209603e-08 0.0 0.0 0.0 1.47177073536831e-06 0.0 0.0 0.0 1.2364167432216285e-12 0.0 0.0 0.0 1.642571465735727e-07 0.0 0.0015553099171492116 0.0 0.0 0.14002958255512327 8.325144248204258e-08 0.0 0.0 0.032677349158678676 0.0010381304682109496 0.0 0.0 0.03318611282640061 0.02751037756860169 0.0 0.0 0.007434595324612417 0.0019593184349900434 0.0 0.0 0.17662626651453375 3.566886219781948e-07 0.0 0.0 0.2005216239099337 0.005952900304257215 0.0 0.0 0.10727475358649176 0.13290338910118524 0.0 0.0 0.06709363599936567 0.0 0.2351468372230579 0.0 0.0 0.0 0.21260420600871133 0.0 0.0 0.0 1.4305737397862596e-06 0.0 0.0 0.0 0.11176181691074183 0.0 0.0 0.0 0.0 0.0723359937500175 0.0 0.0 0.0 0.017265691295758962 0.0 0.0 0.0 0.002430246964763077 0.0 0.0 0.0 0.04092936376304971 0.0 0.0004006564292876617 0.0 0.0 0.03508875348954641 1.5037249446482726e-07 0.0 0.0 0.08130235482759346 0.0007083218014121929 0.0 0.0 0.008522106839098133 0.01110904584186506 0.0 0.0 0.001875185255830185 0.0004371198932570652 0.0 0.0 0.049796036226806714 8.459138508354851e-08 0.0 0.0 0.08203290991602995 0.0025873641158577765 0.0 0.0 0.03490120433162569 0.06429516189805558 0.0 0.0 0.015782799462940932
0.0 0.0022908481930442566 0.0 0.0 0.0 0.0016857869087953236 0.0 0.0 0.0 2.4214315000825465e-08 0.0 0.0 0.0 0.0043455398632158025 0.0 0.0 0.0 0.0 0.0027434588282067933 0.0 0.0 0.0 0.07960315258709427 0.0 0.0 0.0 0.08438287070356931 0.0 0.0 0.0 0.05486647455457935 0.0 1.6867581846224622e-14 0.0 0.0 4.761327162903353e-13 1.408580593670627e-09 0.0 0.0 0.015552552917636379 7.957624298487721e-05 0.0 0.0 0.023446046298624637 0.016274607401042862 0.0 0.0 0.004228890326008417 0.00091922083279697 0.0 0.0 0.029091194476680543 7.828899608680389e-08 0.0 0.0 0.04333731721378364 0.0010652630808614743 0.0 0.0 0.06624983111575257 0.1249266429922573 0.0 0.0 0.04067090118144725 0.0 1.6905814602056967e-07 0.0 0.0 0.0 3.05015662170591e-07 0.0 0.0 0.0 1.0689869715642932e-11 0.0 0.0 0.0 9.104507948212459e-08 0.0 0.0 0.0 0.0 0.021816378012440536 0.0 0.0 0.0 0.056640135346963855 0.0 0.0 0.0 0.0597315888931478 0.0 0.0 0.0 0.025039059860442196 0.0 0.0003686608966206396 0.0 0.0 0.007816349894488685 1.755094707823776e-07 0.0 0.0 0.10536021889002663 0.001565456343495588 0.0 0.0 0.0318122304080658 0.028935506935417833 0.0 0.0 0.011467640262565009 0.0010843370770078737 0.0 0.0 0.039003549723739386 9.255899605886887e-08 0.0 0.0 0.18844629599109625 0.019627128099611396 0.0 0.0 0.3428449865508699 0.0583487464088572 0.0 0.0 0.016387844812524578 0.0 0.017914046989124487 0.0 0.0 0.0 0.0076454494925341935 0.0 0.0 0.0 6.283244837511705e-08 0.0 0.0 0.0 0.013322398080103033 0.0 0.0 0.0 0.0 5.0363093645034296e-08 0.0 0.0 0.0 1.217676380808989e-06 0.0 0.0 0.0 1.1313337774580192e-07 0.0 0.0 0.0 1.5539388452889193e-08 0.0 2.563489626429113e-05 0.0 0.0 0.00029994245917032663 5.82487221556909e-10 0.0 0.0 0.05766557096476433 0.005425249726024891 0.0 0.0 0.04516532985742245 0.03769756758920304 0.0 0.0 0.009112219500981171 0.005195241963661097 0.0 0.0 0.151788694984794 5.4377044225455215e-08 0.0 0.0 0.1449560408941186 0.010347073377646739 0.0 0.0 0.11428578272918767 0.13580509361197765 0.0 0.0 0.08442048432811917 0.0 0.20139089243313496 0.0 0.0 0.0 0.1538956206960027 0.0 0.0 0.0 1.309655058275152e-06 0.0 0.0 0.0 0.16038522929025667 0.0 0.0 0.0 0.0 0.035021787391629776 0.0 0.0 0.0 0.05108173352971204 0.0 0.0 0.0 0.03184905594884152 0.0 0.0 0.0 0.06404663922800408 0.0 0.00016049889012339784 0.0 0.0 0.03944109832706854 1.0137038927508239e-07 0.0 0.0 0.05967188230797759 1.623708016583084e-09 0.0 0.0 0.00317079054173231 0.03541917470611556 0.0 0.0 0.01261014905358556 0.0005686046228792473 0.0 0.0 0.03881961931615819 6.103361329918556e-08 0.0 0.0 0.05075310204329925 0.0014535088838179807 0.0 0.0 0.03361477800928504 0.058434982488644927 0.0 0.0 0.01955104854560891
0.0 0.0023690748738138074 0.0 0.0 0.0 0.002408790244550954 0.0 0.0 0.0 2.8523061164918423e-08 0.0 0.0 0.0 0.0013119806154914754 0.0 0.0 0.0 0.0 0.0423167285543923 0.0 0.0 0.0 0.032352183900144965 0.0 0.0 0.0 0.0788499550877694 0.0 0.0 0.0 0.0838316822738208 0.0 3.0246665478571715e-05 0.0 0.0 0.0009405145352600816 2.8458702179774484e-13 0.0 0.0 0.02142491352844938 0.00030834366114956634 0.0 0.0 0.0035212900758359754 0.03667171318096858 0.0 0.0 0.011113161043562237 0.00069510153148711 0.0 0.0 0.04334233841316525 1.5730798830817647e-12 0.0 0.0 0.09330411994765891 0.007428400217162656 0.0 0.0 0.08927999158221547 0.060257956123486195 0.0 0.0 0.01609951743439732 0.0 2.9283432230533057e-07 0.0 0.0 0.0 8.534712769463502e-08 0.0 0.0 0.0 5.810200165696142e-12 0.0 0.0 0.0 1.1791242541084075e-08 0.0 0.0 0.0 0.0 0.02236464029770627 0.0 0.0 0.0 0.02642338059570616 0.0 0.0 0.0 0.027732183193457875 0.0 0.0 0.0 0.0017256343938848787 0.0 0.0001077165174051942 0.0 0.0 0.002078496040760575 2.066445483208268e-14 0.0 0.0 0.0013028200051863538 0.0034162927556726005 0.0 0.0 0.056381457032695204 0.005568815854533943 0.0 0.0 0.0007049756994489076 0.0022733438151287155 0.0 0.0 0.09276751659280644 7.086905273594226e-08 0.0 0.0 0.06196764775650351 0.004744145385496579 0.0 0.0 0.35619594449485315 0.0191767808193595 0.0 0.0 0.002721782966062589 0.0 0.009288161080861274 0.0 0.0 0.0 0.0120436659614039 0.0 0.0 0.0 2.925186583596369e-07 0.0 0.0 0.0 0.006519258624347851 0.0 0.0 0.0 0.0 1.350507011828557e-08 0.0 0.0 0.0 1.1298979246129296e-07 0.0 0.0 0.0 8.906215574221659e-08 0.0 0.0 0.0 1.0549001653302066e-07 0.0 6.797475285847837e-05 0.0 0.0 0.0023604237074715466 1.0179617497105759e-07 0.0 0.0 0.07226277566249152 0.0011275175100323837 0.0 0.0 0.02986747554004933 0.00022159410035664507 0.0 0.0 3.0324709793922693e-05 0.0012501477676709716 0.0 0.0 0.07672728375966473 1.6313546002730907e-07 0.0 0.0 0.21467319570000082 0.012212470035922733 0.0 0.0 0.40526217820116706 0.16328833820930277 0.0 0.0 0.0392263895379089 0.0 0.21920990282547317 0.0 0.0 0.0 0.06379329692767265 0.0 0.0 0.0 0.0 0.0 0.0 0.0 0.05758541971548732 0.0 0.0 0.0 0.0 0.004564576167264478 0.0 0.0 0.0 0.010784896420079869 0.0 0.0 0.0 0.0 0.0 0.0 0.0 0.050067198159224835 0.0 0.000428548710878839 0.0 0.0 0.03278694674366079 1.313658424098411e-08 0.0 0.0 0.051689004990671944 0.0 0.0 0.0 0.0 0.03949393246950827 0.0 0.0 0.011226174265642963 0.000980907139112207 0.0 0.0 0.04100913365893422 4.1039352434562624e-08 0.0 0.0 0.02322275510830076 0.0 0.0 0.0 0.0 0.01590948871111722 0.0 0.0 0.005105795826213686
0.0 0.008162831939002368 0.0 0.0 0.0 0.007679944212449044 0.0 0.0 0.0 9.680643233286392e-08 0.0 0.0 0.0 0.0023507034019355343 0.0 0.0 0.0 0.0 0.030673854933013764 0.0 0.0 0.0 0.13106815910188893 0.0 0.0 0.0 0.08605656858590834 0.0 0.0 0.0 0.05519974043178051 0.0 0.0009846487632041967 0.0 0.0 0.022656636273010018 4.462137291135569e-08 0.0 0.0 0.040279631892903046 0.0003941366414115932 0.0 0.0 0.0057035503593603635 0.007952027646504961 0.0 0.0 0.001079811946532299 0.0030613047248916093 0.0 0.0 0.12777117779007735 1.7684965443652702e-07 0.0 0.0 0.2559205657739303 0.012482389246757533 0.0 0.0 0.13700132638912899 0.04895069444264949 0.0 0.0 0.029449862947996674 0.0 0.0 0.0 0.0 0.0 2.520329793903011e-07 0.0 0.0 0.0 9.23271062491758e-12 0.0 0.0 0.0 1.7612896936702387e-07 0.0 0.0 0.0 0.0 0.0 0.0 0.0 0.0 0.039918715755042945 0.0 0.0 0.0 0.05633834326824059 0.0 0.0 0.0 0.07061245603344801 0.0 0.0 0.0 0.0 0.0 8.237957136453861e-09 0.0 0.0 0.006421727349181189 0.00944664935289713 0.0 0.0 0.1256352102655363 0.038612475820566636 0.0 0.0 0.023734018620344154 0.0 0.0 0.0 0.0 8.153541228781376e-08 0.0 0.0 0.14696966951262647 0.02650194724255867 0.0 0.0 0.45866444034273235 0.06223261987841413 0.0 0.0 0.04644632154725694 0.0 0.03552430541386397 0.0 0.0 0.0 0.01832760770690882 0.0 0.0 0.0 3.217443047224193e-07 0.0 0.0 0.0 0.01734017908278504 0.0 0.0 0.0 0.0 6.761078986671447e-08 0.0 0.0 0.0 1.1585151820713938e-07 0.0 0.0 0.0 3.3105442029779905e-06 0.0 0.0 0.0 1.2549192946192344e-07 0.0 0.0002300453422920329 0.0 0.0 0.009316816888110204 2.146217766882664e-09 0.0 0.0 0.0010542382785739652 0.00033097678953024324 0.0 0.0 0.05353816135615533 0.030275460584218677 0.0 0.0 0.056884829550303245 0.010656525635421514 0.0 0.0 0.3308931479559211 1.3139908567219292e-07 0.0 0.0 0.22225597264669478 0.022036230578561068 0.0 0.0 0.5040223622568436 0.22045326008536595 0.0 0.0 0.10999466765759612 0.0 0.2514173728399992 0.0 0.0 0.0 0.14219489271908428 0.0 0.0 0.0 3.20093847074786e-06 0.0 0.0 0.0 0.1016733509335645 0.0 0.0 0.0 0.0 0.0400846388126556 0.0 0.0 0.0 0.035886400506838535 0.0 0.0 0.0 0.009232308537049583 0.0 0.0 0.0 0.036161061690710705 0.0 0.0021093696616361693 0.0 0.0 0.03109183765223571 1.4342747216645943e-12 0.0 0.0 0.07019053500690305 1.9986340169208192e-08 0.0 0.0 0.02199872966788474 0.03151953749103241 0.0 0.0 0.005063354180402162 0.0008314387008982635 0.0 0.0 0.06108625117897363 4.4368952949135877e-08 0.0 0.0 0.04169380903158599 6.410980615427488e-08 0.0 0.0 0.11374851757784811 0.05529274148236651 0.0 0.0 0.011928022250922906
0.0 0.005853787951477661 0.0 0.0 0.0 0.009967516805265473 0.0 0.0 0.0 5.0903030140091976e-08 0.0 0.0 0.0 0.001988415563539977 0.0 0.0 0.0 0.0 0.009352887564433478 0.0 0.0 0.0 0.06892795966197156 0.0 0.0 0.0 0.11819537283782439 0.0 0.0 0.0 0.09902488234180319 0.0 2.0977536716512255e-09 0.0 0.0 0.003668278689775121 9.590561301569382e-10 0.0 0.0 0.0004115199857401391 0.0007559444700037864 0.0 0.0 0.024176584839370158 0.027022261362160082 0.0 0.0 0.018315132037949534 0.0018195247462782912 0.0 0.0 0.1265107627507657 9.962710197738909e-08 0.0 0.0 0.2151033905618327 0.011066467856021328 0.0 0.0 0.18928448129487951 0.0741983008330814 0.0 0.0 0.0247930808622725 0.0 4.4060548406068106e-08 0.0 0.0 0.0 3.9430678324087935e-07 0.0 0.0 0.0 6.029827128726942e-12 0.0 0.0 0.0 3.0149649552587605e-07 0.0 0.0 0.0 0.0 0.02920345671114595 0.0 0.0 0.0 0.04266346003551428 0.0 0.0 0.0 0.06198776339002767 0.0 0.0 0.0 0.12176299688791702 0.0 0.00027456796084440033 0.0 0.0 0.008245257900971739 9.49612331285099e-08 0.0 0.0 0.04754936908096538 0.01087999753670582 0.0 0.0 0.1311811617691508 0.013937192472737092 0.0 0.0 0.013222336314304401 0.00032724695763488887 0.0 0.0 0.011017841009015941 2.5680162732867795e-07 0.0 0.0 0.20419691241484478 0.021799775117978953 0.0 0.0 0.3629722773820429 0.11740227066805421 0.0 0.0 0.07715380436162113 0.0 0.04792360629672742 0.0 0.0 0.0 0.013340343909987794 0.0 0.0 0.0 9.110405837033468e-08 0.0 0.0 0.0 0.005231182352788895 0.0 0.0 0.0 0.0 7.13368656489381e-08 0.0 0.0 0.0 4.882466368956808e-07 0.0 0.0 0.0 1.3248642313061632e-08 0.0 0.0 0.0 1.2467268063522345e-08 0.0 0.0005667336638826531 0.0 0.0 0.008903287252398362 6.405034960840353e-08 0.0 0.0 0.08117184527895162 0.005498770182121662 0.0 0.0 0.03714928082053417 0.04062674131566002 0.0 0.0 0.0063729626052070176 0.013490099207795925 0.0 0.0 0.41980034824394324 2.0397900648585217e-07 0.0 0.0 0.19989754213603564 0.013972711637716068 0.0 0.0 0.1396527914075727 0.12127713610868852 0.0 0.0 0.022765623551032777 0.0 0.2217597937901465 0.0 0.0 0.0 0.2323095086151617 0.0 0.0 0.0 4.432862945836475e-07 0.0 0.0 0.0 0.21848328240492573 0.0 0.0 0.0 0.0 0.030043400757089923 0.0 0.0 0.0 0.11369818403127631 0.0 0.0 0.0 0.00010653569261075672 0.0 0.0 0.0 0.08185506133677317 0.0 0.000285376054792259 0.0 0.0 0.007646976226521438 2.4617450692204198e-09 0.0 0.0 0.03466952402293855 0.0020331578241284945 0.0 0.0 0.03658639464815416 0.18310486322158095 0.0 0.0 0.038316658573900535 0.0004868941704069911 0.0 0.0 0.03418804660201093 8.445094049899755e-08 0.0 0.0 0.06093842781938985 0.0004883990388863715 0.0 0.0 0.009853484110086968 0.0949842621145663 0.0 0.0 0.021145262150350605
0.0 0.025314951479237156 0.0 0.0 0.0 0.005001611662983395 0.0 0.0 0.0 8.808436545019237e-08 0.0 0.0 0.0 0.0070173540221951216 0.0 0.0 0.0 0.0 0.09739273560721746 0.0 0.0 0.0 0.026257447834880248 0.0 0.0 0.0 0.11842307211095791 0.0 0.0 0.0 0.18490970596652903 0.0 0.0018188899348013645 0.0 0.0 0.04530616399033399 5.992181747347668e-14 0.0 0.0 0.0007017581378131424 8.484043148439584e-05 0.0 0.0 0.00525015609567953 0.038622179494915275 0.0 0.0 0.013035405898441542 0.020289178717725585 0.0 0.0 0.38323337948064795 1.1561564931498399e-07 0.0 0.0 0.15915749981860183 0.008207115338239993 0.0 0.0 0.1547123775442545 0.23642321361609103 0.0 0.0 0.09334744021179148 0.0 1.178350345640275e-07 0.0 0.0 0.0 0.0 0.0 0.0 0.0 5.529160888909339e-12 0.0 0.0 0.0 1.1195563038728743e-07 0.0 0.0 0.0 0.0 0.0023452279128262834 0.0 0.0 0.0 0.0 0.0 0.0 0.0 0.07676734314198148 0.0 0.0 0.0 0.029318380403855388 0.0 4.746834418174585e-10 0.0 0.0 3.346421984455178e-08 0.0 0.0 0.0 0.0 0.002891537241356668 0.0 0.0 0.0255056704256865 0.008228681075095121 0.0 0.0 0.0019564341955283513 0.0005676489557332351 0.0 0.0 0.0448665796249996 0.0 0.0 0.0 0.0 0.01953690517004864 0.0 0.0 0.20975580188787624 0.08913829286218157 0.0 0.0 0.014696924310200097 0.0 0.043258631708271815 0.0 0.0 0.0 0.004356286905463028 0.0 0.0 0.0 1.3304768321071456e-07 0.0 0.0 0.0 0.018851325737162593 0.0 0.0 0.0 0.0 1.4816087848610062e-07 0.0 0.0 0.0 9.759112144613738e-07 0.0 0.0 0.0 1.936133098739688e-06 0.0 0.0 0.0 3.358856880747606e-06 0.0 0.000804299752079756 0.0 0.0 0.021646819021584118 5.076105277276413e-09 0.0 0.0 0.037788490858236976 0.0060615878019983725 0.0 0.0 0.09304766380041134 0.03381257856333288 0.0 0.0 0.04508992313317375 0.009836047532365508 0.0 0.0 0.40225013649978997 1.2013240896691474e-07 0.0 0.0 0.10119294591906217 0.016634587889809455 0.0 0.0 0.21871134919947763 0.1224754961751145 0.0 0.0 0.11422457540681422 0.0 0.35840926049704114 0.0 0.0 0.0 0.10042434870087873 0.0 0.0 0.0 6.13041132681356e-06 0.0 0.0 0.0 0.10907972893433698 0.0 0.0 0.0 0.0 0.005081282302606925 0.0 0.0 0.0 0.017874878063390623 0.0 0.0 0.0 0.034203288577635604 0.0 0.0 0.0 0.07778907170569192 0.0 0.0024492936954725614 0.0 0.0 0.0868064441898862 1.4558960698392733e-12 0.0 0.0 0.07531243668080666 0.005157647852279699 0.0 0.0 0.06966730069531554 0.004053074360035055 0.0 0.0 0.04857431945770545 0.0015686461859196748 0.0 0.0 0.07126076407154004 4.513724562692743e-08 0.0 0.0 0.04528633275370726 0.0046213147611170605 0.0 0.0 0.17302196730730707 0.0351659523968182 0.0 0.0 0.012015502750394138
0.0 0.011217301806152387 0.0 0.0 0.0 0.00024787252518025573 0.0 0.0 0.0 9.488147806163699e-08 0.0 0.0 0.0 0.005019424486167442 0.0 0.0 0.0 0.0 0.04967493930318235 0.0 0.0 0.0 0.048458219779129556 0.0 0.0 0.0 0.01082343121055678 0.0 0.0 0.0 0.1729318380984694 0.0 0.00037340041466877964 0.0 0.0 0.018605360351474996 1.0336261701525116e-09 0.0 0.0 0.016317501108825242 0.00011634807139610442 0.0 0.0 0.004683603264349178 0.0312741442545124 0.0 0.0 0.006864987036067873 0.005998980368310528 0.0 0.0 0.21331659568162462 1.3632453831639232e-08 0.0 0.0 0.009773036402138346 0.008896911643148186 0.0 0.0 0.1998695443731319 0.15747323333336624 0.0 0.0 0.037817917438860385 0.0 1.1179816311623825e-07 0.0 0.0 0.0 3.4385782245078553e-07 0.0 0.0 0.0 4.953790455827227e-12 0.0 0.0 0.0 1.6909889799269323e-07 0.0 0.0 0.0 0.0 0.0035446505971433316 0.0 0.0 0.0 0.002258485626585697 0.0 0.0 0.0 0.08830571840406909 0.0 0.0 0.0 0.008905734510798262 0.0 3.3394559392109e-08 0.0 0.0 0.031743013121955814 1.0681710203227083e-08 0.0 0.0 0.002259643768744274 0.002138179776245361 0.0 0.0 0.05996655887517287 0.019048072612121946 0.0 0.0 0.006992954275216464 1.5396661413928888e-08 0.0 0.0 0.03950882017287033 4.177173071861533e-07 0.0 0.0 0.07027774282918359 0.009280860692773193 0.0 0.0 0.21429190465355272 0.03749723975289386 0.0 0.0 0.03975079647210159 0.0 0.015133256372274298 0.0 0.0 0.0 0.007710555111007231 0.0 0.0 0.0 1.0548111679991531e-07 0.0 0.0 0.0 0.01325351141863697 0.0 0.0 0.0 0.0 2.4034296714992844e-07 0.0 0.0 0.0 1.2736817157417241e-06 0.0 0.0 0.0 5.9772076072662e-08 0.0 0.0 0.0 9.676383283127838e-07 0.0 0.0006369091180870752 0.0 0.0 0.058215873265623934 1.1172240968128016e-08 0.0 0.0 0.008282103189528312 9.971791844300137e-05 0.0 0.0 0.0036962323934325745 0.045787784698105634 0.0 0.0 0.01592580318448568 0.00718752262419681 0.0 0.0 0.18061445396158768 6.836848287868153e-08 0.0 0.0 0.1709975996804084 0.007454898082699706 0.0 0.0 0.17574059755561539 0.13535735321408285 0.0 0.0 0.08886115777177421 0.0 0.24833927184500748 0.0 0.0 0.0 0.09505581764458645 0.0 0.0 0.0 2.3410675386250905e-06 0.0 0.0 0.0 0.16848453411449918 0.0 0.0 0.0 0.0 0.019453700335140257 0.0 0.0 0.0 0.07143048741829533 0.0 0.0 0.0 0.03351522555324522 0.0 0.0 0.0 0.06067053400851734 0.0 0.00011934707930865046 0.0 0.0 0.03445092742166578 9.448370051406566e-08 0.0 0.0 0.09487444982502238 0.004602718464850588 0.0 0.0 0.03276484582818154 0.05988469111617582 0.0 0.0 0.015812000036448247 0.00099696996673771 0.0 0.0 0.03322468351823047 7.670315598125478e-09 0.0 0.0 0.03782572088349337 0.0035077937334791593 0.0 0.0 0.07520036431541166 0.05071468939494119 0.0 0.0 0.018416773736185266
0.0 0.016935886845686553 0.0 0.0 0.0 0.0009683781214848864 0.0 0.0 0.0 7.405859588226199e-08 0.0 0.0 0.0 0.007793281488861612 0.0 0.0 0.0 0.0 0.03230532988486985 0.0 0.0 0.0 0.11517890333001855 0.0 0.0 0.0 0.06283331942919945 0.0 0.0 0.0 0.13214236557597775 0.0 0.007041795590020419 0.0 0.0 0.04021996491243744 2.4807566337473977e-10 0.0 0.0 0.001332377359104224 0.00126341191850722 0.0 0.0 0.02123332599994219 0.03564115802470429 0.0 0.0 0.00733752745404297 0.0075529404773446805 0.0 0.0 0.23493203161188156 2.3597197531353783e-08 0.0 0.0 0.027800867053650778 0.008994585353541713 0.0 0.0 0.19623638265927673 0.16255528533985697 0.0 0.0 0.09037203124515134 0.0 0.0 0.0 0.0 0.0 6.290601714358098e-07 0.0 0.0 0.0 2.412152936893995e-12 0.0 0.0 0.0 2.2307625981344205e-07 0.0 0.0 0.0 0.0 0.0 0.0 0.0 0.0 0.08332982525617076 0.0 0.0 0.0 0.0978645024132675 0.0 0.0 0.0 0.02473536416377339 0.0 0.0 0.0 0.0 0.0 8.993329425874017e-08 0.0 0.0 0.03858754363084605 0.003627390923230038 0.0 0.0 0.07920982583000027 0.09168970368178582 0.0 0.0 0.04055722056204042 0.0 0.0 0.0 0.0 3.8756745036876647e-07 0.0 0.0 0.26549632377748483 0.006815069895208687 0.0 0.0 0.15147116025812182 0.0874175316716352 0.0 0.0 0.04616105626356862 0.0 0.01956388670013719 0.0 0.0 0.0 0.011843941907640501 0.0 0.0 0.0 1.2982360243731138e-07 0.0 0.0 0.0 0.007579242264822972 0.0 0.0 0.0 0.0 9.177173584226639e-07 0.0 0.0 0.0 1.1729681978607524e-07 0.0 0.0 0.0 3.9194085431859593e-08 0.0 0.0 0.0 1.8806615633201133e-06 0.0 0.0029132677697546725 0.0 0.0 0.09848973352259517 2.1409410647191552e-08 0.0 0.0 0.010616493282283236 1.0554037847990546e-05 0.0 0.0 0.0019074219706796483 0.041853903513954564 0.0 0.0 0.011624172339150632 0.003904177001818891 0.0 0.0 0.16568911670739891 3.2339361935415113e-07 0.0 0.0 0.17124650232293526 0.013032504676620392 0.0 0.0 0.17875674990987292 0.13522431069794957 0.0 0.0 0.04585074003844495 0.0 0.2956129083490091 0.0 0.0 0.0 0.19598333617922792 0.0 0.0 0.0 2.750985216488202e-06 0.0 0.0 0.0 0.27664410707220966 0.0 0.0 0.0 0.0 0.0744387610714167 0.0 0.0 0.0 0.05516297236191891 0.0 0.0 0.0 0.006717706809124178 0.0 0.0 0.0 0.15569741365969433 0.0 0.003129080485555648 0.0 0.0 0.10477495014179818 1.6667662865201015e-08 0.0 0.0 0.022045713487867394 0.0015051649301364304 0.0 0.0 0.027396197371463798 0.1044528999893932 0.0 0.0 0.049273000987131256 0.001156345916897592 0.0 0.0 0.05358330297027217 5.1923233660472563e-08 0.0 0.0 0.06579585870232976 0.0037385189611106283 0.0 0.0 0.0574933607493029 0.10940830966638349 0.0 0.0 0.03092701717284614
0.0 0.005616887679807014 0.0 0.0 0.0 0.004584892479274203 0.0 0.0 0.0 1.509465475078609e-08 0.0 0.0 0.0 0.0027016432984648185 0.0 0.0 0.0 0.0 0.0024794867412581524 0.0 0.0 0.0 0.06294157178856623 0.0 0.0 0.0 0.0014761236406966014 0.0 0.0 0.0 0.07522745262343372 0.0 0.0001399209983328648 0.0 0.0 0.004721830780084011 3.7130933775764434e-08 0.0 0.0 0.027377751551398863 6.054490433699007e-05 0.0 0.0 0.019202159161604712 0.00015789335019510259 0.0 0.0 0.0003667907666511558 0.002578199129555459 0.0 0.0 0.08108936070736361 2.1364075626329865e-07 0.0 0.0 0.13055546749400654 0.004469275689486964 0.0 0.0 0.0714175675456211 0.03529158892099164 0.0 0.0 0.015088879088798383 0.0 3.42314011423969e-07 0.0 0.0 0.0 5.214078661783762e-07 0.0 0.0 0.0 3.894714593208272e-12 0.0 0.0 0.0 1.3578516057833215e-07 0.0 0.0 0.0 0.0 0.042695223073332664 0.0 0.0 0.0 0.021177057243435674 0.0 0.0 0.0 0.026167757924012113 0.0 0.0 0.0 0.06985141611765293 0.0 0.0020460866596888412 0.0 0.0 0.028933617258494512 1.0078135024322147e-07 0.0 0.0 0.04493889753197943 0.0006044976262796943 0.0 0.0 0.033906376214515734 0.024746033197480345 0.0 0.0 0.008936174385678994 0.0037474047778163727 0.0 0.0 0.11582869798945838 3.155207457540046e-07 0.0 0.0 0.28817728964809347 0.007882541067806089 0.0 0.0 0.22131588527269497 0.06549087787920545 0.0 0.0 0.02422673470762401 0.0 0.006331837546793229 0.0 0.0 0.0 0.007774138100821794 0.0 0.0 0.0 1.039210091458113e-07 0.0 0.0 0.0 0.008457675202213752 0.0 0.0 0.0 0.0 7.79279438223464e-09 0.0 0.0 0.0 1.752823924851443e-07 0.0 0.0 0.0 4.232301441057738e-09 0.0 0.0 0.0 2.73832017266104e-08 0.0 4.192208641654201e-09 0.0 0.0 1.1449184128644152e-07 1.1964458249642186e-14 0.0 0.0 0.00015276604004440432 0.00012741869066126445 0.0 0.0 0.0015968279246043112 0.022662120699827173 0.0 0.0 0.0032573955660938473 0.0021295725738743215 0.0 0.0 0.055955587426755556 1.2564387976948498e-07 0.0 0.0 0.12090704298138436 0.0076242171484934874 0.0 0.0 0.11948567613146512 0.15288518546786484 0.0 0.0 0.03819752976573461 0.0 0.13017556725334303 0.0 0.0 0.0 0.1475319023704712 0.0 0.0 0.0 9.567113142385646e-08 0.0 0.0 0.0 0.19627270413724596 0.0 0.0 0.0 0.0 0.006852211036152269 0.0 0.0 0.0 0.0599929793410734 0.0 0.0 0.0 0.00015276180828273397 0.0 0.0 0.0 0.1383657519495599 0.0 0.0017221781561967487 0.0 0.0 0.03861398575775699 1.1702408300331324e-07 0.0 0.0 0.059281391282784 0.0016723405765928416 0.0 0.0 0.0279566385087411 0.10983710359194916 0.0 0.0 0.033214638140597635 0.0005400720645275355 0.0 0.0 0.015347357804825622 8.97691721217249e-08 0.0 0.0 0.05527914033375336 0.00012291906718059185 0.0 0.0 0.002303806380205013 0.04922194628937847 0.0 0.0 0.020633410097542014
0.0 0.014079925669809645 0.0 0.0 0.0 0.00573388998298769 0.0 0.0 0.0 7.452596403463751e-08 0.0 0.0 0.0 0.0007615205435676998 0.0 0.0 0.0 0.0 0.05832553878089186 0.0 0.0 0.0 0.07511391421903904 0.0 0.0 0.0 0.02430962991744162 0.0 0.0 0.0 0.03588632044840949 0.0 0.0037673533743534625 0.0 0.0 0.07630925698840169 7.249354142906483e-09 0.0 0.0 0.003969726777910154 0.0008286200193262967 0.0 0.0 0.024318785723435016 0.029169804306016678 0.0 0.0 0.0029495841470218455 0.013517743335076682 0.0 0.0 0.24692711865294903 1.8543553899272601e-07 0.0 0.0 0.14041515095416035 0.003984596122114077 0.0 0.0 0.1717911683107093 0.07075852174194941 0.0 0.0 0.010629498559028448 0.0 2.0423259514460458e-07 0.0 0.0 0.0 1.6121808928340673e-07 0.0 0.0 0.0 5.517245159139697e-12 0.0 0.0 0.0 3.859566270572692e-07 0.0 0.0 0.0 0.0 0.03201570110770268 0.0 0.0 0.0 0.0024259636667613056 0.0 0.0 0.0 0.038003433702597886 0.0 0.0 0.0 0.07577530070359566 0.0 1.6552115874810378e-05 0.0 0.0 0.0031738214706144973 5.3603250464425644e-08 0.0 0.0 0.03448004241065454 0.0032319511723300576 0.0 0.0 0.05666645665526184 0.0073437024819575595 0.0 0.0 0.002143620374754576 0.0004939309810428553 0.0 0.0 0.07691622740166518 9.444162396273019e-08 0.0 0.0 0.113248934405614 0.011476010043230782 0.0 0.0 0.22847146034954768 0.1884508622517329 0.0 0.0 0.06413544015981788 0.0 0.012649227978075933 0.0 0.0 0.0 0.016378072535134614 0.0 0.0 0.0 1.7028412445029576e-07 0.0 0.0 0.0 0.009787565603910791 0.0 0.0 0.0 0.0 1.6743996390927263e-07 0.0 0.0 0.0 6.379627002664142e-08 0.0 0.0 0.0 1.9432904539678422e-07 0.0 0.0 0.0 5.632712590044712e-08 0.0 3.9309777476694704e-05 0.0 0.0 0.04199854543821283 4.925935058246835e-08 0.0 0.0 0.03443278856657213 0.0008571378299398807 0.0 0.0 0.008196085605546 0.004352957527567592 0.0 0.0 0.0015908095107645972 0.0006850036424815692 0.0 0.0 0.13232180790628106 2.2552468511440747e-07 0.0 0.0 0.287038112246473 0.017681304371322103 0.0 0.0 0.27357560707200934 0.09441400537906543 0.0 0.0 0.040009855397559246 0.0 0.1598149264600356 0.0 0.0 0.0 0.12610827544444594 0.0 0.0 0.0 2.3707679950305304e-07 0.0 0.0 0.0 0.1278167301090971 0.0 0.0 0.0 0.0 0.04533272795975563 0.0 0.0 0.0 0.029516258602627982 0.0 0.0 0.0 0.029154425566345413 0.0 0.0 0.0 0.032571710971610546 0.0 0.00010216004054963644 0.0 0.0 0.03116710920675507 9.566132256092114e-08 0.0 0.0 0.03294017893797601 0.00035137320137779143 0.0 0.0 0.07368960371752183 0.004118849215109816 0.0 0.0 0.0018640184692167066 0.0008564888757909433 0.0 0.0 0.025498274512601848 4.02377029098545e-08 0.0 0.0 0.03666802573491499 0.0004040436416048043 0.0 0.0 0.009016754105845825 0.040251144586436395 0.0 0.0 0.018610421267519762
0.0 0.010745319042223199 0.0 0.0 0.0 0.0022746161586273384 0.0 0.0 0.0 1.1432881345651219e-07 0.0 0.0 0.0 0.0013881710772900477 0.0 0.0 0.0 0.0 0.012913346525512888 0.0 0.0 0.0 0.11091988799330821 0.0 0.0 0.0 0.14342441118618388 0.0 0.0 0.0 0.12671407860458847 0.0 4.9691963493178635e-05 0.0 0.0 0.003809794609748664 2.989843758953953e-08 0.0 0.0 0.021151723883730645 0.0002692593454087545 0.0 0.0 0.008979937898433814 0.0026896452259510943 0.0 0.0 0.011181317556833936 0.002448373532554235 0.0 0.0 0.21987080044082874 7.546428444633944e-08 0.0 0.0 0.06552352749310045 0.011733605740190134 0.0 0.0 0.28529985850681955 0.08867853027693644 0.0 0.0 0.01918558337276092 0.0 1.4880842556155335e-08 0.0 0.0 0.0 4.0107827934846495e-07 0.0 0.0 0.0 7.328470256188301e-12 0.0 0.0 0.0 1.2998827133852867e-07 0.0 0.0 0.0 0.0 0.00014112906159666132 0.0 0.0 0.0 0.0881621717880069 0.0 0.0 0.0 0.11370321588060404 0.0 0.0 0.0 0.005507404038910677 0.0 0.002076168155799625 0.0 0.0 0.04149803987860119 5.641175194154403e-08 0.0 0.0 0.04665882703115264 0.00677349927947078 0.0 0.0 0.09687962605637397 0.018869450114051448 0.0 0.0 0.004694186077969612 0.00026707625830503013 0.0 0.0 0.005985036987727102 1.026543635608547e-07 0.0 0.0 0.26491816281942304 0.013796192425076147 0.0 0.0 0.36845704902561266 0.09651766867320649 0.0 0.0 0.024313556776206963 0.0 0.025370612232969866 0.0 0.0 0.0 0.020386659838088416 0.0 0.0 0.0 3.550317262980052e-07 0.0 0.0 0.0 0.01189876414616613 0.0 0.0 0.0 0.0 9.211052193296249e-08 0.0 0.0 0.0 7.622499284233584e-08 0.0 0.0 0.0 4.892719291483142e-07 0.0 0.0 0.0 1.8117075973657924e-07 0.0 0.0004362881781898483 0.0 0.0 0.00793403480277909 3.748445361362573e-09 0.0 0.0 0.006663688971552336 0.004932526359458168 0.0 0.0 0.08058231605539921 0.10378647216273829 0.0 0.0 0.052923089421167274 0.007664410798289414 0.0 0.0 0.25839935321448293 3.096770440721846e-07 0.0 0.0 0.32272151809998223 0.020151277268460256 0.0 0.0 0.49394261868749295 0.19634925403173312 0.0 0.0 0.08474942607328499 0.0 0.35785577815355785 0.0 0.0 0.0 0.17895794225111744 0.0 0.0 0.0 3.694103354354183e-07 0.0 0.0 0.0 0.031094032492666592 0.0 0.0 0.0 0.0 0.03507683268440621 0.0 0.0 0.0 0.006334603818432634 0.0 0.0 0.0 0.0001303033610124636 0.0 0.0 0.0 0.0028393578405428092 0.0 0.0007203999041488198 0.0 0.0 0.09364941598731769 7.555662396660195e-09 0.0 0.0 0.0032376264184177496 2.3809421911769184e-08 0.0 0.0 0.03745344182318104 9.51985623276951e-08 0.0 0.0 1.0958089759495331e-08 0.0007458118161738885 0.0 0.0 0.06159387890598948 3.529663478936187e-08 0.0 0.0 0.06130711077409583 7.021464564749364e-09 0.0 0.0 0.012383319797456773 0.06101700662449812 0.0 0.0 0.004984427331384756
0.0 0.0057651973867250735 0.0 0.0 0.0 0.0035379499134172375 0.0 0.0 0.0 4.828179720161909e-08 0.0 0.0 0.0 0.003664041249299144 0.0 0.0 0.0 0.0 0.005214449574006278 0.0 0.0 0.0 0.01864520314154355 0.0 0.0 0.0 0.04605803559354126 0.0 0.0 0.0 0.044443500664530566 0.0 1.6697087312638877e-09 0.0 0.0 0.003312607225921641 1.3368478907020514e-13 0.0 0.0 0.005177335567223123 2.8905080111349557e-08 0.0 0.0 0.03452614829009871 0.013919005754835265 0.0 0.0 0.005658409831854805 0.0019740846657744825 0.0 0.0 0.1287651104175062 6.134986820562184e-08 0.0 0.0 0.11767090096745658 0.013390990697365702 0.0 0.0 0.14774383313152106 0.08947385261657922 0.0 0.0 0.03621645780242425 0.0 7.499308521527155e-08 0.0 0.0 0.0 2.511115888572361e-08 0.0 0.0 0.0 8.515907458105728e-12 0.0 0.0 0.0 2.8812981818011055e-07 0.0 0.0 0.0 0.0 0.031485095780363556 0.0 0.0 0.0 0.07280976621359575 0.0 0.0 0.0 0.1360635153749119 0.0 0.0 0.0 0.07033778568108649 0.0 0.0013371731721048157 0.0 0.0 0.03464391864689993 1.8820304632063073e-08 0.0 0.0 0.05335040528999049 0.0036345271406838394 0.0 0.0 0.09059066538451907 0.020886091954961702 0.0 0.0 0.00827698329248423 0.0005521489676066194 0.0 0.0 0.028669222399701468 2.0241814198339627e-08 0.0 0.0 0.01887121526277849 0.021164981921402627 0.0 0.0 0.425359747888298 0.05907253788732764 0.0 0.0 0.08314539795372583 0.0 0.033765687848973144 0.0 0.0 0.0 0.024278552141664193 0.0 0.0 0.0 3.709198875119195e-07 0.0 0.0 0.0 0.02254543199828804 0.0 0.0 0.0 0.0 9.050333989175375e-07 0.0 0.0 0.0 3.2939602433199107e-07 0.0 0.0 0.0 1.783834215568678e-07 0.0 0.0 0.0 1.6534807280951116e-07 0.0 0.0013435571835172591 0.0 0.0 0.03759402528664858 6.485457218610692e-08 0.0 0.0 0.09475776559716337 0.008236813744562511 0.0 0.0 0.0641801487934648 0.01705662900489913 0.0 0.0 0.005372707820821629 0.006808363180569901 0.0 0.0 0.2588941803260579 2.0201881604025455e-07 0.0 0.0 0.26771362183080644 0.024699466218278607 0.0 0.0 0.5796964596587165 0.22135331800742938 0.0 0.0 0.07207846667965466 0.0 0.07483022874483822 0.0 0.0 0.0 0.28446770716601205 0.0 0.0 0.0 1.0824574517436622e-06 0.0 0.0 0.0 0.20413986186391309 0.0 0.0 0.0 0.0 0.02589308685708731 0.0 0.0 0.0 0.12337194342888155 0.0 0.0 0.0 0.036456377861059694 0.0 0.0 0.0 0.04462821509428991 0.0 0.0008310246036365104 0.0 0.0 0.03016330292195232 2.1896448478328718e-09 0.0 0.0 0.024539847477486533 0.0022220196167161183 0.0 0.0 0.013275209573807623 0.07108141863089239 0.0 0.0 0.017296841773843434 0.00012088338832033876 0.0 0.0 0.013192924423807697 8.011551222151222e-08 0.0 0.0 0.09940240640115176 0.005542011570885329 0.0 0.0 0.039190932879841114 0.07059602637529039 0.0 0.0 0.02735198908069809
0.0 0.0 0.0 0.0 0.0 0.0051167489110325514 0.0 0.0 0.0 0.0 0.0 0.0 0.0 0.008934458990348813 0.0 0.0 0.0 0.0 0.0 0.0 0.0 0.0 0.16019348786841092 0.0 0.0 0.0 0.0 0.0 0.0 0.0 0.17090025498685693 0.0 0.0 0.0 0.0 0.0 2.5915296563057775e-07 0.0 0.0 0.13902239168388372 0.0 0.0 0.0 0.0 0.09885015442888839 0.0 0.0 0.038619263095363614 0.0 0.0 0.0 0.0 1.0334197940461912e-07 0.0 0.0 0.07091730259299814 0.0 0.0 0.0 0.0 0.13969920796208593 0.0 0.0 0.06834707150823462 0.0 3.74775255316922e-07 0.0 0.0 0.0 0.0 0.0 0.0 0.0 5.878435139382953e-13 0.0 0.0 0.0 4.337900493475455e-07 0.0 0.0 0.0 0.0 0.03170244741002934 0.0 0.0 0.0 0.0 0.0 0.0 0.0 0.0376842387365459 0.0 0.0 0.0 0.019997499183843467 0.0 0.0018659593621718463 0.0 0.0 0.03415553322766487 0.0 0.0 0.0 0.0 0.004728507836281446 0.0 0.0 0.04350313014106478 0.07452623490200447 0.0 0.0 0.06884947608222333 0.0029538276213935777 0.0 0.0 0.0794219750239932 0.0 0.0 0.0 0.0 0.0028746448542397653 0.0 0.0 0.02378456649666135 0.11355454220855701 0.0 0.0 0.1358471367397198 0.0 0.0 0.0 0.0 0.0 0.007603152690521211 0.0 0.0 0.0 0.0 0.0 0.0 0.0 0.0017774444832910185 0.0 0.0 0.0 0.0 0.0 0.0 0.0 0.0 5.878435139382953e-13 0.0 0.0 0.0 0.0 0.0 0.0 0.0 1.602143253840565e-06 0.0 0.0 0.0 0.0 0.0 6.73627725583612e-08 0.0 0.0 0.03768417137377334 0.0 0.0 0.0 0.0 0.0014972772738045279 0.0 0.0 0.0005682405779805602 0.0 0.0 0.0 0.0 2.2846478984494454e-07 0.0 0.0 0.0672874681729363 0.0 0.0 0.0 0.0 0.02362717336289291 0.0 0.0 0.010053291513904163 0.0 0.3310933680800126 0.0 0.0 0.0 0.07666428372886494 0.0 0.0 0.0 1.6021432538405648e-06 0.0 0.0 0.0 0.4216233150909773 0.0 0.0 0.0 0.0 0.24478962095107207 0.0 0.0 0.0 0.06743535368241198 0.0 0.0 0.0 0.002065517851785088 0.0 0.0 0.0 0.11807295379045739 0.0 0.00640196321016844 0.0 0.0 0.11617860515588169 5.291712365767404e-08 0.0 0.0 0.011490548429996821 3.985148631768714e-09 0.0 0.0 6.735349927374582e-08 0.10779438390207456 0.0 0.0 0.07217640229793547 0.0028294577076474997 0.0 0.0 0.049207571997758354 9.732626141180485e-08 0.0 0.0 0.03203481069097636 0.0017774404981423866 0.0 0.0 0.03368039752329781 0.2679733021210913 0.0 0.0 0.06306046474102085
0.0 0.006122678809236741 0.0 0.0 0.0 0.0039077022531217595 0.0 0.0 0.0 3.850748655695868e-08 0.0 0.0 0.0 0.0005107964018766277 0.0 0.0 0.0 0.0 0.013617865653602708 0.0 0.0 0.0 0.02744998942901826 0.0 0.0 0.0 0.1427450327439574 0.0 0.0 0.0 0.09165165327238385 0.0 1.6359526845825775e-05 0.0 0.0 0.015246653125501226 3.0093599504133793e-10 0.0 0.0 0.004777326766612471 0.0005948010548507377 0.0 0.0 0.012431694870619913 0.002970725159407919 0.0 0.0 0.00041167310715716074 0.0019061815896202748 0.0 0.0 0.08268140798641267 9.156873420291981e-08 0.0 0.0 0.14325160971840648 0.0022459807140168524 0.0 0.0 0.11106253216431235 0.01905206879609435 0.0 0.0 0.00499422995429951 0.0 5.008676542604912e-08 0.0 0.0 0.0 8.057596312189309e-08 0.0 0.0 0.0 4.739831382316635e-12 0.0 0.0 0.0 7.19742782863135e-08 0.0 0.0 0.0 0.0 0.0005727275823461664 0.0 0.0 0.0 0.04688023631503904 0.0 0.0 0.0 0.02781527076260234 0.0 0.0 0.0 0.002203056252882113 0.0 0.0005410008112263112 0.0 0.0 0.006225067709481571 5.8452764204157746e-09 0.0 0.0 0.013066312988971205 0.0004780660349091387 0.0 0.0 0.009281252228745422 0.02174713219648375 0.0 0.0 0.02652901745221911 0.0016228657658037308 0.0 0.0 0.02093607471718166 2.7047090255445727e-08 0.0 0.0 0.029746697246074535 0.006927424758827022 0.0 0.0 0.25447585293822483 0.07979870095510458 0.0 0.0 0.019210954533056487 0.0 0.013589285641696359 0.0 0.0 0.0 0.007689195199373044 0.0 0.0 0.0 1.649928526593052e-07 0.0 0.0 0.0 0.007671305546349405 0.0 0.0 0.0 0.0 7.426682986967324e-07 0.0 0.0 0.0 1.1960803322169233e-07 0.0 0.0 0.0 3.7842737880732665e-08 0.0 0.0 0.0 8.215607916131138e-08 0.0 1.4499586937335353e-09 0.0 0.0 0.0005896542174085844 4.001566369199494e-10 0.0 0.0 0.024500606296439558 0.006238612091882747 0.0 0.0 0.11342980157707501 0.02065717840638027 0.0 0.0 0.004603574022873233 0.00431280814131375 0.0 0.0 0.13099644124534823 2.0357008831316788e-08 0.0 0.0 0.17709456484862268 0.00872010906046935 0.0 0.0 0.23038471450864065 0.16232421736628425 0.0 0.0 0.04392593588447254 0.0 0.2557525265612637 0.0 0.0 0.0 0.06587431288441176 0.0 0.0 0.0 7.787705651228949e-07 0.0 0.0 0.0 0.0768906487553963 0.0 0.0 0.0 0.0 0.02225789800768368 0.0 0.0 0.0 0.0035375099152224047 0.0 0.0 0.0 0.0001035491525551535 0.0 0.0 0.0 0.06155813659865623 0.0 0.0015894967381029608 0.0 0.0 0.057288523751503916 5.506399855065084e-14 0.0 0.0 3.489524104743707e-08 0.0014866789694214498 0.0 0.0 0.026841182206576955 0.05547526460701299 0.0 0.0 0.01894103067238966 0.0005525019488501386 0.0 0.0 0.051230279739058825 5.712248925958006e-08 0.0 0.0 0.020281445200995066 0.0036439427217114326 0.0 0.0 0.027719441524779596 0.019703166637418182 0.0 0.0 0.00661404611156559
0.0 0.016701810510849034 0.0 0.0 0.0 0.0011138353659392408 0.0 0.0 0.0 5.195716068010568e-08 0.0 0.0 0.0 0.0032705397147874717 0.0 0.0 0.0 0.0 0.041038709549752986 0.0 0.0 0.0 0.003989363209604168 0.0 0.0 0.0 0.007784512242769467 0.0 0.0 0.0 0.10497815278472863 0.0 9.168043819600477e-05 0.0 0.0 0.00520182069595885 1.3349162173509827e-09 0.0 0.0 0.003663285459290437 0.0020896235149844137 0.0 0.0 0.02840391476946915 0.011869453368005631 0.0 0.0 0.004109449021394077 0.006636769889160363 0.0 0.0 0.2093071685324579 1.2567920643808733e-08 0.0 0.0 0.05322860419930155 0.005643803554630762 0.0 0.0 0.1730609514403885 0.029646338822963053 0.0 0.0 0.03211137269903798 0.0 2.2616565081484195e-07 0.0 0.0 0.0 5.3258291669285356e-08 0.0 0.0 0.0 5.684343805601152e-12 0.0 0.0 0.0 1.5336311087459728e-07 0.0 0.0 0.0 0.0 0.004042988585380786 0.0 0.0 0.0 0.045806198655051415 0.0 0.0 0.0 0.014189116074921636 0.0 0.0 0.0 0.06088101427314419 0.0 1.009621137559964e-09 0.0 0.0 3.350301709042241e-08 2.3298401228793817e-14 0.0 0.0 0.0013626691466832417 0.0019611625604099288 0.0 0.0 0.04393579543244039 0.024063612433210643 0.0 0.0 0.005458071939000467 0.001170119822856474 0.0 0.0 0.0877792841189321 8.443407402630594e-08 0.0 0.0 0.04582364771133474 0.010692731607212663 0.0 0.0 0.17720160286722017 0.10806689689910394 0.0 0.0 0.018513108571832842 0.0 0.01241444497806529 0.0 0.0 0.0 0.01184255145880513 0.0 0.0 0.0 1.2892358344486715e-07 0.0 0.0 0.0 0.01136651238429407 0.0 0.0 0.0 0.0 1.0395963178392392e-07 0.0 0.0 0.0 1.5483686713797568e-07 0.0 0.0 0.0 8.240788090953866e-07 0.0 0.0 0.0 4.343398398490655e-06 0.0 0.006041689330996882 0.0 0.0 0.024932614069607836 9.007393989425622e-09 0.0 0.0 0.003522433322797925 0.000882425444855859 0.0 0.0 0.014932795193442771 0.0230816602667498 0.0 0.0 0.015358233334113205 0.005370284810507494 0.0 0.0 0.13722616926210754 2.717636428211504e-07 0.0 0.0 0.23261498815838205 0.00833357412874755 0.0 0.0 0.16183555864147808 0.09114234449054419 0.0 0.0 0.07602976360530325 0.0 0.1286742561322901 0.0 0.0 0.0 0.11196287750546201 0.0 0.0 0.0 5.215622978317234e-06 0.0 0.0 0.0 0.11602022112149994 0.0 0.0 0.0 0.0 0.010347426507449227 0.0 0.0 0.0 0.026985629322883467 0.0 0.0 0.0 0.060609908766557835 0.0 0.0 0.0 0.0327144619868018 0.0 0.0011074358196650432 0.0 0.0 0.029011766644775408 2.0461381005615193e-08 0.0 0.0 0.07476534095242088 0.002456486815934132 0.0 0.0 0.03492882557587899 0.03940615502173394 0.0 0.0 0.016901941151283753 0.0006682564277330304 0.0 0.0 0.016176164879004033 3.322338570047204e-08 0.0 0.0 0.034266507082356096 0.005027947765530012 0.0 0.0 0.08295692186403752 0.02938610907991918 0.0 0.0 0.013551520186650534
0.0 0.01276929588510938 0.0 0.0 0.0 0.0011813027373097518 0.0 0.0 0.0 1.1829485519464409e-07 0.0 0.0 0.0 0.006563844161168644 0.0 0.0 0.0 0.0 0.012797222024544546 0.0 0.0 0.0 2.0573751789539528e-07 0.0 0.0 0.0 0.1806090091901356 0.0 0.0 0.0 0.0204010711532341 0.0 0.0003239847214684273 0.0 0.0 0.015292421835770034 4.91649913272713e-19 0.0 0.0 3.3049504288280095e-08 7.056466129955995e-05 0.0 0.0 0.0060231953302071406 0.05170121449918394 0.0 0.0 0.009490010437269096 0.007271301292986409 0.0 0.0 0.2559368788503716 6.574623518279382e-13 0.0 0.0 0.04955030924338562 0.010186945292564914 0.0 0.0 0.31042867491468795 0.13443284721226875 0.0 0.0 0.031070266378750763 0.0 4.5939816351803276e-07 0.0 0.0 0.0 3.431183055204109e-07 0.0 0.0 0.0 3.4928388558867104e-12 0.0 0.0 0.0 1.156574663405285e-07 0.0 0.0 0.0 0.0 0.04256932579392886 0.0 0.0 0.0 0.05261612145689285 0.0 0.0 0.0 0.018265387020394184 0.0 0.0 0.0 0.12191056686829914 0.0 0.0023827842411503998 0.0 0.0 0.048994530140385316 1.3588696635533587e-07 0.0 0.0 0.06051659917809119 0.0002549707826254874 0.0 0.0 0.009283630816314272 0.01336715928404678 0.0 0.0 0.0038967318143469576 0.005835041762983594 0.0 0.0 0.1538771125052636 3.493741889386585e-07 0.0 0.0 0.1912575555958054 0.009078842217770246 0.0 0.0 0.21677642300127814 0.08781505844576847 0.0 0.0 0.026669621771947604 0.0 0.021574549613505533 0.0 0.0 0.0 0.008780567721266565 0.0 0.0 0.0 3.7943138717710115e-07 0.0 0.0 0.0 0.021150599123211183 0.0 0.0 0.0 0.0 2.4373690539534896e-07 0.0 0.0 0.0 5.507332128330785e-08 0.0 0.0 0.0 1.483451551928479e-06 0.0 0.0 0.0 4.792795162975089e-07 0.0 0.0017534543558760695 0.0 0.0 0.08859257945590078 1.0064019722203332e-07 0.0 0.0 0.04597912148728752 0.003884928665579413 0.0 0.0 0.11001681627033238 0.02967174940405333 0.0 0.0 0.019995734997819977 0.004004256472162585 0.0 0.0 0.23919787174427495 1.170800532259325e-07 0.0 0.0 0.14816744107137436 0.024146455454385107 0.0 0.0 0.4200002951788893 0.261369882802128 0.0 0.0 0.12439821130864658 0.0 0.18212877962505433 0.0 0.0 0.0 0.2253991875626332 0.0 0.0 0.0 1.6793341397335494e-06 0.0 0.0 0.0 0.22527131478117363 0.0 0.0 0.0 0.0 0.029492349464800793 0.0 0.0 0.0 0.08608015987619476 0.0 0.0 0.0 0.09096560672656459 0.0 0.0 0.0 0.046447757655459644 0.0 1.5109436802371051e-05 0.0 0.0 0.0005634988292186565 1.101694616067596e-07 0.0 0.0 0.13416493602415724 0.0028850505660309405 0.0 0.0 0.04719382506317626 0.0028724595263165285 0.0 0.0 0.001064885341345572 8.583355583462559e-05 0.0 0.0 0.041373682930164385 1.0502590340626474e-07 0.0 0.0 0.06167400902540034 0.0009983116409063208 0.0 0.0 0.06088292974268235 0.05157059012923514 0.0 0.0 0.027895947945094837
0.0 0.00039006870935206497 0.0 0.0 0.0 0.0009345970536316355 0.0 0.0 0.0 3.63972005017565e-08 0.0 0.0 0.0 0.012536469958333955 0.0 0.0 0.0 0.0 0.0363435297771135 0.0 0.0 0.0 0.060034673012740826 0.0 0.0 0.0 0.11555074245312406 0.0 0.0 0.0 0.18582445574129863 0.0 7.01410447697287e-15 0.0 0.0 2.3085068862838178e-08 3.916790567670793e-08 0.0 0.0 0.04584594427004335 0.006972803124807526 0.0 0.0 0.09720698535074174 0.02011916771797401 0.0 0.0 0.008063164144933466 2.4163899734221614e-09 0.0 0.0 0.008916460012139048 2.0679987448834956e-08 0.0 0.0 0.030134977815902415 0.004463598451193983 0.0 0.0 0.09535642222342514 0.2947588465539749 0.0 0.0 0.11779907188447124 0.0 3.265346468459654e-07 0.0 0.0 0.0 1.4618066625550488e-07 0.0 0.0 0.0 3.882268816024097e-12 0.0 0.0 0.0 5.838848502593539e-08 0.0 0.0 0.0 0.0 0.0076332441754168225 0.0 0.0 0.0 0.062372483842996776 0.0 0.0 0.0 0.028897920533846006 0.0 0.0 0.0 0.0715170266476724 0.0 0.0020781314004704034 0.0 0.0 0.062317951128460475 5.3669405932261855e-08 0.0 0.0 0.033145328479357604 0.0030339215781654346 0.0 0.0 0.03967604249054778 0.04081331509154995 0.0 0.0 0.008198034054194059 0.0024978592975221257 0.0 0.0 0.06242273946369473 3.2827625552394413e-07 0.0 0.0 0.08708199555159975 0.006304743197603595 0.0 0.0 0.10468770819623668 0.0506220878858029 0.0 0.0 0.011449813932577362 0.0 0.0311512735263848 0.0 0.0 0.0 0.001850774094047077 0.0 0.0 0.0 5.1986340563710024e-08 0.0 0.0 0.0 0.0117423296820988 0.0 0.0 0.0 0.0 1.1095774299123526e-06 0.0 0.0 0.0 9.98628965526781e-13 0.0 0.0 0.0 4.3559252322821587e-07 0.0 0.0 0.0 1.6674997777487877e-08 0.0 4.052760927570271e-05 0.0 0.0 0.007470268587528056 2.895265507368121e-13 0.0 0.0 0.006152080042354992 0.006049468001931822 0.0 0.0 0.031311121656196254 0.07669733918082464 0.0 0.0 0.028609432659228537 0.004326494015104143 0.0 0.0 0.23091083068469992 1.580276011072976e-12 0.0 0.0 0.037647229860799956 0.014578181584286712 0.0 0.0 0.08501099317893264 0.0834018110840174 0.0 0.0 0.07344957471925538 0.0 0.36621173221389325 0.0 0.0 0.0 0.16778007256476365 0.0 0.0 0.0 1.4734585262127394e-06 0.0 0.0 0.0 0.32959083248253146 0.0 0.0 0.0 0.0 0.13423024333152142 0.0 0.0 0.0 0.08803610442530255 0.0 0.0 0.0 0.011881139158136243 0.0 0.0 0.0 0.1278247437682073 0.0 0.0035120108443751226 0.0 0.0 0.11815012637420465 3.335391159336743e-08 0.0 0.0 0.048919528088877416 1.3333714365457365e-08 0.0 0.0 0.021730829694854653 0.14387574679521642 0.0 0.0 0.0707087867891964 0.0014061465353736743 0.0 0.0 0.061241000701688336 9.272031226932419e-08 0.0 0.0 0.06046484084739605 0.0033417000171678036 0.0 0.0 0.0543450123377415 0.15329536565593818 0.0 0.0 0.042056120510248436
0.0 0.006606868931771501 0.0 0.0 0.0 0.002453128007785009 0.0 0.0 0.0 4.861846147128435e-08 0.0 0.0 0.0 0.00823501255622203 0.0 0.0 0.0 0.0 0.00967989828678756 0.0 0.0 0.0 0.28409152728089615 0.0 0.0 0.0 0.04802481476236111 0.0 0.0 0.0 0.2770960942621069 0.0 4.2806751768534425e-06 0.0 0.0 0.005534892986599446 1.056065378087411e-08 0.0 0.0 0.005056111355856899 1.8851636162957846e-05 0.0 0.0 0.0028953265720096694 0.015813518431488524 0.0 0.0 0.002748227067985998 0.0019519498819461382 0.0 0.0 0.12694901941966635 1.1949136625558197e-07 0.0 0.0 0.08521637875831141 0.003246636025184399 0.0 0.0 0.13422296011325519 0.39833328125558204 0.0 0.0 0.08909014488184058 0.0 1.2134597145689924e-07 0.0 0.0 0.0 8.705441676591258e-09 0.0 0.0 0.0 2.227841861917071e-12 0.0 0.0 0.0 4.9465092095718895e-08 0.0 0.0 0.0 0.0 0.0012148825295805875 0.0 0.0 0.0 0.0002061057106374206 0.0 0.0 0.0 0.006663501380894439 0.0 0.0 0.0 0.02000684116355611 0.0 0.00327520921061899 0.0 0.0 0.1728646195979192 3.140361463838096e-08 0.0 0.0 0.032252021645734506 0.0025854080668914724 0.0 0.0 0.07311425887814646 0.00104374185592333 0.0 0.0 0.00022543269459196735 0.0008330624375353699 0.0 0.0 0.047902470151296075 4.536515681623396e-09 0.0 0.0 0.005223555543543031 0.005713219124099136 0.0 0.0 0.13801397782066238 0.0428396773562898 0.0 0.0 0.011247712555520609 0.0 0.004381558138599227 0.0 0.0 0.0 0.005631361613327437 0.0 0.0 0.0 3.8723474399911843e-08 0.0 0.0 0.0 0.004999557441816234 0.0 0.0 0.0 0.0 7.178200995446451e-09 0.0 0.0 0.0 2.1522029127114683e-08 0.0 0.0 0.0 2.623881374577551e-08 0.0 0.0 0.0 3.240511984472147e-08 0.0 0.00025629374682527257 0.0 0.0 0.01635957887412036 2.5235594663815158e-14 0.0 0.0 0.0019215117967465419 0.001680975627585021 0.0 0.0 0.02974562414944724 0.0039126531295623065 0.0 0.0 0.0008117050577573186 0.0019960593920969522 0.0 0.0 0.05236995776113111 1.5957033016473801e-12 0.0 0.0 0.10549228770273683 0.0017674254372943132 0.0 0.0 0.07985109245984613 0.18068156625039333 0.0 0.0 0.0356848509882727 0.0 0.6079037861758096 0.0 0.0 0.0 0.02000683245811443 0.0 0.0 0.0 0.0 0.0 0.0 0.0 0.030963436795665027 0.0 0.0 0.0 0.0 0.021176431291364987 0.0 0.0 0.0 0.0010630688398778768 0.0 0.0 0.0 0.0 0.0 0.0 0.0 0.022587376076921774 0.0 0.006905182847445559 0.0 0.0 0.29942459628261375 7.40968435042293e-09 0.0 0.0 0.00862816471408676 0.0 0.0 0.0 0.0 0.00650834994976219 0.0 0.0 0.0033088022897584 0.002073019922594875 0.0 0.0 0.11760535475380594 6.115277425291617e-09 0.0 0.0 0.00798364800844612 0.0 0.0 0.0 0.0 0.008232254391281744 0.0 0.0 0.0037632355875847723
0.0 0.005975052616687277 0.0 0.0 0.0 0.0034859785486107187 0.0 0.0 0.0 6.435193667016807e-08 0.0 0.0 0.0 0.0030897549554482207 0.0 0.0 0.0 0.0 0.04502435932970089 0.0 0.0 0.0 0.08191518228089287 0.0 0.0 0.0 0.10198944735489178 0.0 0.0 0.0 0.0668195289200941 0.0 7.543622119201067e-05 0.0 0.0 0.0031862495666368017 4.8499070437971394e-08 0.0 0.0 0.019870350786883272 0.0016056882047036755 0.0 0.0 0.06422265515941583 0.052022941756772224 0.0 0.0 0.010919980563003608 0.0019046349982028727 0.0 0.0 0.08942028268010352 1.0990918531338028e-07 0.0 0.0 0.13737168899622956 0.0029334953380323213 0.0 0.0 0.16894935222024088 0.12426877417036927 0.0 0.0 0.034051050459359106 0.0 3.576894969541366e-07 0.0 0.0 0.0 1.1015150093110932e-07 0.0 0.0 0.0 1.3727650536831651e-11 0.0 0.0 0.0 2.93994343488685e-07 0.0 0.0 0.0 0.0 0.03684075041637545 0.0 0.0 0.0 0.004506271189147568 0.0 0.0 0.0 0.05342549478075607 0.0 0.0 0.0 0.058568380875601275 0.0 0.00018202395448310037 0.0 0.0 0.012891198121744218 1.1126351860189178e-08 0.0 0.0 0.013734860292404928 0.0006213586206191385 0.0 0.0 0.05221261403802219 0.007605654093973736 0.0 0.0 0.0006550155026330219 0.004003134556118738 0.0 0.0 0.14019722247847935 2.419882354589834e-08 0.0 0.0 0.07881606665012005 0.039238493735158524 0.0 0.0 0.5824321158743335 0.10906349990272575 0.0 0.0 0.06675051465159491 0.0 0.02557403729791048 0.0 0.0 0.0 0.04280653465607307 0.0 0.0 0.0 3.0657784717111003e-07 0.0 0.0 0.0 0.0046393590224320744 0.0 0.0 0.0 0.0 5.114018493447081e-08 0.0 0.0 0.0 3.317917735977776e-07 0.0 0.0 0.0 1.1233414922278157e-06 0.0 0.0 0.0 9.951928129678576e-09 0.0 2.444474849080384e-09 0.0 0.0 0.00298911920825558 2.1620326604941034e-08 0.0 0.0 0.051259987065430314 0.0057183228624525404 0.0 0.0 0.054747345256379205 0.020781100563765174 0.0 0.0 0.0199203314467837 0.002483994444612477 0.0 0.0 0.21159615448543398 5.003595870271788e-07 0.0 0.0 0.6823913733736009 0.020497060729829045 0.0 0.0 0.452851231077919 0.06505635553655888 0.0 0.0 0.03518885889105541 0.0 0.25545044683986984 0.0 0.0 0.0 0.10704827390569563 0.0 0.0 0.0 1.1452818673979272e-06 0.0 0.0 0.0 0.08125969808389322 0.0 0.0 0.0 0.0 0.06364816441649354 0.0 0.0 0.0 0.0014809504884181729 0.0 0.0 0.0 1.6499072788832722e-07 0.0 0.0 0.0 0.023859826160477396 0.0 0.0026842602675185285 0.0 0.0 0.06287447482093983 8.95869454299518e-09 0.0 0.0 0.0072325295002150505 0.002237253544224747 0.0 0.0 0.05252221983120393 0.010510403615009396 0.0 0.0 0.01118659537029488 0.0010017054894562046 0.0 0.0 0.05109899440329187 3.717702969191364e-08 0.0 0.0 0.029824215382470296 0.00016856451924279327 0.0 0.0 0.042127995441082186 0.05445083447215163 0.0 0.0 0.012847329514871157
0.0 0.0040441401636586456 0.0 0.0 0.0 0.0 0.0 0.0 0.0 1.1698984037614357e-07 0.0 0.0 0.0 0.002140272824097249 0.0 0.0 0.0 0.0 0.030020654939516448 0.0 0.0 0.0 0.0 0.0 0.0 0.0 0.05572643217178658 0.0 0.0 0.0 0.040229755883676145 0.0 2.2909069038825535e-10 0.0 0.0 0.0007472212633902047 0.0 0.0 0.0 0.0 0.0019410556817181252 0.0 0.0 0.04565152400347025 0.021383754067016193 0.0 0.0 0.01173620092762216 5.928643482387795e-08 0.0 0.0 0.08551224033513317 0.0 0.0 0.0 0.0 0.009847212500068328 0.0 0.0 0.21772552825048228 0.08276174645115873 0.0 0.0 0.022234744172265484 0.0 1.6742614399126084e-07 0.0 0.0 0.0 5.643812947770427e-08 0.0 0.0 0.0 2.336610024426582e-12 0.0 0.0 0.0 4.129765427167363e-08 0.0 0.0 0.0 0.0 0.021074770309623986 0.0 0.0 0.0 0.04614850599174134 0.0 0.0 0.0 0.06791302124290535 0.0 0.0 0.0 0.024931742068485762 0.0 6.742853999340999e-05 0.0 0.0 0.001716961468574494 5.978060868418874e-09 0.0 0.0 0.001644554225181944 0.001957762797674822 0.0 0.0 0.05455607556049657 0.0001759854183177157 0.0 0.0 0.02260176141735927 0.0011285267729421139 0.0 0.0 0.036174303591334 2.4657843763543644e-08 0.0 0.0 0.012369010817654567 0.00425924147991703 0.0 0.0 0.08188145229681151 0.0021713983682210263 0.0 0.0 0.010281229538573956 0.0 0.017562108878582422 0.0 0.0 0.0 0.0027090725153599104 0.0 0.0 0.0 1.8403906409393547e-07 0.0 0.0 0.0 0.01553895153343998 0.0 0.0 0.0 0.0 8.060860693981146e-08 0.0 0.0 0.0 1.36723185790717e-07 0.0 0.0 0.0 1.700440675502467e-06 0.0 0.0 0.0 1.3675901248563835e-07 0.0 0.0007939530492549831 0.0 0.0 0.048206142273991184 1.0490539589332948e-08 0.0 0.0 0.006088463263262408 0.0029373199859706596 0.0 0.0 0.04524914259350112 0.025073677450483237 0.0 0.0 0.008473532140545964 0.003727723321261064 0.0 0.0 0.20043970335705738 9.960803285656449e-08 0.0 0.0 0.05136437550823145 0.014996550938860853 0.0 0.0 0.2977880506535997 0.16092183031984786 0.0 0.0 0.09080266233973039 0.0 0.1043704265265941 0.0 0.0 0.0 0.15735891065926708 0.0 0.0 0.0 1.707830055999281e-06 0.0 0.0 0.0 0.1656033702609846 0.0 0.0 0.0 0.0 0.030364250314560248 0.0 0.0 0.0 0.036571892690731966 0.0 0.0 0.0 0.007173789457630282 0.0 0.0 0.0 0.10917270345325358 0.0 9.498457829568893e-05 0.0 0.0 0.024428923340769845 3.892187454640546e-09 0.0 0.0 0.023373779835672095 0.0012630573800658312 0.0 0.0 0.022280205001861154 0.07601629400812046 0.0 0.0 0.026877090127455445 0.0003718542003234974 0.0 0.0 0.020856035365292565 1.205375998181627e-07 0.0 0.0 0.05342500387329551 0.00014058408221522426 0.0 0.0 0.05938389341108951 0.058829729193736524 0.0 0.0 0.014716998771039245
0.0 0.004454000883049106 0.0 0.0 0.0 0.0 0.0 0.0 0.0 9.491386790214904e-08 0.0 0.0 0.0 0.0018249207597704057 0.0 0.0 0.0 0.0 0.02766767393526362 0.0 0.0 0.0 0.0 0.0 0.0 0.0 0.04144533427603868 0.0 0.0 0.0 0.15954329384612298 0.0 0.0012713687924680612 0.0 0.0 0.025503503987254438 0.0 0.0 0.0 0.0 8.672465369935843e-05 0.0 0.0 0.017702354683362537 0.012655901293661138 0.0 0.0 0.016218031825338156 0.001980066613613621 0.0 0.0 0.09115166676413733 0.0 0.0 0.0 0.0 0.005107926243488121 0.0 0.0 0.11809150240048685 0.05376161875050258 0.0 0.0 0.029647139281019898 0.0 1.8489692839747547e-07 0.0 0.0 0.0 1.26428086766088e-08 0.0 0.0 0.0 1.714610973951112e-12 0.0 0.0 0.0 1.3812109462362514e-07 0.0 0.0 0.0 0.0 0.002825761677743209 0.0 0.0 0.0 0.038972039984213745 0.0 0.0 0.0 0.011669599050186306 0.0 0.0 0.0 0.006256816487136656 0.0 8.05423709904278e-10 0.0 0.0 4.6553935621315724e-08 3.260032740695817e-08 0.0 0.0 0.011619187942405218 0.0015497516296831535 0.0 0.0 0.050628367319771994 0.01430925739197089 0.0 0.0 0.0019270546097023339 0.0008447800093690296 0.0 0.0 0.057140538446914524 1.0937194133269874e-08 0.0 0.0 0.01022002828336531 0.007215498991381814 0.0 0.0 0.08096506398304834 0.012311230923111 0.0 0.0 0.026006814857298978 0.0 0.002725745909102652 0.0 0.0 0.0 0.012012018165296576 0.0 0.0 0.0 2.818792803556841e-07 0.0 0.0 0.0 0.02472558409799982 0.0 0.0 0.0 0.0 2.9459530522364047e-08 0.0 0.0 0.0 3.560553405262249e-07 0.0 0.0 0.0 1.728384556769465e-06 0.0 0.0 0.0 1.2494565622802966e-06 0.0 0.00021006020240791061 0.0 0.0 0.02765234497247388 5.405074699916703e-09 0.0 0.0 0.0013946581008053862 0.002716434033493115 0.0 0.0 0.0728640762836503 0.00435762777927678 0.0 0.0 0.0061850014330908165 0.0010969081130952252 0.0 0.0 0.029126223733704264 2.740767446376137e-07 0.0 0.0 0.1386209691725244 0.014502029428239282 0.0 0.0 0.33559463672298157 0.19064854661474584 0.0 0.0 0.13894986496021136 0.0 0.2214763703683451 0.0 0.0 0.0 0.04419072193766215 0.0 0.0 0.0 2.991250287908403e-06 0.0 0.0 0.0 0.166263402268702 0.0 0.0 0.0 0.0 0.042944420163246344 0.0 0.0 0.0 0.0337583852513379 0.0 0.0 0.0 0.06226364139913978 0.0 0.0 0.0 0.05384759843384283 0.0 0.00028276016233404324 0.0 0.0 0.042505391464084254 9.708167174732054e-11 0.0 0.0 0.0009309449378822322 0.00859439095858901 0.0 0.0 0.10813180278552195 0.05423573448168914 0.0 0.0 0.004967933336482428 0.0005930718579758137 0.0 0.0 0.026660204130744075 1.2545774551373203e-08 0.0 0.0 0.012336903815733234 0.001239593397355441 0.0 0.0 0.09341848596552102 0.08965356859003981 0.0 0.0 0.026305293426287915
0.0 0.0005418807905877552 0.0 0.0 0.0 0.0017294477848421932 0.0 0.0 0.0 8.08114236501259e-08 0.0 0.0 0.0 0.0032152805099388893 0.0 0.0 0.0 0.0 0.047543755478727634 0.0 0.0 0.0 0.07848430534657064 0.0 0.0 0.0 0.10459612802700065 0.0 0.0 0.0 0.03339986468620114 0.0 2.9667709984325905e-10 0.0 0.0 0.0009161162731808947 3.290117565895274e-14 0.0 0.0 0.0019631224628087014 0.0009393872361975989 0.0 0.0 0.06277330051872068 0.0016362574746002874 0.0 0.0 0.000620980481854642 3.0560867054571187e-09 0.0 0.0 0.010838172261843991 1.0414301860625108e-12 0.0 0.0 0.06742294479746429 0.012433955454522113 0.0 0.0 0.23813664505186374 0.07280058549406611 0.0 0.0 0.03792685174609904 0.0 0.0 0.0 0.0 0.0 0.0 0.0 0.0 0.0 1.924984848859138e-12 0.0 0.0 0.0 7.856522079987729e-08 0.0 0.0 0.0 0.0 0.0 0.0 0.0 0.0 0.0 0.0 0.0 0.0 0.011962313206404538 0.0 0.0 0.0 0.06653041149074582 0.0 0.0 0.0 0.0 0.0 0.0 0.0 0.0 0.0 0.0002666627431300766 0.0 0.0 0.07821767164654574 0.00382420563108559 0.0 0.0 0.0013765797974155084 0.0 0.0 0.0 0.0 0.0 0.0 0.0 0.0 0.0018769354002728426 0.0 0.0 0.11711616555158606 0.028902145963335048 0.0 0.0 0.01904643486640536 0.0 0.030550847713766757 0.0 0.0 0.0 0.004938663225139128 0.0 0.0 0.0 2.4767574123695573e-07 0.0 0.0 0.0 0.00817764927482869 0.0 0.0 0.0 0.0 2.161545503446947e-07 0.0 0.0 0.0 3.784414936086481e-08 0.0 0.0 0.0 7.760251689455759e-07 0.0 0.0 0.0 7.627519486076941e-08 0.0 0.001911189841216518 0.0 0.0 0.05330193537131253 4.237343090423613e-14 0.0 0.0 0.002404566371774814 0.0029415704946759674 0.0 0.0 0.05300977506010663 0.022690888863449922 0.0 0.0 0.005431006627864347 0.0025525889812029433 0.0 0.0 0.30064275495912735 4.8285048742312094e-08 0.0 0.0 0.05249661243094968 0.024605475519307543 0.0 0.0 0.4280815445603843 0.16524782413185474 0.0 0.0 0.037812267455223675 0.0 0.23293132503414554 0.0 0.0 0.0 0.07182461368716904 0.0 0.0 0.0 7.778099736399742e-07 0.0 0.0 0.0 0.06838098803274821 0.0 0.0 0.0 0.0 0.021305193110794853 0.0 0.0 0.0 0.005200776627456913 0.0 0.0 0.0 0.025131715371868937 0.0 0.0 0.0 0.031313280695538556 0.0 0.00012481909188872826 0.0 0.0 0.027462024586812094 1.3103401132643974e-08 0.0 0.0 0.024305478927176005 0.0002799081288938476 0.0 0.0 0.005325826900811621 0.047613616968217636 0.0 0.0 0.006928234031045402 0.0008980886297204922 0.0 0.0 0.046398154410710636 1.7177579204977452e-08 0.0 0.0 0.01834895679142583 0.0003235129124758297 0.0 0.0 0.028778187033080185 0.01682484234553796 0.0 0.0 0.008458822398224427
0.0 0.007030035573709363 0.0 0.0 0.0 0.0016193227637067908 0.0 0.0 0.0 4.1999913656286184e-08 0.0 0.0 0.0 0.007563619456777636 0.0 0.0 0.0 0.0 0.06478542661942185 0.0 0.0 0.0 0.005604530273792794 0.0 0.0 0.0 0.05075858208136769 0.0 0.0 0.0 0.08031390503447941 0.0 0.0006188544013323849 0.0 0.0 0.022230508493220915 6.956509398447936e-13 0.0 0.0 0.04292914009211418 0.0022096210785320907 0.0 0.0 0.04021863416758381 0.022698114997751623 0.0 0.0 0.012433778036411769 0.005067976448032297 0.0 0.0 0.08843178908423908 9.376369800107036e-13 0.0 0.0 0.06274576124072645 0.005160862758174241 0.0 0.0 0.12744976665837554 0.09964043997705423 0.0 0.0 0.0784134874894547 0.0 5.984645604947822e-07 0.0 0.0 0.0 1.381523944130118e-07 0.0 0.0 0.0 4.837056640335463e-12 0.0 0.0 0.0 1.1285774396458292e-07 0.0 0.0 0.0 0.0 0.003232822126821286 0.0 0.0 0.0 0.02864527344457485 0.0 0.0 0.0 0.07211121471543017 0.0 0.0 0.0 0.005309089517329637 0.0 0.0010655667690779328 0.0 0.0 0.02512905256513386 6.093039122438381e-09 0.0 0.0 0.0033980502191176556 0.00011947091702969902 0.0 0.0 0.062170313949181856 3.293919337588959e-08 0.0 0.0 9.909824313251999e-09 0.0025199619706243624 0.0 0.0 0.04331783435176442 1.2293307586058371e-07 0.0 0.0 0.08085516352977162 0.009250830738812613 0.0 0.0 0.27031026903861144 0.05231553897398581 0.0 0.0 0.017641052049905213 0.0 0.017054941882093326 0.0 0.0 0.0 0.011769733153661503 0.0 0.0 0.0 3.0419010346613e-07 0.0 0.0 0.0 0.013273429280103973 0.0 0.0 0.0 0.0 1.031056497865728e-06 0.0 0.0 0.0 3.788939428762025e-07 0.0 0.0 0.0 7.356878879477925e-08 0.0 0.0 0.0 1.483948727896342e-07 0.0 9.291403494443569e-05 0.0 0.0 0.03223222835180892 1.660306326670719e-09 0.0 0.0 0.031498979184631626 0.004497065979189623 0.0 0.0 0.06206475057328799 0.04232613070456523 0.0 0.0 0.010540760750639097 0.004795177093655818 0.0 0.0 0.17162121632494667 1.844727813644143e-07 0.0 0.0 0.18252823137862328 0.016188521607371206 0.0 0.0 0.33121138344516177 0.1655232688820255 0.0 0.0 0.0693996069797227 0.0 0.1773768680886986 0.0 0.0 0.0 0.09590920573439324 0.0 0.0 0.0 1.285719248147288e-06 0.0 0.0 0.0 0.21300935795301634 0.0 0.0 0.0 0.0 0.07531937146490145 0.0 0.0 0.0 0.05763232074928729 0.0 0.0 0.0 0.060382960873786626 0.0 0.0 0.0 0.04312747011343995 0.0 0.0009239881470572608 0.0 0.0 0.05134858498686292 5.039400967577396e-07 0.0 0.0 0.03623269150487302 0.0004245609881309058 0.0 0.0 0.004842489069948367 0.03748229078612157 0.0 0.0 0.01055242215181897 0.001128580929382952 0.0 0.0 0.03259886949901741 3.0378603209250575e-08 0.0 0.0 0.0360227564366935 0.004247474438721893 0.0 0.0 0.04299998328213754 0.07996277360190143 0.0 0.0 0.029827784757604604
0.0 0.01563002339605577 0.0 0.0 0.0 0.00353932134208625 0.0 0.0 0.0 7.451862634847531e-08 0.0 0.0 0.0 0.005400735457755188 0.0 0.0 0.0 0.0 0.07418581449341467 0.0 0.0 0.0 0.04755720466343989 0.0 0.0 0.0 0.12264023476873553 0.0 0.0 0.0 0.0398045602765787 0.0 0.002918375682597497 0.0 0.0 0.07661816650355069 1.3708683172196063e-08 0.0 0.0 0.007951695696547639 0.0007566905065558928 0.0 0.0 0.05588319741759072 0.018499810872042013 0.0 0.0 0.003969555796575026 0.014239939585796729 0.0 0.0 0.2850556519843888 1.7976855641586533e-07 0.0 0.0 0.12120080468445751 0.011811706709968601 0.0 0.0 0.16940653580606466 0.13614416829431547 0.0 0.0 0.04853007711201281 0.0 4.4716384928003314e-07 0.0 0.0 0.0 1.6860356757225782e-07 0.0 0.0 0.0 1.3253437236312354e-12 0.0 0.0 0.0 9.089209434934082e-08 0.0 0.0 0.0 0.0 0.03224224435564347 0.0 0.0 0.0 0.031209637695030396 0.0 0.0 0.0 0.024161442634807177 0.0 0.0 0.0 0.031333686112699814 0.0 7.941036282976554e-05 0.0 0.0 0.004340567174838693 6.4344829087658794e-09 0.0 0.0 0.0054337145852125 0.0003831485106116115 0.0 0.0 0.062467283094008605 0.010128586064168077 0.0 0.0 0.001968909104987172 0.002333760463056731 0.0 0.0 0.14125279034355284 1.272157228009898e-07 0.0 0.0 0.10755572135700055 0.00585822019972736 0.0 0.0 0.08737912542329086 0.08212588893875697 0.0 0.0 0.018642214778310375 0.0 0.02089353803607447 0.0 0.0 0.0 0.0073955821690183466 0.0 0.0 0.0 2.0417330379200606e-07 0.0 0.0 0.0 0.011394590033153924 0.0 0.0 0.0 0.0 2.608699366480776e-08 0.0 0.0 0.0 9.791222075771785e-08 0.0 0.0 0.0 7.563803286390198e-07 0.0 0.0 0.0 1.3443761665930653e-07 0.0 0.00015899641697457892 0.0 0.0 0.026347851133615426 7.238424949539987e-09 0.0 0.0 0.003080242833813438 0.00781942971528911 0.0 0.0 0.06838612523716651 0.03444822128005637 0.0 0.0 0.011366589147357468 0.0027486779837910353 0.0 0.0 0.16614997417907598 1.7500240777935003e-07 0.0 0.0 0.1337232707351315 0.013054704448595678 0.0 0.0 0.19913753182734972 0.08385350334795584 0.0 0.0 0.07523602559038482 0.0 0.24766380560618934 0.0 0.0 0.0 0.1080119386835087 0.0 0.0 0.0 7.361239042366471e-07 0.0 0.0 0.0 0.08290162827733916 0.0 0.0 0.0 0.0 0.06016942124809087 0.0 0.0 0.0 0.006034685060448274 0.0 0.0 0.0 0.004805029218826489 0.0 0.0 0.0 0.03059648772097496 0.0 0.0011806972263889626 0.0 0.0 0.03641577841546428 1.3966573950982813e-07 0.0 0.0 0.029151971536010478 1.0438648835190124e-14 0.0 0.0 2.031318385459575e-08 0.0302445054076308 0.0 0.0 0.011506731598792605 0.000910296993088258 0.0 0.0 0.05020828421107432 5.762681900882028e-08 0.0 0.0 0.03705042729124492 1.4320791830090274e-08 0.0 0.0 0.03124404399603734 0.04672909357428311 0.0 0.0 0.014320617257504433
0.0 0.0 0.0 0.0 0.0 0.0020882328341740165 0.0 0.0 0.0 1.1112734004187102e-08 0.0 0.0 0.0 0.004688593858544906 0.0 0.0 0.0 0.0 0.0 0.0 0.0 0.0 0.02292384912583588 0.0 0.0 0.0 0.03159604786242131 0.0 0.0 0.0 0.14256536991968005 0.0 0.0 0.0 0.0 0.0 2.9419666278966107e-08 0.0 0.0 0.02029239340854503 3.025076437239634e-05 0.0 0.0 0.00074167621529557 0.006281660323825563 0.0 0.0 0.0033959623629115036 0.0 0.0 0.0 0.0 1.953197677182547e-07 0.0 0.0 0.07912244206898905 0.0009059621513434049 0.0 0.0 0.028939622982322315 0.09928956884273608 0.0 0.0 0.05484670013474693 0.0 3.3821524524966394e-07 0.0 0.0 0.0 0.0 0.0 0.0 0.0 8.633407072197325e-12 0.0 0.0 0.0 1.5561778356535904e-07 0.0 0.0 0.0 0.0 0.0026387022081694384 0.0 0.0 0.0 0.0 0.0 0.0 0.0 0.07023140213590669 0.0 0.0 0.0 0.01634695905424183 0.0 0.0002916704997606087 0.0 0.0 0.022632065150456838 0.0 0.0 0.0 0.0 0.0001295152986825598 0.0 0.0 0.002451703251130216 0.0046133702113231026 0.0 0.0 0.009774140525906435 0.0023240429342253964 0.0 0.0 0.09654032316912044 0.0 0.0 0.0 0.0 0.022276826418537926 0.0 0.0 0.2781919794180433 0.04790305102127499 0.0 0.0 0.014682680202203575 0.0 0.012465860368799535 0.0 0.0 0.0 0.01086561066957343 0.0 0.0 0.0 2.085999773890298e-07 0.0 0.0 0.0 0.019201917230619484 0.0 0.0 0.0 0.0 1.6406926388249495e-08 0.0 0.0 0.0 2.970066154854437e-06 0.0 0.0 0.0 1.3129885158194831e-06 0.0 0.0 0.0 1.316924205716977e-06 0.0 6.6990740415749e-05 0.0 0.0 0.0008241145415323809 1.0089566473831148e-07 0.0 0.0 0.10785931802862081 7.612115653435905e-05 0.0 0.0 0.006477012107296112 0.02796626982781352 0.0 0.0 0.01738807053468638 0.001783939216968313 0.0 0.0 0.047072649813846665 1.6560402102392604e-07 0.0 0.0 0.22344647572265472 0.008844100768847618 0.0 0.0 0.17124195764429578 0.10908472245171645 0.0 0.0 0.13742555847340351 0.0 0.17569065863073596 0.0 0.0 0.0 0.07626321989457051 0.0 0.0 0.0 5.4184028070352495e-06 0.0 0.0 0.0 0.15720123655095752 0.0 0.0 0.0 0.0 0.02396193493641638 0.0 0.0 0.0 0.016965645745269018 0.0 0.0 0.0 0.05882924969116887 0.0 0.0 0.0 0.08133507288505122 0.0 0.0011129208715994281 0.0 0.0 0.03958655293624332 1.2071758592309308e-09 0.0 0.0 0.002927887917766095 0.007094189163309691 0.0 0.0 0.09356569352092502 0.05893529425172422 0.0 0.0 0.03702617891443521 0.0007236342317949123 0.0 0.0 0.038885368291410566 1.3953666034059425e-09 0.0 0.0 0.02827038601682991 0.004629697881041025 0.0 0.0 0.14694360678319343 0.05508659654865708 0.0 0.0 0.014803832924353368
0.0 0.014535422590351366 0.0 0.0 0.0 0.0026888944530780957 0.0 0.0 0.0 1.2467997147189994e-08 0.0 0.0 0.0 0.012781701450679443 0.0 0.0 0.0 0.0 0.02411697756736355 0.0 0.0 0.0 0.022965849363358708 0.0 0.0 0.0 0.039364919217007965 0.0 0.0 0.0 0.5262259325129579 0.0 6.102370601144747e-05 0.0 0.0 0.0015444354554975542 7.520199016385915e-15 0.0 0.0 0.00021816407240570355 0.0012054856376537157 0.0 0.0 0.02200161183777087 0.03812138650317094 0.0 0.0 0.015566354472186288 0.006895958860718549 0.0 0.0 0.12997832395036782 3.330269793750562e-08 0.0 0.0 0.0804063440866382 0.0008897234819219106 0.0 0.0 0.04281753263583456 0.3883489957633737 0.0 0.0 0.15260133893161762 0.0 0.0 0.0 0.0 0.0 0.0 0.0 0.0 0.0 1.7255787977940627e-12 0.0 0.0 0.0 3.3301345388506434e-08 0.0 0.0 0.0 0.0 0.0 0.0 0.0 0.0 0.0 0.0 0.0 0.0 0.040694649701278965 0.0 0.0 0.0 0.0012661956998780781 0.0 0.0 0.0 0.0 0.0 0.0 0.0 0.0 0.0 0.001786050735029017 0.0 0.0 0.024592911911546667 0.0013872046210435126 0.0 0.0 0.000421280385341179 0.0 0.0 0.0 0.0 0.0 0.0 0.0 0.0 0.004506829568563017 0.0 0.0 0.07012527178610496 0.024134346203795967 0.0 0.0 0.008217368214657928 0.0 0.004376199121292921 0.0 0.0 0.0 0.0 0.0 0.0 0.0 1.36149986095491e-08 0.0 0.0 0.0 0.007406283003983671 0.0 0.0 0.0 0.0 1.3113057959143922e-09 0.0 0.0 0.0 0.0 0.0 0.0 0.0 5.833189739401456e-09 0.0 0.0 0.0 1.2233403006118188e-06 0.0 0.002944500865004733 0.0 0.0 0.05661057673287131 0.0 0.0 0.0 0.0 0.0007130066456444389 0.0 0.0 0.017173419187217275 0.004397531407866978 0.0 0.0 0.00111280306842563 0.0018837238042308075 0.0 0.0 0.04046428344348058 0.0 0.0 0.0 0.0 0.0006263362798492729 0.0 0.0 0.016913646865162706 0.15063962505615516 0.0 0.0 0.0490011046796403 0.0 0.5820624389278686 0.0 0.0 0.0 0.03927195094807894 0.0 0.0 0.0 1.2044000748115977e-06 0.0 0.0 0.0 0.0422070326607476 0.0 0.0 0.0 0.0 0.049894536479568014 0.0 0.0 0.0 0.005221598289601666 0.0 0.0 0.0 0.0028922631555536897 0.0 0.0 0.0 0.0035889446491510057 0.0 0.01547544316679427 0.0 0.0 0.40783609735074655 1.3704350584716672e-13 0.0 0.0 0.00896598163179436 0.0009343207370428197 0.0 0.0 0.024115812850451147 0.05001258200337325 0.0 0.0 0.015109977806690347 0.002207260204622264 0.0 0.0 0.14702279035651009 2.2846609375455803e-13 0.0 0.0 0.01739332598228362 0.0011207426545710077 0.0 0.0 0.04178851305443063 0.02473989799182562 0.0 0.0 0.006047278592460403
0.0 0.01241130043075529 0.0 0.0 0.0 0.0012514855108809772 0.0 0.0 0.0 6.242011556646021e-08 0.0 0.0 0.0 0.006951315802202452 0.0 0.0 0.0 0.0 0.11390735871734822 0.0 0.0 0.0 0.0021613835372525803 0.0 0.0 0.0 0.09885402883445733 0.0 0.0 0.0 0.11554350806392165 0.0 5.4568932562995207e-05 0.0 0.0 0.04166547494592909 3.379919500883652e-24 0.0 0.0 1.9079254456256883e-13 6.905253205605942e-05 0.0 0.0 0.0008171999125998292 0.06111387681487412 0.0 0.0 0.014731163477552262 0.003717037696234044 0.0 0.0 0.2164295614792302 7.127777170730177e-13 0.0 0.0 0.04511029372622036 0.017692103059026652 0.0 0.0 0.1737065298932894 0.20114724388852617 0.0 0.0 0.08574451970549818 0.0 2.392877422444447e-07 0.0 0.0 0.0 5.040364622893542e-07 0.0 0.0 0.0 5.854945393595132e-12 0.0 0.0 0.0 2.2793947883879958e-07 0.0 0.0 0.0 0.0 0.002078579768446909 0.0 0.0 0.0 0.0700310228948903 0.0 0.0 0.0 0.16935404325522613 0.0 0.0 0.0 0.034243915043459715 0.0 3.927624172218085e-09 0.0 0.0 7.2046380284747e-08 7.951917433586715e-08 0.0 0.0 0.03441535406410815 0.0013945238018135714 0.0 0.0 0.02095597889475735 0.034025426415540384 0.0 0.0 0.007638037841953455 0.004402252231604819 0.0 0.0 0.09056517828871653 2.56085301859923e-07 0.0 0.0 0.283738085602123 0.01030610816886261 0.0 0.0 0.3317441364013177 0.12394999434039158 0.0 0.0 0.04275821229546342 0.0 0.03339808442431243 0.0 0.0 0.0 0.012425818159777146 0.0 0.0 0.0 2.949188743980023e-07 0.0 0.0 0.0 0.008657933168492438 0.0 0.0 0.0 0.0 7.823374624401778e-07 0.0 0.0 0.0 8.397830227182849e-08 0.0 0.0 0.0 1.0659335844967078e-07 0.0 0.0 0.0 1.0964837720026999e-07 0.0 0.001332423229539113 0.0 0.0 0.036568763650241046 2.928613936713875e-07 0.0 0.0 0.17853550001210045 0.0003238768705648209 0.0 0.0 0.006610075456846439 0.037243398473040944 0.0 0.0 0.009778002908146857 0.009207664091826256 0.0 0.0 0.2106312589181636 2.790899208385851e-07 0.0 0.0 0.1972233281005655 0.020776493877074233 0.0 0.0 0.408997617260599 0.09630389904559374 0.0 0.0 0.04210930785737872 0.0 0.2896513981967575 0.0 0.0 0.0 0.2620297532549027 0.0 0.0 0.0 7.252126554520909e-07 0.0 0.0 0.0 0.04384077506306212 0.0 0.0 0.0 0.0 0.0024646387898279417 0.0 0.0 0.0 0.026236986100906568 0.0 0.0 0.0 0.002184154778831411 0.0 0.0 0.0 0.03374211604567041 0.0 0.001503256630722085 0.0 0.0 0.12665929052376776 2.6749862400968616e-08 0.0 0.0 0.04627039169398727 0.0012866582984488205 0.0 0.0 0.012875123669445696 0.00323775786385397 0.0 0.0 0.0010214352743205541 0.0014843662888947278 0.0 0.0 0.06346867732260485 3.6963172433543637e-08 0.0 0.0 0.10217127021448606 0.0026333140636096456 0.0 0.0 0.029543186752266457 0.011266295303738455 0.0 0.0 0.003937945999869468
0.0 0.013823610972870836 0.0 0.0 0.0 0.007306515663275828 0.0 0.0 0.0 6.700086048446382e-08 0.0 0.0 0.0 0.0057270901495108835 0.0 0.0 0.0 0.0 0.015880052274750832 0.0 0.0 0.0 0.08723876504568122 0.0 0.0 0.0 0.10783585470337796 0.0 0.0 0.0 0.038812971593653954 0.0 1.2069341632385258e-05 0.0 0.0 0.0012992986500338227 8.031209739689742e-09 0.0 0.0 0.004682332390714434 0.0001636593003043781 0.0 0.0 0.01755684112573284 0.013344079333590714 0.0 0.0 0.008024443083089527 0.009700475056996215 0.0 0.0 0.24921256469446143 2.1200183401416186e-07 0.0 0.0 0.09405754752778175 0.008335702074568803 0.0 0.0 0.15603594678590105 0.15327696958958895 0.0 0.0 0.0707425172413115 0.0 3.076486676992022e-07 0.0 0.0 0.0 5.985508215995624e-08 0.0 0.0 0.0 4.7743480157384054e-12 0.0 0.0 0.0 3.410910271777313e-07 0.0 0.0 0.0 0.0 0.0022684774110055942 0.0 0.0 0.0 0.003342761929536031 0.0 0.0 0.0 0.08831911445462438 0.0 0.0 0.0 0.10212388696972706 0.0 3.185199267782301e-09 0.0 0.0 0.0033427980559154608 3.2457007111922644e-12 0.0 0.0 1.1074363236905499e-06 0.0037823896058906343 0.0 0.0 0.09446974539331707 0.04422695545023818 0.0 0.0 0.012828845341524167 0.0014482808135924687 0.0 0.0 0.08958282321586801 1.1757542964234766e-07 0.0 0.0 0.04497729836550703 0.015047819134770156 0.0 0.0 0.18495169272761733 0.10426125768576819 0.0 0.0 0.07480812961758489 0.0 0.02149702228239365 0.0 0.0 0.0 0.010264836516652385 0.0 0.0 0.0 2.559862128015649e-07 0.0 0.0 0.0 0.022992178786085664 0.0 0.0 0.0 0.0 8.891516605838023e-08 0.0 0.0 0.0 1.1660425593728574e-06 0.0 0.0 0.0 1.3955233197631797e-06 0.0 0.0 0.0 7.64803017851747e-07 0.0 0.004504904697175506 0.0 0.0 0.06983393638846513 3.6556929874105877e-09 0.0 0.0 0.01868224907267722 0.0023617993704277847 0.0 0.0 0.05978384370613314 0.028953408159373185 0.0 0.0 0.018914553835473635 0.007900341577995951 0.0 0.0 0.23451312229467347 2.660297541203711e-07 0.0 0.0 0.21265820450828513 0.018593934378381968 0.0 0.0 0.40247222268676697 0.14724391027426198 0.0 0.0 0.07182325513253317 0.0 0.21444670271353175 0.0 0.0 0.0 0.17433225250836137 0.0 0.0 0.0 3.09229221541212e-06 0.0 0.0 0.0 0.2427123255312166 0.0 0.0 0.0 0.0 0.026934112655385357 0.0 0.0 0.0 0.05938841714085944 0.0 0.0 0.0 0.0068783342040965026 0.0 0.0 0.0 0.17823107155749898 0.0 0.0028919703296142597 0.0 0.0 0.05634626274079147 1.2904551088604514e-07 0.0 0.0 0.09325781868880624 0.0035592556962916384 0.0 0.0 0.09330080277935478 0.047535564987325155 0.0 0.0 0.02227689065620347 0.00039923878431198087 0.0 0.0 0.037231128932234986 3.319133652351208e-08 0.0 0.0 0.059592110746119475 0.0029097340107091516 0.0 0.0 0.08663416167782949 0.09265222756517877 0.0 0.0 0.04476940684919221
0.0 0.010736751722462957 0.0 0.0 0.0 0.002839820248616286 0.0 0.0 0.0 7.392345292825785e-08 0.0 0.0 0.0 0.0035395464435197775 0.0 0.0 0.0 0.0 0.09438738857161644 0.0 0.0 0.0 0.07333704009162231 0.0 0.0 0.0 0.13395999683847293 0.0 0.0 0.0 0.06228050095094875 0.0 0.0012475082483350333 0.0 0.0 0.06387814377431311 1.5156371471432382e-08 0.0 0.0 0.0183737314538937 0.0006536714271898766 0.0 0.0 0.04832003568325681 0.005060828073856203 0.0 0.0 0.003212426840997898 0.005221583362097682 0.0 0.0 0.12392814411345006 1.1082015287159095e-07 0.0 0.0 0.07653472211064356 0.005795237466920228 0.0 0.0 0.1962132243936326 0.05925383818841109 0.0 0.0 0.037738299383566584 0.0 1.7489303420480205e-07 0.0 0.0 0.0 2.2923292177065657e-07 0.0 0.0 0.0 5.266433646907607e-12 0.0 0.0 0.0 2.1150371042306688e-07 0.0 0.0 0.0 0.0 7.997525932401038e-09 0.0 0.0 0.0 0.05293544213752881 0.0 0.0 0.0 0.048576441109607765 0.0 0.0 0.0 0.006677155558300745 0.0 9.63083657213329e-06 0.0 0.0 0.00020317599371416853 1.5445499939222418e-07 0.0 0.0 0.06478540252200388 0.0037419384026161516 0.0 0.0 0.08201934013668505 0.004299916281147908 0.0 0.0 0.001084924148620459 0.0017263391015055738 0.0 0.0 0.04083203114797301 1.3064373484830241e-07 0.0 0.0 0.13890680083076157 0.011075475611939578 0.0 0.0 0.32507176440746066 0.15576557123123824 0.0 0.0 0.04602902112860745 0.0 0.008883139863814575 0.0 0.0 0.0 0.021901259068047435 0.0 0.0 0.0 2.7752331121096717e-07 0.0 0.0 0.0 0.008480568448570041 0.0 0.0 0.0 0.0 2.386102723307711e-09 0.0 0.0 0.0 1.810112782139105e-07 0.0 0.0 0.0 7.736699015307444e-08 0.0 0.0 0.0 9.068765948257929e-08 0.0 0.003318359551568042 0.0 0.0 0.06081046258073552 7.423368969395428e-10 0.0 0.0 0.004146310862392482 0.0022608544127155853 0.0 0.0 0.06985746153136657 0.03480831862259029 0.0 0.0 0.0073347470113654415 0.0016629893857926603 0.0 0.0 0.09641048611328663 1.9839840929122515e-07 0.0 0.0 0.35889428965046116 0.015738067582361837 0.0 0.0 0.38262822125683016 0.20610949937743428 0.0 0.0 0.04266629564465586 0.0 0.3262566965987994 0.0 0.0 0.0 0.08344775379691934 0.0 0.0 0.0 0.0 0.0 0.0 0.0 0.12743224334891934 0.0 0.0 0.0 0.0 0.041551968853459714 0.0 0.0 0.0 0.06199287325712367 0.0 0.0 0.0 0.0 0.0 0.0 0.0 0.03590772763413618 0.0 0.0015533813709247115 0.0 0.0 0.033732750767010086 6.509583896425154e-13 0.0 0.0 0.0392111897534016 0.0 0.0 0.0 0.0 0.02493235911446609 0.0 0.0 0.00543579382459173 0.0016365455645735633 0.0 0.0 0.0657536165188082 2.0357864557520023e-08 0.0 0.0 0.029204962685665165 0.0 0.0 0.0 0.0 0.046906362855493926 0.0 0.0 0.016013673044343098
0.0 0.004158555403216977 0.0 0.0 0.0 0.0007013968098400912 0.0 0.0 0.0 8.277313947850068e-08 0.0 0.0 0.0 0.0016845281902594712 0.0 0.0 0.0 0.0 0.03782837134378797 0.0 0.0 0.0 0.003744672224257191 0.0 0.0 0.0 0.06495299203426148 0.0 0.0 0.0 0.0041828198346363435 0.0 0.0008461479304666963 0.0 0.0 0.025972202539801002 3.8113281602481017e-19 0.0 0.0 1.3793757489194367e-08 0.0003284384958692354 0.0 0.0 0.025026933047178065 0.0030866550984350294 0.0 0.0 0.0008020001320196593 0.0005518306175158691 0.0 0.0 0.08651819184238223 6.587332708769615e-13 0.0 0.0 0.026728977106920654 0.006948967681199103 0.0 0.0 0.15214306545182582 0.06432676466710856 0.0 0.0 0.019442411883843377 0.0 1.2928206832620572e-07 0.0 0.0 0.0 2.8070562881765266e-07 0.0 0.0 0.0 4.663850594177764e-12 0.0 0.0 0.0 8.420356153814813e-08 0.0 0.0 0.0 0.0 0.0012951631888317625 0.0 0.0 0.0 0.011613824669473742 0.0 0.0 0.0 0.08947929885363973 0.0 0.0 0.0 0.0374825233114586 0.0 3.9609153900235365e-08 0.0 0.0 1.0452353408327222e-06 6.029718466090972e-08 0.0 0.0 0.029755034272325526 0.0003584911844897912 0.0 0.0 0.007977645940049318 0.003089161133827059 0.0 0.0 0.014314420753149886 0.0009768771610683 0.0 0.0 0.02890180545897103 1.5182610227105697e-07 0.0 0.0 0.14568100784188986 0.0069110815478597935 0.0 0.0 0.20702408182363907 0.052231568101392005 0.0 0.0 0.01758248223834752 0.0 0.016450468199849206 0.0 0.0 0.0 0.01024064491664697 0.0 0.0 0.0 3.0972626887625725e-07 0.0 0.0 0.0 0.013724149760200744 0.0 0.0 0.0 0.0 7.216442581724423e-08 0.0 0.0 0.0 1.2897946509673603e-06 0.0 0.0 0.0 5.613852038637369e-07 0.0 0.0 0.0 1.2524394313666039e-07 0.0 3.1294133590888506e-09 0.0 0.0 0.007980813026186917 1.998944283202644e-08 0.0 0.0 0.03860112042280082 0.0025649721096242307 0.0 0.0 0.09602238991759965 0.012146967079573466 0.0 0.0 0.013568846233814219 0.003555217566878387 0.0 0.0 0.15906378552585124 2.4197593822495896e-07 0.0 0.0 0.16938210244855928 0.02096404423212407 0.0 0.0 0.44159880146699415 0.1255061070059475 0.0 0.0 0.08445428415999418 0.0 0.09009970255180848 0.0 0.0 0.0 0.12892848759128797 0.0 0.0 0.0 1.6034565224109419e-06 0.0 0.0 0.0 0.10928798056691504 0.0 0.0 0.0 0.0 0.01693878434048162 0.0 0.0 0.0 0.040136111737139074 0.0 0.0 0.0 0.01051923233802731 0.0 0.0 0.0 0.057102614305288804 0.0 0.0002441612223324614 0.0 0.0 0.027248431126819815 5.020581789874288e-09 0.0 0.0 0.0018668959837663446 0.0011747397576175737 0.0 0.0 0.03725473377218353 0.02533903053267533 0.0 0.0 0.005640085279350055 0.00037028593962704423 0.0 0.0 0.02097393449610133 1.5086014020122308e-08 0.0 0.0 0.04729390412924987 0.001388994195564916 0.0 0.0 0.043185876286386746 0.04259152054757496 0.0 0.0 0.009439248251669025
0.0 0.0 0.0 0.0 0.0 0.0009348537265673384 0.0 0.0 0.0 2.8186926543784758e-09 0.0 0.0 0.0 0.006214195976826204 0.0 0.0 0.0 0.0 0.0 0.0 0.0 0.0 0.024903478670234635 0.0 0.0 0.0 0.020632032058357997 0.0 0.0 0.0 0.2880260501882864 0.0 0.0 0.0 0.0 0.0 6.747908886202223e-14 0.0 0.0 0.003536339128154096 2.5462077031448647e-09 0.0 0.0 1.9078923105671473e-08 0.02788445123934283 0.0 0.0 0.004414215534050992 0.0 0.0 0.0 0.0 5.718434953288242e-13 0.0 0.0 0.03167030568114793 0.0010520713556259561 0.0 0.0 0.008838360745564251 0.2797085942155608 0.0 0.0 0.0652472421201094 0.0 0.0 0.0 0.0 0.0 0.0 0.0 0.0 0.0 1.657928936141053e-12 0.0 0.0 0.0 6.385611949096839e-08 0.0 0.0 0.0 0.0 0.0 0.0 0.0 0.0 0.0 0.0 0.0 0.0 0.04034254787371219 0.0 0.0 0.0 0.05990411296522542 0.0 0.0 0.0 0.0 0.0 0.0 0.0 0.0 0.0 0.0037060289942461226 0.0 0.0 0.05888952674125123 0.0195259579894104 0.0 0.0 0.003238476304047746 0.0 0.0 0.0 0.0 0.0 0.0 0.0 0.0 0.004426084317018011 0.0 0.0 0.07577074369234447 0.055282059182974734 0.0 0.0 0.014661772719080509 0.0 0.0010520739018336593 0.0 0.0 0.0 0.0013950190000243585 0.0 0.0 0.0 0.0 0.0 0.0 0.0 0.010417151189945793 0.0 0.0 0.0 0.0 2.818692654378476e-09 0.0 0.0 0.0 4.008169705604088e-08 0.0 0.0 0.0 0.0 0.0 0.0 0.0 7.296060389225172e-08 0.0 0.00040579141641101864 0.0 0.0 0.020226240641946974 1.1169247046907592e-13 0.0 0.0 0.0041294083967280135 0.0 0.0 0.0 0.0 0.04145582838667533 0.0 0.0 0.010734774916860024 0.0001553785462967084 0.0 0.0 0.008683001278190649 6.030803716627406e-13 0.0 0.0 0.02499802112420746 0.0 0.0 0.0 0.0 0.1158238688275998 0.0 0.0 0.03522572394191679 0.0 0.33250948701504535 0.0 0.0 0.0 0.09791678811234591 0.0 0.0 0.0 1.1304064301935646e-07 0.0 0.0 0.0 0.2641603909579625 0.0 0.0 0.0 0.0 0.03583502470805353 0.0 0.0 0.0 0.06045647127702382 0.0 0.0 0.0 0.015977463826662857 0.0 0.0 0.0 0.17368033083925244 0.0 0.005442111871313573 0.0 0.0 0.2888272423288333 4.438162043450058e-08 0.0 0.0 0.05072163499936898 0.0034213385822861476 0.0 0.0 0.03876520611482842 0.08652659623356065 0.0 0.0 0.03066677062707256 0.0011457706880648956 0.0 0.0 0.06878008986960932 1.9474802889977604e-08 0.0 0.0 0.03508495058181126 0.0002587182964198696 0.0 0.0 0.002622137345903001 0.05836635196715756 0.0 0.0 0.027571820045799177
0.0 0.0023073877979472223 0.0 0.0 0.0 0.004263122216873116 0.0 0.0 0.0 1.8674231773305346e-08 0.0 0.0 0.0 0.002923940065446396 0.0 0.0 0.0 0.0 0.013231179771306863 0.0 0.0 0.0 0.08373894352746848 0.0 0.0 0.0 0.02326891312403572 0.0 0.0 0.0 0.13783322445229101 0.0 0.00036689935241909473 0.0 0.0 0.016618276200598962 1.2956802714571688e-07 0.0 0.0 0.017990453596482645 0.00021660268623256343 0.0 0.0 0.0016499412074066665 0.00025995108193614403 0.0 0.0 0.005658889454388094 0.001028512934607937 0.0 0.0 0.045710506940852616 4.1689365070338503e-07 0.0 0.0 0.13179522319069595 0.003944464499325743 0.0 0.0 0.050182822806500216 0.09239786670926226 0.0 0.0 0.05155625922836267 0.0 4.321107011588512e-07 0.0 0.0 0.0 2.755284145962026e-07 0.0 0.0 0.0 5.771137759032417e-12 0.0 0.0 0.0 2.2950062357590302e-07 0.0 0.0 0.0 0.0 0.00045920722284801857 0.0 0.0 0.0 0.039481591915385326 0.0 0.0 0.0 0.00733125112782192 0.0 0.0 0.0 0.021566975503915117 0.0 4.941152565084389e-05 0.0 0.0 0.002016377266059812 8.855601955282293e-08 0.0 0.0 0.07773291753367313 0.0011408537469654236 0.0 0.0 0.03234211692908778 0.038503420027672236 0.0 0.0 0.011644474857826867 0.0009053926347175102 0.0 0.0 0.04941102123851113 2.221198996257907e-07 0.0 0.0 0.0941522723405615 0.008275680929063035 0.0 0.0 0.13585654425600027 0.11105502924196403 0.0 0.0 0.055018159861196195 0.0 0.013463949391764247 0.0 0.0 0.0 0.004124587387483374 0.0 0.0 0.0 3.7966605929181275e-08 0.0 0.0 0.0 0.00962131749028191 0.0 0.0 0.0 0.0 1.0128639909283298e-06 0.0 0.0 0.0 3.1685016822723936e-08 0.0 0.0 0.0 6.832192799249927e-07 0.0 0.0 0.0 3.3599540976108395e-07 0.0 0.0011899466645657981 0.0 0.0 0.03008103124582879 1.3482510327376676e-09 0.0 0.0 0.0015020093794879661 6.066270562929714e-05 0.0 0.0 0.0011827751450206652 0.00022016558855995704 0.0 0.0 0.0017890357065324615 0.0017638916250885784 0.0 0.0 0.11202569420422703 3.0459788189634743e-08 0.0 0.0 0.07363610273770528 0.0023447138607997687 0.0 0.0 0.04925296910115284 0.07561673098225005 0.0 0.0 0.0712779402324312 0.0 0.264819617038648 0.0 0.0 0.0 0.05505899886745849 0.0 0.0 0.0 2.0071170885968846e-06 0.0 0.0 0.0 0.058992556896264634 0.0 0.0 0.0 0.0 0.02906975027711448 0.0 0.0 0.0 0.034165445996108434 0.0 0.0 0.0 0.005424780312738406 0.0 0.0 0.0 0.002878067366655206 0.0 0.003213838669810083 0.0 0.0 0.07955734814459321 4.86371271997809e-10 0.0 0.0 0.022704212809176033 0.0024678824276433255 0.0 0.0 0.04234391487985783 0.010185415604865451 0.0 0.0 0.001805990295953889 0.0010742182643391498 0.0 0.0 0.044999963593402754 2.324309790535102e-08 0.0 0.0 0.02017592359400899 0.008759031380476304 0.0 0.0 0.07310698887841666 0.050634600682949615 0.0 0.0 0.007607974149532373
0.0 0.0029542664025001496 0.0 0.0 0.0 0.0020634053426868437 0.0 0.0 0.0 8.892740841781771e-08 0.0 0.0 0.0 0.0037941024698614993 0.0 0.0 0.0 0.0 0.02963625576921913 0.0 0.0 0.0 0.03739233272513397 0.0 0.0 0.0 0.050145669008698365 0.0 0.0 0.0 0.07254525397708898 0.0 0.001999660602445971 0.0 0.0 0.027661981036888487 2.1807418304089343e-09 0.0 0.0 0.0015874442939740974 0.00028172966081699356 0.0 0.0 0.042014752582856925 0.021011965692194216 0.0 0.0 0.005791134183885082 0.0022028692253032367 0.0 0.0 0.04451250561526059 5.128110271741101e-08 0.0 0.0 0.0679243028279782 0.008396827701971813 0.0 0.0 0.11709600942148272 0.04264048900072092 0.0 0.0 0.035829619095611984 0.0 1.7947022433453444e-07 0.0 0.0 0.0 5.8442456858041114e-08 0.0 0.0 0.0 5.546537852957214e-12 0.0 0.0 0.0 1.8385620862345907e-07 0.0 0.0 0.0 0.0 0.02719635203898512 0.0 0.0 0.0 0.054861725469206035 0.0 0.0 0.0 0.07836881885751196 0.0 0.0 0.0 0.0683214597280246 0.0 1.3329187312817357e-09 0.0 0.0 6.671245928688186e-08 5.294809252215748e-08 0.0 0.0 0.05944848432291318 0.0005892637412626077 0.0 0.0 0.04658405061696188 0.014713672859042529 0.0 0.0 0.0035668052114506544 0.001244222656099927 0.0 0.0 0.04420420355705769 3.484029196073824e-08 0.0 0.0 0.03097969551252966 0.006809868376970308 0.0 0.0 0.2671956401243449 0.1339887821911702 0.0 0.0 0.03366668634121119 0.0 0.015481046517100406 0.0 0.0 0.0 0.012057973567393139 0.0 0.0 0.0 2.4264417285669415e-07 0.0 0.0 0.0 0.015503576319577153 0.0 0.0 0.0 0.0 4.165883334080523e-08 0.0 0.0 0.0 1.4924568178156267e-06 0.0 0.0 0.0 2.6689596464693157e-08 0.0 0.0 0.0 6.474473928006806e-07 0.0 0.0003735199276804568 0.0 0.0 0.019381546204388356 9.791188550743696e-09 0.0 0.0 0.0157484051925481 0.0010501361362360235 0.0 0.0 0.04908325134923861 0.040022688840778635 0.0 0.0 0.013436499939153902 0.0015067825503225526 0.0 0.0 0.07222460179329249 1.6882440115532708e-07 0.0 0.0 0.2627720532386316 0.013127223905893349 0.0 0.0 0.26364173522971573 0.16090618656345415 0.0 0.0 0.09703301684449625 0.0 0.17128401909031557 0.0 0.0 0.0 0.21462691874119083 0.0 0.0 0.0 1.876675512609441e-06 0.0 0.0 0.0 0.12543014344820047 0.0 0.0 0.0 0.0 0.04351602076676603 0.0 0.0 0.0 0.032646847093943554 0.0 0.0 0.0 0.010581542825405844 0.0 0.0 0.0 0.06159286472557428 0.0 0.0008026505161064003 0.0 0.0 0.0755278444470298 1.422957311239997e-08 0.0 0.0 0.008155323223609519 0.010871892260992994 0.0 0.0 0.030805632376329425 0.061092933307114065 0.0 0.0 0.02216861237803847 0.000682156331579635 0.0 0.0 0.03508992480305548 8.767904450470118e-08 0.0 0.0 0.07147342498749135 0.0019158972640994692 0.0 0.0 0.0547906972492772 0.04251930747397083 0.0 0.0 0.01409875462195475
0.0 0.013717220443906806 0.0 0.0 0.0 0.013545282537143755 0.0 0.0 0.0 5.7519865883460646e-08 0.0 0.0 0.0 0.0013301182716839563 0.0 0.0 0.0 0.0 0.013312050530976585 0.0 0.0 0.0 0.021061445266814097 0.0 0.0 0.0 0.020701860557936214 0.0 0.0 0.0 0.05633990352478792 0.0 0.00016506738077718753 0.0 0.0 0.002113063147834293 6.128632487273272e-09 0.0 0.0 0.012650172380845126 0.002065219216078279 0.0 0.0 0.018156123951502276 4.343264715195949e-08 0.0 0.0 0.0009725681495504468 0.00705981797404091 0.0 0.0 0.22355000930879465 3.477456334631462e-07 0.0 0.0 0.47257720351359184 0.014398930402595773 0.0 0.0 0.204595037138352 0.029830118648026135 0.0 0.0 0.015494139487836648 0.0 1.289538068274834e-06 0.0 0.0 0.0 6.602303210453817e-07 0.0 0.0 0.0 1.2633864678895357e-11 0.0 0.0 0.0 6.720590973907956e-08 0.0 0.0 0.0 0.0 0.014988202724684945 0.0 0.0 0.0 0.06787203373766565 0.0 0.0 0.0 0.08635961717200645 0.0 0.0 0.0 0.048713614107660896 0.0 4.677248456741476e-05 0.0 0.0 0.038727893683357925 3.554877492131819e-08 0.0 0.0 0.04014417739002278 0.005596854305162276 0.0 0.0 0.07774363680274501 0.00018068491963158382 0.0 0.0 0.0006535308074231429 0.010579918082745879 0.0 0.0 0.3515234895447042 7.9964635293721e-07 0.0 0.0 0.4118167510195236 0.03022286577171351 0.0 0.0 0.6837956038092624 0.04020110318869524 0.0 0.0 0.01421789128521162 0.0 0.03857098063675434 0.0 0.0 0.0 0.025608247299093084 0.0 0.0 0.0 2.5359678178243506e-07 0.0 0.0 0.0 0.010157202509652208 0.0 0.0 0.0 0.0 6.69457269215762e-08 0.0 0.0 0.0 2.7803680933303396e-07 0.0 0.0 0.0 4.1090897342908164e-08 0.0 0.0 0.0 4.0086281122131146e-08 0.0 0.0006933439280973199 0.0 0.0 0.01902387488424 2.0022835953463213e-07 0.0 0.0 0.07190339521716176 0.0008043845929555764 0.0 0.0 0.010881109953045712 0.0030634544601777836 0.0 0.0 0.0008163062323996714 0.011190655906839257 0.0 0.0 0.34638864375647094 5.829625653869032e-07 0.0 0.0 0.4743051995859379 0.01892462474649879 0.0 0.0 0.33327370632068337 0.14840992984069293 0.0 0.0 0.04548684989986068 0.0 0.049088676235584 0.0 0.0 0.0 0.17877927767546006 0.0 0.0 0.0 1.1503043318907491e-07 0.0 0.0 0.0 0.06782771062667439 0.0 0.0 0.0 0.0 0.000972611581523517 0.0 0.0 0.0 0.07415982890039598 0.0 0.0 0.0 0.00012455067559734743 0.0 0.0 0.0 0.004058107456403439 0.0 2.0961929529297107e-10 0.0 0.0 2.6984449657271386e-09 1.1867110154028233e-08 0.0 0.0 0.0056293394756890104 0.0022119284224353325 0.0 0.0 0.04687674781314866 0.05118949956094499 0.0 0.0 0.003204135127740945 0.00012455046597805217 0.0 0.0 0.0017976045661162888 3.285950403946239e-08 0.0 0.0 0.053332183765437365 0.00011187658484187275 0.0 0.0 0.00265822723080971 0.022820945517335826 0.0 0.0 0.006849938982698715
0.0 0.0 0.0 0.0 0.0 0.002452836486216687 0.0 0.0 0.0 5.381646833326924e-09 0.0 0.0 0.0 0.0048705102647009346 0.0 0.0 0.0 0.0 0.0 0.0 0.0 0.0 0.02263844021106178 0.0 0.0 0.0 0.06465757155037376 0.0 0.0 0.0 0.08854597530380309 0.0 0.0 0.0 0.0 0.0 7.384941547348256e-09 0.0 0.0 0.004776097472999408 6.045083723440345e-05 0.0 0.0 0.021253274501008633 0.027100691735440482 0.0 0.0 0.0054657325090182425 0.0 0.0 0.0 0.0 1.8470846055311227e-07 0.0 0.0 0.07621941944020291 0.0011550558309841202 0.0 0.0 0.018960627602635127 0.11431988712769897 0.0 0.0 0.042595831603026026 0.0 2.7002154256809035e-07 0.0 0.0 0.0 2.457223954482171e-07 0.0 0.0 0.0 3.672390036013521e-12 0.0 0.0 0.0 3.8538300186531584e-07 0.0 0.0 0.0 0.0 0.005675257683672868 0.0 0.0 0.0 0.004527852036659715 0.0 0.0 0.0 0.09992380066560566 0.0 0.0 0.0 0.04795111695592785 0.0 5.578248928935899e-05 0.0 0.0 0.0014150523390483337 3.5896473707533886e-09 0.0 0.0 0.0008262390834286044 0.0027346358228637797 0.0 0.0 0.0746363348422503 0.0419987953324737 0.0 0.0 0.00831450199339714 0.0022378788989289564 0.0 0.0 0.06134041570343985 3.049640772568262e-07 0.0 0.0 0.13609466887563548 0.008926235204621635 0.0 0.0 0.16740227914059588 0.1071854996166787 0.0 0.0 0.04208600069424753 0.0 0.009441367298555324 0.0 0.0 0.0 0.006592651672042937 0.0 0.0 0.0 2.319363191834019e-07 0.0 0.0 0.0 0.014506120778448085 0.0 0.0 0.0 0.0 6.709758404783886e-09 0.0 0.0 0.0 1.6837260718985288e-12 0.0 0.0 0.0 3.661563927859321e-08 0.0 0.0 0.0 2.3912153234957594e-06 0.0 0.0007478942365563862 0.0 0.0 0.02716278990197247 1.5591256000348201e-07 0.0 0.0 0.09019149070478492 0.004342263979482137 0.0 0.0 0.04140430702962128 0.03357940976684628 0.0 0.0 0.01060002517298134 0.001630575273524064 0.0 0.0 0.06710435228351627 1.0149845365083309e-07 0.0 0.0 0.08002724305027961 0.010602168475216152 0.0 0.0 0.19118729193944867 0.14233758488855938 0.0 0.0 0.0818730967215291 0.0 0.1559534062910984 0.0 0.0 0.0 0.14903229346121102 0.0 0.0 0.0 2.197220766498444e-06 0.0 0.0 0.0 0.3031895378259307 0.0 0.0 0.0 0.0 0.04801320776360028 0.0 0.0 0.0 0.10281505324299335 0.0 0.0 0.0 0.0434469278731861 0.0 0.0 0.0 0.10455438444065926 0.0 0.0013886819451738126 0.0 0.0 0.04378583634414174 1.2128052613121947e-07 0.0 0.0 0.08011113498400166 2.4908043431027508e-05 0.0 0.0 0.0003940466664776075 0.068367399203948 0.0 0.0 0.04473441238820145 0.0006603015738244865 0.0 0.0 0.03309719462584897 2.1791945758084773e-08 0.0 0.0 0.05702698948689273 0.002694653491532274 0.0 0.0 0.05952425240848941 0.07986694036717312 0.0 0.0 0.03580923999738504
0.0 0.007208360413978532 0.0 0.0 0.0 0.0012472899911950763 0.0 0.0 0.0 1.1161097073085747e-07 0.0 0.0 0.0 0.0025149860832455956 0.0 0.0 0.0 0.0 0.055877348963766706 0.0 0.0 0.0 0.02143238249660129 0.0 0.0 0.0 0.07794508889481654 0.0 0.0 0.0 0.04175408375430607 0.0 3.305678906032891e-05 0.0 0.0 0.005572251967380486 1.4780933786371295e-08 0.0 0.0 0.010249666282068772 0.0027067051176225105 0.0 0.0 0.08719873619559274 0.016268047414697027 0.0 0.0 0.003945622001480931 0.002968066260505329 0.0 0.0 0.14564283003551018 9.914062483496995e-08 0.0 0.0 0.029156808574348138 0.011799627056681344 0.0 0.0 0.19286729871894745 0.08859846480974784 0.0 0.0 0.03317757973383824 0.0 7.161318409915268e-08 0.0 0.0 0.0 1.886408749645606e-08 0.0 0.0 0.0 1.3084065013026512e-12 0.0 0.0 0.0 2.2117856220209248e-07 0.0 0.0 0.0 0.0 0.034409529097759066 0.0 0.0 0.0 0.0001388327939031306 0.0 0.0 0.0 0.02605888790427799 0.0 0.0 0.0 0.02876427526324561 0.0 4.204595850784931e-05 0.0 0.0 0.002712001212499736 1.2968352338435704e-08 0.0 0.0 0.0174801030463904 0.0001657909125701443 0.0 0.0 0.016084210083679957 0.004709588391939125 0.0 0.0 0.0014449860156451793 0.00018740881641610092 0.0 0.0 0.02473520456740502 8.883032349762514e-09 0.0 0.0 0.013424154077120243 0.0007095848461422234 0.0 0.0 0.08115404878356504 0.0902140021963715 0.0 0.0 0.0300825801186661 0.0 0.022185623058642922 0.0 0.0 0.0 0.00398938805374387 0.0 0.0 0.0 2.290878808504471e-07 0.0 0.0 0.0 0.013574366970175594 0.0 0.0 0.0 0.0 1.0232302021351997e-07 0.0 0.0 0.0 2.8139654456828213e-08 0.0 0.0 0.0 7.848538264972566e-07 0.0 0.0 0.0 1.4286133263291168e-07 0.0 0.0010497278083171444 0.0 0.0 0.0517890662149143 5.232504353739206e-15 0.0 0.0 0.0003200315882387341 0.0065136750491757 0.0 0.0 0.03805018911083723 0.005350530105464327 0.0 0.0 0.009501996241817684 0.0050785489375425995 0.0 0.0 0.16824197672065044 5.1265505312980416e-08 0.0 0.0 0.057776762218624246 0.01712031012741342 0.0 0.0 0.34187550999838356 0.11897150013928982 0.0 0.0 0.06990337811212152 0.0 0.1676148490236851 0.0 0.0 0.0 0.08413482815015934 0.0 0.0 0.0 6.915531661425243e-07 0.0 0.0 0.0 0.16282445800620135 0.0 0.0 0.0 0.0 0.035687120164290605 0.0 0.0 0.0 0.021067495159425853 0.0 0.0 0.0 0.0028544851756609883 0.0 0.0 0.0 0.11930493173880727 0.0 0.0008303924176624208 0.0 0.0 0.0695735178453206 7.872519936545833e-08 0.0 0.0 0.0780395989381805 1.871587833089357e-14 0.0 0.0 3.70459296356264e-08 0.03168694647000181 0.0 0.0 0.009692862175378531 0.0007815011113781622 0.0 0.0 0.03594392576652258 4.589348898371996e-08 0.0 0.0 0.03405986756374755 1.2701821478874803e-08 0.0 0.0 0.028187904156288978 0.05877574720570044 0.0 0.0 0.021275752631427815
0.0 0.0018050049587594369 0.0 0.0 0.0 0.0009026712934941137 0.0 0.0 0.0 9.336118313994812e-08 0.0 0.0 0.0 0.0015230529200436773 0.0 0.0 0.0 0.0 0.006222056314136884 0.0 0.0 0.0 0.0048651481078582975 0.0 0.0 0.0 0.11449405796568887 0.0 0.0 0.0 0.06650018969955421 0.0 5.528629985253794e-11 0.0 0.0 8.827465345182289e-05 3.6719470450276023e-19 0.0 0.0 2.0727716705316302e-08 0.00034509546378864173 0.0 0.0 0.006963565502870417 0.04325847542018445 0.0 0.0 0.011464688163700675 1.832005695726674e-08 0.0 0.0 0.03279531550312918 5.552840198188114e-13 0.0 0.0 0.03514282967519625 0.014300514079563464 0.0 0.0 0.23209270187029094 0.019241393897007117 0.0 0.0 0.021654879118792273 0.0 2.884547859041982e-08 0.0 0.0 0.0 1.0788465580495084e-08 0.0 0.0 0.0 4.652092344193047e-12 0.0 0.0 0.0 1.334221254713508e-07 0.0 0.0 0.0 0.0 0.029207493343217775 0.0 0.0 0.0 0.010086757944763193 0.0 0.0 0.0 0.07097469409662116 0.0 0.0 0.0 0.06773810853489164 0.0 9.487394068488879e-06 0.0 0.0 0.0006632565680187888 5.076094054189614e-08 0.0 0.0 0.026254101114326796 0.003628122902244354 0.0 0.0 0.04443777825587856 0.009405405588262448 0.0 0.0 0.0037294039821238138 0.00013895827079449979 0.0 0.0 0.010891445383242443 7.880569904046533e-09 0.0 0.0 0.00456974131575458 0.008175534700324854 0.0 0.0 0.2000692284788439 0.05878501516733512 0.0 0.0 0.02398461252454392 0.0 0.017353668389712626 0.0 0.0 0.0 0.008570564600822601 0.0 0.0 0.0 5.558128512321587e-07 0.0 0.0 0.0 0.03953692674400083 0.0 0.0 0.0 0.0 5.136870193415931e-08 0.0 0.0 0.0 1.515406941275429e-06 0.0 0.0 0.0 2.0790649329830177e-06 0.0 0.0 0.0 3.187137111071106e-06 0.0 4.579712104615254e-09 0.0 0.0 0.011296111501202133 1.420131898435304e-13 0.0 0.0 0.004817786454070747 0.0014382234481997843 0.0 0.0 0.12305245227017055 0.051276580805249855 0.0 0.0 0.018323781155635415 0.0009027196557952619 0.0 0.0 0.175000793528979 5.5724365082683773e-08 0.0 0.0 0.15025275703294072 0.02757713131615528 0.0 0.0 0.6252322843792818 0.26099353905921097 0.0 0.0 0.20261536236628014 0.0 0.1729227498932876 0.0 0.0 0.0 0.1975447416360837 0.0 0.0 0.0 6.11691042821945e-06 0.0 0.0 0.0 0.1370801644544072 0.0 0.0 0.0 0.0 0.026690518960942405 0.0 0.0 0.0 0.07545642946399227 0.0 0.0 0.0 0.016183068726007922 0.0 0.0 0.0 0.05981026038963459 0.0 0.0029329297978818265 0.0 0.0 0.09105902589931716 4.92441695144021e-09 0.0 0.0 0.03084143407866481 0.0047816721325216706 0.0 0.0 0.05239369704963437 0.011057066026525291 0.0 0.0 0.00098591585222942 0.0002467044598849293 0.0 0.0 0.03343342942725089 6.698447429884388e-08 0.0 0.0 0.06435335115575341 0.00434812888993965 0.0 0.0 0.12684066531557117 0.053536296930431417 0.0 0.0 0.023904984980516346
0.0 0.010786119666618 0.0 0.0 0.0 0.006155043047349238 0.0 0.0 0.0 6.751662275717671e-08 0.0 0.0 0.0 0.004982878698380741 0.0 0.0 0.0 0.0 0.018585684508767863 0.0 0.0 0.0 0.03183142074852676 0.0 0.0 0.0 0.05845344725519348 0.0 0.0 0.0 0.16252093492250225 0.0 0.00015678113865751916 0.0 0.0 0.003045245197869975 4.295895397434716e-08 0.0 0.0 0.013144174261082156 0.0004881217767870235 0.0 0.0 0.0067296337325943225 0.015555891106509496 0.0 0.0 0.01579713648207303 0.006722668850644676 0.0 0.0 0.15572212265285068 3.2688859538100185e-07 0.0 0.0 0.19264226961475334 0.004993665695943373 0.0 0.0 0.17310834154211993 0.09649931939754844 0.0 0.0 0.04592642791995132 0.0 8.231762512022402e-07 0.0 0.0 0.0 6.017547305824675e-07 0.0 0.0 0.0 3.855240434641407e-12 0.0 0.0 0.0 2.6620183318725624e-07 0.0 0.0 0.0 0.0 0.01241727887388095 0.0 0.0 0.0 0.07285972532460978 0.0 0.0 0.0 0.04946871953467669 0.0 0.0 0.0 0.13764642510466868 0.0 0.00017098158962637548 0.0 0.0 0.006303108375075686 1.2462470210816262e-08 0.0 0.0 0.03970372113303072 0.003592606845497256 0.0 0.0 0.05287509511275694 0.09447316825098916 0.0 0.0 0.024125143124630134 0.005768473124897584 0.0 0.0 0.21911261237952903 3.9236344275574915e-07 0.0 0.0 0.2287181354886812 0.00819097208242916 0.0 0.0 0.22715519494774994 0.15644479089139296 0.0 0.0 0.07485676146500765 0.0 0.009026741109577291 0.0 0.0 0.0 0.017090464188088378 0.0 0.0 0.0 9.684338563787452e-08 0.0 0.0 0.0 0.008540153224043289 0.0 0.0 0.0 0.0 2.2481506559179455e-08 0.0 0.0 0.0 6.702812484231534e-07 0.0 0.0 0.0 5.195470810718615e-08 0.0 0.0 0.0 2.14500822451002e-08 0.0 0.00036913743680654836 0.0 0.0 0.007679569365973478 1.659532535848057e-08 0.0 0.0 0.015401503249143043 0.0027319604248459933 0.0 0.0 0.03273334448639004 0.044198841472237384 0.0 0.0 0.013966696343841069 0.002656332210838768 0.0 0.0 0.0777775084030017 4.1132085145909257e-07 0.0 0.0 0.26003486738845644 0.009279403878452965 0.0 0.0 0.15027376442762597 0.18251938433059475 0.0 0.0 0.04330283620231433 0.0 0.25157780348254394 0.0 0.0 0.0 0.25066738659491206 0.0 0.0 0.0 4.877506410872031e-07 0.0 0.0 0.0 0.20569988894388447 0.0 0.0 0.0 0.0 0.023914040790372123 0.0 0.0 0.0 0.1165522077996963 0.0 0.0 0.0 0.00010508608213020725 0.0 0.0 0.0 0.07865185239594305 0.0 0.005133308644544118 0.0 0.0 0.16648384172006422 4.6211211764133285e-07 0.0 0.0 0.1271885275546216 0.001824607764419624 0.0 0.0 0.03559894588959668 0.031851045450852024 0.0 0.0 0.010738494736980318 0.0009464259329551505 0.0 0.0 0.03949113446804228 9.149641027219309e-08 0.0 0.0 0.09064719048846831 0.0004907485333710664 0.0 0.0 0.010734779483693523 0.08640312587185725 0.0 0.0 0.025447492135152513
0.0 0.019106215875775573 0.0 0.0 0.0 0.0068485289563368365 0.0 0.0 0.0 9.941389256123189e-08 0.0 0.0 0.0 0.0016481324648938201 0.0 0.0 0.0 0.0 0.06086790296392097 0.0 0.0 0.0 0.14122360655142066 0.0 0.0 0.0 0.1408332410097776 0.0 0.0 0.0 0.09744953766041489 0.0 0.0004797700066552226 0.0 0.0 0.055160071552083176 2.1710984840584687e-08 0.0 0.0 0.00906378737103191 0.00034400736529016326 0.0 0.0 0.012262306060666424 0.026926116994217077 0.0 0.0 0.0038541261799640665 0.01224855030536532 0.0 0.0 0.3859414505357545 3.451454905789551e-07 0.0 0.0 0.2310847729844114 0.01857721448023888 0.0 0.0 0.31325946006972943 0.09198378437989646 0.0 0.0 0.020776466520411166 0.0 1.1782637525198313e-07 0.0 0.0 0.0 1.468418161007302e-07 0.0 0.0 0.0 3.3948739940873905e-12 0.0 0.0 0.0 1.975201136390151e-07 0.0 0.0 0.0 0.0 0.0011709950693902474 0.0 0.0 0.0 0.0014749806663985037 0.0 0.0 0.0 0.036987862095303664 0.0 0.0 0.0 0.03929829725770859 0.0 0.00013493208668946666 0.0 0.0 0.04414722830953095 9.353371158178438e-09 0.0 0.0 0.008095713957146457 0.005425906118436507 0.0 0.0 0.07830156138195096 0.010462794651969275 0.0 0.0 0.002295782348252432 0.001782333480888028 0.0 0.0 0.049819658907045164 5.094682799707897e-08 0.0 0.0 0.08748436391435885 0.015450553841568602 0.0 0.0 0.20352754643906187 0.11687789011254358 0.0 0.0 0.025175569469250484 0.0 0.03749696543853499 0.0 0.0 0.0 0.005858025195227771 0.0 0.0 0.0 1.565099970178854e-07 0.0 0.0 0.0 0.01364300789780814 0.0 0.0 0.0 0.0 6.773868454191336e-08 0.0 0.0 0.0 8.576592144468675e-07 0.0 0.0 0.0 3.840856769762682e-08 0.0 0.0 0.0 3.49515859081896e-07 0.0 0.0008053448659823252 0.0 0.0 0.017493925465336367 4.863664636819314e-09 0.0 0.0 0.012141309094736461 0.003441564285894021 0.0 0.0 0.11970049355677333 0.05898714603991656 0.0 0.0 0.014713557115167706 0.007597927390968186 0.0 0.0 0.32482683182016975 2.0371858600706614e-08 0.0 0.0 0.12758268133517656 0.011773835607463335 0.0 0.0 0.20477734151102112 0.23608644003769533 0.0 0.0 0.06479056211322909 0.0 0.3887588332744843 0.0 0.0 0.0 0.06622543409542031 0.0 0.0 0.0 1.0573950413151923e-06 0.0 0.0 0.0 0.15592696024855102 0.0 0.0 0.0 0.0 0.04605125492321898 0.0 0.0 0.0 0.006164483330313612 0.0 0.0 0.0 0.04946220377382242 0.0 0.0 0.0 0.0777920875139523 0.0 0.004361214236371829 0.0 0.0 0.16207243932646492 1.986408784946456e-13 0.0 0.0 0.00023223367585399393 0.001038185574698513 0.0 0.0 0.023968595352334313 0.03352185133153656 0.0 0.0 0.012697557760451884 0.001280597506912807 0.0 0.0 0.07686252049198018 9.79930341252086e-09 0.0 0.0 0.02443310477882898 0.0009468877679778961 0.0 0.0 0.02163833581604448 0.03606543127766736 0.0 0.0 0.02368954174755732
0.0 0.002907091934775417 0.0 0.0 0.0 0.0076938148396330465 0.0 0.0 0.0 6.464712467515991e-08 0.0 0.0 0.0 0.0010981069175190143 0.0 0.0 0.0 0.0 0.008816114652409267 0.0 0.0 0.0 0.050907947695147907 0.0 0.0 0.0 0.056667231627916106 0.0 0.0 0.0 0.07435580562169623 0.0 0.0009543699842480348 0.0 0.0 0.021959959281573568 2.8576181433670336e-08 0.0 0.0 0.015306823942056468 0.00043402964086953404 0.0 0.0 0.023647502406376416 1.4533988405464332e-07 0.0 0.0 0.00335091251233023 0.0013258349560141271 0.0 0.0 0.034986051241076795 3.3103586552358406e-07 0.0 0.0 0.20988874211150452 0.010248027832526518 0.0 0.0 0.157326121020527 0.03820161043712725 0.0 0.0 0.024892263271637675 0.0 3.1786715799992963e-07 0.0 0.0 0.0 7.066049862917354e-07 0.0 0.0 0.0 2.65174553005963e-12 0.0 0.0 0.0 2.8058181537057846e-07 0.0 0.0 0.0 0.0 0.026048400373006108 0.0 0.0 0.0 0.04184136349998759 0.0 0.0 0.0 0.0024523476613266953 0.0 0.0 0.0 0.10210120565384187 0.0 0.00013853361962893514 0.0 0.0 0.0017732370027993731 1.0982091342710326e-08 0.0 0.0 0.009146209099295467 0.0044139629644993905 0.0 0.0 0.04069054283057809 0.029011850705183053 0.0 0.0 0.020295760653755122 0.001960382490108417 0.0 0.0 0.11197797274749355 5.158444289759502e-07 0.0 0.0 0.4101824372948423 0.013066322195670306 0.0 0.0 0.15222509049556543 0.157986757341465 0.0 0.0 0.04535125531442577 0.0 0.02767567765329261 0.0 0.0 0.0 0.009777085891739878 0.0 0.0 0.0 9.979585579943316e-08 0.0 0.0 0.0 0.009054224723914255 0.0 0.0 0.0 0.0 3.37377422259224e-08 0.0 0.0 0.0 6.093694941231355e-07 0.0 0.0 0.0 3.7234652580172995e-09 0.0 0.0 0.0 3.016375501177583e-07 0.0 8.851823880575295e-05 0.0 0.0 0.004246555305177247 1.5370083186418512e-10 0.0 0.0 9.865870674295008e-05 0.005147145333811892 0.0 0.0 0.03464204760381369 0.010951799819399364 0.0 0.0 0.0041317844380657056 0.0035900766204162004 0.0 0.0 0.17724740459485766 3.0869441588373374e-07 0.0 0.0 0.16749689230914935 0.008296849908846297 0.0 0.0 0.09381269773440151 0.07861672271521229 0.0 0.0 0.03914401076605272 0.0 0.16016401214194353 0.0 0.0 0.0 0.15497170985180306 0.0 0.0 0.0 7.840226195047104e-07 0.0 0.0 0.0 0.11633612009983545 0.0 0.0 0.0 0.0 0.030789222920362142 0.0 0.0 0.0 0.01272018729320115 0.0 0.0 0.0 0.00018692658680936422 0.0 0.0 0.0 0.059759318965342756 0.0 0.003206725920057313 0.0 0.0 0.10247555660937994 3.7931312118398726e-08 0.0 0.0 0.03138179670473655 0.0038692787999160096 0.0 0.0 0.048216748440991 0.05821088376404806 0.0 0.0 0.0057954844256239615 0.00043463650977337257 0.0 0.0 0.022202245123921258 7.1838615297862e-08 0.0 0.0 0.04924917355567213 0.0010314713886625923 0.0 0.0 0.01764421281109876 0.0617178453893817 0.0 0.0 0.01745274658120562
0.0 0.009624666392324345 0.0 0.0 0.0 0.0034652777906142886 0.0 0.0 0.0 2.1378026053117982e-08 0.0 0.0 0.0 0.006801264073243618 0.0 0.0 0.0 0.0 0.029772657295484718 0.0 0.0 0.0 0.038294461992698675 0.0 0.0 0.0 0.04502445918001815 0.0 0.0 0.0 0.03935484565965467 0.0 0.001088251491214466 0.0 0.0 0.04071945607860326 4.341559268976355e-09 0.0 0.0 0.0028700346898654166 0.0015059058817639961 0.0 0.0 0.032670897440539956 0.008044970413435708 0.0 0.0 0.010960223194736869 0.0026882742988291516 0.0 0.0 0.058994770157732045 1.0314872797292839e-07 0.0 0.0 0.09825819375072228 0.003759783611258401 0.0 0.0 0.05992700822258144 0.06964068138884215 0.0 0.0 0.07953012884136891 0.0 7.36369492144183e-08 0.0 0.0 0.0 6.20369452539468e-08 0.0 0.0 0.0 3.3412245634231897e-12 0.0 0.0 0.0 2.924384742945836e-07 0.0 0.0 0.0 0.0 0.010086163780057406 0.0 0.0 0.0 0.07892727956758225 0.0 0.0 0.0 0.08128800311198191 0.0 0.0 0.0 0.04430262728187472 0.0 0.0075394778379255485 0.0 0.0 0.0447325228198855 1.7116330343329001e-09 0.0 0.0 0.002413584558255622 0.0031980011116031 0.0 0.0 0.08672907800114858 0.04147672165670462 0.0 0.0 0.02344278584613974 0.0011845529662240337 0.0 0.0 0.007901246816052296 2.0551902319135835e-08 0.0 0.0 0.02582510835932245 0.01095393169065744 0.0 0.0 0.1750511753667376 0.08189728462309376 0.0 0.0 0.05893442065354172 0.0 0.016886621787191154 0.0 0.0 0.0 0.007757888500488735 0.0 0.0 0.0 2.6915502636831435e-07 0.0 0.0 0.0 0.021791830839016462 0.0 0.0 0.0 0.0 1.5713284950172772e-06 0.0 0.0 0.0 1.0731047447022039e-07 0.0 0.0 0.0 2.177632486604599e-06 0.0 0.0 0.0 2.6174209683308834e-07 0.0 0.001826526870653334 0.0 0.0 0.03900150768708085 2.9343037735747617e-09 0.0 0.0 0.03138164688799712 0.002628023228417175 0.0 0.0 0.04620611058853152 0.02278410927553129 0.0 0.0 0.005430062035158034 0.004454863295746427 0.0 0.0 0.15216102260211511 5.8861396896390835e-08 0.0 0.0 0.10374837121952706 0.017557955407290115 0.0 0.0 0.2193816154166241 0.20686486140960977 0.0 0.0 0.10034906398405746 0.0 0.12593506231139148 0.0 0.0 0.0 0.20338084541344803 0.0 0.0 0.0 3.740413233675695e-06 0.0 0.0 0.0 0.174251051373286 0.0 0.0 0.0 0.0 0.05799935112768179 0.0 0.0 0.0 0.09231032467254036 0.0 0.0 0.0 0.016131171805744516 0.0 0.0 0.0 0.029124965231085514 0.0 7.30761153359163e-09 0.0 0.0 0.0008310689122939494 1.3506588913652352e-07 0.0 0.0 0.030646014302872518 5.8769299399784054e-08 0.0 0.0 0.0190370136775344 0.027884203967960017 0.0 0.0 0.0343841797701532 0.0011092755660038118 0.0 0.0 0.028457348346299375 1.015002975856495e-07 0.0 0.0 0.06660478725896919 0.005488189414090059 0.0 0.0 0.13794992056283287 0.0655295687181239 0.0 0.0 0.026046220224861184
0.0 0.003188897172251025 0.0 0.0 0.0 0.002769786062782325 0.0 0.0 0.0 5.251229977243919e-08 0.0 0.0 0.0 0.0028738640213296566 0.0 0.0 0.0 0.0 0.044618613976127895 0.0 0.0 0.0 0.045895403396944555 0.0 0.0 0.0 0.05011308444805496 0.0 0.0 0.0 0.046723297360809504 0.0 0.0011749237737794537 0.0 0.0 0.043668482700148045 4.8036223814753986e-08 0.0 0.0 0.02439728607119198 0.0003804091635258344 0.0 0.0 0.006235038484705575 0.03218703406293922 0.0 0.0 0.005187169296852951 0.001267461133017629 0.0 0.0 0.053815971475179955 1.5258249293501335e-07 0.0 0.0 0.07467167408086833 0.015330499207063895 0.0 0.0 0.13476900650705553 0.054410583584344606 0.0 0.0 0.03589927195032881 0.0 3.638229544614063e-07 0.0 0.0 0.0 6.200491104860421e-07 0.0 0.0 0.0 2.0824687362564816e-12 0.0 0.0 0.0 1.2043884844699907e-07 0.0 0.0 0.0 0.0 0.040332314529792225 0.0 0.0 0.0 0.0065690963958737305 0.0 0.0 0.0 0.018575995060369225 0.0 0.0 0.0 0.03001322915417932 0.0 0.00015990991135376493 0.0 0.0 0.002687064135272629 8.652576024304921e-09 0.0 0.0 0.005407495109280073 0.001993831396270383 0.0 0.0 0.03045948575502076 0.03455883487174713 0.0 0.0 0.006921667186123475 0.0017690398857283154 0.0 0.0 0.13233252799150336 4.671307044755939e-07 0.0 0.0 0.34258475321566456 0.004900429184754056 0.0 0.0 0.09180460883200708 0.08697630670208101 0.0 0.0 0.018811061923625395 0.0 0.01442420099375239 0.0 0.0 0.0 0.010839607425838638 0.0 0.0 0.0 9.068858327008336e-08 0.0 0.0 0.0 0.007423903529823988 0.0 0.0 0.0 0.0 2.7312600653807963e-08 0.0 0.0 0.0 1.3436485546734019e-06 0.0 0.0 0.0 6.713253609107368e-07 0.0 0.0 0.0 2.037522436789544e-07 0.0 0.00013116605186241952 0.0 0.0 0.0016203726825955195 3.70931507887647e-09 0.0 0.0 0.002574832055746474 0.0022697709837045717 0.0 0.0 0.04915579225195182 0.034112668414020296 0.0 0.0 0.030996149832381272 0.0020630646926146352 0.0 0.0 0.07040177840487674 3.5830334343428573e-07 0.0 0.0 0.19341194517990726 0.006080639839996621 0.0 0.0 0.1493211252331083 0.07392567582993499 0.0 0.0 0.030822618918200553 0.0 0.16973693719297903 0.0 0.0 0.0 0.08188062160248305 0.0 0.0 0.0 2.102835794405642e-06 0.0 0.0 0.0 0.12004008216885886 0.0 0.0 0.0 0.0 0.028279435770846087 0.0 0.0 0.0 0.029722453576271266 0.0 0.0 0.0 0.052171005147792354 0.0 0.0 0.0 0.021988330649306064 0.0 0.00139852466377373 0.0 0.0 0.03281185304739652 1.1725439990322022e-08 0.0 0.0 0.004022111411316825 0.0001883436499277401 0.0 0.0 0.01134149630259349 0.019218846705776515 0.0 0.0 0.009481264303425217 0.0008685096565328324 0.0 0.0 0.03282657008337895 5.4172900110033206e-08 0.0 0.0 0.032109097742092745 0.0015438792127551847 0.0 0.0 0.05294065303553998 0.020932807463182226 0.0 0.0 0.015166759032156673
0.0 0.006457948577592535 0.0 0.0 0.0 0.008386927570841382 0.0 0.0 0.0 7.07099590523019e-08 0.0 0.0 0.0 0.00099526968728311 0.0 0.0 0.0 0.0 0.004770966369933625 0.0 0.0 0.0 0.046008847104799494 0.0 0.0 0.0 0.04267904933277447 0.0 0.0 0.0 0.03805346143550518 0.0 7.060340416193734e-05 0.0 0.0 0.0023827483970731414 5.531552992630629e-09 0.0 0.0 0.0027956898590113127 1.1852918491349756e-05 0.0 0.0 0.006891404672273154 0.0006581939352226456 0.0 0.0 0.00043937177114617435 0.003876154657807045 0.0 0.0 0.09322870800327648 1.5629550851080235e-07 0.0 0.0 0.1643826324579758 0.006199992846593374 0.0 0.0 0.16579188833959813 0.022639783262042582 0.0 0.0 0.011072006182030154 0.0 2.776236526414599e-07 0.0 0.0 0.0 2.1459651241186228e-07 0.0 0.0 0.0 6.333483686358177e-12 0.0 0.0 0.0 4.393821886975377e-07 0.0 0.0 0.0 0.0 0.0015388935766573243 0.0 0.0 0.0 0.014971750891643282 0.0 0.0 0.0 0.09087077943995751 0.0 0.0 0.0 0.054106177462802725 0.0 3.0239246415170623e-05 0.0 0.0 0.03178423365949193 4.8805611568089644e-08 0.0 0.0 0.035534324076853155 0.0009772435691482288 0.0 0.0 0.041429289430614025 0.003661382292972387 0.0 0.0 0.01644482330446071 0.005396459033876659 0.0 0.0 0.07203702626975103 2.3610629063554214e-07 0.0 0.0 0.09720959806954864 0.01711440160329542 0.0 0.0 0.29275680359003037 0.139520531026273 0.0 0.0 0.08169899162422184 0.0 0.014280289751959446 0.0 0.0 0.0 0.0199144959178341 0.0 0.0 0.0 2.2705313644906204e-07 0.0 0.0 0.0 0.011550119230331286 0.0 0.0 0.0 0.0 8.614708153441996e-07 0.0 0.0 0.0 8.500820694842693e-07 0.0 0.0 0.0 2.150882178512257e-07 0.0 0.0 0.0 1.0476043077812972e-07 0.0 0.00299478247299223 0.0 0.0 0.05282687513357589 1.3436806683688208e-08 0.0 0.0 0.007087204382858095 0.0019070009979911457 0.0 0.0 0.09828211680748353 0.005058839435229258 0.0 0.0 0.001666954119794574 0.002156809786299564 0.0 0.0 0.14931464020404703 4.4895010191384294e-07 0.0 0.0 0.342287418596479 0.012210774050235034 0.0 0.0 0.2938191405057001 0.175755517984379 0.0 0.0 0.06447176642613954 0.0 0.11077380828980815 0.0 0.0 0.0 0.13318596328587295 0.0 0.0 0.0 1.6810277337363897e-06 0.0 0.0 0.0 0.12593921081842505 0.0 0.0 0.0 0.0 0.006939149071526414 0.0 0.0 0.0 0.0688801363070549 0.0 0.0 0.0 0.02941554074808239 0.0 0.0 0.0 0.03235966479529989 0.0 0.0010290501638074408 0.0 0.0 0.050268690635944635 7.501514307865193e-09 0.0 0.0 0.0029835188966425576 0.0014286863337647788 0.0 0.0 0.06095763421832441 0.003238543950767009 0.0 0.0 0.0017556548831713778 0.0002861177803160345 0.0 0.0 0.015348399741671952 1.4981300622085256e-08 0.0 0.0 0.0534536609839191 0.003441880437026213 0.0 0.0 0.05247074978152817 0.04266580703420044 0.0 0.0 0.015615377337825784
0.0 0.0004032191916783741 0.0 0.0 0.0 0.0035752756587528163 0.0 0.0 0.0 5.1072262022797455e-08 0.0 0.0 0.0 0.004155953821032994 0.0 0.0 0.0 0.0 0.017149393388104364 0.0 0.0 0.0 0.1313379029340066 0.0 0.0 0.0 0.1105544999720717 0.0 0.0 0.0 0.08273405892566349 0.0 0.0006273480349439984 0.0 0.0 0.0235809612838784 2.0054056965097605e-09 0.0 0.0 0.033208091439775884 2.011259599828785e-08 0.0 0.0 0.02056057391764974 0.01793977598660273 0.0 0.0 0.004896431062782921 0.00015652779308343443 0.0 0.0 0.006596459839340829 5.0000480342431616e-08 0.0 0.0 0.12296213514775514 0.005206892247886647 0.0 0.0 0.15476141986371028 0.0900530466445444 0.0 0.0 0.042790281214520505 0.0 2.5653433389477514e-07 0.0 0.0 0.0 3.4797784752881553e-07 0.0 0.0 0.0 1.2416397775357888e-11 0.0 0.0 0.0 2.708735155328698e-07 0.0 0.0 0.0 0.0 0.03461287760761445 0.0 0.0 0.0 0.07622270880634135 0.0 0.0 0.0 0.0329885630355665 0.0 0.0 0.0 0.050499008739756525 0.0 4.0597913994096754e-05 0.0 0.0 0.0014886313015188913 2.0149231632134214e-07 0.0 0.0 0.15853638647214155 0.012064496152153764 0.0 0.0 0.08503331808309174 0.001941522030956757 0.0 0.0 0.000645173191663143 0.001877193225528549 0.0 0.0 0.059008262479068894 1.8542768453201886e-07 0.0 0.0 0.20186535560293367 0.027948090333003717 0.0 0.0 0.5696741753492092 0.23024073475300288 0.0 0.0 0.05627065712831111 0.0 0.02846667916038224 0.0 0.0 0.0 0.021761096305977293 0.0 0.0 0.0 1.757086779933419e-07 0.0 0.0 0.0 0.009809712775769842 0.0 0.0 0.0 0.0 4.697146399091323e-08 0.0 0.0 0.0 4.2483460566437916e-08 0.0 0.0 0.0 3.006616798434337e-08 0.0 0.0 0.0 1.0727226387222017e-07 0.0 0.0011794575604400321 0.0 0.0 0.04314200785216502 5.909612357069254e-09 0.0 0.0 0.054789309225289386 0.000833349094273185 0.0 0.0 0.03037146578949708 0.010770548173262387 0.0 0.0 0.0024569494692667283 0.0024163384680457646 0.0 0.0 0.21587892717367943 3.0070942402194575e-07 0.0 0.0 0.40858834067653066 0.013984816010894057 0.0 0.0 0.19737971098563675 0.16407185675408756 0.0 0.0 0.055460373210496704 0.0 0.31791470947074385 0.0 0.0 0.0 0.1689864382467012 0.0 0.0 0.0 0.0 0.0 0.0 0.0 0.12532707985282168 0.0 0.0 0.0 0.0 0.04905090820435616 0.0 0.0 0.0 0.05218967241402779 0.0 0.0 0.0 0.0 0.0 0.0 0.0 0.040001936667063 0.0 0.001690882625722633 0.0 0.0 0.05374494731183014 2.0665552724591047e-08 0.0 0.0 0.11061481244286372 0.0 0.0 0.0 0.0 0.010244721663875673 0.0 0.0 0.0023432015082478098 0.0012329754566931396 0.0 0.0 0.06150467224094828 1.0918763735832733e-07 0.0 0.0 0.056320223291452504 0.0 0.0 0.0 0.0 0.04971820204464149 0.0 0.0 0.014934405918497384
0.0 0.008007372375802924 0.0 0.0 0.0 0.0 0.0 0.0 0.0 6.863411978636649e-08 0.0 0.0 0.0 0.004505517932851746 0.0 0.0 0.0 0.0 0.01766364848497591 0.0 0.0 0.0 0.0 0.0 0.0 0.0 0.028222626028835553 0.0 0.0 0.0 0.04890016108136891 0.0 0.0011357331449005999 0.0 0.0 0.02514078527750893 0.0 0.0 0.0 0.0 0.0006799535065495383 0.0 0.0 0.005034000188812343 0.002834129883112268 0.0 0.0 0.002244791737613749 0.0018737451116049254 0.0 0.0 0.06790448484173014 0.0 0.0 0.0 0.0 0.0065107866477013355 0.0 0.0 0.11170977653963572 0.06201133155572709 0.0 0.0 0.062092721664111436 0.0 9.009571675626036e-09 0.0 0.0 0.0 2.4065754587733993e-08 0.0 0.0 0.0 6.111838519035916e-12 0.0 0.0 0.0 7.158163843517692e-08 0.0 0.0 0.0 0.0 0.00492730428492828 0.0 0.0 0.0 0.05355296027291866 0.0 0.0 0.0 0.04011682981803791 0.0 0.0 0.0 0.05266222598848312 0.0 3.50983702349421e-08 0.0 0.0 0.021700677987892436 5.304594785413141e-13 0.0 0.0 0.020817119600839956 0.004276197181681367 0.0 0.0 0.05571357200987879 0.001160704009737586 0.0 0.0 0.0007033632066471801 5.4868153542343744e-09 0.0 0.0 0.003803410441552886 2.6163593943753913e-13 0.0 0.0 0.016924222987087324 0.010892046137788778 0.0 0.0 0.1020214510104174 0.024222882431586167 0.0 0.0 0.012545079709300102 0.0 0.023729066646947558 0.0 0.0 0.0 0.0037385691207592097 0.0 0.0 0.0 2.8133122654818447e-07 0.0 0.0 0.0 0.041149167264201376 0.0 0.0 0.0 0.0 1.2549357350859376e-06 0.0 0.0 0.0 2.2629098251258356e-08 0.0 0.0 0.0 2.98232588073885e-06 0.0 0.0 0.0 7.196627873111919e-06 0.0 0.0004144033155950671 0.0 0.0 0.05043956542196033 1.3955523434741827e-12 0.0 0.0 6.691260187106963e-07 0.003442709613691273 0.0 0.0 0.037616291947036286 0.027876099991932968 0.0 0.0 0.05149217636428128 0.008752145024600484 0.0 0.0 0.12968366081907745 5.241928838405165e-08 0.0 0.0 0.05712357132170163 0.01659442390283654 0.0 0.0 0.21622629166150645 0.20515250509100774 0.0 0.0 0.22208881622505916 0.0 0.0630499875628582 0.0 0.0 0.0 0.1475207271778542 0.0 0.0 0.0 1.1065895085246875e-05 0.0 0.0 0.0 0.15928221307271462 0.0 0.0 0.0 0.0 0.014477186032858158 0.0 0.0 0.0 0.05081868619356109 0.0 0.0 0.0 0.09795996799945428 0.0 0.0 0.0 0.036773093695395546 0.0 7.699838905067268e-05 0.0 0.0 0.0016573383236259365 7.995987851905701e-09 0.0 0.0 0.03270782747408037 0.0034783271900293254 0.0 0.0 0.04918433740241566 0.021001370111423143 0.0 0.0 0.008067800796825158 0.0002598933718371192 0.0 0.0 0.011772923247162512 4.424561265333719e-08 0.0 0.0 0.042835687695081656 0.01735308836921723 0.0 0.0 0.25805340547163036 0.027991453330011618 0.0 0.0 0.020767049775807695
0.0 0.0 0.0 0.0 0.0 0.002401113436714689 0.0 0.0 0.0 3.2226817549127674e-08 0.0 0.0 0.0 0.006588779470440549 0.0 0.0 0.0 0.0 0.0 0.0 0.0 0.0 0.068624802219997 0.0 0.0 0.0 0.13328487790690896 0.0 0.0 0.0 0.2800165220792121 0.0 0.0 0.0 0.0 0.0 3.244269346283079e-09 0.0 0.0 0.0019435214117827359 0.00023308129542905814 0.0 0.0 0.003124579098219588 0.005441444660194838 0.0 0.0 0.0011054838703836705 0.0 0.0 0.0 0.0 1.9304217256311055e-07 0.0 0.0 0.09207289615608806 0.01114459096853584 0.0 0.0 0.09977663277062561 0.3379098317051358 0.0 0.0 0.08412223276240544 0.0 1.9628495898609423e-07 0.0 0.0 0.0 0.0 0.0 0.0 0.0 1.4829232993931643e-12 0.0 0.0 0.0 0.0 0.0 0.0 0.0 0.0 0.0013710337454693067 0.0 0.0 0.0 0.0 0.0 0.0 0.0 0.0010300796912453825 0.0 0.0 0.0 0.0 0.0 0.0004479872976340623 0.0 0.0 0.026770879129699082 0.0 0.0 0.0 0.0 0.005462691395253785 0.0 0.0 0.03594324439741007 0.0 0.0 0.0 0.0 0.001274887439308041 0.0 0.0 0.05265628085844272 0.0 0.0 0.0 0.0 0.0021836104442094174 0.0 0.0 0.03790163882591062 0.0 0.0 0.0 0.0 0.0 0.011237103498616546 0.0 0.0 0.0 0.0 0.0 0.0 0.0 0.0 0.0 0.0 0.0 0.013488323736712554 0.0 0.0 0.0 0.0 3.074082863983024e-08 0.0 0.0 0.0 0.0 0.0 0.0 0.0 0.0 0.0 0.0 0.0 4.6530072262224655e-06 0.0 0.0011556665845526594 0.0 0.0 0.10974195837006583 0.0 0.0 0.0 0.0 0.0 0.0 0.0 0.0 0.025846930642875143 0.0 0.0 0.008740576039656181 0.0015099693725960767 0.0 0.0 0.09641197744803945 0.0 0.0 0.0 0.0 0.0 0.0 0.0 0.0 0.10703564127964839 0.0 0.0 0.09244766956041806 0.0 0.4933218245843431 0.0 0.0 0.0 0.0 0.0 0.0 0.0 4.651519754389869e-06 0.0 0.0 0.0 0.0 0.0 0.0 0.0 0.0 0.010788041397373833 0.0 0.0 0.0 0.0 0.0 0.0 0.0 0.011170174038995484 0.0 0.0 0.0 0.0 0.0 0.0035808681076040932 0.0 0.0 0.23938953057171095 0.0 0.0 0.0 0.0 0.001198463415960079 0.0 0.0 0.040794320990625306 0.0 0.0 0.0 0.0 0.0011358432584325498 0.0 0.0 0.10450362788749504 0.0 0.0 0.0 0.0 0.004502989715940923 0.0 0.0 0.07986484157791081 0.0 0.0 0.0 0.0
0.0 0.0 0.0 0.0 0.0 0.0 0.0 0.0 0.0 1.1820252797360877e-07 0.0 0.0 0.0 0.0028823113433544983 0.0 0.0 0.0 0.0 0.0 0.0 0.0 0.0 0.0 0.0 0.0 0.0 0.05022170554809558 0.0 0.0 0.0 0.04914979584697106 0.0 0.0 0.0 0.0 0.0 0.0 0.0 0.0 0.0 0.002325117815325784 0.0 0.0 0.02726889823661766 0.00037933283439234967 0.0 0.0 0.00013354088744579963 0.0 0.0 0.0 0.0 0.0 0.0 0.0 0.0 0.010309944770473098 0.0 0.0 0.19523402019131308 0.05414687834236746 0.0 0.0 0.03598804312764542 0.0 1.1487388366735117e-08 0.0 0.0 0.0 2.2706209257775163e-07 0.0 0.0 0.0 6.215027969732355e-12 0.0 0.0 0.0 2.729026490586699e-07 0.0 0.0 0.0 0.0 0.005702656786964661 0.0 0.0 0.0 0.08084585044982141 0.0 0.0 0.0 0.07746717529400476 0.0 0.0 0.0 0.0025745197275954873 0.0 8.492920049962648e-09 0.0 0.0 0.02570996619665639 8.81272354938929e-08 0.0 0.0 0.03041723471566493 1.1300732836922242e-07 0.0 0.0 0.0018390192211919793 0.014983090097723039 0.0 0.0 0.039240576319459174 1.2543723963497837e-09 0.0 0.0 0.0042573313772422735 1.4791440166290112e-07 0.0 0.0 0.06708632970850462 0.008802524076905276 0.0 0.0 0.12591102196761944 0.07783552651352663 0.0 0.0 0.04371589241676733 0.0 0.024603007296340705 0.0 0.0 0.0 0.010045526239690319 0.0 0.0 0.0 3.783295567870911e-07 0.0 0.0 0.0 0.030223196747962908 0.0 0.0 0.0 0.0 1.1495203001894268e-06 0.0 0.0 0.0 8.636900119111175e-07 0.0 0.0 0.0 1.0298122548541206e-06 0.0 0.0 0.0 3.966198313045715e-06 0.0 5.8932439105671806e-08 0.0 0.0 0.06846116561652528 2.245565260355557e-12 0.0 0.0 0.0026809166371980146 0.002730475518632443 0.0 0.0 0.07005545688947495 0.03583954988002832 0.0 0.0 0.012268149651530287 0.0027411176086642153 0.0 0.0 0.1538833301945396 1.300698921458584e-07 0.0 0.0 0.16562244133868273 0.029904706385281934 0.0 0.0 0.46802756259350536 0.17388581916309637 0.0 0.0 0.17581902550559872 0.0 0.07476848261133756 0.0 0.0 0.0 0.1565444489566034 0.0 0.0 0.0 6.4536803595614754e-06 0.0 0.0 0.0 0.17700576472733012 0.0 0.0 0.0 0.0 0.02440308346651674 0.0 0.0 0.0 0.0313433820383461 0.0 0.0 0.0 0.05727751755643422 0.0 0.0 0.0 0.09379852361766254 0.0 2.791278874288425e-08 0.0 0.0 0.029089331219870552 3.5469703207508825e-08 0.0 0.0 0.007812598511764617 0.0015667519062193356 0.0 0.0 0.055599492442796904 0.025190548882690376 0.0 0.0 0.026126785354897365 0.00014121534469796246 0.0 0.0 0.014277761826964995 1.0987486695570471e-07 0.0 0.0 0.05398925431752469 0.009232456725799585 0.0 0.0 0.19734710804828773 0.04940469971565672 0.0 0.0 0.02084340925274849
0.0 0.014537237115814027 0.0 0.0 0.0 0.00020839407847167302 0.0 0.0 0.0 4.879127076132333e-08 0.0 0.0 0.0 0.004849840947566239 0.0 0.0 0.0 0.0 0.018160303656999992 0.0 0.0 0.0 0.03921776847882954 0.0 0.0 0.0 0.11750808202715828 0.0 0.0 0.0 0.16161901791359426 0.0 0.000751334242236449 0.0 0.0 0.016161794255031788 3.225045790709958e-09 0.0 0.0 0.0012667777784390677 0.007781995575193552 0.0 0.0 0.06975282571884359 0.025898931821921267 0.0 0.0 0.007681266990362966 0.009212798850348269 0.0 0.0 0.2635944573861861 1.218653236570259e-08 0.0 0.0 0.005366747896483923 0.005425647905603101 0.0 0.0 0.12194932548854732 0.11547745812651555 0.0 0.0 0.052951113350458726 0.0 9.354694284686792e-08 0.0 0.0 0.0 2.742733089627792e-07 0.0 0.0 0.0 2.886691527227386e-12 0.0 0.0 0.0 2.1660105448121933e-07 0.0 0.0 0.0 0.0 5.493596875114644e-08 0.0 0.0 0.0 0.022627926494133158 0.0 0.0 0.0 0.06820480573356201 0.0 0.0 0.0 0.06479243306469855 0.0 0.00014291413640475545 0.0 0.0 0.0029528175861270457 8.728925843016323e-08 0.0 0.0 0.03942611534785316 0.0019441633403072401 0.0 0.0 0.053228654819446816 0.10544967850285908 0.0 0.0 0.03100684301617575 0.0017779531802834226 0.0 0.0 0.041185870258075546 1.7517337882193576e-07 0.0 0.0 0.16824393964107934 0.007592509731304007 0.0 0.0 0.14538808823530758 0.0869057407536777 0.0 0.0 0.03426301356815111 0.0 0.014692160578484463 0.0 0.0 0.0 0.006751675944804509 0.0 0.0 0.0 1.11994015016819e-07 0.0 0.0 0.0 0.00976608779011789 0.0 0.0 0.0 0.0 2.307617948558835e-08 0.0 0.0 0.0 4.354056193131341e-08 0.0 0.0 0.0 3.7080776275534214e-08 0.0 0.0 0.0 5.709065477723356e-08 0.0 0.0005041747186171663 0.0 0.0 0.016989753818150696 4.091344385146657e-08 0.0 0.0 0.02867931396798229 0.0008786534024713275 0.0 0.0 0.017414023047497302 0.0953441396265144 0.0 0.0 0.025902825346819532 0.00458387789769016 0.0 0.0 0.10140912084228514 7.507196702988245e-08 0.0 0.0 0.10274796149264752 0.007587066352542655 0.0 0.0 0.1583589226979069 0.14058328196609202 0.0 0.0 0.050821533686418084 0.0 0.3172443641120058 0.0 0.0 0.0 0.1486648759317773 0.0 0.0 0.0 0.0 0.0 0.0 0.0 0.37720518486839716 0.0 0.0 0.0 0.0 0.1112555915223923 0.0 0.0 0.0 0.17230553552490765 0.0 0.0 0.0 0.0 0.0 0.0 0.0 0.11421958950952239 0.0 0.002696871569923979 0.0 0.0 0.11108088204386814 1.5256131770323862e-07 0.0 0.0 0.08864275078409804 0.0 0.0 0.0 0.0 0.10616582914470796 0.0 0.0 0.04184954164824844 0.0009247050958639549 0.0 0.0 0.05557373302537671 3.8003248989294605e-08 0.0 0.0 0.050983683632674186 0.0 0.0 0.0 0.0 0.14413026740821785 0.0 0.0 0.045504253009348995
0.0 0.0026955002759190294 0.0 0.0 0.0 0.0063857888279142535 0.0 0.0 0.0 0.0 0.0 0.0 0.0 0.01095032338983722 0.0 0.0 0.0 0.0 5.6954746094911505e-08 0.0 0.0 0.0 0.2303863360206577 0.0 0.0 0.0 0.0 0.0 0.0 0.0 0.4008743903308142 0.0 1.425526893601868e-05 0.0 0.0 0.0005816578696876679 1.1497940936913231e-07 0.0 0.0 0.00898004710760229 0.0 0.0 0.0 0.0 0.004028755550177903 0.0 0.0 0.0008167228139404625 0.0007337279769936481 0.0 0.0 0.03356555014421372 1.937948829498684e-07 0.0 0.0 0.2053365011554881 0.0 0.0 0.0 0.0 0.28572411134245423 0.0 0.0 0.12460216336369295 0.0 2.2561486797801084e-07 0.0 0.0 0.0 7.328430039997854e-08 0.0 0.0 0.0 2.3474454015378263e-12 0.0 0.0 0.0 2.1752743565616937e-07 0.0 0.0 0.0 0.0 0.0006904079965491855 0.0 0.0 0.0 0.006591426012765543 0.0 0.0 0.0 0.0024903347117719355 0.0 0.0 0.0 0.10125488261765261 0.0 0.003144581489243726 0.0 0.0 0.036098236438693865 2.2910109904729205e-08 0.0 0.0 0.008420724894165484 0.002949231683695414 0.0 0.0 0.057761648985373976 0.1150304830049299 0.0 0.0 0.030513960040217447 0.00250507878835182 0.0 0.0 0.03274296665328584 5.4790498926063526e-08 0.0 0.0 0.022578446598655978 0.005629938380318766 0.0 0.0 0.08153184019847728 0.19473929750436958 0.0 0.0 0.04714088968184569 0.0 0.0 0.0 0.0 0.0 0.0 0.0 0.0 0.0 0.0 0.0 0.0 0.0 0.009049248613097352 0.0 0.0 0.0 0.0 0.0 0.0 0.0 0.0 0.0 0.0 0.0 0.0 0.0 0.0 0.0 0.0 5.241749060472284e-07 0.0 0.0 0.0 0.0 0.0 0.0 0.0 0.0 0.0 0.0 0.0 0.0 0.0 0.004420782632333609 0.0 0.0 0.0010237120811148444 0.0 0.0 0.0 0.0 0.0 0.0 0.0 0.0 0.0 0.0 0.0 0.0 0.12966844075054712 0.0 0.0 0.04379103420048207 0.0 0.6285650574154309 0.0 0.0 0.0 0.09804976321375908 0.0 0.0 0.0 5.241725586018267e-07 0.0 0.0 0.0 0.007679045751538788 0.0 0.0 0.0 0.0 0.013731088638458438 0.0 0.0 0.0 0.008520379608731138 0.0 0.0 0.0 0.0029541600016765174 0.0 0.0 0.0 0.0005526139336714315 0.0 0.0114490501804308 0.0 0.0 0.4110527905869932 3.007644398696395e-08 0.0 0.0 0.0601977364193269 2.5621645098982615e-09 0.0 0.0 1.660979573732011e-07 0.017587618716908365 0.0 0.0 0.002395016416197434 0.002184918789714492 0.0 0.0 0.1359210460848513 2.6593305942824366e-08 0.0 0.0 0.05877655503141029 0.0004700759869186611 0.0 0.0 0.03416581966922057 0.00813451633053118 0.0 0.0 0.0012419373416490353
0.0 0.006734105676889539 0.0 0.0 0.0 0.003683544722070343 0.0 0.0 0.0 6.59344727787271e-08 0.0 0.0 0.0 0.0031017545581669566 0.0 0.0 0.0 0.0 0.05048241368123246 0.0 0.0 0.0 0.02413038924696999 0.0 0.0 0.0 0.12069407771951234 0.0 0.0 0.0 0.03457996264867322 0.0 0.00043143870195588255 0.0 0.0 0.020784208894519204 3.361851494919543e-08 0.0 0.0 0.01690735425647234 0.002265308774583111 0.0 0.0 0.04896080664831207 0.066160869021568 0.0 0.0 0.024411916840921304 0.004328978866151454 0.0 0.0 0.13176452849671505 1.1609764995132848e-07 0.0 0.0 0.06254139921705427 0.011012929003247112 0.0 0.0 0.13885532339606818 0.0916666208568244 0.0 0.0 0.030358829444220435 0.0 2.1559510045158144e-07 0.0 0.0 0.0 3.018789105103329e-07 0.0 0.0 0.0 3.4087790538892326e-12 0.0 0.0 0.0 4.1362281803105014e-07 0.0 0.0 0.0 0.0 0.05002508495704041 0.0 0.0 0.0 0.03811458522145064 0.0 0.0 0.0 0.06215332734648225 0.0 0.0 0.0 0.02312034511350301 0.0 3.0604360577380457e-09 0.0 0.0 9.015811380474043e-08 3.5082496981176075e-09 0.0 0.0 0.025733541348595682 0.002292175793100448 0.0 0.0 0.02927557063180484 0.06059993868378713 0.0 0.0 0.0458899904864329 0.0006844905229683753 0.0 0.0 0.05655295286507279 1.3463297059060474e-07 0.0 0.0 0.07916854962146533 0.00858559230036592 0.0 0.0 0.14797328729521209 0.14078022278796137 0.0 0.0 0.08715187983460375 0.0 0.01793050760555301 0.0 0.0 0.0 0.01315652171929792 0.0 0.0 0.0 1.4606623128796976e-08 0.0 0.0 0.0 0.0032260699184869673 0.0 0.0 0.0 0.0 9.08442353813511e-07 0.0 0.0 0.0 2.967339671258651e-08 0.0 0.0 0.0 2.5767535711156175e-09 0.0 0.0 0.0 2.628215820393739e-08 0.0 0.0010276176666932618 0.0 0.0 0.031974938301443434 6.785718340538043e-08 0.0 0.0 0.042837836739388103 0.004921750340463976 0.0 0.0 0.03850994276886213 0.04835302430433549 0.0 0.0 0.015222264032635451 0.006189227405712436 0.0 0.0 0.15740247489570758 3.659379600174179e-07 0.0 0.0 0.1942851314431482 0.0024475275441219217 0.0 0.0 0.02562932026899645 0.05430235790315922 0.0 0.0 0.02191337377086725 0.0 0.19761069122328417 0.0 0.0 0.0 0.15657297431819753 0.0 0.0 0.0 8.864301576145724e-07 0.0 0.0 0.0 0.2276014566968914 0.0 0.0 0.0 0.0 0.07401040239088025 0.0 0.0 0.0 0.10154630952870321 0.0 0.0 0.0 3.436825710497253e-08 0.0 0.0 0.0 0.03820962046410886 0.0 0.000207948272292083 0.0 0.0 0.011352992455560844 2.6311055842872756e-08 0.0 0.0 0.03794794236436174 5.855187467836965e-09 0.0 0.0 6.175443350569984e-08 0.038882647729468804 0.0 0.0 0.007518325259036166 0.0006497460837795213 0.0 0.0 0.03795673105039883 1.8313665331710104e-07 0.0 0.0 0.06147535487013453 0.0027878242388910705 0.0 0.0 0.03296546640598383 0.09217423834281138 0.0 0.0 0.024665060142610877
0.0 0.006177444619403111 0.0 0.0 0.0 0.0019176957943856318 0.0 0.0 0.0 1.6978636209377537e-08 0.0 0.0 0.0 0.002421348666816711 0.0 0.0 0.0 0.0 0.049295893827492325 0.0 0.0 0.0 0.00245547768582014 0.0 0.0 0.0 0.010847318131169785 0.0 0.0 0.0 0.08119123717333901 0.0 0.0027905929842225573 0.0 0.0 0.06674033724133958 3.347744649095724e-09 0.0 0.0 0.0011282213200420237 6.893790776554839e-05 0.0 0.0 0.01630515060457276 0.011602168387139478 0.0 0.0 0.00982654162621725 0.0037963464540580866 0.0 0.0 0.08669353630207757 1.4290848042170644e-07 0.0 0.0 0.05606821649455376 0.003333499539533764 0.0 0.0 0.06179971316486192 0.05688981862990228 0.0 0.0 0.022778158169665247 0.0 2.667309979063327e-07 0.0 0.0 0.0 3.5421239011588187e-07 0.0 0.0 0.0 1.085930417878509e-12 0.0 0.0 0.0 2.537526567508062e-07 0.0 0.0 0.0 0.0 0.002376183158853691 0.0 0.0 0.0 0.09622965379011929 0.0 0.0 0.0 0.020679760369120587 0.0 0.0 0.0 0.06460565441565957 0.0 9.959397635852095e-09 0.0 0.0 0.00044414000174552813 1.478547930190111e-07 0.0 0.0 0.10552136326378869 0.0019787512207993818 0.0 0.0 0.02252198376432698 0.02864420280180473 0.0 0.0 0.01472196181383196 0.0008478427874179418 0.0 0.0 0.08868619368812727 2.2612167440224406e-07 0.0 0.0 0.16766680006339438 0.00254873538185168 0.0 0.0 0.044625405589355446 0.13328039729376048 0.0 0.0 0.06659631767741973 0.0 0.0024114917679336958 0.0 0.0 0.0 0.003887785826046678 0.0 0.0 0.0 9.289168341500101e-08 0.0 0.0 0.0 0.00848415717949654 0.0 0.0 0.0 0.0 7.173612889356147e-09 0.0 0.0 0.0 3.0338747085526537e-07 0.0 0.0 0.0 2.2910756901333666e-08 0.0 0.0 0.0 9.831589937770282e-07 0.0 6.422004132804412e-09 0.0 0.0 6.440919002990502e-08 2.7776226306412744e-10 0.0 0.0 6.623231174843985e-05 3.454460467974509e-08 0.0 0.0 0.026343804371867657 0.01689262344732157 0.0 0.0 0.00581937689895345 0.002317211211463732 0.0 0.0 0.02605609779130884 1.5746802625549812e-07 0.0 0.0 0.05761527827997217 0.0034005035002091467 0.0 0.0 0.09339505688293158 0.11033171285140236 0.0 0.0 0.04318041911691229 0.0 0.157686185468774 0.0 0.0 0.0 0.17808541590093072 0.0 0.0 0.0 1.1496459832763729e-06 0.0 0.0 0.0 0.2236469226061441 0.0 0.0 0.0 0.0 0.057907377874510606 0.0 0.0 0.0 0.07514712581707766 0.0 0.0 0.0 0.011186888950664749 0.0 0.0 0.0 0.09031128956286116 0.0 9.808403949559866e-05 0.0 0.0 0.005307076254643706 8.652353630313946e-08 0.0 0.0 0.05815847004851768 0.0012484466837470363 0.0 0.0 0.022426276834716305 0.10434384854739873 0.0 0.0 0.044526875378798146 0.0008561612915301383 0.0 0.0 0.024424145275152596 1.1019511338967961e-07 0.0 0.0 0.05802733682098418 0.0014915035442933794 0.0 0.0 0.025215491891621918 0.09743490166310247 0.0 0.0 0.02464885897644859
0.0 0.006850111722314107 0.0 0.0 0.0 0.0013069226199905741 0.0 0.0 0.0 6.128419225872259e-08 0.0 0.0 0.0 0.002024525298582355 0.0 0.0 0.0 0.0 0.038298607070069525 0.0 0.0 0.0 0.11020477434508998 0.0 0.0 0.0 0.04379550952150201 0.0 0.0 0.0 0.040969163086526796 0.0 2.8334490339204885e-05 0.0 0.0 0.00391751431240202 2.859749882662102e-14 0.0 0.0 0.0014663023402266553 0.004324669775461852 0.0 0.0 0.03020661795877509 0.005221499163800967 0.0 0.0 0.0011504544484681974 0.003713957398423655 0.0 0.0 0.15068546752997095 1.0592151166800595e-12 0.0 0.0 0.049817194712420305 0.012193776636758833 0.0 0.0 0.19437095435623694 0.09239612171824857 0.0 0.0 0.021033430303188713 0.0 2.0442542964280788e-07 0.0 0.0 0.0 2.0149283173000466e-07 0.0 0.0 0.0 3.5109615367290058e-12 0.0 0.0 0.0 1.1186911929322743e-07 0.0 0.0 0.0 0.0 0.0018257321777525315 0.0 0.0 0.0 0.021542810677396912 0.0 0.0 0.0 0.07742461455064019 0.0 0.0 0.0 0.13938288501409754 0.0 3.5001312350049033e-09 0.0 0.0 9.764716387773069e-08 2.921085429677488e-08 0.0 0.0 0.011445067601306244 0.0032871478052491077 0.0 0.0 0.13802556895933168 0.047904922771580975 0.0 0.0 0.01863363115327408 0.0018857996314043805 0.0 0.0 0.07768575962752607 1.4363800138834744e-07 0.0 0.0 0.08910814289372108 0.007910028453931316 0.0 0.0 0.1803406252743754 0.054912532515456206 0.0 0.0 0.024057506209398984 0.0 0.02341861432265093 0.0 0.0 0.0 0.005727860320755871 0.0 0.0 0.0 1.9445192728911026e-07 0.0 0.0 0.0 0.010425852613064931 0.0 0.0 0.0 0.0 6.369426457291092e-08 0.0 0.0 0.0 6.467206636463756e-08 0.0 0.0 0.0 8.176854138693439e-08 0.0 0.0 0.0 1.7260904735085872e-07 0.0 0.00013542344976894444 0.0 0.0 0.033170779243886644 6.497258231351825e-14 0.0 0.0 0.00011838598172906597 0.00028869150243869676 0.0 0.0 0.038329718166992356 0.0784915854856579 0.0 0.0 0.013850586098501878 0.0035813302497781562 0.0 0.0 0.22458537857257785 1.0862114829075189e-07 0.0 0.0 0.11624997591834701 0.01060270509863395 0.0 0.0 0.3170677955538008 0.20856963467493206 0.0 0.0 0.05495135506113053 0.0 0.20299912355279365 0.0 0.0 0.0 0.2503889250162461 0.0 0.0 0.0 1.2700428916597196e-07 0.0 0.0 0.0 0.17618936283063147 0.0 0.0 0.0 0.0 0.0061909895474159485 0.0 0.0 0.0 0.10572575035423515 0.0 0.0 0.0 0.043164964088356884 0.0 0.0 0.0 0.038016996231974104 0.0 3.4224777002525945e-09 0.0 0.0 1.5884857110987923e-07 1.7338949094682457e-07 0.0 0.0 0.09576445978672378 0.0008568184137272689 0.0 0.0 0.03149251434295972 0.07968529475826629 0.0 0.0 0.01796746923321307 0.000836768782756017 0.0 0.0 0.034165746874208695 7.017687938903911e-08 0.0 0.0 0.07720500183757491 0.00010868402219800163 0.0 0.0 0.005774489137876693 0.03893789663642342 0.0 0.0 0.015492166851826477
0.0 0.0044914413844848065 0.0 0.0 0.0 0.01069917660515943 0.0 0.0 0.0 9.247102211582464e-09 0.0 0.0 0.0 0.003661911349806782 0.0 0.0 0.0 0.0 0.0022133162453889634 0.0 0.0 0.0 0.033668607884653486 0.0 0.0 0.0 0.08240125463330665 0.0 0.0 0.0 0.23497973333747485 0.0 0.0007683049331102622 0.0 0.0 0.02343904355484916 2.743811251353046e-10 0.0 0.0 0.00310132178968977 4.3945074047104704e-05 0.0 0.0 0.0005338347386179326 0.012328736728375336 0.0 0.0 0.0024412154870904973 0.0015254058226034529 0.0 0.0 0.05634068269831637 2.588459165429121e-07 0.0 0.0 0.2780506816089607 0.003101386763117938 0.0 0.0 0.03229049572881221 0.15364625852781474 0.0 0.0 0.036833117763202854 0.0 1.835510764095736e-07 0.0 0.0 0.0 0.0 0.0 0.0 0.0 4.980698624973278e-12 0.0 0.0 0.0 1.5532963216498523e-07 0.0 0.0 0.0 0.0 0.02629032575750653 0.0 0.0 0.0 0.0 0.0 0.0 0.0 0.009952697448451618 0.0 0.0 0.0 0.005794563831520252 0.0 0.0017377023892370192 0.0 0.0 0.021069763520778953 0.0 0.0 0.0 0.0 0.0006598042339805783 0.0 0.0 0.012624560942216671 0.011113616234976965 0.0 0.0 0.0077298206373131026 0.0019498398994090504 0.0 0.0 0.06732311106699608 0.0 0.0 0.0 0.0 0.009683021759071415 0.0 0.0 0.263007231073809 0.05445355043362676 0.0 0.0 0.03927921971793478 0.0 0.012006921395644458 0.0 0.0 0.0 0.007131659206377741 0.0 0.0 0.0 4.076702308636357e-09 0.0 0.0 0.0 0.005012571152745628 0.0 0.0 0.0 0.0 6.48379298512898e-07 0.0 0.0 0.0 3.05211323013434e-12 0.0 0.0 0.0 2.687409492845926e-09 0.0 0.0 0.0 4.691707967518393e-08 0.0 0.0018133480472468583 0.0 0.0 0.06592899689837803 2.486017358683888e-09 0.0 0.0 0.004009891796654955 0.00237694508904704 0.0 0.0 0.01752060429985659 0.005212629146714055 0.0 0.0 0.0008151553543904176 0.006221274722979805 0.0 0.0 0.09158519983395834 4.6221590502582086e-08 0.0 0.0 0.13682205801756236 0.0010465299543231668 0.0 0.0 0.008648645438912406 0.13749882405696628 0.0 0.0 0.029017162649609966 0.0 0.33676436576961827 0.0 0.0 0.0 0.024206751225941226 0.0 0.0 0.0 6.441771692807562e-07 0.0 0.0 0.0 0.07492897433140723 0.0 0.0 0.0 0.0 0.014152112197967179 0.0 0.0 0.0 0.02126666007079769 0.0 0.0 0.0 8.506402169292117e-05 0.0 0.0 0.0 0.04800506288446559 0.0 0.003997434681287664 0.0 0.0 0.16615816595296962 6.489381373201821e-09 0.0 0.0 0.0026144836740403378 0.0020013070857681243 0.0 0.0 0.02951889122219997 0.046324023780137384 0.0 0.0 0.012344981315316701 0.0008392280906791199 0.0 0.0 0.06994332423249819 2.4568402370668574e-08 0.0 0.0 0.011097537063939017 0.002013382467908472 0.0 0.0 0.025566174117763255 0.01790892531109817 0.0 0.0 0.007637153201331931
0.0 0.004114902280948739 0.0 0.0 0.0 0.006109463702492306 0.0 0.0 0.0 5.1974638179711855e-08 0.0 0.0 0.0 0.0016342659329132642 0.0 0.0 0.0 0.0 0.0069566673862435395 0.0 0.0 0.0 0.18775789440303947 0.0 0.0 0.0 0.03866645611172136 0.0 0.0 0.0 0.08422270363852523 0.0 0.0018288287590920132 0.0 0.0 0.031104378691825835 8.94995408121917e-08 0.0 0.0 0.06582181059613379 5.665776621468368e-09 0.0 0.0 0.0012426280633885624 0.003999770594693533 0.0 0.0 0.0006295385678013936 0.0016373447304996152 0.0 0.0 0.051201983756121436 2.408477910820354e-07 0.0 0.0 0.17610897617229282 0.0033453833974610627 0.0 0.0 0.15043368599647663 0.12782271081631444 0.0 0.0 0.023801274461580132 0.0 7.776517826471501e-07 0.0 0.0 0.0 7.462510681552639e-07 0.0 0.0 0.0 7.613110625165627e-12 0.0 0.0 0.0 3.379020341461157e-07 0.0 0.0 0.0 0.0 0.07188187304868734 0.0 0.0 0.0 0.022680634358405047 0.0 0.0 0.0 0.011432772349440292 0.0 0.0 0.0 0.03356836561255723 0.0 3.340573273417587e-05 0.0 0.0 0.048525389899413955 3.8580466482141253e-08 0.0 0.0 0.019542399285007266 0.0066979716673343 0.0 0.0 0.14177873976532784 0.041946200906795746 0.0 0.0 0.0029755753211616336 0.0040813496434990255 0.0 0.0 0.31127567924517324 7.234314079827554e-07 0.0 0.0 0.3935739333149354 0.012081730500026734 0.0 0.0 0.3122293137339136 0.11462496201016363 0.0 0.0 0.048994822259115445 0.0 0.0 0.0 0.0 0.0 0.03129199723660958 0.0 0.0 0.0 2.827650476900725e-07 0.0 0.0 0.0 0.008806265727287285 0.0 0.0 0.0 0.0 0.0 0.0 0.0 0.0 1.893313809485324e-07 0.0 0.0 0.0 1.1565906889844227e-06 0.0 0.0 0.0 4.362315860968352e-08 0.0 0.0 0.0 0.0 0.0 3.831237722583564e-10 0.0 0.0 0.0013603586369716775 0.002996949664087714 0.0 0.0 0.055327253533130324 0.0054434779566749384 0.0 0.0 0.0020948596231052255 0.0 0.0 0.0 0.0 6.152259619190049e-07 0.0 0.0 0.49998942001197366 0.01497646261773255 0.0 0.0 0.4109184228529684 0.173893712735871 0.0 0.0 0.051871904345730864 0.0 0.3134880416067982 0.0 0.0 0.0 0.0970572022318247 0.0 0.0 0.0 1.054797929562229e-06 0.0 0.0 0.0 0.12436527513011657 0.0 0.0 0.0 0.0 0.025788510003321687 0.0 0.0 0.0 0.04007846149943799 0.0 0.0 0.0 0.017122514745243036 0.0 0.0 0.0 0.051816658444348546 0.0 0.003272172583290534 0.0 0.0 0.045622482074640945 8.523938351716592e-09 0.0 0.0 0.005309125126861292 2.361120104512041e-08 0.0 0.0 0.04465406921690885 0.03608937440757082 0.0 0.0 0.034660515774177766 0.0010055824418771266 0.0 0.0 0.046621686511361844 1.3879490321523905e-07 0.0 0.0 0.051243275032496725 1.860532452489865e-08 0.0 0.0 0.03506642462812408 0.031091364338584927 0.0 0.0 0.01250912871939472
0.0 0.005260794878906188 0.0 0.0 0.0 0.004416839115276774 0.0 0.0 0.0 5.3027065159296576e-08 0.0 0.0 0.0 0.0018849982088142627 0.0 0.0 0.0 0.0 0.05304389925670008 0.0 0.0 0.0 0.022250279132069936 0.0 0.0 0.0 0.039348877543757765 0.0 0.0 0.0 0.10373490420164672 0.0 5.787747395977443e-05 0.0 0.0 0.0016550536082920392 1.4424820978826617e-07 0.0 0.0 0.06239001565061386 0.0008883318271121137 0.0 0.0 0.007667714547786904 0.015009987537942637 0.0 0.0 0.0052273579586687114 0.002348426513630652 0.0 0.0 0.06192550640906933 1.6285335955663992e-07 0.0 0.0 0.1284527857464467 0.006606453622445781 0.0 0.0 0.10085301710752993 0.04096828552396848 0.0 0.0 0.01961180377979634 0.0 2.3125014077359547e-07 0.0 0.0 0.0 3.597615141373438e-07 0.0 0.0 0.0 1.9527011648995966e-12 0.0 0.0 0.0 2.781753922185286e-07 0.0 0.0 0.0 0.0 0.00019053031005900677 0.0 0.0 0.0 0.06973538166311402 0.0 0.0 0.0 0.039142898374073774 0.0 0.0 0.0 0.073536744877785 0.0 0.0004958632273275113 0.0 0.0 0.015798991597809266 1.1444349692703931e-07 0.0 0.0 0.03809602174471846 0.005139427642208152 0.0 0.0 0.0646438862363285 0.031497836018762486 0.0 0.0 0.007516224440918858 0.002588924414482813 0.0 0.0 0.07414412780559919 2.93450697153863e-07 0.0 0.0 0.14075094521757542 0.004968706933927184 0.0 0.0 0.10361530755748632 0.142374952061031 0.0 0.0 0.055802859777505535 0.0 0.009326134847290234 0.0 0.0 0.0 0.0 0.0 0.0 0.0 2.4344551519967632e-08 0.0 0.0 0.0 0.009237895236255522 0.0 0.0 0.0 0.0 5.449780899736719e-09 0.0 0.0 0.0 0.0 0.0 0.0 0.0 4.668064425345053e-13 0.0 0.0 0.0 8.858209679100121e-08 0.0 0.0007870215326345277 0.0 0.0 0.02426189614079636 0.0 0.0 0.0 0.0 5.217414560422283e-05 0.0 0.0 0.0007514586678579857 0.034995515729251817 0.0 0.0 0.012868290689382014 0.0017933261833949121 0.0 0.0 0.057050284451521646 0.0 0.0 0.0 0.0 0.0017651852033013199 0.0 0.0 0.02850404717335767 0.1740597342411056 0.0 0.0 0.04849448133816393 0.0 0.1977720907108514 0.0 0.0 0.0 0.17818835634824087 0.0 0.0 0.0 1.6659336689473786e-08 0.0 0.0 0.0 0.1669402739257513 0.0 0.0 0.0 0.0 0.0348266828677658 0.0 0.0 0.0 0.07120270455638623 0.0 0.0 0.0 9.594440413319818e-05 0.0 0.0 0.0 0.07193811371792808 0.0 0.0022111716439317812 0.0 0.0 0.07347861722081672 9.780994353995099e-08 0.0 0.0 0.09510518030669925 0.00035298015119000184 0.0 0.0 0.02924164277788114 0.038321490123250895 0.0 0.0 0.01049867134574329 0.00128006879115889 0.0 0.0 0.03223315365201012 5.638329286487342e-08 0.0 0.0 0.05945116855225091 1.4724316709629242e-05 0.0 0.0 0.0013675812258888487 0.06567293640886741 0.0 0.0 0.01950318890013313
0.0 0.00534984461782137 0.0 0.0 0.0 0.004553593113789063 0.0 0.0 0.0 8.087071670302542e-08 0.0 0.0 0.0 0.0023135425714455285 0.0 0.0 0.0 0.0 0.05626870315315274 0.0 0.0 0.0 0.02150880579607493 0.0 0.0 0.0 0.09507677152751556 0.0 0.0 0.0 0.09695339627639003 0.0 0.0003820318838757152 0.0 0.0 0.027190940132392313 5.920926551187301e-08 0.0 0.0 0.0076997420597761015 8.262091759979424e-05 0.0 0.0 0.00151348038842656 0.07207523526372744 0.0 0.0 0.021699632624470534 0.00013047691560099227 0.0 0.0 0.1050010368061961 4.29175147550098e-07 0.0 0.0 0.11197964577772625 0.004249536450295967 0.0 0.0 0.23914281848626406 0.07652760555945039 0.0 0.0 0.02191513796807492 0.0 3.1674875837953685e-07 0.0 0.0 0.0 5.187264913445216e-07 0.0 0.0 0.0 3.380137544376933e-12 0.0 0.0 0.0 2.5880489854035916e-07 0.0 0.0 0.0 0.0 0.010020885474070764 0.0 0.0 0.0 0.04455972191974993 0.0 0.0 0.0 0.04168126274453563 0.0 0.0 0.0 0.12201321034776015 0.0 0.003764108423427614 0.0 0.0 0.07328613200720284 1.4842584051676063e-08 0.0 0.0 0.005393645508207323 0.0012138092903071747 0.0 0.0 0.04313528458880238 0.027029675989936 0.0 0.0 0.009924525523404915 0.0041751246641592524 0.0 0.0 0.10307646619142041 2.6692996920824344e-07 0.0 0.0 0.14436886558203735 0.004179912753171326 0.0 0.0 0.20127428088336224 0.10510348058417579 0.0 0.0 0.0759941573906432 0.0 0.017601738555997733 0.0 0.0 0.0 0.011110563521947059 0.0 0.0 0.0 3.425610241075267e-07 0.0 0.0 0.0 0.013345844659888173 0.0 0.0 0.0 0.0 6.36660496448186e-08 0.0 0.0 0.0 5.413199556658338e-07 0.0 0.0 0.0 1.1482997045743689e-07 0.0 0.0 0.0 3.542231647585544e-07 0.0 0.00016027083191508782 0.0 0.0 0.0034300886974060825 6.156037414504208e-09 0.0 0.0 0.00410054363929951 0.0051553786452993655 0.0 0.0 0.08281920626019552 0.03728303864111405 0.0 0.0 0.021100960387242153 0.0015842636007793764 0.0 0.0 0.17154660815689127 2.804255077744162e-07 0.0 0.0 0.1791110984462918 0.020322834170506128 0.0 0.0 0.47467122406012213 0.23750046615861586 0.0 0.0 0.07941540294805355 0.0 0.24685577683055576 0.0 0.0 0.0 0.20524857637695404 0.0 0.0 0.0 5.367253935884787e-07 0.0 0.0 0.0 0.23764683279076537 0.0 0.0 0.0 0.0 0.0643540901862608 0.0 0.0 0.0 0.09767814625578478 0.0 0.0 0.0 0.007478476746486909 0.0 0.0 0.0 0.08379576563846512 0.0 0.0011318721330818265 0.0 0.0 0.03309845059195288 3.249251079990732e-08 0.0 0.0 0.16215003865915598 0.0038857129485758103 0.0 0.0 0.07276718617725988 0.0232362218123657 0.0 0.0 0.006493211670877165 0.0008889127209327989 0.0 0.0 0.042316964555294344 6.884422153879999e-08 0.0 0.0 0.06931147952123073 0.0006059507792900577 0.0 0.0 0.012423653377513394 0.11099599871428356 0.0 0.0 0.02363955314584119
0.0 0.0006018236128817482 0.0 0.0 0.0 0.0025315330453022427 0.0 0.0 0.0 2.1539839386967118e-07 0.0 0.0 0.0 0.005504339452824966 0.0 0.0 0.0 0.0 0.03143883487740559 0.0 0.0 0.0 0.034237906621883286 0.0 0.0 0.0 0.10831830045569805 0.0 0.0 0.0 0.1855539422645375 0.0 7.950464989780298e-08 0.0 0.0 0.04677199198099864 2.5164720890617404e-14 0.0 0.0 1.4197728579298504e-08 0.0036129780768884407 0.0 0.0 0.04064432723673076 0.0026229677841537484 0.0 0.0 0.0007894390248131774 2.0020112587571826e-08 0.0 0.0 0.013204633446389391 8.734178672961678e-08 0.0 0.0 0.05524784223571182 0.012914537804677509 0.0 0.0 0.3866139416822383 0.017499341066399082 0.0 0.0 0.06408212073458489 0.0 0.0 0.0 0.0 0.0 0.0 0.0 0.0 0.0 8.490126675317473e-12 0.0 0.0 0.0 6.34530547784242e-07 0.0 0.0 0.0 0.0 0.0 0.0 0.0 0.0 0.0 0.0 0.0 0.0 0.2130908489178713 0.0 0.0 0.0 0.08146034450383638 0.0 0.0 0.0 0.0 0.0 0.0 0.0 0.0 0.0 0.0022824650173746412 0.0 0.0 0.07773967591108731 0.03234088439216166 0.0 0.0 0.009180018569271668 0.0 0.0 0.0 0.0 0.0 0.0 0.0 0.0 0.028325370705393333 0.0 0.0 0.4147007069792858 0.0683668292539039 0.0 0.0 0.17672082252002996 0.0 0.04864941267372869 0.0 0.0 0.0 0.03887612660426684 0.0 0.0 0.0 1.323290248385458e-06 0.0 0.0 0.0 0.10451483114311376 0.0 0.0 0.0 0.0 1.6955266936550674e-06 0.0 0.0 0.0 6.234696504553732e-06 0.0 0.0 0.0 7.71623517648997e-06 0.0 0.0 0.0 4.223361792337781e-06 0.0 5.172942912701459e-08 0.0 0.0 0.07166028181089916 2.0432303331481383e-07 0.0 0.0 0.16154033913009289 0.01804045504085256 0.0 0.0 0.19412246490307722 0.09407565251751951 0.0 0.0 0.02485623297033347 0.004130891087303125 0.0 0.0 0.24362720094169746 3.2867483451863955e-07 0.0 0.0 0.35168106722589465 0.06581452675617436 0.0 0.0 1.0102568819686006 0.7729091107195455 0.0 0.0 0.5679354678091384 0.0 0.310297747932914 0.0 0.0 0.0 0.2531435337721386 0.0 0.0 0.0 2.1002204266526802e-05 0.0 0.0 0.0 0.5274020543001322 0.0 0.0 0.0 0.0 0.06300126740188917 0.0 0.0 0.0 0.08729890257150745 0.0 0.0 0.0 0.25391651113079455 0.0 0.0 0.0 0.24946475462666393 0.0 0.002621784734961114 0.0 0.0 0.11893553750349913 1.506429040160374e-12 0.0 0.0 3.1924126182606222e-06 0.0068437879749568935 0.0 0.0 0.3500541589283413 0.009439756515984487 0.0 0.0 0.07243020740581464 0.0018850844329469769 0.0 0.0 0.05536287864841651 1.4197851754086109e-08 0.0 0.0 0.11964127425656666 0.05799018336283998 0.0 0.0 0.6194177245929303 0.09360882562823827 0.0 0.0 0.05984561938998247
0.0 0.013278014561761293 0.0 0.0 0.0 0.006492793461200597 0.0 0.0 0.0 4.498401454636735e-08 0.0 0.0 0.0 0.0021039936295521072 0.0 0.0 0.0 0.0 0.06521187038457824 0.0 0.0 0.0 0.1244230052256908 0.0 0.0 0.0 0.040023218230784766 0.0 0.0 0.0 0.09370948084886387 0.0 0.0008619317574672186 0.0 0.0 0.02134484388720664 9.49353820169448e-08 0.0 0.0 0.045824527020776606 0.000280689725447034 0.0 0.0 0.009222063028318454 0.026649764818611688 0.0 0.0 0.009711155864916193 0.008656301337740648 0.0 0.0 0.2319619433988711 1.8338295189411948e-07 0.0 0.0 0.21333357349128407 0.004268955939735445 0.0 0.0 0.14124211685034274 0.13375969523428677 0.0 0.0 0.02662154274173385 0.0 4.206186768478805e-07 0.0 0.0 0.0 4.851862235905254e-07 0.0 0.0 0.0 3.154991106029601e-12 0.0 0.0 0.0 4.048253474805705e-07 0.0 0.0 0.0 0.0 0.03636857299089287 0.0 0.0 0.0 0.08030940276340832 0.0 0.0 0.0 0.06475955468639263 0.0 0.0 0.0 0.08125294563829233 0.0 5.599489834206189e-09 0.0 0.0 1.4993975416583646e-07 1.444921329275012e-07 0.0 0.0 0.08735066187609966 0.0013517586380804875 0.0 0.0 0.04860181460138949 0.09908704883479685 0.0 0.0 0.026805763108352646 0.0033694916554193734 0.0 0.0 0.10653917576474915 4.7590446802977186e-07 0.0 0.0 0.27117227948461425 0.0071657024492584685 0.0 0.0 0.17067680275968844 0.22013661212293975 0.0 0.0 0.06030994736687833 0.0 0.015770174167928683 0.0 0.0 0.0 0.007126807895013564 0.0 0.0 0.0 2.836252978154525e-07 0.0 0.0 0.0 0.004235347904521774 0.0 0.0 0.0 0.0 6.572594491098851e-08 0.0 0.0 0.0 4.259174050984844e-08 0.0 0.0 0.0 1.7011258325821376e-07 0.0 0.0 0.0 5.01821986738752e-08 0.0 5.8657472038572365e-05 0.0 0.0 0.03243365194262117 2.6461149691853132e-09 0.0 0.0 0.0014559079038589586 0.001250802307915941 0.0 0.0 0.06958390731135596 9.896561204879064e-09 0.0 0.0 3.5492939076331506e-09 0.005154466204115964 0.0 0.0 0.19037934543565446 2.799632861339033e-07 0.0 0.0 0.13769477556896811 0.012814704532324455 0.0 0.0 0.45270212619679095 0.07020615806491529 0.0 0.0 0.02307697478183068 0.0 0.29431896534155083 0.0 0.0 0.0 0.24907047283277187 0.0 0.0 0.0 0.0 0.0 0.0 0.0 0.1358680419876212 0.0 0.0 0.0 0.0 0.01231456193670984 0.0 0.0 0.0 0.06024780278800613 0.0 0.0 0.0 0.0 0.0 0.0 0.0 0.07283954473058482 0.0 0.0020806189004453023 0.0 0.0 0.1254871602369078 7.203317033193018e-08 0.0 0.0 0.049393280616099225 0.0 0.0 0.0 0.0 0.06182845118669257 0.0 0.0 0.018024338196546984 0.001693373709811631 0.0 0.0 0.05169804177118201 1.2182274903697342e-07 0.0 0.0 0.0801216996141501 0.0 0.0 0.0 0.0 0.03759559039410754 0.0 0.0 0.015158938832072113
0.0 0.012776455173150496 0.0 0.0 0.0 0.0049508966744105185 0.0 0.0 0.0 1.8145521350539717e-08 0.0 0.0 0.0 0.002966890303152542 0.0 0.0 0.0 0.0 0.04619475990836322 0.0 0.0 0.0 0.04073698538978593 0.0 0.0 0.0 0.05800082672657026 0.0 0.0 0.0 0.07248448752285423 0.0 0.0003383350815564212 0.0 0.0 0.00704225816085356 7.009377413897242e-08 0.0 0.0 0.03289205825291504 0.0021851411309573273 0.0 0.0 0.045326081875296256 0.001977587548786144 0.0 0.0 0.0005579375494205696 0.009231042596159806 0.0 0.0 0.21108469861359905 2.0689730784283453e-07 0.0 0.0 0.16713482514924866 0.0004947195880308792 0.0 0.0 0.0578032408385854 0.09929067972020914 0.0 0.0 0.027484952736779148 0.0 3.7195298816991e-07 0.0 0.0 0.0 4.5256954100117707e-07 0.0 0.0 0.0 8.715455995240802e-12 0.0 0.0 0.0 1.8225634834230132e-07 0.0 0.0 0.0 0.0 0.028423490197698832 0.0 0.0 0.0 0.0452729734095072 0.0 0.0 0.0 0.07291264902411233 0.0 0.0 0.0 0.046405373223933316 0.0 0.0014061787567209356 0.0 0.0 0.03381680212679268 7.723751916383232e-09 0.0 0.0 0.006826223729696041 0.0019721902409479673 0.0 0.0 0.040546104126803345 0.01878179516860915 0.0 0.0 0.04206533981380403 0.0027641718420920586 0.0 0.0 0.09739901342866872 2.922792344427661e-07 0.0 0.0 0.2345675998219519 0.019829041340015438 0.0 0.0 0.3561701001742898 0.1388327472778004 0.0 0.0 0.040582111793187305 0.0 0.01476126630270974 0.0 0.0 0.0 0.016594051269711144 0.0 0.0 0.0 4.415137311957783e-08 0.0 0.0 0.0 0.01562093415488683 0.0 0.0 0.0 0.0 1.9009088674816987e-06 0.0 0.0 0.0 1.0283928774576956e-07 0.0 0.0 0.0 1.3071269017921963e-08 0.0 0.0 0.0 1.8956149397697437e-06 0.0 9.905708173223136e-05 0.0 0.0 0.006365377907657069 9.508195043352308e-09 0.0 0.0 0.03982365300873087 0.004142680922192549 0.0 0.0 0.0589224400132602 0.02588055582451135 0.0 0.0 0.015853103975456223 0.0057116301174797 0.0 0.0 0.17782330306275565 2.3827267446866176e-07 0.0 0.0 0.312154508787564 0.00392747469008162 0.0 0.0 0.05586486838054462 0.1374555810571929 0.0 0.0 0.09185547890669551 0.0 0.1898789661187252 0.0 0.0 0.0 0.1798734718327561 0.0 0.0 0.0 3.508722157081776e-06 0.0 0.0 0.0 0.10372250895579689 0.0 0.0 0.0 0.0 0.015699318678629934 0.0 0.0 0.0 0.08809578923855063 0.0 0.0 0.0 0.012891296002201937 0.0 0.0 0.0 0.005624111750802111 0.0 8.750569495851852e-05 0.0 0.0 0.0038661903142152856 5.0263108218057316e-08 0.0 0.0 0.03591219893009673 0.002113233370771528 0.0 0.0 0.037413515111520204 0.0121387119943057 0.0 0.0 0.03298446243355326 0.001056339125535235 0.0 0.0 0.035126722525377976 1.3722731729179708e-07 0.0 0.0 0.0646909161943343 0.008108131220938435 0.0 0.0 0.1032803438773723 0.03912079703802054 0.0 0.0 0.011171943208723317
0.0 0.008655123812319122 0.0 0.0 0.0 0.001971728090742834 0.0 0.0 0.0 4.364810703194253e-08 0.0 0.0 0.0 0.004394176149273227 0.0 0.0 0.0 0.0 0.04048541877729453 0.0 0.0 0.0 0.0816569928181951 0.0 0.0 0.0 0.09412289173628315 0.0 0.0 0.0 0.15428338049164614 0.0 0.0010665000891410088 0.0 0.0 0.02433448454396507 2.721237558050013e-08 0.0 0.0 0.017027339578913277 0.0027080736678922334 0.0 0.0 0.038914615493123306 0.047800076311512826 0.0 0.0 0.032038398289962286 0.0017172506755306369 0.0 0.0 0.07094647702516808 6.820483490070201e-08 0.0 0.0 0.04654909901835673 0.0036995756664169066 0.0 0.0 0.10589689132720811 0.15137536551880607 0.0 0.0 0.0517243680090548 0.0 1.9589338856024471e-07 0.0 0.0 0.0 1.1118646039777773e-06 0.0 0.0 0.0 5.895347086354537e-12 0.0 0.0 0.0 1.3215535171678258e-07 0.0 0.0 0.0 0.0 0.03284236485619728 0.0 0.0 0.0 0.08681289440555418 0.0 0.0 0.0 0.07381340886684319 0.0 0.0 0.0 0.05359439238099975 0.0 4.315021020648165e-05 0.0 0.0 0.003014404160017395 2.4369077319438684e-07 0.0 0.0 0.12652016047986955 0.00012722104657014795 0.0 0.0 0.0017110456427512674 0.05450175234285748 0.0 0.0 0.02147131940922108 0.0012968694882266917 0.0 0.0 0.06093985200757588 7.798938279007615e-07 0.0 0.0 0.5226910842824632 0.013298284870422346 0.0 0.0 0.2054605494143546 0.07881028763493675 0.0 0.0 0.03696420761566399 0.0 0.006780064487760092 0.0 0.0 0.0 0.0035744435140086296 0.0 0.0 0.0 2.1109052474828525e-07 0.0 0.0 0.0 0.01703948267970607 0.0 0.0 0.0 0.0 3.558083590416062e-08 0.0 0.0 0.0 1.187968630827967e-12 0.0 0.0 0.0 1.3035421433529715e-06 0.0 0.0 0.0 1.1467855756929824e-07 0.0 0.0011658095558605731 0.0 0.0 0.045663168734495344 6.513110579025422e-14 0.0 0.0 1.3578240184889786e-08 2.328512392136393e-08 0.0 0.0 0.035666276935387875 0.07096968373023999 0.0 0.0 0.015928158505437714 0.0019797712324087506 0.0 0.0 0.09161640533205778 1.9463922317967974e-07 0.0 0.0 0.045493766575081064 0.007560995784383795 0.0 0.0 0.30025011751707936 0.20272940934362346 0.0 0.0 0.08588049752488441 0.0 0.3551132996299512 0.0 0.0 0.0 0.2415158635765634 0.0 0.0 0.0 1.1990581976677472e-06 0.0 0.0 0.0 0.20021232311284382 0.0 0.0 0.0 0.0 0.09056169597255787 0.0 0.0 0.0 0.03891951430929064 0.0 0.0 0.0 0.001455530179581031 0.0 0.0 0.0 0.09387243180347368 0.0 0.0051996610856262435 0.0 0.0 0.07404823210776054 1.0107775936023836e-07 0.0 0.0 0.13736399863305784 3.733509247975177e-09 0.0 0.0 0.00586183024381973 0.07594177975331347 0.0 0.0 0.012280309229687559 0.002552059363441828 0.0 0.0 0.06134607153433616 9.262161549347634e-08 0.0 0.0 0.0728846128597747 2.3717680942357054e-08 0.0 0.0 0.04174983137501754 0.08426541150544015 0.0 0.0 0.024111927673302745
0.0 0.0020365720796073363 0.0 0.0 0.0 0.0018859947445779462 0.0 0.0 0.0 1.1656847360935235e-07 0.0 0.0 0.0 0.0036927754908879927 0.0 0.0 0.0 0.0 0.07732291350574946 0.0 0.0 0.0 0.04782304118119679 0.0 0.0 0.0 0.10589953209559447 0.0 0.0 0.0 0.08068402788765923 0.0 6.39856633855156e-05 0.0 0.0 0.07179149706282822 4.5810265095149585e-10 0.0 0.0 0.0005801784050853424 0.00025267977818615295 0.0 0.0 0.05002885968475835 0.0026403845034963214 0.0 0.0 0.0011234093116674869 0.0004306865989508292 0.0 0.0 0.04237680224377385 1.0404642574179441e-07 0.0 0.0 0.04672190974175913 0.004193338413567271 0.0 0.0 0.37318723063373205 0.07071321431144002 0.0 0.0 0.035168645649144244 0.0 3.1548751494038287e-07 0.0 0.0 0.0 1.000785987702338e-07 0.0 0.0 0.0 5.7461656922560614e-12 0.0 0.0 0.0 2.0648393787378407e-07 0.0 0.0 0.0 0.0 0.03887710719045836 0.0 0.0 0.0 0.0017242621906122973 0.0 0.0 0.0 0.04330119318160686 0.0 0.0 0.0 0.08900405200913199 0.0 0.0005386800867039722 0.0 0.0 0.012391526582546669 1.193176957023508e-08 0.0 0.0 0.005693989256831208 5.223692475427343e-08 0.0 0.0 0.002830690420252893 0.05220776945419759 0.0 0.0 0.018488088232712602 0.0018985538757848365 0.0 0.0 0.09181065964271268 7.679412359786287e-08 0.0 0.0 0.04108717403663836 0.013037347143891913 0.0 0.0 0.2803700170315942 0.13775779275347097 0.0 0.0 0.04208139108656563 0.0 0.020779443528100218 0.0 0.0 0.0 0.01594894552870296 0.0 0.0 0.0 2.755462399792063e-07 0.0 0.0 0.0 0.013191508401569066 0.0 0.0 0.0 0.0 7.06991749180264e-08 0.0 0.0 0.0 6.831874495497544e-07 0.0 0.0 0.0 8.522767850973033e-08 0.0 0.0 0.0 1.7801251439659184e-07 0.0 9.165644008692526e-06 0.0 0.0 0.03806282147671771 1.468701641863795e-08 0.0 0.0 0.05950249001182325 0.0022813844610077637 0.0 0.0 0.04839779690665596 0.043889535488256026 0.0 0.0 0.006019300887927989 0.0029114633927020328 0.0 0.0 0.1807651067021655 1.7026407598504585e-07 0.0 0.0 0.3125926106295225 0.025335800899257768 0.0 0.0 0.4090407998448981 0.25911965576935186 0.0 0.0 0.06582473574897119 0.0 0.2889131835749775 0.0 0.0 0.0 0.15196543082392766 0.0 0.0 0.0 6.250063576198524e-07 0.0 0.0 0.0 0.2307718209740388 0.0 0.0 0.0 0.0 0.010280903472127316 0.0 0.0 0.0 0.03021379821704633 0.0 0.0 0.0 0.04896169905853396 0.0 0.0 0.0 0.15819991060272617 0.0 0.0005720273701352463 0.0 0.0 0.08040189859251683 2.0397599238139874e-07 0.0 0.0 0.09446407852677062 0.004128497511568424 0.0 0.0 0.07663435929569422 0.054761215816524676 0.0 0.0 0.016925887422829387 0.001190896251875759 0.0 0.0 0.055191619335531655 7.659238247059444e-08 0.0 0.0 0.06289571188389728 0.0006910725602081752 0.0 0.0 0.015100589433359082 0.0505614922825641 0.0 0.0 0.022341430075628846
0.0 0.00801227009642455 0.0 0.0 0.0 0.0072564154268380055 0.0 0.0 0.0 4.646428197277571e-08 0.0 0.0 0.0 0.002474372974471222 0.0 0.0 0.0 0.0 0.04281876721347863 0.0 0.0 0.0 0.05478747698884529 0.0 0.0 0.0 0.02584917261999388 0.0 0.0 0.0 0.029263884448597514 0.0 0.0008079082656126496 0.0 0.0 0.018039443176762576 9.028961186647138e-08 0.0 0.0 0.035588604160467205 0.00010671924658013357 0.0 0.0 0.04295446783744723 0.005658807011029395 0.0 0.0 0.0010735089897847782 0.005786713406895047 0.0 0.0 0.1355558240457866 2.67734469427928e-07 0.0 0.0 0.1435339182054368 0.004133660798570228 0.0 0.0 0.04753931943596086 0.08717738750443862 0.0 0.0 0.025081272075221355 0.0 3.7690440835862146e-07 0.0 0.0 0.0 3.9382608417256386e-07 0.0 0.0 0.0 4.465221116819614e-12 0.0 0.0 0.0 2.1555979654969985e-07 0.0 0.0 0.0 0.0 0.041984920222523474 0.0 0.0 0.0 0.03348670927492211 0.0 0.0 0.0 0.07958276615720955 0.0 0.0 0.0 0.011845588612033955 0.0 6.782883172124719e-05 0.0 0.0 0.0016729132175342216 3.8211846504050284e-08 0.0 0.0 0.034889772614242115 0.0018346390423695002 0.0 0.0 0.0356379092806009 0.031186682058278414 0.0 0.0 0.018253300460637115 0.004079153000707119 0.0 0.0 0.10292404082664844 1.4750623596512824e-07 0.0 0.0 0.20293555797304635 0.012128079205991857 0.0 0.0 0.2325667655178659 0.06928851981277574 0.0 0.0 0.050300773100729695 0.0 0.012286610301427345 0.0 0.0 0.0 0.00794108159398812 0.0 0.0 0.0 1.3580974911262127e-07 0.0 0.0 0.0 0.007191330106833942 0.0 0.0 0.0 0.0 3.033531791172526e-08 0.0 0.0 0.0 1.1097841673454897e-06 0.0 0.0 0.0 7.00754521624599e-07 0.0 0.0 0.0 7.782990776212574e-08 0.0 0.0006977570773110947 0.0 0.0 0.02467510567590321 8.704676452579728e-08 0.0 0.0 0.020264620444823567 0.0003379622248411216 0.0 0.0 0.041097311329787646 0.015708763314875886 0.0 0.0 0.005938766419210741 0.0054115323668377235 0.0 0.0 0.13780404384745415 2.397973770525602e-07 0.0 0.0 0.15266794093713085 0.00898570354168684 0.0 0.0 0.1907449591450823 0.07491683244043604 0.0 0.0 0.04697346289227851 0.0 0.13242004396865506 0.0 0.0 0.0 0.1467043502213726 0.0 0.0 0.0 1.7364255110484322e-06 0.0 0.0 0.0 0.041746337080549374 0.0 0.0 0.0 0.0 0.019425831205975828 0.0 0.0 0.0 0.02843647505849967 0.0 0.0 0.0 0.003411526642235667 0.0 0.0 0.0 0.00013842281493992516 0.0 9.890328850476169e-05 0.0 0.0 0.002849076901056384 6.323048505854997e-09 0.0 0.0 0.009765678556861975 0.00017394515801410614 0.0 0.0 0.0031568297479428508 0.01852575773501502 0.0 0.0 0.0066777759950355535 0.0007933087244261093 0.0 0.0 0.02528791551563333 8.216468957118571e-08 0.0 0.0 0.05626018048119632 0.0012561139981701677 0.0 0.0 0.05229154122954329 0.01840971781923895 0.0 0.0 0.00493952835734692
0.0 0.00035286495837469014 0.0 0.0 0.0 0.0021858654906988712 0.0 0.0 0.0 8.873493425351018e-08 0.0 0.0 0.0 0.0024231931303362055 0.0 0.0 0.0 0.0 0.03195235631477653 0.0 0.0 0.0 0.056740361899657366 0.0 0.0 0.0 0.07902250266316752 0.0 0.0 0.0 0.11985294171406555 0.0 6.767301925449957e-10 0.0 0.0 0.001925998826826677 8.048820085281249e-08 0.0 0.0 0.017149180377348847 0.0018928020852503314 0.0 0.0 0.042818069016163036 0.005306429753877185 0.0 0.0 0.0015774494056831857 2.1680204360091485e-09 0.0 0.0 0.006917837147534591 9.233373579013828e-08 0.0 0.0 0.0885206597794108 0.014324051442362469 0.0 0.0 0.23228402688849073 0.060970970069865 0.0 0.0 0.015614316387488423 0.0 2.0852330477302015e-07 0.0 0.0 0.0 7.02149050342567e-08 0.0 0.0 0.0 3.0413284721963095e-12 0.0 0.0 0.0 2.2949760749527304e-07 0.0 0.0 0.0 0.0 0.0002054632780879879 0.0 0.0 0.0 0.03232334824239467 0.0 0.0 0.0 0.12732050435658068 0.0 0.0 0.0 0.02566702325922278 0.0 0.00020287791601052087 0.0 0.0 0.017491790557153383 1.1725452677383467e-08 0.0 0.0 0.004450476507148464 0.005225546729140423 0.0 0.0 0.09265502823701055 0.06652036154505922 0.0 0.0 0.0218490695725902 0.0002736538986156472 0.0 0.0 0.06412412601135398 1.0043075099489216e-07 0.0 0.0 0.0455241130638745 0.0063307285202680984 0.0 0.0 0.13880973298432717 0.13652756377784975 0.0 0.0 0.03747917299351263 0.0 0.01673343879694819 0.0 0.0 0.0 0.009876753633920168 0.0 0.0 0.0 7.11562812834323e-08 0.0 0.0 0.0 0.010288492749073936 0.0 0.0 0.0 0.0 4.867613632485456e-08 0.0 0.0 0.0 5.437656342382813e-08 0.0 0.0 0.0 2.809543722387492e-07 0.0 0.0 0.0 4.108217421374654e-08 0.0 0.0001376794108871787 0.0 0.0 0.05117849132055367 1.98670413206166e-08 0.0 0.0 0.00979659257856391 0.003159620233764279 0.0 0.0 0.05538320428450602 0.08960127998076323 0.0 0.0 0.022345835782732273 0.0016024166703490041 0.0 0.0 0.17724228567870462 1.632204341131472e-07 0.0 0.0 0.1449226566925297 0.005965998942345847 0.0 0.0 0.10008706479778294 0.19158473153921496 0.0 0.0 0.05652115969640961 0.0 0.25939302036777023 0.0 0.0 0.0 0.18169076483155266 0.0 0.0 0.0 2.6519498933576375e-07 0.0 0.0 0.0 0.30636180875051644 0.0 0.0 0.0 0.0 0.032622183067487764 0.0 0.0 0.0 0.1475923820040034 0.0 0.0 0.0 0.025259435484691416 0.0 0.0 0.0 0.1135997235713515 0.0 0.000352482477905347 0.0 0.0 0.03573925430594353 1.383553978131999e-08 0.0 0.0 0.055763334852459094 3.42591491855001e-09 0.0 0.0 0.006059377237218567 0.11171863610830095 0.0 0.0 0.04948662738353185 0.0011051213332048371 0.0 0.0 0.041129479278056345 3.3047940653559895e-08 0.0 0.0 0.06759313244339898 4.957177213242346e-09 0.0 0.0 0.009829973792271723 0.08521588636989842 0.0 0.0 0.03315133938487418
0.0 0.02356446004008899 0.0 0.0 0.0 0.008438267899674197 0.0 0.0 0.0 1.3339814136021929e-07 0.0 0.0 0.0 0.004513385194340288 0.0 0.0 0.0 0.0 0.03583745638871688 0.0 0.0 0.0 0.09412032283226282 0.0 0.0 0.0 0.11488956179632187 0.0 0.0 0.0 0.01515980332051258 0.0 0.0022710001528541777 0.0 0.0 0.06715311561904486 9.717806751601978e-09 0.0 0.0 0.004714501744121274 0.0013285995419569608 0.0 0.0 0.021378868296155852 0.022030018225177674 0.0 0.0 0.005435840219272446 0.021365300271283364 0.0 0.0 0.38250417809168336 3.234311257971296e-07 0.0 0.0 0.1348608973584962 0.022713144750337175 0.0 0.0 0.37238520278075826 0.09108040243864257 0.0 0.0 0.055488008988844095 0.0 4.749104093912135e-07 0.0 0.0 0.0 4.125499187898824e-07 0.0 0.0 0.0 2.2499698680220238e-12 0.0 0.0 0.0 4.2726666215768397e-07 0.0 0.0 0.0 0.0 0.04190381106481058 0.0 0.0 0.0 0.004694590720209185 0.0 0.0 0.0 0.05635623376414038 0.0 0.0 0.0 0.04681057693936715 0.0 6.110817988090679e-05 0.0 0.0 0.04715143880399585 8.603912385326778e-09 0.0 0.0 0.002940478978815247 0.004679239652941039 0.0 0.0 0.12224146636580058 1.127173698964309e-06 0.0 0.0 0.008314184541489748 0.0019405879344751315 0.0 0.0 0.15107690208991525 2.7808011540847773e-07 0.0 0.0 0.08921796026042379 0.007632878313932401 0.0 0.0 0.14807823407781742 0.08253282835285893 0.0 0.0 0.10447517870941005 0.0 0.03775374874829441 0.0 0.0 0.0 0.015310155953359293 0.0 0.0 0.0 2.093674963216058e-07 0.0 0.0 0.0 0.0123196174360286 0.0 0.0 0.0 0.0 1.247723862610613e-06 0.0 0.0 0.0 1.0541322321624554e-06 0.0 0.0 0.0 3.255235571117942e-08 0.0 0.0 0.0 1.7288391820885458e-06 0.0 0.00021283246244320055 0.0 0.0 0.04879558598666966 4.348696427420471e-08 0.0 0.0 0.009429665519169102 0.006490350483317072 0.0 0.0 0.0878901309632726 0.018408962005681907 0.0 0.0 0.005310551355498532 0.010097113237906328 0.0 0.0 0.33898125321110045 4.6488732742371687e-07 0.0 0.0 0.2658198036011321 0.014120859965473081 0.0 0.0 0.2304864688449669 0.18671282580559265 0.0 0.0 0.06780750213820065 0.0 0.19868846063902132 0.0 0.0 0.0 0.12370902142498216 0.0 0.0 0.0 3.720479744921101e-06 0.0 0.0 0.0 0.16227893567662746 0.0 0.0 0.0 0.0 0.04656943833899989 0.0 0.0 0.0 0.07473661045522663 0.0 0.0 0.0 0.005292294150198415 0.0 0.0 0.0 0.0525140226292336 0.0 0.00012518534676258446 0.0 0.0 0.006845642871524866 1.8402978809210931e-07 0.0 0.0 0.043290067812241866 0.0017197574525882205 0.0 0.0 0.02735120698911826 0.013928479177318267 0.0 0.0 0.021225608048953272 0.00044311894663913865 0.0 0.0 0.0378893414372366 6.509292727545306e-08 0.0 0.0 0.048825238765018486 0.006698901344632676 0.0 0.0 0.10421471337380972 0.06998549504140493 0.0 0.0 0.019055511603344323
0.0 0.0019348346059745469 0.0 0.0 0.0 0.00562529757337074 0.0 0.0 0.0 5.5040751743277565e-08 0.0 0.0 0.0 6.277065914647477e-05 0.0 0.0 0.0 0.0 0.0022016427374919726 0.0 0.0 0.0 0.03894990448177648 0.0 0.0 0.0 0.01217871237430888 0.0 0.0 0.0 0.023003296709800926 0.0 1.0096760634137391e-14 0.0 0.0 3.81577729481942e-13 3.92112437414808e-09 0.0 0.0 0.00654085582879399 2.7412645731716135e-09 0.0 0.0 3.8144492979475984e-08 0.0008617246725919362 0.0 0.0 0.00011739672306515128 0.0006213394259861577 0.0 0.0 0.026326696585216598 1.8705882622325818e-07 0.0 0.0 0.19755985797659575 0.007230772850496326 0.0 0.0 0.13601298562399022 0.006106600017103724 0.0 0.0 0.0009327245733527393 0.0 4.6818939406843294e-07 0.0 0.0 0.0 7.454551339875663e-08 0.0 0.0 0.0 1.5079702957531133e-11 0.0 0.0 0.0 2.9763743305722715e-07 0.0 0.0 0.0 0.0 0.0037794213482036064 0.0 0.0 0.0 0.0021593786559611036 0.0 0.0 0.0 0.10512160388552186 0.0 0.0 0.0 0.015615184757324626 0.0 3.77148650595143e-09 0.0 0.0 1.3405563143508795e-07 9.009591416434375e-14 0.0 0.0 0.0035090537637196485 0.002209568858387813 0.0 0.0 0.03539173033199215 5.688655381562731e-08 0.0 0.0 2.1536041123884122e-08 0.0032475663590256273 0.0 0.0 0.11731045969650253 1.2944118974912495e-12 0.0 0.0 0.05650051974354324 0.04345628770020146 0.0 0.0 0.6841871831505237 0.08031884877775904 0.0 0.0 0.0594881571801931 0.0 0.01788929627083132 0.0 0.0 0.0 0.04073227504889621 0.0 0.0 0.0 4.464612993826011e-08 0.0 0.0 0.0 0.0014761464003492048 0.0 0.0 0.0 0.0 4.088653342051499e-08 0.0 0.0 0.0 1.0799496029464864e-06 0.0 0.0 0.0 1.1211276022670607e-08 0.0 0.0 0.0 9.415135668514768e-13 0.0 0.00014804765677034894 0.0 0.0 0.006713821704292482 1.1802477642813059e-07 0.0 0.0 0.07007197033140149 2.2656307612291695e-08 0.0 0.0 0.04054272114099272 0.0025008973892826952 0.0 0.0 0.0005029151928988652 0.002826654501970182 0.0 0.0 0.1900137324650289 5.313804296207002e-07 0.0 0.0 0.6663068591414171 0.0049749358062851036 0.0 0.0 0.07882031795925243 0.047039735158199966 0.0 0.0 0.010649332568449662 0.0 0.056508957237178324 0.0 0.0 0.0 0.08031794147923085 0.0 0.0 0.0 9.641850819920177e-07 0.0 0.0 0.0 0.0 0.0 0.0 0.0 0.0 0.0015389170594956793 0.0 0.0 0.0 2.0611656205524478e-07 0.0 0.0 0.0 9.152087100198239e-08 0.0 0.0 0.0 0.0 0.0 0.0005952840303201436 0.0 0.0 0.022408012680422296 2.0034760117867426e-13 0.0 0.0 0.009147325553725362 0.00032325150382571816 0.0 0.0 0.0061446076995732 0.0 0.0 0.0 0.0 0.0001840621336744419 0.0 0.0 0.012018306924091978 6.787257244526247e-13 0.0 0.0 0.034872580269846465 0.0011032547777259068 0.0 0.0 0.023512343667983132 0.0 0.0 0.0 0.0
0.0 0.006187391160148053 0.0 0.0 0.0 0.002845268664562474 0.0 0.0 0.0 7.414393101569174e-09 0.0 0.0 0.0 0.014025276219528138 0.0 0.0 0.0 0.0 0.0006623765851155695 0.0 0.0 0.0 0.06918446822446954 0.0 0.0 0.0 0.04549223880667709 0.0 0.0 0.0 0.4291510890021621 0.0 0.003833992276341288 0.0 0.0 0.028015978089945003 1.1790715551164257e-07 0.0 0.0 0.03424794830281143 0.003138329265646841 0.0 0.0 0.020385236755871138 0.04611196940117312 0.0 0.0 0.011605735826177856 0.0031280804681951225 0.0 0.0 0.05428711813394859 1.220532039938946e-07 0.0 0.0 0.08595194827518438 0.003126914050260142 0.0 0.0 0.02397221042084534 0.4633323009209564 0.0 0.0 0.14109540083747968 0.0 4.135893336732361e-07 0.0 0.0 0.0 3.2991018547582796e-07 0.0 0.0 0.0 1.7539594982040338e-12 0.0 0.0 0.0 2.0391714404944108e-07 0.0 0.0 0.0 0.0 0.0657571601370419 0.0 0.0 0.0 0.03141731100312483 0.0 0.0 0.0 0.011624268516129278 0.0 0.0 0.0 0.04863241418529794 0.0 0.0004339958906794167 0.0 0.0 0.010910702120004561 9.591204140688105e-08 0.0 0.0 0.04686947261345116 0.0033409990373657605 0.0 0.0 0.06113556485191424 0.047970596558675554 0.0 0.0 0.019519891093519568 0.0030167356871092406 0.0 0.0 0.11211086600321846 3.9055470645896675e-07 0.0 0.0 0.1619997417907247 0.00307562705235123 0.0 0.0 0.06499594561102605 0.09188872814621529 0.0 0.0 0.03227550788338163 0.0 0.006265243315906982 0.0 0.0 0.0 0.006061407673813398 0.0 0.0 0.0 0.0 0.0 0.0 0.0 0.004815477885626863 0.0 0.0 0.0 0.0 7.414393101569174e-09 0.0 0.0 0.0 2.5122693540560216e-07 0.0 0.0 0.0 0.0 0.0 0.0 0.0 6.200946550394742e-08 0.0 0.002005655749809476 0.0 0.0 0.04348658305686761 1.2056210235766198e-09 0.0 0.0 0.0009710984298434943 0.0 0.0 0.0 0.0 0.016492157109715553 0.0 0.0 0.004748929338826626 0.0016560176066517346 0.0 0.0 0.04270142957006475 9.968851655697475e-08 0.0 0.0 0.0890820784889638 0.0 0.0 0.0 0.0 0.08636952730959592 0.0 0.0 0.031746251417309995 0.0 0.5320371245530356 0.0 0.0 0.0 0.15000078014333507 0.0 0.0 0.0 2.512265031360738e-07 0.0 0.0 0.0 0.2777686459182712 0.0 0.0 0.0 0.0 0.08091976368857162 0.0 0.0 0.0 0.09343261210765781 0.0 0.0 0.0 0.0004744359944243715 0.0 0.0 0.0 0.12178279214991647 0.0 0.007268621215306534 0.0 0.0 0.37240309072897143 6.033413360060888e-08 0.0 0.0 0.0380820118473318 0.0031448512213820778 0.0 0.0 0.0378369978458523 0.10729826074484876 0.0 0.0 0.03353246340901546 0.0017148445645389493 0.0 0.0 0.1109783274570532 1.1847192290220352e-07 0.0 0.0 0.05488669559354647 0.00045557907737482135 0.0 0.0 0.0061453529913101275 0.10034326164996435 0.0 0.0 0.032079133123839296
0.0 0.005074798788844767 0.0 0.0 0.0 0.004078959637997495 0.0 0.0 0.0 5.7503695562290615e-08 0.0 0.0 0.0 0.002530884263134489 0.0 0.0 0.0 0.0 0.001981145299172951 0.0 0.0 0.0 0.07336333722288847 0.0 0.0 0.0 0.06708181209159447 0.0 0.0 0.0 0.010053319733147858 0.0 0.0012571596541795854 0.0 0.0 0.02533208064154738 2.306798668253849e-13 0.0 0.0 0.004757305224253443 0.0002571216925034977 0.0 0.0 0.002156485617811397 0.0007873515097008525 0.0 0.0 0.00015595053083562285 0.0018366158304442492 0.0 0.0 0.11079821955578399 1.389626085391209e-07 0.0 0.0 0.1372202886069808 0.012175150783643668 0.0 0.0 0.17431940690820405 0.10618730571669957 0.0 0.0 0.026565208016454515 0.0 3.314655863432926e-07 0.0 0.0 0.0 4.457594773125502e-07 0.0 0.0 0.0 6.418335285988796e-12 0.0 0.0 0.0 2.5586348441296917e-07 0.0 0.0 0.0 0.0 0.027532477408110854 0.0 0.0 0.0 0.0662733738646658 0.0 0.0 0.0 0.07682325999947186 0.0 0.0 0.0 0.03258129564741997 0.0 3.503410822439138e-05 0.0 0.0 0.0011848929695649287 5.079314620162069e-08 0.0 0.0 0.0311106843250915 0.006796024924504862 0.0 0.0 0.10325396970472404 0.023944500677143564 0.0 0.0 0.007788898800177113 0.0036373391588735114 0.0 0.0 0.11388994465961293 4.407125822306655e-07 0.0 0.0 0.2317450490274761 0.01963784609284096 0.0 0.0 0.30546896846694527 0.11936607175581879 0.0 0.0 0.035739006910915604 0.0 0.027236158194393612 0.0 0.0 0.0 0.012174088926857205 0.0 0.0 0.0 9.602295857468221e-08 0.0 0.0 0.0 0.006804506784862345 0.0 0.0 0.0 0.0 4.340102218383164e-08 0.0 0.0 0.0 5.291114530143419e-08 0.0 0.0 0.0 3.195882268753145e-08 0.0 0.0 0.0 2.1754720782582795e-08 0.0 0.0001976587998314272 0.0 0.0 0.008065531345348735 3.750026549250308e-08 0.0 0.0 0.04875757353917123 0.0015276843240147097 0.0 0.0 0.03248910989722627 0.0192460683318035 0.0 0.0 0.006856028873660174 0.003557753518686092 0.0 0.0 0.2535028942806638 2.0769705562746803e-07 0.0 0.0 0.23162807896545112 0.006281335842806801 0.0 0.0 0.14255176666663716 0.08212267858380926 0.0 0.0 0.03125071544111692 0.0 0.12016832589797904 0.0 0.0 0.0 0.1808853841756126 0.0 0.0 0.0 0.0 0.0 0.0 0.0 0.10311089075718977 0.0 0.0 0.0 0.0 0.005189788762756478 0.0 0.0 0.0 0.02619258755381988 0.0 0.0 0.0 0.0 0.0 0.0 0.0 0.08106416135209465 0.0 0.0008639250209299571 0.0 0.0 0.03432584570044985 6.63010738439693e-08 0.0 0.0 0.05808033122029694 0.0 0.0 0.0 0.0 0.024346470130972783 0.0 0.0 0.006082160113659877 0.0002992141025030996 0.0 0.0 0.02200292522784776 5.583703424502392e-08 0.0 0.0 0.0639716193946016 0.0 0.0 0.0 0.0 0.02816415412483312 0.0 0.0 0.013222198118702518
0.0 0.01668951891448227 0.0 0.0 0.0 0.0044160749098252575 0.0 0.0 0.0 5.3582663966161315e-08 0.0 0.0 0.0 0.0015663962750803848 0.0 0.0 0.0 0.0 0.03699508918542376 0.0 0.0 0.0 0.10442605726698778 0.0 0.0 0.0 0.04846946777527166 0.0 0.0 0.0 0.0962712177113507 0.0 0.0019339996693890581 0.0 0.0 0.037064047566288415 5.516826677175104e-10 0.0 0.0 0.013948127976011105 0.0015146838949929983 0.0 0.0 0.019546252657449484 0.018243543086024078 0.0 0.0 0.0076237519811038325 0.009123958182454381 0.0 0.0 0.22358822623750058 4.959392571174563e-08 0.0 0.0 0.16644954726204614 0.005141080731972995 0.0 0.0 0.1061033723329481 0.037623457853528317 0.0 0.0 0.01944654406821184 0.0 9.937053284681047e-09 0.0 0.0 0.0 1.3203004577832135e-07 0.0 0.0 0.0 7.141476332261366e-12 0.0 0.0 0.0 1.3914549161586344e-07 0.0 0.0 0.0 0.0 9.885408173845636e-05 0.0 0.0 0.0 0.030321691640614455 0.0 0.0 0.0 0.05225046948016722 0.0 0.0 0.0 0.07095187164863109 0.0 0.002343531604963295 0.0 0.0 0.029286114526697483 1.2837898389856324e-09 0.0 0.0 0.002390890480358866 0.004368671109559055 0.0 0.0 0.07416904419667311 0.03247046888677099 0.0 0.0 0.03768130567535819 0.0002948893009139613 0.0 0.0 0.004131582743693371 6.282757467773448e-08 0.0 0.0 0.07575216832279587 0.016609160546136092 0.0 0.0 0.3226174231961009 0.08474546483741782 0.0 0.0 0.027235625171749104 0.0 0.010622201095696823 0.0 0.0 0.0 0.010792992588617297 0.0 0.0 0.0 1.0154708683339184e-07 0.0 0.0 0.0 0.010945885995513853 0.0 0.0 0.0 0.0 1.0026882310056888e-08 0.0 0.0 0.0 2.493359407681213e-07 0.0 0.0 0.0 4.841089285627361e-07 0.0 0.0 0.0 1.139923388631988e-07 0.0 0.002611193775975694 0.0 0.0 0.05360954676330737 3.8986226865509535e-09 0.0 0.0 0.005452119234144895 2.821336751569388e-05 0.0 0.0 0.0007897222795212694 0.032030025188665365 0.0 0.0 0.006281270104019798 0.002201280454633645 0.0 0.0 0.11173067885880333 7.408728225915701e-08 0.0 0.0 0.2006844540257511 0.002922865641214559 0.0 0.0 0.06856857744585276 0.18420444939194336 0.0 0.0 0.09193309508305728 0.0 0.2588501019918016 0.0 0.0 0.0 0.1318317226365468 0.0 0.0 0.0 7.023271982282275e-07 0.0 0.0 0.0 0.09774665906249566 0.0 0.0 0.0 0.0 0.0627804540888971 0.0 0.0 0.0 0.039452161751764955 0.0 0.0 0.0 8.167324740532927e-05 0.0 0.0 0.0 0.007944779220185813 0.0 0.003165132583662858 0.0 0.0 0.06427097339223681 8.454288263043666e-09 0.0 0.0 0.009802111906250379 0.0015480612555672862 0.0 0.0 0.048474998249875056 0.038609322793296146 0.0 0.0 0.009297354377208654 0.0009980581100589889 0.0 0.0 0.04379506617406068 3.6614941329194576e-08 0.0 0.0 0.03584385180656723 0.00022844467995612196 0.0 0.0 0.02197608463011766 0.08651858677257299 0.0 0.0 0.012968173139659527
0.0 0.006402520655536762 0.0 0.0 0.0 0.0026011204605295747 0.0 0.0 0.0 6.675153690548744e-08 0.0 0.0 0.0 0.004463509840854744 0.0 0.0 0.0 0.0 0.017440278444723803 0.0 0.0 0.0 0.07187949665931254 0.0 0.0 0.0 0.0850917300082184 0.0 0.0 0.0 0.06098647196444643 0.0 4.9721396715620155e-06 0.0 0.0 0.028333103397343174 3.0592942422715375e-08 0.0 0.0 0.021121639937864138 0.002361827212035967 0.0 0.0 0.07349322690331253 0.008099808889238024 0.0 0.0 0.0018217063184896242 0.0012001697392729712 0.0 0.0 0.10129706742352247 2.7204215772880243e-07 0.0 0.0 0.11063492270728789 0.0027757556580929993 0.0 0.0 0.1456336170669447 0.14146163188609548 0.0 0.0 0.04096372410099359 0.0 6.085684637621057e-07 0.0 0.0 0.0 2.6041258258893754e-07 0.0 0.0 0.0 6.387150629125341e-12 0.0 0.0 0.0 1.456828715319071e-07 0.0 0.0 0.0 0.0 0.002169895211679521 0.0 0.0 0.0 0.08544897209458567 0.0 0.0 0.0 0.061852121523729604 0.0 0.0 0.0 0.11604092881002667 0.0 0.004066311596979348 0.0 0.0 0.07861978246555254 4.956286014854518e-08 0.0 0.0 0.058748942815050983 0.0038073067513060303 0.0 0.0 0.07621899573574874 0.024546885330432658 0.0 0.0 0.005797573020222965 0.0056978632127560715 0.0 0.0 0.16724239194468662 2.7653746813218996e-07 0.0 0.0 0.16515772217759392 0.01270950547107725 0.0 0.0 0.3094464059119635 0.13134186000443085 0.0 0.0 0.03162883075215683 0.0 0.009429536619897018 0.0 0.0 0.0 0.01769425068849789 0.0 0.0 0.0 3.732596012975948e-07 0.0 0.0 0.0 0.02420621458469935 0.0 0.0 0.0 0.0 4.963883688106763e-08 0.0 0.0 0.0 1.2990563948004818e-07 0.0 0.0 0.0 1.1702679772214748e-06 0.0 0.0 0.0 2.768922224945832e-07 0.0 1.3375393238077217e-08 0.0 0.0 1.1413108589803917e-06 1.0578918581676206e-07 0.0 0.0 0.0545436003739522 0.004972933761574708 0.0 0.0 0.06327259631713396 0.02442548352746012 0.0 0.0 0.01330749944640134 0.001827771312959527 0.0 0.0 0.09186022894210151 1.9101843872279441e-07 0.0 0.0 0.2886773164244509 0.02223883323360812 0.0 0.0 0.27042968736026973 0.20237681044962558 0.0 0.0 0.14815867989977985 0.0 0.20876308260869117 0.0 0.0 0.0 0.24521628607841145 0.0 0.0 0.0 1.1866871507234627e-06 0.0 0.0 0.0 0.28888027337080335 0.0 0.0 0.0 0.0 0.10739632468535061 0.0 0.0 0.0 0.09447724861861571 0.0 0.0 0.0 0.013578352102035129 0.0 0.0 0.0 0.10209821807322747 0.0 0.0004188200564607471 0.0 0.0 0.05610769960720616 2.0418804118362038e-08 0.0 0.0 0.05503212290264052 0.0024063105862386002 0.0 0.0 0.04072378601442173 0.08960222206390803 0.0 0.0 0.034834914090243155 0.0007685375896713742 0.0 0.0 0.03902050025280857 6.870844794340779e-08 0.0 0.0 0.06930858867329255 5.7902478761897954e-05 0.0 0.0 0.04635120333143906 0.12100612659386593 0.0 0.0 0.03385006360825863
0.0 0.0009085364876524664 0.0 0.0 0.0 0.0010664839726834705 0.0 0.0 0.0 1.0148108414157041e-07 0.0 0.0 0.0 0.007846057362377088 0.0 0.0 0.0 0.0 0.03760572080280289 0.0 0.0 0.0 0.04708528235943649 0.0 0.0 0.0 0.15004471092271998 0.0 0.0 0.0 0.03982424370842745 0.0 6.214579884141295e-05 0.0 0.0 0.03829267561171243 2.0938619594117252e-14 0.0 0.0 0.0008219147342202998 0.0015921345829594674 0.0 0.0 0.02668056336887792 0.05189480972864516 0.0 0.0 0.019981734987750358 0.00044485224037092334 0.0 0.0 0.018563855753244707 7.020901827137808e-13 0.0 0.0 0.046904105627561525 0.019216933796086865 0.0 0.0 0.2818544893213956 0.1360403261851065 0.0 0.0 0.0799850814588803 0.0 2.9852345849659657e-07 0.0 0.0 0.0 7.89221562397505e-08 0.0 0.0 0.0 2.4631865003538836e-12 0.0 0.0 0.0 7.421863392168997e-08 0.0 0.0 0.0 0.0 0.06860156940173258 0.0 0.0 0.0 0.025699290751552573 0.0 0.0 0.0 0.04535635128819534 0.0 0.0 0.0 0.05554652157104444 0.0 0.0009844516894282496 0.0 0.0 0.0489337126659555 1.8626192817855442e-07 0.0 0.0 0.0644418276048159 0.0031856399678701426 0.0 0.0 0.08432686348846329 0.0332436001473404 0.0 0.0 0.010026325016723457 0.0022195207277241305 0.0 0.0 0.07101602038095066 2.6210285841971786e-08 0.0 0.0 0.053675270291198424 0.0074862497775432 0.0 0.0 0.14727825555933924 0.028888674669189044 0.0 0.0 0.01611148441900589 0.0 0.03857803099999128 0.0 0.0 0.0 0.00579632272244851 0.0 0.0 0.0 2.1910652820969257e-07 0.0 0.0 0.0 0.02258405280552865 0.0 0.0 0.0 0.0 8.067599299332002e-08 0.0 0.0 0.0 3.868721627109042e-08 0.0 0.0 0.0 6.596127978887249e-08 0.0 0.0 0.0 1.1749025619947646e-06 0.0 3.235799045211326e-05 0.0 0.0 0.008598564329514797 4.058145640678668e-14 0.0 0.0 0.00014922941418936964 0.008661570909463321 0.0 0.0 0.09972651958355393 0.06445602573685359 0.0 0.0 0.021552989598263936 0.0037590688508109026 0.0 0.0 0.28460415058442473 6.450417390556258e-08 0.0 0.0 0.08993213136655617 0.024843533795170708 0.0 0.0 0.2982181307698157 0.24263244211779678 0.0 0.0 0.08022335496480665 0.0 0.2350730917822846 0.0 0.0 0.0 0.1755931434586305 0.0 0.0 0.0 1.0396369755102844e-06 0.0 0.0 0.0 0.35448845482239366 0.0 0.0 0.0 0.0 0.033118607932499516 0.0 0.0 0.0 0.173572516807217 0.0 0.0 0.0 0.007776129390136535 0.0 0.0 0.0 0.17045138507908028 0.0 0.0016988582843391403 0.0 0.0 0.06850357113051996 3.8207043909585096e-08 0.0 0.0 0.01900899454170782 0.001148578614474854 0.0 0.0 0.04673385814237822 0.09319659087325126 0.0 0.0 0.03553283546739896 0.0006199237218302931 0.0 0.0 0.04449709392702579 1.4024331467325738e-07 0.0 0.0 0.0632752068678976 0.000823984190928091 0.0 0.0 0.03939419671973163 0.11480326024210147 0.0 0.0 0.04648866042008537
0.0 0.00030872208139795895 0.0 0.0 0.0 0.0053350131200271995 0.0 0.0 0.0 4.8987267333596895e-08 0.0 0.0 0.0 0.0023268000940476884 0.0 0.0 0.0 0.0 0.014516709870041389 0.0 0.0 0.0 0.06605814676626302 0.0 0.0 0.0 0.12791737870899536 0.0 0.0 0.0 0.05617388690456035 0.0 0.00030615457805825577 0.0 0.0 0.019915697802141252 3.075367492014557e-10 0.0 0.0 0.00010753567717624609 0.0011745498825737524 0.0 0.0 0.05684508968682713 0.03405770438680378 0.0 0.0 0.005662428766878606 7.64526919906764e-05 0.0 0.0 0.005575888095033755 1.1653554829563571e-07 0.0 0.0 0.05059806294943829 0.005574402820842528 0.0 0.0 0.1340855308628002 0.07631514392665859 0.0 0.0 0.028962161514367438 0.0 0.0 0.0 0.0 0.0 1.6182646012835615e-07 0.0 0.0 0.0 4.669761333148852e-12 0.0 0.0 0.0 5.144259570974718e-07 0.0 0.0 0.0 0.0 0.0 0.0 0.0 0.0 0.05787720219013179 0.0 0.0 0.0 0.07183581609812215 0.0 0.0 0.0 0.034500847777456954 0.0 0.0 0.0 0.0 0.0 1.25573886250168e-07 0.0 0.0 0.07543443048413015 0.001980886198238873 0.0 0.0 0.05462014630351615 0.062299766717592624 0.0 0.0 0.029487378340847047 0.0 0.0 0.0 0.0 1.6420840244759597e-07 0.0 0.0 0.07018604131030566 0.018419985850204892 0.0 0.0 0.21943979161321786 0.1799547970290971 0.0 0.0 0.100752946895682 0.0 0.015597991338558633 0.0 0.0 0.0 0.015887001937526127 0.0 0.0 0.0 1.5272336938855537e-07 0.0 0.0 0.0 0.011354743457371466 0.0 0.0 0.0 0.0 1.119922744787773e-08 0.0 0.0 0.0 1.648010177775804e-06 0.0 0.0 0.0 1.5747320583728836e-08 0.0 0.0 0.0 8.327585141132384e-08 0.0 9.009798438034692e-05 0.0 0.0 0.039282924428468084 7.027046392448516e-08 0.0 0.0 0.060952787562823435 0.003092597445687686 0.0 0.0 0.05691135580496079 0.030391780039929785 0.0 0.0 0.009031702422576454 0.001746603166237895 0.0 0.0 0.1060808723577808 1.2966031359297948e-07 0.0 0.0 0.24875536350800154 0.010265969670965623 0.0 0.0 0.13322803420101234 0.1279683203166821 0.0 0.0 0.06545112119956854 0.0 0.24875940882990352 0.0 0.0 0.0 0.15136945616777203 0.0 0.0 0.0 1.5565172707352485e-06 0.0 0.0 0.0 0.2893232380408674 0.0 0.0 0.0 0.0 0.10355244001872695 0.0 0.0 0.0 0.1294302503896417 0.0 0.0 0.0 1.0540485244723283e-07 0.0 0.0 0.0 0.07342312800080447 0.0 0.005047345556064936 0.0 0.0 0.07765148631145204 3.1312018842651056e-08 0.0 0.0 0.03830568601413008 0.0002908750674958083 0.0 0.0 0.004327646771537863 0.04336064308342968 0.0 0.0 0.008823193265887671 0.0007039303060080706 0.0 0.0 0.0526808904018039 4.220507900897249e-08 0.0 0.0 0.04719115997932801 0.0020406225208164566 0.0 0.0 0.03403881883668998 0.1205457261306362 0.0 0.0 0.0343188231396607
0.0 0.0014497493697556985 0.0 0.0 0.0 0.0012564042782057386 0.0 0.0 0.0 1.4883189545595134e-08 0.0 0.0 0.0 0.0017884897292077065 0.0 0.0 0.0 0.0 0.0028541212000784554 0.0 0.0 0.0 0.021774385294089798 0.0 0.0 0.0 0.07093119669632131 0.0 0.0 0.0 0.049349924594024264 0.0 1.42397996605669e-09 0.0 0.0 0.004301654467807916 4.251311502284749e-08 0.0 0.0 0.015419671826578264 0.001297718051732796 0.0 0.0 0.022759028454897908 0.014982695465418411 0.0 0.0 0.0052646324890652865 7.938048435149965e-09 0.0 0.0 0.026885114174015564 4.671919704719512e-08 0.0 0.0 0.03253074651618621 0.0005038165668130812 0.0 0.0 0.04647081964178953 0.04723875944836051 0.0 0.0 0.023338092568667968 0.0 2.515897439324149e-07 0.0 0.0 0.0 4.657461375048028e-07 0.0 0.0 0.0 3.235164052750241e-12 0.0 0.0 0.0 3.219904242936398e-07 0.0 0.0 0.0 0.0 0.006402741191868458 0.0 0.0 0.0 0.14354515677624555 0.0 0.0 0.0 0.03964132854375555 0.0 0.0 0.0 0.08196671366127031 0.0 0.0004029789212208048 0.0 0.0 0.027234703372489184 8.53943497653624e-08 0.0 0.0 0.07246103613775107 0.00040395956094386694 0.0 0.0 0.01573547128351872 0.08783577139955184 0.0 0.0 0.019018518517594663 0.0011563024508615693 0.0 0.0 0.03578431962118813 4.136108257392841e-07 0.0 0.0 0.2098806252189229 0.002935861621164051 0.0 0.0 0.18971791900318494 0.14050506431124796 0.0 0.0 0.06107074443045736 0.0 0.004207832348464109 0.0 0.0 0.0 0.012444390376716699 0.0 0.0 0.0 1.8946880845115614e-07 0.0 0.0 0.0 0.006751762683213301 0.0 0.0 0.0 0.0 1.493636870886308e-08 0.0 0.0 0.0 2.7654782884331154e-07 0.0 0.0 0.0 2.943665166479843e-08 0.0 0.0 0.0 7.138531877690186e-08 0.0 2.1296671196332618e-14 0.0 0.0 4.880989057482243e-13 8.20540464993554e-14 0.0 0.0 3.5269869498908215e-08 0.002160354017181868 0.0 0.0 0.03311129701961388 0.0609355269369453 0.0 0.0 0.014365356628983588 0.0011718236291076987 0.0 0.0 0.030110977659236114 3.471600857779384e-07 0.0 0.0 0.16500819351384735 0.013197494037828683 0.0 0.0 0.19996517603571778 0.08915006534682307 0.0 0.0 0.041741108460832184 0.0 0.1392517944765501 0.0 0.0 0.0 0.2578546797720799 0.0 0.0 0.0 1.8795093483307092e-07 0.0 0.0 0.0 0.2464590493913474 0.0 0.0 0.0 0.0 0.05476856736427996 0.0 0.0 0.0 0.05777270596925576 0.0 0.0 0.0 1.5196457053362016e-08 0.0 0.0 0.0 0.12179394832597802 0.0 0.0014641067848762482 0.0 0.0 0.02893603138036485 2.007711808366788e-08 0.0 0.0 0.08415384022758043 0.002540836438331984 0.0 0.0 0.02807455921367636 0.0940208450951597 0.0 0.0 0.018950565691238742 0.0002994371122426701 0.0 0.0 0.02371460289748845 8.385476740456827e-08 0.0 0.0 0.06159710155711687 0.0003641345832062304 0.0 0.0 0.004510915191079566 0.0952570816059148 0.0 0.0 0.02685953564302388
0.0 0.014835628485349393 0.0 0.0 0.0 0.007147937396644456 0.0 0.0 0.0 5.96059518284528e-08 0.0 0.0 0.0 0.004285857133977892 0.0 0.0 0.0 0.0 0.09898820362982191 0.0 0.0 0.0 0.00620336911439286 0.0 0.0 0.0 0.0466003030194053 0.0 0.0 0.0 0.24353761391421863 0.0 0.003237207678108579 0.0 0.0 0.08150665141748918 3.715557691484585e-08 0.0 0.0 0.06435402017943707 0.0005892941785799388 0.0 0.0 0.010386208099255825 0.13022511598330153 0.0 0.0 0.030558740380787586 0.005183209488478091 0.0 0.0 0.17500083784913234 2.9296792157695166e-07 0.0 0.0 0.17479550221828014 0.006734392907368156 0.0 0.0 0.12506561146362868 0.11396451494891816 0.0 0.0 0.045555765461365264 0.0 5.291078355635988e-07 0.0 0.0 0.0 1.2081357823811694e-06 0.0 0.0 0.0 5.664430003120888e-12 0.0 0.0 0.0 1.9846875495457162e-07 0.0 0.0 0.0 0.0 0.21200466249012123 0.0 0.0 0.0 0.0512478868416869 0.0 0.0 0.0 0.0453132504367737 0.0 0.0 0.0 0.08696198573412396 0.0 0.0005760682911667882 0.0 0.0 0.015505380244860421 2.2962740461150682e-08 0.0 0.0 0.01032170542313151 0.005233067095174149 0.0 0.0 0.11251881613020959 0.11178012295812292 0.0 0.0 0.028262287324699157 0.006536186225915302 0.0 0.0 0.2072542019465434 1.0595228997488448e-06 0.0 0.0 0.6328063044524548 0.012280554628761426 0.0 0.0 0.2665313400098594 0.11399700826524051 0.0 0.0 0.03775013579743801 0.0 0.0 0.0 0.0 0.0 0.012552208204785663 0.0 0.0 0.0 9.059713893986913e-08 0.0 0.0 0.0 0.023238026236756196 0.0 0.0 0.0 0.0 0.0 0.0 0.0 0.0 1.1438323407841895e-07 0.0 0.0 0.0 1.0700587472244555e-07 0.0 0.0 0.0 1.2707094510641788e-07 0.0 0.0 0.0 0.0 0.0 6.016121055621274e-09 0.0 0.0 0.005308761720892621 0.0021429010483861137 0.0 0.0 0.02944633019737737 0.051835994066133984 0.0 0.0 0.01591517388867289 0.0 0.0 0.0 0.0 2.2948086599467524e-07 0.0 0.0 0.23463983922635356 0.005695928171607248 0.0 0.0 0.0889652224957421 0.3073444009366938 0.0 0.0 0.10666859586530401 0.0 0.38049339073281097 0.0 0.0 0.0 0.37582643176549324 0.0 0.0 0.0 9.124557256472285e-08 0.0 0.0 0.0 0.2969000942033588 0.0 0.0 0.0 0.0 0.05094269045670707 0.0 0.0 0.0 0.22674610009079119 0.0 0.0 0.0 0.00015686851872559343 0.0 0.0 0.0 0.04657851697662394 0.0 0.008931655030842194 0.0 0.0 0.13210554448219194 1.0411129170180355e-08 0.0 0.0 0.009231414621851595 0.0030108080429181107 0.0 0.0 0.05763638310358003 0.13401175610373817 0.0 0.0 0.03215067189966042 0.0023670533558191238 0.0 0.0 0.05641256352226111 2.772007824070728e-07 0.0 0.0 0.14569924300671133 0.00010333398592303479 0.0 0.0 0.0022178048613438867 0.09006109468508647 0.0 0.0 0.031550763712164726
0.0 0.02071574991439897 0.0 0.0 0.0 0.010043679952638978 0.0 0.0 0.0 6.501868695967268e-08 0.0 0.0 0.0 0.0008261883359216645 0.0 0.0 0.0 0.0 0.040720585857425065 0.0 0.0 0.0 0.021188692389503324 0.0 0.0 0.0 0.037568599508449395 0.0 0.0 0.0 0.026465569811790338 0.0 0.0017460303848645172 0.0 0.0 0.03957657951858301 2.2159879665653526e-08 0.0 0.0 0.007743992282525618 0.00041806046947465446 0.0 0.0 0.006379248572754307 0.020938587612850394 0.0 0.0 0.0051198941542037295 0.017762884734569103 0.0 0.0 0.3451830904316831 4.6056882839106456e-07 0.0 0.0 0.2117873407920599 0.0074585899292136945 0.0 0.0 0.1631161691975089 0.04344639892927384 0.0 0.0 0.010673727504003992 0.0 5.275780386719002e-07 0.0 0.0 0.0 6.292310383130129e-08 0.0 0.0 0.0 3.023412735112126e-12 0.0 0.0 0.0 3.503118716478663e-07 0.0 0.0 0.0 0.0 0.03429965961091268 0.0 0.0 0.0 0.056189386494179726 0.0 0.0 0.0 0.052982331363677554 0.0 0.0 0.0 0.03742321919159173 0.0 0.00017417493433310126 0.0 0.0 0.0071459866025132155 6.3313743302463214e-09 0.0 0.0 0.0040061339180784035 0.0025297978616546347 0.0 0.0 0.06472011658671921 0.0035986934972706787 0.0 0.0 0.003167832409207086 0.00645990678580649 0.0 0.0 0.20268393263383172 8.530603895873612e-08 0.0 0.0 0.047274691375268726 0.003397188052804959 0.0 0.0 0.16295820972690414 0.10850016849795406 0.0 0.0 0.062250468788192743 0.0 0.01112154321802724 0.0 0.0 0.0 0.011278684542470852 0.0 0.0 0.0 2.239529131379836e-07 0.0 0.0 0.0 0.008863645621677492 0.0 0.0 0.0 0.0 2.9809983944606006e-08 0.0 0.0 0.0 5.577626268237854e-07 0.0 0.0 0.0 6.599438118052331e-08 0.0 0.0 0.0 1.0906993057446583e-06 0.0 0.0002045508759396468 0.0 0.0 0.002882253031908618 1.145974445504569e-08 0.0 0.0 0.009434975005892994 0.0027316263387878337 0.0 0.0 0.07878185789107164 0.0026319598283464853 0.0 0.0 0.0009768843193041158 0.004131977035817533 0.0 0.0 0.12495346782571498 2.1379718945811535e-07 0.0 0.0 0.2300497455775113 0.011614219512237274 0.0 0.0 0.3009300162534368 0.12199666546605427 0.0 0.0 0.04464703131205185 0.0 0.09410562685670326 0.0 0.0 0.0 0.15957216924214804 0.0 0.0 0.0 1.4552916741831818e-06 0.0 0.0 0.0 0.09098449967334662 0.0 0.0 0.0 0.0 0.00690213987681421 0.0 0.0 0.0 0.007964105494840782 0.0 0.0 0.0 0.007093121884487635 0.0 0.0 0.0 0.05852833556580906 0.0 0.0007106203804767351 0.0 0.0 0.0537034097201138 7.28345579001661e-08 0.0 0.0 0.029255153185017747 0.0012560516718505533 0.0 0.0 0.021906418052923718 0.01729815707233031 0.0 0.0 0.011971763917031945 0.0003955380898394425 0.0 0.0 0.023299942322792463 6.835842440477511e-08 0.0 0.0 0.05397261903044704 0.0018585634990651175 0.0 0.0 0.03953130049869478 0.025534815900337765 0.0 0.0 0.010623160567232217
0.0 0.028848348871674118 0.0 0.0 0.0 0.003024216972151469 0.0 0.0 0.0 8.448834841778121e-08 0.0 0.0 0.0 0.007003267304225617 0.0 0.0 0.0 0.0 0.024665443577263448 0.0 0.0 0.0 0.037187469814019866 0.0 0.0 0.0 0.1011793082297271 0.0 0.0 0.0 0.14787052784989255 0.0 0.00043428878030726695 0.0 0.0 0.008733049809361354 2.998376113933745e-08 0.0 0.0 0.02361880088476199 0.0009363214296247419 0.0 0.0 0.016008941139276804 0.005247009803797596 0.0 0.0 0.011357373609155414 0.013741507698056434 0.0 0.0 0.3798334510804709 9.81695775905705e-08 0.0 0.0 0.0882547474481058 0.009111517562909332 0.0 0.0 0.22762967478566204 0.14686877131009085 0.0 0.0 0.08721401884917895 0.0 9.78303916683548e-08 0.0 0.0 0.0 6.241896222701544e-07 0.0 0.0 0.0 3.5444957792256312e-12 0.0 0.0 0.0 2.763639258819095e-07 0.0 0.0 0.0 0.0 3.201376755047693e-08 0.0 0.0 0.0 0.001980892473481637 0.0 0.0 0.0 0.06226766061021273 0.0 0.0 0.0 0.04826302915175987 0.0 5.6103927866336825e-05 0.0 0.0 0.00019706037867803163 6.87293641601312e-08 0.0 0.0 0.027415908177608007 0.0006658102950626735 0.0 0.0 0.013450342345396805 0.005681604410085046 0.0 0.0 0.0003854675182809713 0.010215091224430992 0.0 0.0 0.040226735715658046 7.070673013828265e-07 0.0 0.0 0.17338228372579298 0.008604506518866037 0.0 0.0 0.16848728568088034 0.026922695264815596 0.0 0.0 0.07083229056351048 0.0 0.038301497698406524 0.0 0.0 0.0 0.0047935789872413145 0.0 0.0 0.0 3.043734927600923e-07 0.0 0.0 0.0 0.016131505275505106 0.0 0.0 0.0 0.0 3.328142475870767e-06 0.0 0.0 0.0 3.951567314172137e-08 0.0 0.0 0.0 6.873099483811706e-07 0.0 0.0 0.0 1.0392576048836363e-06 0.0 0.0003623284780925505 0.0 0.0 0.009975083158282027 1.615650232255291e-14 0.0 0.0 0.001043554773042696 0.007574125507252592 0.0 0.0 0.08085884373781173 0.06334512991289343 0.0 0.0 0.05912296870052608 0.012210492787757146 0.0 0.0 0.3954033595521194 1.4395854293580145e-12 0.0 0.0 0.09555306890417235 0.016004818611031174 0.0 0.0 0.40251243136838966 0.2007155212443429 0.0 0.0 0.11693992542626123 0.0 0.23496782410730993 0.0 0.0 0.0 0.10469319410020674 0.0 0.0 0.0 4.705360316603643e-06 0.0 0.0 0.0 0.21963515993266897 0.0 0.0 0.0 0.0 0.03603132386627784 0.0 0.0 0.0 0.008683963979167392 0.0 0.0 0.0 0.05883437811802904 0.0 0.0 0.0 0.1392205429128513 0.0 0.0024561297596563964 0.0 0.0 0.08274480759874484 7.822910194985036e-08 0.0 0.0 0.047996176547656304 0.003641489526643209 0.0 0.0 0.1655640828861449 0.017065267297149828 0.0 0.0 0.01588710732701114 0.0005584701439428185 0.0 0.0 0.04880241325040911 1.6206922351550337e-08 0.0 0.0 0.04140705530011576 0.012688296883255942 0.0 0.0 0.16482801595195126 0.09345488425732702 0.0 0.0 0.02168824918091802
0.0 0.0061193749171793 0.0 0.0 0.0 0.003218950946643232 0.0 0.0 0.0 7.809807222268748e-08 0.0 0.0 0.0 0.003470916064305181 0.0 0.0 0.0 0.0 0.031049174595895512 0.0 0.0 0.0 0.02904866736487027 0.0 0.0 0.0 0.03462824911134466 0.0 0.0 0.0 0.015326234387935157 0.0 3.0356712563043456e-06 0.0 0.0 0.0010048353609629626 1.1993909536865604e-08 0.0 0.0 0.029671878691204863 0.00041655628039849403 0.0 0.0 0.007100326623306792 0.027370485361114513 0.0 0.0 0.004335044015953141 0.0010262952650091208 0.0 0.0 0.11572906172183535 1.8219165842597178e-07 0.0 0.0 0.12397844185027994 0.009694040913695608 0.0 0.0 0.19605159302460387 0.08017734412898095 0.0 0.0 0.024251753573849594 0.0 5.203387204978489e-07 0.0 0.0 0.0 8.335260220651714e-09 0.0 0.0 0.0 4.871149559299539e-12 0.0 0.0 0.0 7.927941414456168e-08 0.0 0.0 0.0 0.0 0.028650011582376185 0.0 0.0 0.0 0.024097821167632327 0.0 0.0 0.0 0.07024651984553393 0.0 0.0 0.0 0.07044949946733675 0.0 0.00020979259041728235 0.0 0.0 0.033938766152517834 1.7457702915327362e-09 0.0 0.0 0.0005653385207216065 0.00038122702711781633 0.0 0.0 0.044698057673572926 0.02527476833716394 0.0 0.0 0.00765666757766733 0.00352055121346714 0.0 0.0 0.150584846667495 1.741593382632738e-08 0.0 0.0 0.006323168321109407 0.01824871002891387 0.0 0.0 0.2692481070035504 0.039127257431359544 0.0 0.0 0.012423505439196791 0.0 0.01933459361011568 0.0 0.0 0.0 0.009594527692194085 0.0 0.0 0.0 1.2470876709341552e-07 0.0 0.0 0.0 0.0048306841098881515 0.0 0.0 0.0 0.0 2.180663632201747e-08 0.0 0.0 0.0 8.604472444941696e-08 0.0 0.0 0.0 4.637501736037162e-08 0.0 0.0 0.0 3.0686388328363405e-08 0.0 0.0001590815697140852 0.0 0.0 0.004937475357562457 1.1046651455725538e-08 0.0 0.0 0.031929813458540526 0.0007123519888928554 0.0 0.0 0.0236217200988905 0.03281715586899702 0.0 0.0 0.010697205942587128 0.006905560521833415 0.0 0.0 0.185567755679132 2.2578328719916004e-07 0.0 0.0 0.20636618002602386 0.005793990040600384 0.0 0.0 0.1867762553328257 0.08217410740841612 0.0 0.0 0.02441259351586175 0.0 0.08459783659403014 0.0 0.0 0.0 0.17726108300344737 0.0 0.0 0.0 0.0 0.0 0.0 0.0 0.09939991972390644 0.0 0.0 0.0 0.0 0.01020296601319859 0.0 0.0 0.0 0.052060806798031184 0.0 0.0 0.0 0.0 0.0 0.0 0.0 0.04543782636628412 0.0 0.0006584463801508207 0.0 0.0 0.04323768996051815 1.5834196138990713e-09 0.0 0.0 0.02374829971623373 0.0 0.0 0.0 0.0 0.047856885193559524 0.0 0.0 0.015712268074062567 0.0003265568143517681 0.0 0.0 0.0159082817698891 6.932412731661838e-08 0.0 0.0 0.05679329463901778 0.0 0.0 0.0 0.0 0.02646083559179235 0.0 0.0 0.013023109101816673
0.0 0.0035686588776199786 0.0 0.0 0.0 0.0034664109633174146 0.0 0.0 0.0 9.4460272700366e-08 0.0 0.0 0.0 0.0033798692422891234 0.0 0.0 0.0 0.0 0.013437371481992104 0.0 0.0 0.0 0.04932566855779221 0.0 0.0 0.0 0.0482838264182061 0.0 0.0 0.0 0.11561839714131518 0.0 1.9702853090419166e-09 0.0 0.0 0.0070983177209343554 1.367453121362517e-09 0.0 0.0 0.0006967922014573723 0.0008336227901555876 0.0 0.0 0.012603795950078956 0.03990545880140165 0.0 0.0 0.016105634675816497 2.021396590878064e-08 0.0 0.0 0.07279767333554296 1.2562235078413563e-07 0.0 0.0 0.0918640666881399 0.011513439799997537 0.0 0.0 0.2174713513823108 0.08538473084661495 0.0 0.0 0.03031204009358433 0.0 5.986448980541054e-08 0.0 0.0 0.0 1.6137761817319126e-07 0.0 0.0 0.0 7.449788764902647e-12 0.0 0.0 0.0 1.9855528742504667e-07 0.0 0.0 0.0 0.0 0.034801572895475204 0.0 0.0 0.0 0.07279466388035355 0.0 0.0 0.0 0.14829445255027857 0.0 0.0 0.0 0.12396152037348694 0.0 4.2952768256227737e-10 0.0 0.0 1.0989748249789042e-08 2.621994110562781e-13 0.0 0.0 0.007134023529896917 0.006956941339738026 0.0 0.0 0.09807603856953863 0.09863746080414736 0.0 0.0 0.02874431630042912 0.0004597988119903007 0.0 0.0 0.013189578808939032 1.7982191747563608e-08 0.0 0.0 0.11387522043035854 0.021474649742435563 0.0 0.0 0.4035122229929434 0.14563589354553672 0.0 0.0 0.039079806622644944 0.0 0.029793156669541757 0.0 0.0 0.0 0.01469932758115764 0.0 0.0 0.0 1.2301915822132975e-07 0.0 0.0 0.0 0.009410630492333162 0.0 0.0 0.0 0.0 4.8818847298185193e-08 0.0 0.0 0.0 1.5823537778595492e-07 0.0 0.0 0.0 3.6091371150916606e-08 0.0 0.0 0.0 5.730031408246834e-08 0.0 0.0014292769538943556 0.0 0.0 0.08672500510144111 4.7510796726226854e-08 0.0 0.0 0.05733762297405057 0.0006151901335181184 0.0 0.0 0.01412299880374712 0.02758567111135667 0.0 0.0 0.008890679855945932 0.006114179398184785 0.0 0.0 0.26354650745945296 1.094539258665668e-07 0.0 0.0 0.2671198868458834 0.009854242936330799 0.0 0.0 0.1692114962165558 0.18599030922588608 0.0 0.0 0.05882878281518575 0.0 0.18356724433162308 0.0 0.0 0.0 0.36331863647905316 0.0 0.0 0.0 8.295902960706435e-08 0.0 0.0 0.0 0.1852048317929637 0.0 0.0 0.0 0.0 0.02190632201335395 0.0 0.0 0.0 0.11887389427445133 0.0 0.0 0.0 0.00012817738489479335 0.0 0.0 0.0 0.05708713641017331 0.0 0.00027428932842636693 0.0 0.0 0.010633876781188661 4.56058329160847e-08 0.0 0.0 0.12608944153355062 0.0025510435613660416 0.0 0.0 0.04366954751817497 0.08701982818360744 0.0 0.0 0.02642903871314251 0.0006249894712553653 0.0 0.0 0.025248387075003972 1.346060375858152e-07 0.0 0.0 0.11848317450362861 0.00010410745864910708 0.0 0.0 0.001998062918055777 0.06193144304411866 0.0 0.0 0.01838691805752696
0.0 0.0003876296130998827 0.0 0.0 0.0 0.0005174837296222174 0.0 0.0 0.0 3.241343940106775e-08 0.0 0.0 0.0 0.0014048940558442477 0.0 0.0 0.0 0.0 0.05001697962988949 0.0 0.0 0.0 4.6621897494189034e-08 0.0 0.0 0.0 0.10677590014236582 0.0 0.0 0.0 0.10826915205854125 0.0 6.962036443924885e-06 0.0 0.0 0.02312481425340731 1.247865062718188e-07 0.0 0.0 0.029148598771955317 0.0007664818910270864 0.0 0.0 0.020686064609734735 0.052171689386876684 0.0 0.0 0.012796092295595468 0.0003327415381136303 0.0 0.0 0.010397215323087721 4.760371712915121e-08 0.0 0.0 0.012466869683322562 0.0022593829938719304 0.0 0.0 0.08017799393466596 0.026053589227633133 0.0 0.0 0.009970438960614109 0.0 9.79278892319628e-08 0.0 0.0 0.0 2.123500377821211e-07 0.0 0.0 0.0 3.4600492912902256e-12 0.0 0.0 0.0 3.707620154759408e-07 0.0 0.0 0.0 0.0 0.05727546274325365 0.0 0.0 0.0 0.003340847570682543 0.0 0.0 0.0 0.04198961425647641 0.0 0.0 0.0 0.04475816546460107 0.0 0.00010651388540896824 0.0 0.0 0.0026529499926167322 4.58781072985428e-12 0.0 0.0 1.4519408991771894e-06 0.0024501335062602565 0.0 0.0 0.06680913217631396 0.0031379950629638344 0.0 0.0 0.0006616359814149199 0.0008891207264169646 0.0 0.0 0.023342197118456434 1.9323731309351405e-07 0.0 0.0 0.08092363729052156 0.005922018581678654 0.0 0.0 0.051361786263894586 0.16035446358774966 0.0 0.0 0.043886396323380934 0.0 0.0 0.0 0.0 0.0 0.005022465980097135 0.0 0.0 0.0 1.4668879971763962e-07 0.0 0.0 0.0 0.02966815039842793 0.0 0.0 0.0 0.0 0.0 0.0 0.0 0.0 1.4217232458878741e-06 0.0 0.0 0.0 2.190901828674644e-07 0.0 0.0 0.0 4.419107166412419e-06 0.0 0.0 0.0 0.0 0.0 2.9700500258132862e-08 0.0 0.0 0.03839582504486983 0.005896712675356622 0.0 0.0 0.03888938500354402 0.3145974421443507 0.0 0.0 0.061876160748277675 0.0 0.0 0.0 0.0 3.9927327470315e-08 0.0 0.0 0.08297973121502236 0.008504882614395592 0.0 0.0 0.07310816751878413 0.19215629087926295 0.0 0.0 0.160094618268892 0.0 0.2863685076244355 0.0 0.0 0.0 0.14182392797525656 0.0 0.0 0.0 5.88081489599976e-06 0.0 0.0 0.0 0.4729348568503538 0.0 0.0 0.0 0.0 0.044944367070316876 0.0 0.0 0.0 0.07247749663463972 0.0 0.0 0.0 0.3108898218278739 0.0 0.0 0.0 0.08364503903146599 0.0 0.00018350547470894027 0.0 0.0 0.03848440222397591 1.3635673207129224e-07 0.0 0.0 0.07547084632703056 0.0008483699362577231 0.0 0.0 0.025510739452675103 0.08544305558102204 0.0 0.0 0.030534530278424944 0.0009729788929880132 0.0 0.0 0.05037795068378452 1.0942671843436203e-07 0.0 0.0 0.04729285285579051 0.008042780868476922 0.0 0.0 0.160300461464072 0.06721839433192853 0.0 0.0 0.06075437667020331
0.0 0.00875440479337435 0.0 0.0 0.0 0.0031646016270534443 0.0 0.0 0.0 3.424949382505527e-08 0.0 0.0 0.0 0.005599461790891379 0.0 0.0 0.0 0.0 0.010852669089232906 0.0 0.0 0.0 0.09870316526423004 0.0 0.0 0.0 0.08336283352219005 0.0 0.0 0.0 0.07430389410351919 0.0 0.0003218051440673903 0.0 0.0 0.007172861248379669 3.9959286838103055e-08 0.0 0.0 0.036617287737827506 0.0008525391749895893 0.0 0.0 0.030799746004665 0.037969540810481525 0.0 0.0 0.007353140679432506 0.006355258960211345 0.0 0.0 0.1763379519405209 1.7500902875216203e-08 0.0 0.0 0.11326882932164323 0.006395216371141985 0.0 0.0 0.04642559161814881 0.10661999131307674 0.0 0.0 0.06186690294869987 0.0 1.632373337806288e-07 0.0 0.0 0.0 2.328198921874792e-07 0.0 0.0 0.0 2.910592345501301e-12 0.0 0.0 0.0 1.8491424471945612e-07 0.0 0.0 0.0 0.0 4.5547371187132e-08 0.0 0.0 0.0 0.05615172143062546 0.0 0.0 0.0 0.025377530732931523 0.0 0.0 0.0 0.07394842830011492 0.0 3.0448468595190425e-10 0.0 0.0 1.0517450222111134e-08 1.053204871221568e-07 0.0 0.0 0.05768408022103113 0.004917862669791538 0.0 0.0 0.12163047277685642 0.052891753044245905 0.0 0.0 0.021439720929311977 0.0010561832439503855 0.0 0.0 0.04090258738456705 2.0492241298053958e-07 0.0 0.0 0.09595860646133766 0.0031267432764319858 0.0 0.0 0.13866032218717914 0.07310993312645934 0.0 0.0 0.030363921096567 0.0 0.011386861872757786 0.0 0.0 0.0 0.0 0.0 0.0 0.0 1.671698526658028e-07 0.0 0.0 0.0 0.02133642073034492 0.0 0.0 0.0 0.0 6.995284148616012e-09 0.0 0.0 0.0 0.0 0.0 0.0 0.0 1.070703467623018e-06 0.0 0.0 0.0 4.702728210289862e-06 0.0 0.002253223881002644 0.0 0.0 0.034126387011924844 0.0 0.0 0.0 0.0 0.0038942030830493956 0.0 0.0 0.051232937256575156 0.013793842425873757 0.0 0.0 0.010682840851246024 0.0034998800923272144 0.0 0.0 0.07461061085217534 0.0 0.0 0.0 0.0 0.00864595402659344 0.0 0.0 0.18797960917140563 0.23966113480251802 0.0 0.0 0.13411096081338014 0.0 0.23814234609312224 0.0 0.0 0.0 0.15252652580379158 0.0 0.0 0.0 5.579004704978291e-06 0.0 0.0 0.0 0.33033722480167205 0.0 0.0 0.0 0.0 0.10390039830003302 0.0 0.0 0.0 0.13876567674558457 0.0 0.0 0.0 0.007241999551082606 0.0 0.0 0.0 0.10736521764045284 0.0 0.0033450364285384127 0.0 0.0 0.10819302913445991 1.3198808790922955e-07 0.0 0.0 0.039677961431048646 0.0007284108308418446 0.0 0.0 0.004691056302055286 0.06118893864681346 0.0 0.0 0.03779767801045176 0.0006870861252948609 0.0 0.0 0.04923998674043935 9.053054473893972e-08 0.0 0.0 0.0466605256173583 0.004162520340115598 0.0 0.0 0.06708841444151434 0.1357765415338221 0.0 0.0 0.04083723336446218
0.0 0.0013111135492830548 0.0 0.0 0.0 0.0036543208626667696 0.0 0.0 0.0 6.225404099892362e-08 0.0 0.0 0.0 0.00030991291338030376 0.0 0.0 0.0 0.0 0.0023924322039895556 0.0 0.0 0.0 0.03366112006859287 0.0 0.0 0.0 0.08395867224961848 0.0 0.0 0.0 0.06718206513297446 0.0 1.3768776902368532e-19 0.0 0.0 4.1386612991718315e-13 3.1644348854253265e-09 0.0 0.0 0.002508775044316529 0.00027090575359479935 0.0 0.0 0.02180572147963467 0.015380472034104378 0.0 0.0 0.0030032530239347 8.111023765512478e-09 0.0 0.0 0.027334220543368634 1.9587832606136073e-07 0.0 0.0 0.11536445702205729 0.006582855161634332 0.0 0.0 0.1667217527741866 0.03407732558022037 0.0 0.0 0.004198068947701255 0.0 3.107134066158226e-07 0.0 0.0 0.0 1.7958831612449435e-07 0.0 0.0 0.0 3.645290739344783e-12 0.0 0.0 0.0 1.8579781529957464e-08 0.0 0.0 0.0 0.0 0.003961422733908574 0.0 0.0 0.0 0.004294061792077052 0.0 0.0 0.0 0.05126073421104411 0.0 0.0 0.0 0.02728718360750972 0.0 0.0001043212994694838 0.0 0.0 0.0036225593402215294 2.64969475165868e-13 0.0 0.0 0.004588886578262616 0.0014902786393357547 0.0 0.0 0.05387872946968441 0.02062454360176708 0.0 0.0 0.004540306216103096 0.001855012233909922 0.0 0.0 0.11460747131139935 3.826157551577407e-08 0.0 0.0 0.11526793141181921 0.007867215207478948 0.0 0.0 0.22691856095767904 0.007476745162432273 0.0 0.0 0.002146751648564001 0.0 0.014365092908609602 0.0 0.0 0.0 0.009697807231447053 0.0 0.0 0.0 3.5054474023365447e-07 0.0 0.0 0.0 0.010696128057490303 0.0 0.0 0.0 0.0 3.6578617574133735e-08 0.0 0.0 0.0 1.0489446543749076e-07 0.0 0.0 0.0 1.6719496312899918e-07 0.0 0.0 0.0 1.4481696277190116e-07 0.0 6.00574672060089e-05 0.0 0.0 0.0037848129725970973 5.844386842500305e-08 0.0 0.0 0.027882551790154343 0.002485353477662526 0.0 0.0 0.09873471992105114 9.78914362788414e-08 0.0 0.0 2.4747024096460345e-08 0.002928158984119718 0.0 0.0 0.1340507131292444 1.945565566913181e-07 0.0 0.0 0.1796837039400601 0.015967895674291476 0.0 0.0 0.5035670013488687 0.1795249638323326 0.0 0.0 0.058080835919384864 0.0 0.16513760666351246 0.0 0.0 0.0 0.07345109466210951 0.0 0.0 0.0 5.110217565970995e-08 0.0 0.0 0.0 0.08385406758242954 0.0 0.0 0.0 0.0 0.03188893399345595 0.0 0.0 0.0 0.05089433838997359 0.0 0.0 0.0 8.306981224229323e-05 0.0 0.0 0.0 0.011993784937409853 0.0 2.5666350915902796e-05 0.0 0.0 0.024273354918941163 1.5638418927277248e-09 0.0 0.0 0.0033913695499021416 0.0013813169107483659 0.0 0.0 0.028293784760264343 0.03385144235562107 0.0 0.0 0.015246242084621924 0.00030217559839648277 0.0 0.0 0.026674457739408967 1.7016281119929637e-08 0.0 0.0 0.02745205085828601 5.339278676275163e-05 0.0 0.0 0.001226159035885455 0.03150722955231315 0.0 0.0 0.009773879936077584
0.0 0.0059983999174801905 0.0 0.0 0.0 0.0027974217163769053 0.0 0.0 0.0 4.4530554481494264e-08 0.0 0.0 0.0 0.0012144562734977744 0.0 0.0 0.0 0.0 0.03831636544440981 0.0 0.0 0.0 0.03690782040184403 0.0 0.0 0.0 0.0819658720061623 0.0 0.0 0.0 0.0033277593723242643 0.0 4.032856061166273e-05 0.0 0.0 0.03759399318281079 9.379032682901395e-14 0.0 0.0 0.004842316632488428 0.0005026140963690876 0.0 0.0 0.01632846488952455 1.2869594966353104e-08 0.0 0.0 3.6035730178025587e-09 0.0015811001279611473 0.0 0.0 0.09735096565624718 1.830292696236691e-08 0.0 0.0 0.10618671702087058 0.003990936694133494 0.0 0.0 0.13838693830261714 0.01948703261623754 0.0 0.0 0.0061175940796925725 0.0 0.0 0.0 0.0 0.0 2.228245625485499e-08 0.0 0.0 0.0 5.234003801402316e-12 0.0 0.0 0.0 3.503971577383767e-08 0.0 0.0 0.0 0.0 0.0 0.0 0.0 0.0 0.02272742365413644 0.0 0.0 0.0 0.046758375565719386 0.0 0.0 0.0 0.022490898609425925 0.0 0.0 0.0 0.0 0.0 1.5893419257260967e-09 0.0 0.0 0.023904691723741423 0.0014721651950321485 0.0 0.0 0.034975870260023016 0.004428777604551506 0.0 0.0 0.0010069712808127018 0.0 0.0 0.0 0.0 7.514860643590033e-09 0.0 0.0 0.013661570865303624 0.012846942354772755 0.0 0.0 0.26570895239826037 0.02588172645488356 0.0 0.0 0.006485308640450806 0.0 0.02005590922377162 0.0 0.0 0.0 0.004699922800964894 0.0 0.0 0.0 2.2374489504022534e-07 0.0 0.0 0.0 0.014496871496797945 0.0 0.0 0.0 0.0 6.573528253189363e-08 0.0 0.0 0.0 2.476597378989121e-07 0.0 0.0 0.0 2.337038577758939e-07 0.0 0.0 0.0 2.231708777732262e-07 0.0 0.00010654948708179322 0.0 0.0 0.0013392361423964164 1.2904998460488017e-12 0.0 0.0 0.05051183072078585 0.0012414017224477523 0.0 0.0 0.09330260536558006 0.04651193699559977 0.0 0.0 0.010595218785759062 0.007476853054914109 0.0 0.0 0.18204939806099443 1.8067412899631887e-12 0.0 0.0 0.09552229289001478 0.01854660190010966 0.0 0.0 0.3994055334167518 0.20731622987808776 0.0 0.0 0.052694966636999165 0.0 0.13446350808348856 0.0 0.0 0.0 0.08447933102948368 0.0 0.0 0.0 4.445851819108082e-07 0.0 0.0 0.0 0.14311565108919722 0.0 0.0 0.0 0.0 0.020991302655373946 0.0 0.0 0.0 0.006152985937784347 0.0 0.0 0.0 0.06881282028714118 0.0 0.0 0.0 0.06286990501890927 0.0 0.0003538620481403995 0.0 0.0 0.026310472061470292 1.9466649148316327e-13 0.0 0.0 7.873327078607072e-08 0.00043936545698735534 0.0 0.0 0.008321943397313772 0.03667852373272536 0.0 0.0 0.016584540741434613 0.0004516291592002411 0.0 0.0 0.02845723769676749 2.991689080285669e-08 0.0 0.0 0.02995500964205623 0.0005772742877060791 0.0 0.0 0.0122887284304301 0.021754694635670976 0.0 0.0 0.02046527293126383
0.0 0.006920692562924623 0.0 0.0 0.0 0.0011213461141967357 0.0 0.0 0.0 1.4680575000739972e-07 0.0 0.0 0.0 0.004783616354732293 0.0 0.0 0.0 0.0 0.10341227385149213 0.0 0.0 0.0 0.02908047596592818 0.0 0.0 0.0 0.038264313768809635 0.0 0.0 0.0 0.04368996752933936 0.0 5.094405263041766e-05 0.0 0.0 0.02580945792937762 3.703764752396202e-10 0.0 0.0 0.02511572067536443 0.011448507409074384 0.0 0.0 0.0438371367928738 0.003126431265532291 0.0 0.0 0.004372384184115712 0.0018223201829408384 0.0 0.0 0.1422394653316093 7.185608869110895e-09 0.0 0.0 0.03810083432551695 0.02394477507637581 0.0 0.0 0.225039197149419 0.03680032385060967 0.0 0.0 0.06292458454399 0.0 7.6117665156139e-08 0.0 0.0 0.0 8.883566417883339e-08 0.0 0.0 0.0 3.477245347929316e-12 0.0 0.0 0.0 2.8612420956974744e-07 0.0 0.0 0.0 0.0 7.554936550276529e-09 0.0 0.0 0.0 0.04969739926898248 0.0 0.0 0.0 0.04271840163505658 0.0 0.0 0.0 0.0034566712103688895 0.0 1.0734817931876738e-05 0.0 0.0 0.00021934460208163282 6.378694586969162e-08 0.0 0.0 0.027541319928077238 0.001905640061395703 0.0 0.0 0.03409164734596094 0.021399303973351352 0.0 0.0 0.004712374437658823 0.0012928102732294364 0.0 0.0 0.029616488179819222 6.01188573521448e-08 0.0 0.0 0.04731891424412838 0.007328129345372731 0.0 0.0 0.19421133551971168 0.0424513828634621 0.0 0.0 0.021398366027940863 0.0 0.03779714959254386 0.0 0.0 0.0 0.010214267562743113 0.0 0.0 0.0 1.7086934216634667e-07 0.0 0.0 0.0 0.013666769729354591 0.0 0.0 0.0 0.0 1.2514197116170796e-06 0.0 0.0 0.0 7.752284473400156e-07 0.0 0.0 0.0 1.3409983075173578e-06 0.0 0.0 0.0 1.2495783653580097e-07 0.0 0.001342447591602711 0.0 0.0 0.032375041789239875 1.4486402289234795e-12 0.0 0.0 0.0025956942549732083 0.00031393786276214084 0.0 0.0 0.02258988403523429 0.02034149075778781 0.0 0.0 0.00939540443575034 0.00524088214258794 0.0 0.0 0.23463784292095272 3.0213327658907467e-07 0.0 0.0 0.14288626854743045 0.012890230468191212 0.0 0.0 0.27559905122280137 0.14559457176406965 0.0 0.0 0.09125679226617597 0.0 0.1603588876856657 0.0 0.0 0.0 0.08453677715674045 0.0 0.0 0.0 3.1851416532498015e-06 0.0 0.0 0.0 0.04768539707244706 0.0 0.0 0.0 0.0 0.006037853626904737 0.0 0.0 0.0 0.011101778490045464 0.0 0.0 0.0 0.010731522468672943 0.0 0.0 0.0 0.03826491469512037 0.0 0.0011788598056889606 0.0 0.0 0.016139111248171738 5.59997322468203e-13 0.0 0.0 0.03231297346657531 0.0014262689824658563 0.0 0.0 0.03089752166325392 0.0007478963419800488 0.0 0.0 0.0027090468839693314 0.0012695725658839186 0.0 0.0 0.032991945887332084 1.7483942357254758e-08 0.0 0.0 0.027745761130455793 0.0037464550611574264 0.0 0.0 0.10889235441111594 0.022122846239713532 0.0 0.0 0.013027744949425109
0.0 0.01156505489286653 0.0 0.0 0.0 0.0024484889069455334 0.0 0.0 0.0 1.9222640185193196e-08 0.0 0.0 0.0 0.002221488828183154 0.0 0.0 0.0 0.0 0.013981136234977192 0.0 0.0 0.0 0.05761912824143574 0.0 0.0 0.0 0.02442221538471464 0.0 0.0 0.0 0.03587290847886616 0.0 0.0010778685181049414 0.0 0.0 0.006475590986103723 1.5324157782563426e-08 0.0 0.0 0.019192891533638335 0.001461045439730393 0.0 0.0 0.04119641005701651 0.0027473156880272187 0.0 0.0 0.0012822801752894225 0.005252284483182673 0.0 0.0 0.14456213393066325 7.228787131950555e-08 0.0 0.0 0.07316779457753325 0.0013099121523565643 0.0 0.0 0.05355311044080728 0.05267829334432073 0.0 0.0 0.027140426182578902 0.0 6.118008884356162e-08 0.0 0.0 0.0 4.415887966755917e-08 0.0 0.0 0.0 4.363934935367073e-12 0.0 0.0 0.0 2.311175309249204e-07 0.0 0.0 0.0 0.0 0.007553425465514256 0.0 0.0 0.0 0.021872957985035905 0.0 0.0 0.0 0.06847346726364734 0.0 0.0 0.0 0.05136301310207139 0.0 0.0014069606017775395 0.0 0.0 0.024937006166115314 1.2840353799606702e-13 0.0 0.0 0.0051032226865549 0.0035820535487817978 0.0 0.0 0.06060378036648365 0.022559208345669914 0.0 0.0 0.014159635413371468 0.0016274013260539832 0.0 0.0 0.02544650160908284 7.120046888425945e-13 0.0 0.0 0.0339951315173219 0.008324030388064368 0.0 0.0 0.2248448065204557 0.08836200001008612 0.0 0.0 0.03695565923148496 0.0 0.008049792765393133 0.0 0.0 0.0 0.008651898105822821 0.0 0.0 0.0 1.375247475910187e-07 0.0 0.0 0.0 0.00797702681010302 0.0 0.0 0.0 0.0 2.5373740844345493e-08 0.0 0.0 0.0 2.4688813341723015e-08 0.0 0.0 0.0 2.578544005698288e-08 0.0 0.0 0.0 8.090327933701104e-08 0.0 9.65101692847301e-10 0.0 0.0 1.2143631428119943e-08 3.888650900925505e-08 0.0 0.0 0.021351676901807736 0.0014446900598936144 0.0 0.0 0.014279116578728329 0.04291895540208053 0.0 0.0 0.010427649849902213 0.0038910770100358295 0.0 0.0 0.07951612626504626 1.2918873029563944e-07 0.0 0.0 0.1224246230998988 0.009896681472309236 0.0 0.0 0.15729341762477955 0.1123175395122309 0.0 0.0 0.03975849474261878 0.0 0.10349438351950001 0.0 0.0 0.0 0.13816243264462086 0.0 0.0 0.0 0.0 0.0 0.0 0.0 0.2340371825071285 0.0 0.0 0.0 0.0 0.0478435414190615 0.0 0.0 0.0 0.05285975621359798 0.0 0.0 0.0 0.0 0.0 0.0 0.0 0.14353263163028607 0.0 0.002017299219072238 0.0 0.0 0.04301719652431452 5.202550822243016e-08 0.0 0.0 0.0947949583894631 0.0 0.0 0.0 0.0 0.07054675892245293 0.0 0.0 0.020392369033691925 0.0005164338597086427 0.0 0.0 0.016510892678557862 2.874724633335613e-08 0.0 0.0 0.04952523189704386 0.0 0.0 0.0 0.0 0.08356392744638097 0.0 0.0 0.027155015772071196
0.0 0.0073491418281736755 0.0 0.0 0.0 0.002607729198918288 0.0 0.0 0.0 8.6122495585188e-08 0.0 0.0 0.0 0.0002763514377314 0.0 0.0 0.0 0.0 0.009613489968300346 0.0 0.0 0.0 0.049465937245269265 0.0 0.0 0.0 0.020433515553107916 0.0 0.0 0.0 0.056066669591629245 0.0 0.00012439789292534992 0.0 0.0 0.0065974864815763375 1.8808880110836867e-14 0.0 0.0 0.00024039086892286567 0.0003415729860706413 0.0 0.0 0.00425815316699592 0.0004662719691244305 0.0 0.0 0.00017528481006572213 0.004332468638537281 0.0 0.0 0.1601475713219463 1.7328208059371218e-08 0.0 0.0 0.09821757026383005 0.01781674230161528 0.0 0.0 0.2958461309063412 0.01510846364455348 0.0 0.0 0.003172780999479412 0.0 9.899657059934744e-08 0.0 0.0 0.0 2.4752591176253266e-07 0.0 0.0 0.0 5.817302201448066e-12 0.0 0.0 0.0 8.807973156566564e-08 0.0 0.0 0.0 0.0 0.0018163266581567026 0.0 0.0 0.0 0.1392464842583039 0.0 0.0 0.0 0.04951769389080546 0.0 0.0 0.0 0.009554364365851435 0.0 0.0008481611665875036 0.0 0.0 0.03215405190252612 7.700818355506915e-08 0.0 0.0 0.06282316147721757 0.001518238766808554 0.0 0.0 0.06483070413859758 0.08850954614650115 0.0 0.0 0.02043397483858306 0.00010396366484779957 0.0 0.0 0.040343220063894944 1.291107709133871e-07 0.0 0.0 0.13662610165623876 0.009517665744100226 0.0 0.0 0.28857772094308104 0.05527420576745982 0.0 0.0 0.014392376933332113 0.0 0.02719397673705306 0.0 0.0 0.0 0.0063445411173471515 0.0 0.0 0.0 2.079981138934068e-07 0.0 0.0 0.0 0.011862693274339324 0.0 0.0 0.0 0.0 8.635139400120916e-08 0.0 0.0 0.0 6.098054864048201e-08 0.0 0.0 0.0 5.2717007302227e-08 0.0 0.0 0.0 1.3951357949301221e-07 0.0 0.00019329761526088457 0.0 0.0 0.013659803997720559 7.120178710462828e-13 0.0 0.0 0.02444468316582056 0.0014187223842152211 0.0 0.0 0.023151866114038723 0.01028731777021993 0.0 0.0 0.0025243564741447124 0.003533170273942418 0.0 0.0 0.29411586606125567 1.309034410518581e-07 0.0 0.0 0.11974222873729795 0.013336496186375802 0.0 0.0 0.30078885563687563 0.21342150445750133 0.0 0.0 0.06296727832054991 0.0 0.10103639479650944 0.0 0.0 0.0 0.19118235133094033 0.0 0.0 0.0 4.543610265613411e-08 0.0 0.0 0.0 0.14647053198180068 0.0 0.0 0.0 0.0 0.0007736551978490285 0.0 0.0 0.0 0.08240543296088328 0.0 0.0 0.0 0.005728785361211924 0.0 0.0 0.0 0.07251475380488666 0.0 0.0007399799633076061 0.0 0.0 0.03029495785089202 1.3849475573562116e-08 0.0 0.0 0.045730236108850145 0.0013921281779172312 0.0 0.0 0.029051731691416435 0.030601601332749556 0.0 0.0 0.008747793306440273 0.0003578693719101059 0.0 0.0 0.017328787724699153 6.640722124974838e-08 0.0 0.0 0.057011011605547744 5.98525797504717e-05 0.0 0.0 0.0014003679798931126 0.031234326051439297 0.0 0.0 0.011494283333018177
0.0 0.007345036139013641 0.0 0.0 0.0 0.0014686664139092842 0.0 0.0 0.0 7.002090778683946e-08 0.0 0.0 0.0 0.005898220955339048 0.0 0.0 0.0 0.0 0.08618654898730643 0.0 0.0 0.0 0.035576659650079306 0.0 0.0 0.0 0.039974526806370377 0.0 0.0 0.0 0.06444512138444412 0.0 0.00010605024551344924 0.0 0.0 0.0032089269395391266 1.2266269440493142e-08 0.0 0.0 0.015495115813613923 0.004661734540888621 0.0 0.0 0.052669791053538556 0.014050410735476302 0.0 0.0 0.036856905165356946 0.0035523090338266203 0.0 0.0 0.11317553111498867 1.8833545316596165e-09 0.0 0.0 0.05424674520286759 0.012737081589837147 0.0 0.0 0.17472266593537483 0.11693352744740214 0.0 0.0 0.08217741800226357 0.0 7.048557136591043e-07 0.0 0.0 0.0 3.317153138116294e-07 0.0 0.0 0.0 4.5441622834034385e-12 0.0 0.0 0.0 1.4896047165129977e-07 0.0 0.0 0.0 0.0 0.022811574594494878 0.0 0.0 0.0 0.0269343332253211 0.0 0.0 0.0 0.050939524302967075 0.0 0.0 0.0 0.02831962487502769 0.0 0.00014220294694988097 0.0 0.0 0.0045881322676214545 2.8445385473396174e-08 0.0 0.0 0.02999649226089506 0.0019548077738102063 0.0 0.0 0.02854365337982966 0.026816989351889874 0.0 0.0 0.006122780477019818 0.0028664059266848133 0.0 0.0 0.0763781806386293 7.102185583058728e-07 0.0 0.0 0.192238240338079 0.015739536257029122 0.0 0.0 0.22318408197210204 0.08596594142885497 0.0 0.0 0.030753183623559457 0.0 0.02468338833437704 0.0 0.0 0.0 0.014125919238499412 0.0 0.0 0.0 6.308155404138806e-08 0.0 0.0 0.0 0.008516187724706692 0.0 0.0 0.0 0.0 8.341972089866076e-07 0.0 0.0 0.0 1.5132353835333592e-06 0.0 0.0 0.0 1.5728132142612435e-08 0.0 0.0 0.0 1.6026239411395895e-07 0.0 0.00011593988610854433 0.0 0.0 0.0069367811222799 9.291076635455242e-09 0.0 0.0 0.034370453358001665 2.9644920501727363e-08 0.0 0.0 0.04363465143306031 0.01200938400984015 0.0 0.0 0.004065504432499039 0.00408368552381014 0.0 0.0 0.2489452408831328 1.995528944480824e-07 0.0 0.0 0.20067204152769713 0.004674723377030385 0.0 0.0 0.09407345170876141 0.11199296944955682 0.0 0.0 0.041394462837826634 0.0 0.19415372749909593 0.0 0.0 0.0 0.11341013963008822 0.0 0.0 0.0 2.3014468376242087e-06 0.0 0.0 0.0 0.12665348228074835 0.0 0.0 0.0 0.0 0.01804998898118605 0.0 0.0 0.0 0.03565258079261748 0.0 0.0 0.0 0.00300859893242566 0.0 0.0 0.0 0.061250291956704055 0.0 0.002069198880841325 0.0 0.0 0.05888976237196521 5.8560838545592396e-08 0.0 0.0 0.05696839380157503 6.00018594969052e-08 0.0 0.0 5.67715778910302e-07 0.025968020057925725 0.0 0.0 0.00903867702998886 0.001776201085434988 0.0 0.0 0.04542272487175867 1.6531766590376496e-07 0.0 0.0 0.04313879810076763 0.0059610790787191555 0.0 0.0 0.0622188603111085 0.04854007121383865 0.0 0.0 0.013315327407711882
0.0 0.0029659345463905885 0.0 0.0 0.0 0.003294628612719165 0.0 0.0 0.0 1.2845804445103154e-07 0.0 0.0 0.0 0.004387215310969481 0.0 0.0 0.0 0.0 0.037693070318453904 0.0 0.0 0.0 0.04900753546349148 0.0 0.0 0.0 0.06141170507925903 0.0 0.0 0.0 0.06087243661695846 0.0 5.340712755221627e-05 0.0 0.0 0.03925222250114743 6.15441123214115e-08 0.0 0.0 0.019779835905553357 0.00048720211471177296 0.0 0.0 0.004604996493794125 4.537270581721987e-09 0.0 0.0 6.220181858389437e-10 0.000415400313297219 0.0 0.0 0.06306324177265772 1.685353461163314e-07 0.0 0.0 0.1191754720447764 0.022903521517180746 0.0 0.0 0.388736701602007 0.015262806882393771 0.0 0.0 0.0629208126098886 0.0 3.113982637162606e-07 0.0 0.0 0.0 0.0 0.0 0.0 0.0 2.1014555868450572e-12 0.0 0.0 0.0 3.799038360784157e-07 0.0 0.0 0.0 0.0 0.005087779845564701 0.0 0.0 0.0 0.0 0.0 0.0 0.0 0.03784087122351022 0.0 0.0 0.0 0.02140369894078395 0.0 0.00028361447243099684 0.0 0.0 0.005469933927660395 0.0 0.0 0.0 0.0 0.0018369079338109219 0.0 0.0 0.050751135224540465 0.07930617351231778 0.0 0.0 0.01448676537893493 0.0018172553148423324 0.0 0.0 0.130784381620737 0.0 0.0 0.0 0.0 0.032816866759276225 0.0 0.0 0.11582634648925919 0.13948644965210152 0.0 0.0 0.03220308577102387 0.0 0.06224017929631005 0.0 0.0 0.0 0.01029655909006846 0.0 0.0 0.0 4.2882509691361546e-07 0.0 0.0 0.0 0.031712008159382264 0.0 0.0 0.0 0.0 1.018867693710642e-07 0.0 0.0 0.0 3.768184038230232e-06 0.0 0.0 0.0 2.4170684590616e-06 0.0 0.0 0.0 1.0699917679640686e-05 0.0 0.00017296616748593878 0.0 0.0 0.0040533164285234515 9.449362533353703e-08 0.0 0.0 0.1252087247467048 0.00625654928537076 0.0 0.0 0.06577014109268564 0.0374687951575238 0.0 0.0 0.04767455879372081 0.006375218398152404 0.0 0.0 0.35748804756125613 4.07557070428825e-07 0.0 0.0 0.19919142461399064 0.024968089162867232 0.0 0.0 0.3811466298305173 0.1616526618935486 0.0 0.0 0.19962553134314193 0.0 0.14377832223719852 0.0 0.0 0.0 0.05210685201730962 0.0 0.0 0.0 1.6348549936096095e-05 0.0 0.0 0.0 0.32516340851665776 0.0 0.0 0.0 0.0 0.02139677879537202 0.0 0.0 0.0 0.10846413486335026 0.0 0.0 0.0 0.1778238554193918 0.0 0.0 0.0 0.05357824281273142 0.0 0.0009457498687792224 0.0 0.0 0.04085473641855453 2.2728974284154034e-09 0.0 0.0 0.010799461442115821 0.0026305809056321717 0.0 0.0 0.032636204324998676 0.02947157685209462 0.0 0.0 0.018526766203081014 0.0005842952655833558 0.0 0.0 0.031512245047010806 1.338454155526557e-08 0.0 0.0 0.01988723812578406 0.012349421055308061 0.0 0.0 0.25268784500973035 0.058416462833851185 0.0 0.0 0.04080222357308074
0.0 0.00831353125258816 0.0 0.0 0.0 0.00338758663571353 0.0 0.0 0.0 1.0115720586790262e-07 0.0 0.0 0.0 0.0012901688338961507 0.0 0.0 0.0 0.0 0.03955206862367069 0.0 0.0 0.0 0.008408614639264692 0.0 0.0 0.0 0.09401807647891364 0.0 0.0 0.0 0.08174592767286867 0.0 0.0007235489078165044 0.0 0.0 0.016603382040471723 2.792713568287356e-08 0.0 0.0 0.018785309411368033 0.000937016353693876 0.0 0.0 0.05044173373844244 0.0010605224210356553 0.0 0.0 0.0007232055014552083 0.0019244309177745152 0.0 0.0 0.13266516759243704 6.925494935737712e-08 0.0 0.0 0.10260647835474115 0.005818460786430766 0.0 0.0 0.18175482704324447 0.030930498738051742 0.0 0.0 0.01743776305586501 0.0 2.1862698578473885e-07 0.0 0.0 0.0 4.3457853536951894e-08 0.0 0.0 0.0 2.289036322569008e-12 0.0 0.0 0.0 1.604386917798053e-07 0.0 0.0 0.0 0.0 0.0016299088927330984 0.0 0.0 0.0 0.0010668698069996694 0.0 0.0 0.0 0.054005586781248095 0.0 0.0 0.0 0.04983705505237315 0.0 5.029129461331296e-10 0.0 0.0 1.3022419332655389e-08 1.6628493121132466e-09 0.0 0.0 0.0020138766407317666 0.0004479404829595026 0.0 0.0 0.03370687704452922 0.007170486638020636 0.0 0.0 0.0013967103276497053 0.00105446517047367 0.0 0.0 0.030612415340268293 2.2253252248454885e-08 0.0 0.0 0.030216207734106586 0.006652569946950213 0.0 0.0 0.1382661766325757 0.10836785699019988 0.0 0.0 0.03300985988782359 0.0 0.011088960415875043 0.0 0.0 0.0 0.0062277749246425484 0.0 0.0 0.0 2.8516156902664244e-07 0.0 0.0 0.0 0.02064470526720931 0.0 0.0 0.0 0.0 3.336524619701618e-08 0.0 0.0 0.0 5.834995681798236e-08 0.0 0.0 0.0 3.2570528249172916e-07 0.0 0.0 0.0 1.4905555421933648e-06 0.0 4.585596711767333e-08 0.0 0.0 0.04303701237568505 4.407146612577922e-14 0.0 0.0 0.0016351363570876 0.00669645885265576 0.0 0.0 0.10634182281962586 0.028290665588493847 0.0 0.0 0.006684723318498339 0.0041973235905458425 0.0 0.0 0.10816173217564627 2.3947850796926494e-07 0.0 0.0 0.12532487711293347 0.016678902802016615 0.0 0.0 0.3697375279957469 0.1851641706894488 0.0 0.0 0.09218446013873863 0.0 0.20432197711926872 0.0 0.0 0.0 0.0969240155151444 0.0 0.0 0.0 1.523071887845366e-06 0.0 0.0 0.0 0.12296818234973392 0.0 0.0 0.0 0.0 0.04809273541976914 0.0 0.0 0.0 0.03526036352585124 0.0 0.0 0.0 0.05651865379815203 0.0 0.0 0.0 0.009540112959980982 0.0 0.004378880628839853 0.0 0.0 0.09814186996131978 4.5669553229149006e-08 0.0 0.0 0.026780239185436844 6.792953700693357e-09 0.0 0.0 0.006192442932853879 0.010750691386355713 0.0 0.0 0.0022822762234059996 0.0007126923050732591 0.0 0.0 0.043916103235246584 1.6279528267119813e-08 0.0 0.0 0.04081744915924473 0.0018264587310198135 0.0 0.0 0.035351979340512096 0.03648157556598531 0.0 0.0 0.017759290849296814
0.0 0.00029923677993187384 0.0 0.0 0.0 0.0015360672802716526 0.0 0.0 0.0 2.292843339471333e-08 0.0 0.0 0.0 0.0006027174607387002 0.0 0.0 0.0 0.0 0.029828883962462735 0.0 0.0 0.0 0.08047968976787673 0.0 0.0 0.0 0.020525812867945498 0.0 0.0 0.0 0.04042892652587184 0.0 8.150107337551207e-10 0.0 0.0 0.0004927330507036332 2.3515397940416463e-13 0.0 0.0 0.012513005756745925 0.005176755661571137 0.0 0.0 0.03816099450459845 0.01973261431031736 0.0 0.0 0.00271817547266699 1.0344986053019195e-08 0.0 0.0 0.007012046258832114 1.1302428351872398e-12 0.0 0.0 0.056002882041448994 0.0015528125244776239 0.0 0.0 0.0474823351487554 0.040468855539187734 0.0 0.0 0.008947444326998823 0.0 9.062071743210516e-08 0.0 0.0 0.0 3.6764075727646054e-08 0.0 0.0 0.0 6.5064865795372655e-12 0.0 0.0 0.0 1.9238210126989448e-07 0.0 0.0 0.0 0.0 3.676407572764605e-08 0.0 0.0 0.0 0.006219342503393494 0.0 0.0 0.0 0.043982850522419355 0.0 0.0 0.0 0.04320502266994246 0.0 8.939116192586784e-05 0.0 0.0 0.006129951341467626 2.6719618124693108e-08 0.0 0.0 0.008533258620395211 0.005688124295797872 0.0 0.0 0.10195263808897045 8.497024015833346e-07 0.0 0.0 0.00018011326757901984 0.00040334270378849927 0.0 0.0 0.031010098619951982 6.390109930741204e-08 0.0 0.0 0.02288018270334527 0.011916449110108258 0.0 0.0 0.2880548725193236 0.0736702919018282 0.0 0.0 0.03347517492385619 0.0 0.0031621475394091837 0.0 0.0 0.0 0.018275889432661514 0.0 0.0 0.0 4.0956430661712854e-07 0.0 0.0 0.0 0.026693543800248017 0.0 0.0 0.0 0.0 1.853277715408529e-08 0.0 0.0 0.0 1.3394660001667248e-06 0.0 0.0 0.0 2.057983583265006e-06 0.0 0.0 0.0 2.1101980016045143e-06 0.0 6.510839332403235e-15 0.0 0.0 1.970976615369366e-08 1.5816088282203048e-08 0.0 0.0 0.013723908392570715 0.00015331899324164773 0.0 0.0 0.01083395723404923 0.05798915490461416 0.0 0.0 0.05166343068856322 1.0156388489811949e-08 0.0 0.0 0.034470715273579686 1.6688661433569558e-07 0.0 0.0 0.30669488091340946 0.01774047692851597 0.0 0.0 0.46049762505135644 0.1645781123780306 0.0 0.0 0.15066858257366855 0.0 0.16780183818409827 0.0 0.0 0.0 0.06737591647942864 0.0 0.0 0.0 5.093681115691909e-06 0.0 0.0 0.0 0.2751139682354358 0.0 0.0 0.0 0.0 0.048965340312533766 0.0 0.0 0.0 0.027340696120872046 0.0 0.0 0.0 0.06985308436495181 0.0 0.0 0.0 0.15436483058956377 0.0 0.001254572009512627 0.0 0.0 0.04821627342079943 1.7485846095744442e-14 0.0 0.0 0.0025393264605875284 0.000609325046630163 0.0 0.0 0.04257467683592024 0.10477398172792032 0.0 0.0 0.03803270021957564 0.0006907172577568402 0.0 0.0 0.03413454851071635 9.684522255914703e-09 0.0 0.0 0.015642784890353603 0.005294727776282671 0.0 0.0 0.14509347077858967 0.07415940808298659 0.0 0.0 0.030947512959207127
0.0 0.0015139786825144864 0.0 0.0 0.0 0.001223242204422103 0.0 0.0 0.0 5.612457969629321e-08 0.0 0.0 0.0 0.004089775388365527 0.0 0.0 0.0 0.0 0.015471957418214315 0.0 0.0 0.0 3.3920245200729435e-08 0.0 0.0 0.0 0.05477700276588426 0.0 0.0 0.0 0.09028656944837873 0.0 5.947211582264858e-09 0.0 0.0 0.012515750340488956 1.3667257386530432e-14 0.0 0.0 1.0975032219827304e-08 0.0008117902145038243 0.0 0.0 0.016118370621446266 0.027729345019416405 0.0 0.0 0.004204702744969622 9.482622743858623e-09 0.0 0.0 0.029797812954389394 3.157413974278157e-08 0.0 0.0 0.028426438738867802 0.0036182550019322394 0.0 0.0 0.13222282716069889 0.10173555776140461 0.0 0.0 0.03880186635195169 0.0 3.3920245200729435e-08 0.0 0.0 0.0 8.377810906402752e-08 0.0 0.0 0.0 3.3641071663732077e-12 0.0 0.0 0.0 2.4722568471882234e-08 0.0 0.0 0.0 0.0 1.0975045887084692e-08 0.0 0.0 0.0 0.022817024165846925 0.0 0.0 0.0 0.04247799583078936 0.0 0.0 0.0 0.02758888051199194 0.0 0.0008793996981693139 0.0 0.0 0.019762989904255977 2.674726204665471e-09 0.0 0.0 0.0006395447043451799 0.00044764670363085205 0.0 0.0 0.004629751989454666 0.0008084690341940041 0.0 0.0 0.00032748439302639996 0.0003438425062527889 0.0 0.0 0.008663480408751572 3.1246426391009954e-08 0.0 0.0 0.06549258566870844 0.009513502388395927 0.0 0.0 0.1504794049734102 0.025027995694357368 0.0 0.0 0.005546660469303276 0.0 0.026200540481565438 0.0 0.0 0.0 0.003933466263309584 0.0 0.0 0.0 2.0462045433104088e-07 0.0 0.0 0.0 0.014786650236942167 0.0 0.0 0.0 0.0 1.015750689923692e-06 0.0 0.0 0.0 6.409708929251081e-07 0.0 0.0 0.0 9.96828376147098e-07 0.0 0.0 0.0 4.424899278703322e-07 0.0 0.0003675700335864249 0.0 0.0 0.028481680007787863 2.4087382587573043e-08 0.0 0.0 0.01626590197535344 0.005019647665303745 0.0 0.0 0.08709780148972351 0.018996147283036682 0.0 0.0 0.031388268247578795 0.004344619205197184 0.0 0.0 0.20745239123565976 1.714242359673683e-08 0.0 0.0 0.06874922179880007 0.016969298908964748 0.0 0.0 0.24670913943982634 0.1502018593522246 0.0 0.0 0.08112420651749713 0.0 0.1328210104683974 0.0 0.0 0.0 0.08772711923783337 0.0 0.0 0.0 2.835292042180528e-06 0.0 0.0 0.0 0.17682933591900352 0.0 0.0 0.0 0.0 0.045906991719132414 0.0 0.0 0.0 0.0046775900448175435 0.0 0.0 0.0 0.09036108659361307 0.0 0.0 0.0 0.061315268743720834 0.0 0.0002498559571350679 0.0 0.0 0.003931040365982474 1.6219307254411034e-08 0.0 0.0 0.05441950748758125 0.0049684085325679694 0.0 0.0 0.06627063592740416 0.013293077104912182 0.0 0.0 0.039263134383054045 0.0006417495697067056 0.0 0.0 0.02399765380869107 1.9479867399370294e-08 0.0 0.0 0.031074292006917553 0.0049624178807101335 0.0 0.0 0.10028243248814903 0.042030081717702256 0.0 0.0 0.023066191084255876
0.0 0.004763560964299649 0.0 0.0 0.0 0.0023008070152918956 0.0 0.0 0.0 8.38354453514053e-08 0.0 0.0 0.0 0.003895006246800797 0.0 0.0 0.0 0.0 0.03551678641188132 0.0 0.0 0.0 0.015040415503594967 0.0 0.0 0.0 0.13601076988143057 0.0 0.0 0.0 0.15371320755920023 0.0 5.206917683310156e-05 0.0 0.0 0.001808084175190086 4.130001291959586e-09 0.0 0.0 0.005287932074590207 0.0009193368318726268 0.0 0.0 0.011120008779583584 0.028102225651340476 0.0 0.0 0.009953218196755372 0.0014255101887654675 0.0 0.0 0.07917046741451092 3.1981924111531545e-08 0.0 0.0 0.10010728762607807 0.009741720548347797 0.0 0.0 0.21041751511776183 0.05508460563362345 0.0 0.0 0.035636852819067685 0.0 3.896754751683911e-07 0.0 0.0 0.0 1.4024574623371527e-07 0.0 0.0 0.0 2.970240555017826e-12 0.0 0.0 0.0 2.62132044011758e-07 0.0 0.0 0.0 0.0 0.00809915768382563 0.0 0.0 0.0 0.033425960829664626 0.0 0.0 0.0 0.07750616831270767 0.0 0.0 0.0 0.040611927154547874 0.0 1.9795916155891167e-08 0.0 0.0 0.02835177101704924 1.621682507245297e-08 0.0 0.0 0.005964774879434238 0.000586467815675521 0.0 0.0 0.0227452617414321 0.0377710074074627 0.0 0.0 0.008560089881325927 0.0031768210246048132 0.0 0.0 0.1240204785784364 2.1649790306363767e-07 0.0 0.0 0.08334536966190735 0.003032984878774302 0.0 0.0 0.18251423335522815 0.15364116377305612 0.0 0.0 0.04580066575835142 0.0 0.00998524115827348 0.0 0.0 0.0 0.01056478546070766 0.0 0.0 0.0 2.176439729414626e-07 0.0 0.0 0.0 0.00927387838717249 0.0 0.0 0.0 0.0 4.886566779066527e-08 0.0 0.0 0.0 6.193297012709622e-07 0.0 0.0 0.0 1.3011515280900407e-07 0.0 0.0 0.0 5.2645583378548364e-08 0.0 1.534497798469871e-09 0.0 0.0 0.001587445222052069 2.640978846536626e-07 0.0 0.0 0.10004707920102485 0.001538472817728345 0.0 0.0 0.03677688572874688 0.05950160335101347 0.0 0.0 0.01514278144724909 0.0015874252271422704 0.0 0.0 0.10957631632384718 2.1824106176553957e-07 0.0 0.0 0.17577214977640787 0.011882762976711224 0.0 0.0 0.3589231251559564 0.15607616658017778 0.0 0.0 0.04639063369559179 0.0 0.31306612747020823 0.0 0.0 0.0 0.17593705759735584 0.0 0.0 0.0 5.494737167157572e-07 0.0 0.0 0.0 0.12804003952059875 0.0 0.0 0.0 0.0 0.008339086455519078 0.0 0.0 0.0 0.05759832597009796 0.0 0.0 0.0 0.0010774650909061185 0.0 0.0 0.0 0.0741943087700929 0.0 0.0028711679117376905 0.0 0.0 0.0709696905940072 1.218473952765234e-08 0.0 0.0 0.04736558407966168 0.0014219572217834405 0.0 0.0 0.024294856275529166 0.09679900151471904 0.0 0.0 0.024797226347246664 0.0011136171799846978 0.0 0.0 0.05367406427063857 4.198819605518331e-08 0.0 0.0 0.08730841317439067 0.0007004195592333156 0.0 0.0 0.013416911822658115 0.030068000150486513 0.0 0.0 0.014310858691297841
0.0 0.015726889502204546 0.0 0.0 0.0 0.0018771851451470133 0.0 0.0 0.0 1.1535669261661039e-07 0.0 0.0 0.0 0.005176374833541141 0.0 0.0 0.0 0.0 0.018533005918502012 0.0 0.0 0.0 0.013418574404146707 0.0 0.0 0.0 0.14226423783905498 0.0 0.0 0.0 0.0983296655166697 0.0 0.0004917063984480868 0.0 0.0 0.013422723907218709 2.6721713102021995e-09 0.0 0.0 0.005153301972366852 0.002911037874481121 0.0 0.0 0.02142101721588026 0.005966582742690123 0.0 0.0 0.001648309905742453 0.008975939196680447 0.0 0.0 0.28476687907856246 1.2946952474092127e-07 0.0 0.0 0.07280093651890239 0.02930159941666195 0.0 0.0 0.3636027733907828 0.23592762963226568 0.0 0.0 0.05703533482554647 0.0 2.1329453983889966e-07 0.0 0.0 0.0 0.0 0.0 0.0 0.0 1.1801336327191675e-12 0.0 0.0 0.0 9.574791330288413e-08 0.0 0.0 0.0 0.0 0.002795099392274262 0.0 0.0 0.0 0.0 0.0 0.0 0.0 0.02122663333586088 0.0 0.0 0.0 0.0064775258133535395 0.0 0.00014162946205430472 0.0 0.0 0.004384661817070528 0.0 0.0 0.0 0.0 8.082321458125174e-05 0.0 0.0 0.009736037089998744 3.076984453986354e-13 0.0 0.0 1.015485387689612e-08 0.0016985457196401705 0.0 0.0 0.08422998049667987 0.0 0.0 0.0 0.0 0.0022902918830041644 0.0 0.0 0.059916344657633826 6.649820280193112e-07 0.0 0.0 0.02460508002896318 0.0 0.03344471421536002 0.0 0.0 0.0 0.00943659551379313 0.0 0.0 0.0 1.3450600685074634e-07 0.0 0.0 0.0 0.0005213762255710895 0.0 0.0 0.0 0.0 1.2741467565711254e-07 0.0 0.0 0.0 8.219508601880963e-08 0.0 0.0 0.0 7.500083742617244e-07 0.0 0.0 0.0 5.889813312973781e-09 0.0 0.0018633541126960285 0.0 0.0 0.13290523362400497 9.033420980941438e-09 0.0 0.0 0.0026621722766190003 0.0002385076112837042 0.0 0.0 0.003014932846403469 0.01365490690568685 0.0 0.0 0.009277703113913875 0.007413662631888459 0.0 0.0 0.38387368909492864 1.6786835876240745e-07 0.0 0.0 0.08115110329498104 0.008500007614587076 0.0 0.0 0.23691268123270184 0.004330546800955752 0.0 0.0 0.003298837791478762 0.0 0.21448138354057497 0.0 0.0 0.0 0.019185477882548537 0.0 0.0 0.0 7.370215880278836e-07 0.0 0.0 0.0 0.04445277910471785 0.0 0.0 0.0 0.0 0.025549386365297105 0.0 0.0 0.0 0.0009245051396336797 0.0 0.0 0.0 0.0001252154548493284 0.0 0.0 0.0 0.023551518951963276 0.0 0.0014071816002085935 0.0 0.0 0.08635742535414413 3.4315751352104885e-14 0.0 0.0 0.002184182506177116 0.0014508567156010946 0.0 0.0 0.034156732355184995 0.0019001243978629253 0.0 0.0 0.0009022132425866436 0.0002798943829982307 0.0 0.0 0.0449252494858128 1.231651927904576e-13 0.0 0.0 0.008789211198902858 8.16654633697202e-05 0.0 0.0 0.02635154644424612 0.016339922087632373 0.0 0.0 0.006103572397495929
0.0 0.015086775528520233 0.0 0.0 0.0 0.0026309632582960946 0.0 0.0 0.0 6.493209245427542e-08 0.0 0.0 0.0 0.004675948527308907 0.0 0.0 0.0 0.0 0.03225551592598598 0.0 0.0 0.0 0.03840993289101098 0.0 0.0 0.0 0.08917126360571792 0.0 0.0 0.0 0.09239823064656588 0.0 0.0004944834528515521 0.0 0.0 0.037075317496794685 5.947052375956593e-13 0.0 0.0 0.018902299318440785 0.0006328648031769149 0.0 0.0 0.019799756562967466 0.013021161383094788 0.0 0.0 0.00530875544199997 0.005655616386885625 0.0 0.0 0.2038428192566636 1.8740787503816207e-07 0.0 0.0 0.08726188114763321 0.005020226437237383 0.0 0.0 0.22885477304779314 0.12590201429166561 0.0 0.0 0.053104417757066466 0.0 1.9759747451460254e-08 0.0 0.0 0.0 5.049267198375525e-07 0.0 0.0 0.0 3.17310723620626e-12 0.0 0.0 0.0 3.206610504630857e-07 0.0 0.0 0.0 0.0 0.010079179798064615 0.0 0.0 0.0 0.02821112044809599 0.0 0.0 0.0 0.143612901564577 0.0 0.0 0.0 0.07286371522814923 0.0 0.0011213689134581778 0.0 0.0 0.03249746907370449 2.9528164802134084e-08 0.0 0.0 0.02193130731278919 0.003232655844937461 0.0 0.0 0.08233011073919703 0.01852424789310442 0.0 0.0 0.004852406782634872 0.00016035145147171845 0.0 0.0 0.005210032344837167 3.6048527550298397e-07 0.0 0.0 0.24426720534665633 0.006046288014291907 0.0 0.0 0.1573254145640923 0.15630152062480732 0.0 0.0 0.04186831685795532 0.0 0.031246746678273523 0.0 0.0 0.0 0.000892461742594674 0.0 0.0 0.0 3.750219907206279e-07 0.0 0.0 0.0 0.02091068777565364 0.0 0.0 0.0 0.0 1.074196633447619e-07 0.0 0.0 0.0 2.8550757533450583e-13 0.0 0.0 0.0 2.7421493826085114e-07 0.0 0.0 0.0 3.2428245109639496e-06 0.0 0.0006843777966049564 0.0 0.0 0.0710042762406507 4.77440161442451e-13 0.0 0.0 0.030932606210735722 0.006934269958265059 0.0 0.0 0.1266539681054903 0.03386864270756376 0.0 0.0 0.010761039198034485 0.011681616374131041 0.0 0.0 0.27793024622094525 2.3738740168164e-13 0.0 0.0 0.01724335338695288 0.028355843886920522 0.0 0.0 0.4268763249077984 0.20729081970395644 0.0 0.0 0.11971293852054961 0.0 0.20590140110273958 0.0 0.0 0.0 0.24542278227674558 0.0 0.0 0.0 3.184502141794999e-06 0.0 0.0 0.0 0.20559201858129492 0.0 0.0 0.0 0.0 0.052899835316206935 0.0 0.0 0.0 0.08606302501001636 0.0 0.0 0.0 0.048054740832589184 0.0 0.0 0.0 0.04416137438649544 0.0 0.0018701919103530187 0.0 0.0 0.04045676729350392 2.7304114067393517e-07 0.0 0.0 0.11427157139197593 1.003483891455028e-08 0.0 0.0 2.442525960332265e-07 0.038429859710433424 0.0 0.0 0.014397645450879576 0.0007257459604615981 0.0 0.0 0.041625007805720225 6.230743036491091e-08 0.0 0.0 0.09399492072681075 0.002828112238844398 0.0 0.0 0.047250550821556915 0.06358112014829607 0.0 0.0 0.02638535245286942
0.0 0.019835623312883913 0.0 0.0 0.0 0.006222580140520007 0.0 0.0 0.0 8.569808606694081e-08 0.0 0.0 0.0 0.0024472655913913566 0.0 0.0 0.0 0.0 0.10450887461349727 0.0 0.0 0.0 0.10077325498689957 0.0 0.0 0.0 0.13459293005506695 0.0 0.0 0.0 0.08722580380641264 0.0 0.0034256169530297808 0.0 0.0 0.06534096111743487 4.721100587841459e-10 0.0 0.0 0.05468272487358436 0.004569353222236403 0.0 0.0 0.05187272722756095 0.02191800911606683 0.0 0.0 0.007424373860577926 0.008537943784338465 0.0 0.0 0.3646738599995697 6.555814405683589e-08 0.0 0.0 0.1472247629400623 0.012485579197679399 0.0 0.0 0.20835050989446396 0.06566106544195431 0.0 0.0 0.021259074831143806 0.0 1.1244169470616012e-07 0.0 0.0 0.0 1.5598418100295804e-08 0.0 0.0 0.0 6.3234345112689885e-12 0.0 0.0 0.0 1.9587918923074414e-07 0.0 0.0 0.0 0.0 0.002342882403872765 0.0 0.0 0.0 0.040673726199849526 0.0 0.0 0.0 0.13046576420418302 0.0 0.0 0.0 0.03424266493706178 0.0 1.0543726291685611e-14 0.0 0.0 4.1175515389937664e-08 4.902281091237046e-15 0.0 0.0 0.000413659951034863 0.004149441154119171 0.0 0.0 0.1477702188875175 0.05929258997796414 0.0 0.0 0.020309286866213413 1.1223576072855085e-08 0.0 0.0 0.049140850917217246 1.0989431949492198e-13 0.0 0.0 0.010396496412469449 0.014383369483680568 0.0 0.0 0.26955408604493025 0.1346026957586474 0.0 0.0 0.06045595555224439 0.0 0.02225072887428383 0.0 0.0 0.0 0.009936006809872316 0.0 0.0 0.0 9.850256932176572e-08 0.0 0.0 0.0 0.01512552212971716 0.0 0.0 0.0 0.0 4.256351389282611e-08 0.0 0.0 0.0 6.374542379671697e-08 0.0 0.0 0.0 1.4353925545811473e-08 0.0 0.0 0.0 6.354411558786324e-08 0.0 0.0022429582593126727 0.0 0.0 0.05846044438060635 3.262155561788214e-08 0.0 0.0 0.025765514540943255 0.003950916304951727 0.0 0.0 0.04483939894249921 0.09736105980204064 0.0 0.0 0.03243838376126603 0.011419624997765793 0.0 0.0 0.21452958989583779 1.6771651261572116e-07 0.0 0.0 0.17023380721323933 0.007773696953775362 0.0 0.0 0.14937146758982567 0.23129829731783708 0.0 0.0 0.08713175690200395 0.0 0.37133986009809333 0.0 0.0 0.0 0.1915664351961567 0.0 0.0 0.0 0.0 0.0 0.0 0.0 0.2297527007455596 0.0 0.0 0.0 0.0 0.09969644656263325 0.0 0.0 0.0 0.09048819308020706 0.0 0.0 0.0 0.0 0.0 0.0 0.0 0.05714104470301702 0.0 0.001101922666564016 0.0 0.0 0.021703418830117185 3.454748323119213e-08 0.0 0.0 0.06203549401320108 0.0 0.0 0.0 0.0 0.07464238491304948 0.0 0.0 0.019126322020192023 0.001800305332345643 0.0 0.0 0.07068092629100042 2.3009705094695237e-08 0.0 0.0 0.06778100544834059 0.0 0.0 0.0 0.0 0.10788289371224975 0.0 0.0 0.02629363552479934
0.0 0.0011547203024536614 0.0 0.0 0.0 0.0027838086796403627 0.0 0.0 0.0 3.150362574136418e-08 0.0 0.0 0.0 0.002637907525135753 0.0 0.0 0.0 0.0 0.033155885062047814 0.0 0.0 0.0 0.03733250917227448 0.0 0.0 0.0 0.07302670638767189 0.0 0.0 0.0 0.030312486234864013 0.0 2.620824325997319e-05 0.0 0.0 0.017672885778520296 2.151760343707701e-08 0.0 0.0 0.028501882472052348 0.0030459819690430447 0.0 0.0 0.02842000456335433 0.02485075453110662 0.0 0.0 0.010454056129994851 0.0002409667175221468 0.0 0.0 0.01272888802528391 5.6848226372743644e-08 0.0 0.0 0.06134082956837863 0.010402810858557578 0.0 0.0 0.08004312710501087 0.06363265830623739 0.0 0.0 0.030561022595380898 0.0 0.0 0.0 0.0 0.0 1.776177161500029e-07 0.0 0.0 0.0 4.953990633316074e-12 0.0 0.0 0.0 3.545799119569854e-07 0.0 0.0 0.0 0.0 0.0 0.0 0.0 0.0 0.03445937152254666 0.0 0.0 0.0 0.029021828076094335 0.0 0.0 0.0 0.05407731525535994 0.0 0.0 0.0 0.0 0.0 2.802358035147799e-08 0.0 0.0 0.04599132640118481 0.001768836017603636 0.0 0.0 0.042083453508741514 0.06030890160962724 0.0 0.0 0.024745360007860803 0.0 0.0 0.0 0.0 1.7951956551266155e-07 0.0 0.0 0.08199780223812604 0.008143843373006193 0.0 0.0 0.1789002555359516 0.06755514814671532 0.0 0.0 0.053231136916876004 0.0 0.024600343452725694 0.0 0.0 0.0 0.003909989622259185 0.0 0.0 0.0 9.461240146460136e-08 0.0 0.0 0.0 0.008906077646699482 0.0 0.0 0.0 0.0 4.932432371768661e-08 0.0 0.0 0.0 1.2341361318716e-08 0.0 0.0 0.0 3.46860385132303e-08 0.0 0.0 0.0 1.0429651031253464e-06 0.0 0.00010371525745408224 0.0 0.0 0.002889727949034905 2.830986873555444e-10 0.0 0.0 0.03544836174963472 0.002778198128683765 0.0 0.0 0.023650640763232554 0.01770589143222823 0.0 0.0 0.01947212381565181 0.004744198053677817 0.0 0.0 0.16260062835004724 9.531579423530134e-08 0.0 0.0 0.05811087188148358 0.009466999277872083 0.0 0.0 0.15904269491903505 0.09237995247882125 0.0 0.0 0.05647357404875953 0.0 0.14807252310167884 0.0 0.0 0.0 0.11086453893438523 0.0 0.0 0.0 1.0131958454783807e-06 0.0 0.0 0.0 0.2996300799219253 0.0 0.0 0.0 0.0 0.07981586081856337 0.0 0.0 0.0 0.10310601253241591 0.0 0.0 0.0 9.022921400386296e-08 0.0 0.0 0.0 0.13016566780164301 0.0 0.0007505580622507278 0.0 0.0 0.034440084154010564 1.182105563580204e-07 0.0 0.0 0.044826557445820994 0.00042306444166561653 0.0 0.0 0.006562229612573531 0.09481525664024794 0.0 0.0 0.023375355162763928 0.0007108216766907706 0.0 0.0 0.028618145767700876 3.248415714298429e-08 0.0 0.0 0.03361073397355951 0.001386771267653907 0.0 0.0 0.024116608317591368 0.12913861452232808 0.0 0.0 0.03765012137105762
0.0 0.0 0.0 0.0 0.0 0.0 0.0 0.0 0.0 4.13369646482861e-08 0.0 0.0 0.0 0.0034093057291496344 0.0 0.0 0.0 0.0 0.0 0.0 0.0 0.0 0.0 0.0 0.0 0.0 0.10195109628771636 0.0 0.0 0.0 0.05956317642292339 0.0 0.0 0.0 0.0 0.0 0.0 0.0 0.0 0.0 6.457610468762105e-09 0.0 0.0 0.0056042627288260686 2.2600610734406903e-07 0.0 0.0 0.004914271242378353 0.0 0.0 0.0 0.0 0.0 0.0 0.0 0.0 0.004463622664659052 0.0 0.0 0.14392725991455577 0.05532091185453581 0.0 0.0 0.05961088688085718 0.0 0.0 0.0 0.0 0.0 2.340964429711594e-07 0.0 0.0 0.0 8.686294119407529e-12 0.0 0.0 0.0 3.069968193618428e-07 0.0 0.0 0.0 0.0 0.0 0.0 0.0 0.0 0.004639172859006517 0.0 0.0 0.0 0.03140870112298616 0.0 0.0 0.0 0.0213949910968174 0.0 0.0 0.0 0.0 0.0 2.1599029176347465e-12 0.0 0.0 0.00464025818115013 0.00022086421448364794 0.0 0.0 0.0021222214455382553 1.742324588901167e-07 0.0 0.0 9.369776388591655e-08 0.0 0.0 0.0 0.0 8.925295565115582e-08 0.0 0.0 0.1369752681170462 0.01476514184037512 0.0 0.0 0.24399311638545323 0.043910624378974285 0.0 0.0 0.0809488321059275 0.0 0.038324514331261966 0.0 0.0 0.0 0.03405318138767931 0.0 0.0 0.0 5.359745268067286e-07 0.0 0.0 0.0 0.030826224639431157 0.0 0.0 0.0 0.0 5.9292588481475134e-08 0.0 0.0 0.0 4.335323863666959e-06 0.0 0.0 0.0 2.0556864251045614e-06 0.0 0.0 0.0 5.988555863889735e-06 0.0 0.00040971332097298975 0.0 0.0 0.027074518782230578 3.537251233177389e-08 0.0 0.0 0.04360650642768895 0.012673007136285087 0.0 0.0 0.09896395348960113 0.010238678667036956 0.0 0.0 0.003484320432297477 0.0028943717339921403 0.0 0.0 0.18724311192928628 4.1647415857970804e-07 0.0 0.0 0.32453683691319085 0.05329872189806287 0.0 0.0 0.602900593986096 0.09676115488721243 0.0 0.0 0.18775743346287116 0.0 0.12318975837937782 0.0 0.0 0.0 0.023389449594687802 0.0 0.0 0.0 1.180175715219609e-05 0.0 0.0 0.0 0.09965278634858762 0.0 0.0 0.0 0.0 0.010518707142333755 0.0 0.0 0.0 0.0023401035906845274 0.0 0.0 0.0 0.05544642073374497 0.0 0.0 0.0 0.06471285825077429 0.0 2.417577066010808e-05 0.0 0.0 0.027169611991100302 2.1454571250655995e-17 0.0 0.0 1.278523066499192e-06 0.003194287444383006 0.0 0.0 0.0768984959720386 0.01794972125775253 0.0 0.0 0.015975890617903967 8.10862404890446e-05 0.0 0.0 0.021835438611990683 1.621401117111078e-13 0.0 0.0 0.010832923918589376 0.01381366514009857 0.0 0.0 0.25283664085167634 0.0439702211589285 0.0 0.0 0.013684811756385466
0.0 0.0 0.0 0.0 0.0 0.0 0.0 0.0 0.0 1.6342399537783488e-07 0.0 0.0 0.0 0.0008337884755599713 0.0 0.0 0.0 0.0 0.0 0.0 0.0 0.0 0.0 0.0 0.0 0.0 0.10291473825826919 0.0 0.0 0.0 0.03731700098981514 0.0 0.0 0.0 0.0 0.0 0.0 0.0 0.0 0.0 7.013112504817257e-06 0.0 0.0 0.0003963589733222976 1.7669172506194555e-08 0.0 0.0 0.0001576156847523515 0.0 0.0 0.0 0.0 0.0 0.0 0.0 0.0 0.015543310908238763 0.0 0.0 0.23508636070003702 0.024298152816965474 0.0 0.0 0.008183013439008076 0.0 2.433954198313287e-08 0.0 0.0 0.0 4.90613129336973e-08 0.0 0.0 0.0 2.904473760791945e-12 0.0 0.0 0.0 1.4351064729330597e-07 0.0 0.0 0.0 0.0 9.810538968061562e-09 0.0 0.0 0.0 0.0676117347589129 0.0 0.0 0.0 0.029002948230132556 0.0 0.0 0.0 0.06722310850698987 0.0 1.668700682135856e-08 0.0 0.0 0.026385084805219693 9.130413301926387e-08 0.0 0.0 0.07385237223570273 0.0009048274387726915 0.0 0.0 0.015678811273776284 0.0077614275556602 0.0 0.0 0.0015514747966592446 5.082314727660805e-09 0.0 0.0 0.009009653813014518 4.158780937476601e-08 0.0 0.0 0.035509683740312735 0.004888775784934063 0.0 0.0 0.12649860995766354 0.083303250274607 0.0 0.0 0.017134568043620135 0.0 0.020319461921060378 0.0 0.0 0.0 0.0037100031750585925 0.0 0.0 0.0 5.299415461635206e-07 0.0 0.0 0.0 0.03953111224963333 0.0 0.0 0.0 0.0 1.2378509846521757e-06 0.0 0.0 0.0 2.2177736265603832e-07 0.0 0.0 0.0 2.7166897659284453e-06 0.0 0.0 0.0 1.0429385072191884e-06 0.0 9.047789497429308e-09 0.0 0.0 0.012329353270021812 8.364174012630318e-13 0.0 0.0 0.03066347871259829 0.003320546011575657 0.0 0.0 0.07467918715927055 0.07714373306607164 0.0 0.0 0.023989712165855548 0.0007447816833266384 0.0 0.0 0.21436871799027435 2.2577200845750065e-08 0.0 0.0 0.07181065736985338 0.02710093079255563 0.0 0.0 0.3904232129322006 0.22192587031580022 0.0 0.0 0.23912003640395657 0.0 0.11991225298748198 0.0 0.0 0.0 0.1601277490702028 0.0 0.0 0.0 4.525888174440733e-06 0.0 0.0 0.0 0.16099224023530304 0.0 0.0 0.0 0.0 0.0005597577782283524 0.0 0.0 0.0 0.058522149560655115 0.0 0.0 0.0 0.09020561625585173 0.0 0.0 0.0 0.03390069175326921 0.0 1.4526087992110716e-08 0.0 0.0 0.0018248896238934496 1.1800604824447337e-08 0.0 0.0 0.030191198952006223 0.007371991857086986 0.0 0.0 0.11231163091606497 0.001367982350270454 0.0 0.0 0.0005082027162785754 8.91248730296724e-05 0.0 0.0 0.01919313836182549 4.964382220226838e-08 0.0 0.0 0.03431719727380274 0.004423711381629851 0.0 0.0 0.2104200581528331 0.03180938518150534 0.0 0.0 0.01918505952683038
0.0 0.0002085425561390376 0.0 0.0 0.0 0.0009665947834586582 0.0 0.0 0.0 8.502073975671585e-08 0.0 0.0 0.0 0.0029119890579379633 0.0 0.0 0.0 0.0 0.014275694996537268 0.0 0.0 0.0 0.060309958411648254 0.0 0.0 0.0 0.11052875285022705 0.0 0.0 0.0 0.04404613561709867 0.0 4.132829216394833e-09 0.0 0.0 0.014103330015151194 7.856597226799781e-10 0.0 0.0 0.0009065996870693703 0.002459569654412427 0.0 0.0 0.04984897000214254 0.003400351199549875 0.0 0.0 0.0010613406957039305 1.0923795159623803e-09 0.0 0.0 0.00417940304247421 5.98884171306092e-09 0.0 0.0 0.036117767849853606 0.01971352636127336 0.0 0.0 0.24341978197284067 0.04942696988803865 0.0 0.0 0.03022111688371271 0.0 0.0 0.0 0.0 0.0 0.0 0.0 0.0 0.0 1.2193143728175341e-12 0.0 0.0 0.0 2.9617028566810503e-07 0.0 0.0 0.0 0.0 0.0 0.0 0.0 0.0 0.0 0.0 0.0 0.0 0.05561697206287684 0.0 0.0 0.0 0.027315255802465643 0.0 0.0 0.0 0.0 0.0 0.0 0.0 0.0 0.0 0.0003286617056731961 0.0 0.0 0.023939514512200596 0.0459509422291787 0.0 0.0 0.010780535022853598 0.0 0.0 0.0 0.0 0.0 0.0 0.0 0.0 0.002718609311063953 0.0 0.0 0.08123112158451835 0.0870417539685521 0.0 0.0 0.05828004765523748 0.0 0.028937448977777454 0.0 0.0 0.0 0.006889531399773951 0.0 0.0 0.0 3.352772479848339e-07 0.0 0.0 0.0 0.015195727990193902 0.0 0.0 0.0 0.0 7.533193989365184e-07 0.0 0.0 0.0 4.791977992893729e-08 0.0 0.0 0.0 1.0772163332924342e-06 0.0 0.0 0.0 1.7803688617269525e-07 0.0 0.00016388641082317932 0.0 0.0 0.00988147505175004 1.7318221225687092e-07 0.0 0.0 0.06948271208831372 0.00699288497119767 0.0 0.0 0.08263692693041 0.014669382061839074 0.0 0.0 0.0026813209642891065 0.0024115583507465996 0.0 0.0 0.2207406845735873 1.083928653471019e-07 0.0 0.0 0.0874623061946071 0.017701557544053722 0.0 0.0 0.41693883142892446 0.1342017919185645 0.0 0.0 0.06262042987680042 0.0 0.19301274008105793 0.0 0.0 0.0 0.07507610168210987 0.0 0.0 0.0 1.6393742770349542e-06 0.0 0.0 0.0 0.17810013538310643 0.0 0.0 0.0 0.0 0.052587661644075065 0.0 0.0 0.0 0.020689647138477908 0.0 0.0 0.0 0.0298680260430558 0.0 0.0 0.0 0.09306281377591516 0.0 0.0009284205962675485 0.0 0.0 0.07661833522389197 1.7270109408561794e-09 0.0 0.0 0.004457537082056206 1.0847146329113948e-08 0.0 0.0 0.004205499424345982 0.05912666933412791 0.0 0.0 0.019087908997518742 0.00058333383100928 0.0 0.0 0.036706242814313124 6.094915001908025e-09 0.0 0.0 0.030844609617471895 0.0022759738264438965 0.0 0.0 0.0619497779912623 0.05237275592070048 0.0 0.0 0.02422040245026715
0.0 0.0 0.0 0.0 0.0 0.005211649802069389 0.0 0.0 0.0 1.826799963209604e-08 0.0 0.0 0.0 7.994361318302934e-05 0.0 0.0 0.0 0.0 0.0 0.0 0.0 0.0 0.0358295445547428 0.0 0.0 0.0 0.004472973473262132 0.0 0.0 0.0 0.028659815805329673 0.0 0.0 0.0 0.0 0.0 5.270755589661996e-09 0.0 0.0 0.004427621258964379 8.567942244986034e-14 0.0 0.0 7.379906944846411e-13 6.609747209110437e-09 0.0 0.0 0.00015168495028334956 0.0 0.0 0.0 0.0 9.976368220900799e-08 0.0 0.0 0.16490447170860642 0.005235014862335968 0.0 0.0 0.05039867692667025 4.515691746068584e-08 0.0 0.0 0.001161845630085106 0.0 3.417546945734717e-07 0.0 0.0 0.0 7.450110567228012e-08 0.0 0.0 0.0 1.648468128160941e-11 0.0 0.0 0.0 1.4090772150395207e-07 0.0 0.0 0.0 0.0 0.0039194675729461205 0.0 0.0 0.0 0.003921756001229124 0.0 0.0 0.0 0.08821083523884682 0.0 0.0 0.0 0.007831553230520238 0.0 2.808570531871066e-09 0.0 0.0 6.739307604497641e-08 2.9572181169563684e-19 0.0 0.0 1.151358157587935e-08 0.0019030200029175246 0.0 0.0 0.0378483370736903 0.005077593346045206 0.0 0.0 0.0020171550958970404 0.0030882371431109478 0.0 0.0 0.08315190862423925 1.2871393825204177e-12 0.0 0.0 0.05618484151388815 0.03425652492434585 0.0 0.0 0.829541561006727 0.052050404306985855 0.0 0.0 0.023183178409467643 0.0 0.014686847233262634 0.0 0.0 0.0 0.03613639484983783 0.0 0.0 0.0 1.776001844451546e-07 0.0 0.0 0.0 0.0006598437609921265 0.0 0.0 0.0 0.0 6.756635949196937e-09 0.0 0.0 0.0 2.290958212432309e-07 0.0 0.0 0.0 3.670791517826544e-12 0.0 0.0 0.0 1.1794652459597037e-08 0.0 0.00013099500862282903 0.0 0.0 0.006333376554274972 5.266858141354745e-09 0.0 0.0 0.07545483001139623 0.00038686620080344666 0.0 0.0 0.008330058764582295 0.0007207045181390586 0.0 0.0 2.792947887907565e-05 0.0018985400200609895 0.0 0.0 0.12721694325487176 4.110015688963786e-07 0.0 0.0 0.729901699209801 0.009475704566512562 0.0 0.0 0.2222339269886131 0.05355444032723835 0.0 0.0 0.005143753651190599 0.0 0.054275144845377404 0.0 0.0 0.0 0.05712799765303106 0.0 0.0 0.0 5.176666466979628e-08 0.0 0.0 0.0 0.0 0.0 0.0 0.0 0.0 0.0006598437609921266 0.0 0.0 0.0 1.4090772150395207e-07 0.0 0.0 0.0 7.994361318302934e-05 0.0 0.0 0.0 0.0 0.0 3.150348112313779e-10 0.0 0.0 1.1479617648365659e-08 1.9951850878187423e-13 0.0 0.0 0.007831553230320719 0.0015037511213279076 0.0 0.0 0.027156064684001762 0.0 0.0 0.0 0.0 0.00017383638785194126 0.0 0.0 0.0049978467422177346 5.726306134852525e-13 0.0 0.0 0.025200333504792054 6.182238129857936e-05 0.0 0.0 0.001251708199069876 0.0 0.0 0.0 0.0
0.0 0.015366401137076678 0.0 0.0 0.0 0.0009093586163373252 0.0 0.0 0.0 5.157297501651382e-08 0.0 0.0 0.0 0.0017458168245105474 0.0 0.0 0.0 0.0 0.008662646791217015 0.0 0.0 0.0 0.0016910000987946899 0.0 0.0 0.0 0.025339638873792928 0.0 0.0 0.0 0.15520432167142859 0.0 4.2177437081704474e-05 0.0 0.0 0.002661872869747591 2.9204849448343143e-09 0.0 0.0 0.002044634096817958 1.928541835352826e-08 0.0 0.0 0.016124568365512026 0.0047060849272969425 0.0 0.0 0.012066571626032243 0.01204066442141669 0.0 0.0 0.15726511745261323 2.9761549951959756e-08 0.0 0.0 0.02336052880732268 0.0019721837430840467 0.0 0.0 0.1806079725696782 0.0320457921180455 0.0 0.0 0.046281401544454336 0.0 1.5729980894586857e-07 0.0 0.0 0.0 1.544914804430807e-07 0.0 0.0 0.0 3.0931014837358652e-12 0.0 0.0 0.0 6.925948265583013e-09 0.0 0.0 0.0 0.0 0.0013391479034869538 0.0 0.0 0.0 0.004800551365638271 0.0 0.0 0.0 0.005379180359474414 0.0 0.0 0.0 0.025784827876615467 0.0 3.544346925379859e-05 0.0 0.0 0.0008739359924169266 4.42108879862853e-09 0.0 0.0 0.0036239092866354305 0.0028431636617990293 0.0 0.0 0.01999788697601022 0.0001006103547235342 0.0 0.0 0.0003657344139657429 0.001731655598820772 0.0 0.0 0.05203076833882772 9.515929486205895e-08 0.0 0.0 0.10359750248109245 0.005077685874557714 0.0 0.0 0.07872430033029577 0.026597327111098884 0.0 0.0 0.0031626019202632707 0.0 0.020004894668296677 0.0 0.0 0.0 0.0067284576531115355 0.0 0.0 0.0 3.3816605639873526e-07 0.0 0.0 0.0 0.01185693412350531 0.0 0.0 0.0 0.0 8.477173681219525e-07 0.0 0.0 0.0 1.0549574392300405e-06 0.0 0.0 0.0 9.051017035861403e-07 0.0 0.0 0.0 1.1388045567466626e-07 0.0 0.0001675023177045508 0.0 0.0 0.00639677007255866 1.3128543018601072e-13 0.0 0.0 0.0032896176304364555 0.0014194750034428505 0.0 0.0 0.034156169786303175 4.97383151554913e-07 0.0 0.0 0.004288351378929225 0.0036802522109307396 0.0 0.0 0.2217997217249094 1.8489865561248e-07 0.0 0.0 0.13000845636676372 0.0190715789977518 0.0 0.0 0.42144595606697094 0.039531054206850054 0.0 0.0 0.08435082053364605 0.0 0.17857459952642102 0.0 0.0 0.0 0.0296657367442858 0.0 0.0 0.0 2.485590452173907e-06 0.0 0.0 0.0 0.07712546243868705 0.0 0.0 0.0 0.0 0.028784292970645622 0.0 0.0 0.0 0.021348082154021286 0.0 0.0 0.0 0.013449092277311605 0.0 0.0 0.0 0.02714675291067268 0.0 4.011424400310898e-05 0.0 0.0 0.002865034929173768 7.438846686727835e-14 0.0 0.0 0.0007857172670185723 0.004383278160130777 0.0 0.0 0.06635134771487322 0.12032797741045922 0.0 0.0 0.013382546613439312 0.0003793102066753322 0.0 0.0 0.013401082533541744 1.5590509121575032e-09 0.0 0.0 0.004211570878164187 0.0038232254766582337 0.0 0.0 0.08002389658841942 0.06205894078822036 0.0 0.0 0.008019417152904615
0.0 0.002485938063781822 0.0 0.0 0.0 0.0010808112781360494 0.0 0.0 0.0 1.0399459083270668e-08 0.0 0.0 0.0 0.015441423387484204 0.0 0.0 0.0 0.0 0.0012100251867786448 0.0 0.0 0.0 0.08850994432619468 0.0 0.0 0.0 0.0760208723086891 0.0 0.0 0.0 0.6560011976368932 0.0 6.771806185133712e-11 0.0 0.0 3.6177960377153695e-09 8.883853389550396e-09 0.0 0.0 0.0028012356143182317 5.918796207821203e-05 0.0 0.0 0.00114231737341929 0.07732300098017073 0.0 0.0 0.011486680993914455 0.0006474993119074202 0.0 0.0 0.038783354295176604 5.79493902054704e-08 0.0 0.0 0.036988403577583207 0.0016772642145654031 0.0 0.0 0.05048080937126469 0.5146857102447825 0.0 0.0 0.1482470646809886 0.0 6.683298691436705e-08 0.0 0.0 0.0 0.0 0.0 0.0 0.0 1.6991264380197094e-12 0.0 0.0 0.0 0.0 0.0 0.0 0.0 0.0 0.0004363077079459804 0.0 0.0 0.0 0.0 0.0 0.0 0.0 0.03447077085903122 0.0 0.0 0.0 0.0 0.0 0.0016510132916767878 0.0 0.0 0.06543113516271423 0.0 0.0 0.0 0.0 0.0005473530543715142 0.0 0.0 0.0224821016702587 0.0 0.0 0.0 0.0 0.00045595025929810225 0.0 0.0 0.018279167831695163 0.0 0.0 0.0 0.0 0.002604129168026482 0.0 0.0 0.0692761068760887 0.0 0.0 0.0 0.0 0.0 0.0012100251867786448 0.0 0.0 0.0 0.0 0.0 0.0 0.0 0.0 0.0 0.0 0.0 0.0050172608178245615 0.0 0.0 0.0 0.0 3.6855140995667063e-09 0.0 0.0 0.0 0.0 0.0 0.0 0.0 0.0 0.0 0.0 0.0 7.526063166015392e-07 0.0 0.001740687220804695 0.0 0.0 0.026642329480058374 0.0 0.0 0.0 0.0 0.0 0.0 0.0 0.0 0.09044400460575525 0.0 0.0 0.024241925515825647 0.0007452508429771266 0.0 0.0 0.012788524127025643 0.0 0.0 0.0 0.0 0.0 0.0 0.0 0.0 0.14796125296134388 0.0 0.0 0.034222547295044176 0.0 0.8093514301869358 0.0 0.0 0.0 0.057846902113861814 0.0 0.0 0.0 7.458906724913971e-07 0.0 0.0 0.0 0.10569975139572467 0.0 0.0 0.0 0.0 0.08414785138002086 0.0 0.0 0.0 0.002589346408608978 0.0 0.0 0.0 0.03257730365472362 0.0 0.0 0.0 0.006843934157679959 0.0 0.011053582826958402 0.0 0.0 0.43566679875115955 1.565076656149491e-08 0.0 0.0 0.04714378472460921 0.0006580435576439139 0.0 0.0 0.02989437397721189 0.10694193570584629 0.0 0.0 0.031487349206693854 0.002351489160630321 0.0 0.0 0.16686756670484582 1.0937208999908917e-08 0.0 0.0 0.021800401794420207 0.0006813080479176816 0.0 0.0 0.022441865958147567 0.03554292508929616 0.0 0.0 0.015371848246869182
0.0 0.0019284885706570335 0.0 0.0 0.0 0.0032390313675759747 0.0 0.0 0.0 1.1090144890774688e-07 0.0 0.0 0.0 0.002217985383858374 0.0 0.0 0.0 0.0 0.03176615034703838 0.0 0.0 0.0 0.004091440365515854 0.0 0.0 0.0 0.07649290566402017 0.0 0.0 0.0 0.07925447751980365 0.0 4.4318831113826945e-10 0.0 0.0 0.0009034869459355634 3.1996011631398785e-09 0.0 0.0 0.0015535204709002707 0.002025857871563961 0.0 0.0 0.06940039237977963 0.02607065863731325 0.0 0.0 0.0011586916119637495 1.1827885563487083e-08 0.0 0.0 0.03959281754355339 6.088927458634871e-08 0.0 0.0 0.06530689938539039 0.006178215345939835 0.0 0.0 0.21685729622853858 0.010137788603075853 0.0 0.0 0.029542309600501523 0.0 2.2819652912660173e-07 0.0 0.0 0.0 0.0 0.0 0.0 0.0 3.5130240695673696e-12 0.0 0.0 0.0 1.72591501160726e-07 0.0 0.0 0.0 0.0 0.0032250340826153545 0.0 0.0 0.0 0.0 0.0 0.0 0.0 0.03386763388378032 0.0 0.0 0.0 0.08063475534245212 0.0 2.298731577677541e-09 0.0 0.0 5.680673001168643e-08 0.0 0.0 0.0 0.0 0.00671909398378842 0.0 0.0 0.08779718378605693 0.005410207356554739 0.0 0.0 0.001199964827240182 0.0023962474186754656 0.0 0.0 0.06856938687497673 0.0 0.0 0.0 0.0 0.006009253743858365 0.0 0.0 0.19946613515116493 0.06622599423499897 0.0 0.0 0.03200629484289838 0.0 0.02715485867396543 0.0 0.0 0.0 0.010834498253278067 0.0 0.0 0.0 3.415687657325288e-07 0.0 0.0 0.0 0.020647868186340713 0.0 0.0 0.0 0.0 6.882020771238169e-07 0.0 0.0 0.0 1.1627800553860813e-06 0.0 0.0 0.0 1.1065138532188118e-06 0.0 0.0 0.0 1.9643990720326349e-07 0.0 0.00021549110867732774 0.0 0.0 0.018990857699666974 9.297140804142124e-09 0.0 0.0 0.017536047025839968 0.004226315295501988 0.0 0.0 0.0489887258606369 0.027938793788555193 0.0 0.0 0.011087374984966196 0.0038176992826720597 0.0 0.0 0.17239327206771576 2.7084603736757105e-07 0.0 0.0 0.19420087883242307 0.027647173945674355 0.0 0.0 0.5126639822416337 0.2455449134155658 0.0 0.0 0.10283110941508507 0.0 0.16252139845522645 0.0 0.0 0.0 0.0993735880543963 0.0 0.0 0.0 2.7014621652676287e-06 0.0 0.0 0.0 0.1618586886266249 0.0 0.0 0.0 0.0 0.06612073892851504 0.0 0.0 0.0 0.08806134411003072 0.0 0.0 0.0 0.01862196899933163 0.0 0.0 0.0 0.011920610805289047 0.0 0.0002854383891308131 0.0 0.0 0.0355636936306849 6.29394041665582e-13 0.0 0.0 0.03268625175234283 0.0023540189634137267 0.0 0.0 0.041789841535705426 0.019872727292340627 0.0 0.0 0.03658607847055106 0.0006707254545791712 0.0 0.0 0.03160182785489641 5.65580935798528e-08 0.0 0.0 0.039547104398410936 0.0034776375326092904 0.0 0.0 0.08213574286329109 0.04670366796946369 0.0 0.0 0.019822049548763522
0.0 0.001716181752954468 0.0 0.0 0.0 0.0025154298076063312 0.0 0.0 0.0 1.9119003843220437e-08 0.0 0.0 0.0 0.004109438670837284 0.0 0.0 0.0 0.0 0.019982178986275925 0.0 0.0 0.0 0.0760985481976328 0.0 0.0 0.0 0.005482027483241894 0.0 0.0 0.0 0.17925250094929157 0.0 0.00045451874693087794 0.0 0.0 0.012566518960886983 2.635742308535112e-09 0.0 0.0 0.001037331279061722 1.8365420719808826e-13 0.0 0.0 7.911997307260918e-13 0.015999259504965474 0.0 0.0 0.006628685770320383 0.0004846314621108483 0.0 0.0 0.04033244204560754 1.7165249478317683e-07 0.0 0.0 0.07142146033699541 0.012558311799109762 0.0 0.0 0.0574961135524363 0.08140522739263846 0.0 0.0 0.05251901150839672 0.0 8.426514203529076e-08 0.0 0.0 0.0 3.9128718265642015e-07 0.0 0.0 0.0 3.645960729693796e-12 0.0 0.0 0.0 4.1894688448530917e-07 0.0 0.0 0.0 0.0 0.0007692970176702405 0.0 0.0 0.0 0.08279877838381665 0.0 0.0 0.0 0.10173212713369516 0.0 0.0 0.0 0.013695246035793729 0.0 0.00017480370936524462 0.0 0.0 0.004341013761638133 2.520035495277009e-07 0.0 0.0 0.1808872784735879 0.0005992450184583547 0.0 0.0 0.016267946085847057 0.048196893608931014 0.0 0.0 0.005252399025151542 0.0011262243138582032 0.0 0.0 0.03135681290970947 2.3247167441209842e-07 0.0 0.0 0.18953189910878887 0.01050823112966133 0.0 0.0 0.21080657442514208 0.20009271085673397 0.0 0.0 0.07267645532295519 0.0 0.021435196344297563 0.0 0.0 0.0 0.007587374240331147 0.0 0.0 0.0 2.558152426277818e-07 0.0 0.0 0.0 0.005580474332698438 0.0 0.0 0.0 0.0 6.306052598287425e-09 0.0 0.0 0.0 9.646583304039766e-08 0.0 0.0 0.0 7.866990517512262e-07 0.0 0.0 0.0 1.3404727660173695e-07 0.0 0.00017113165252141005 0.0 0.0 0.003732745996051159 5.212598520235788e-13 0.0 0.0 0.025896137388189487 3.457180243854072e-08 0.0 0.0 0.0492397059192081 0.021590873393602467 0.0 0.0 0.008474279844894784 0.002388594444435926 0.0 0.0 0.12334526916617465 9.464148077993664e-08 0.0 0.0 0.11758924117317754 0.008498592559768236 0.0 0.0 0.3954794561635267 0.12070532351011116 0.0 0.0 0.03249009475833319 0.0 0.2576637932540481 0.0 0.0 0.0 0.18228364134017766 0.0 0.0 0.0 7.485803215599161e-07 0.0 0.0 0.0 0.09751289781198669 0.0 0.0 0.0 0.0 0.015934834588883836 0.0 0.0 0.0 0.08784557731737376 0.0 0.0 0.0 0.0018899674508023026 0.0 0.0 0.0 0.0015327944729634736 0.0 0.0023461648069633 0.0 0.0 0.05560234355848178 5.433697030547378e-08 0.0 0.0 0.040730285477694264 0.0023247751333766976 0.0 0.0 0.044829661337271565 0.04483779638557763 0.0 0.0 0.0038094976592111403 0.001195000214216117 0.0 0.0 0.044940223351240094 4.3165332765148005e-08 0.0 0.0 0.06682275813628452 0.00011411052020930321 0.0 0.0 0.026377208932785244 0.03112767402531531 0.0 0.0 0.010020519531862379
0.0 0.01776345784700385 0.0 0.0 0.0 0.004778717661785688 0.0 0.0 0.0 2.415070601813974e-07 0.0 0.0 0.0 0.009939399601097541 0.0 0.0 0.0 0.0 0.05497085793482574 0.0 0.0 0.0 0.035431173769351974 0.0 0.0 0.0 0.2534350004533201 0.0 0.0 0.0 0.0788743689323916 0.0 2.6365485119615556e-09 0.0 0.0 0.0012213196330746786 6.4684533686219095e-09 0.0 0.0 0.025502777206610903 0.0035435556496659117 0.0 0.0 0.05223836869104634 0.008171494763193413 0.0 0.0 0.005106295102749191 0.006034673462915941 0.0 0.0 0.1792957645361817 1.81219532791759e-07 0.0 0.0 0.08985878930459557 0.029790693341289427 0.0 0.0 0.3351359380890491 0.08320127699111554 0.0 0.0 0.1258504558701133 0.0 2.2800840750280557e-07 0.0 0.0 0.0 2.573566690131393e-07 0.0 0.0 0.0 8.644057725378265e-12 0.0 0.0 0.0 3.3239927808383155e-07 0.0 0.0 0.0 0.0 0.003637910389891444 0.0 0.0 0.0 0.01931861128417349 0.0 0.0 0.0 0.04539468678349411 0.0 0.0 0.0 0.003592239128445138 0.0 1.872960903874439e-09 0.0 0.0 0.006205039847909113 1.3503807935555914e-07 0.0 0.0 0.04610522359688622 0.002358625239168103 0.0 0.0 0.03764383315459224 0.007541764254856667 0.0 0.0 0.0029333886649792916 2.3916754885370422e-08 0.0 0.0 0.0938712263842963 2.2525661733636338e-07 0.0 0.0 0.14200440830801495 0.019307999416683166 0.0 0.0 0.36200979228840907 0.13543568944352896 0.0 0.0 0.05792544694935222 0.0 0.04146366854829923 0.0 0.0 0.0 0.0181001469544773 0.0 0.0 0.0 7.605965493489718e-08 0.0 0.0 0.0 0.02274436758369314 0.0 0.0 0.0 0.0 3.405995645338103e-06 0.0 0.0 0.0 1.8288911441097319e-06 0.0 0.0 0.0 1.672405127211814e-06 0.0 0.0 0.0 1.9286351906280786e-07 0.0 0.004214184382672016 0.0 0.0 0.08101379399727822 1.4329365757162941e-08 0.0 0.0 0.14110250799222973 0.000503420500772731 0.0 0.0 0.004833726088089226 0.03284563909351196 0.0 0.0 0.05473933557767989 0.019787915415134402 0.0 0.0 0.37208918376207173 2.4181040458460017e-07 0.0 0.0 0.3075101969133693 0.013412236266147353 0.0 0.0 0.13682051431053882 0.18921104362996244 0.0 0.0 0.16717435814262427 0.0 0.3645509452794124 0.0 0.0 0.0 0.0434739280013085 0.0 0.0 0.0 6.782580076548437e-06 0.0 0.0 0.0 0.09998069491301372 0.0 0.0 0.0 0.0 0.037171648298302905 0.0 0.0 0.0 0.03538505501684025 0.0 0.0 0.0 0.020421262319658098 0.0 0.0 0.0 0.03968682886228123 0.0 0.003131863143296576 0.0 0.0 0.06469877429976657 6.017462337195276e-09 0.0 0.0 0.009186523881937522 0.0008405785257477151 0.0 0.0 0.04070357210688103 0.003159673096696955 0.0 0.0 0.00043263871484835293 0.0007041679127880777 0.0 0.0 0.10017196837764439 7.632246502415631e-09 0.0 0.0 0.015668909870425074 0.012551150206650206 0.0 0.0 0.23661994552164692 0.04844576950094532 0.0 0.0 0.015723255752654767
0.0 0.002298183133882479 0.0 0.0 0.0 0.0007896310435981138 0.0 0.0 0.0 1.0059709671600487e-07 0.0 0.0 0.0 0.0019522904848948556 0.0 0.0 0.0 0.0 0.013152323615118778 0.0 0.0 0.0 0.04868753761076418 0.0 0.0 0.0 0.045098513351951836 0.0 0.0 0.0 0.08878877297185925 0.0 6.687263530134857e-09 0.0 0.0 0.018071079867516784 3.535896333475783e-09 0.0 0.0 0.012390133831768558 0.0005143835253796886 0.0 0.0 0.021938643167818864 0.0018848312208975212 0.0 0.0 0.006927659300677911 0.0008648645603041927 0.0 0.0 0.029488684016641842 1.913286347475031e-08 0.0 0.0 0.03394538766620077 0.006602596000991766 0.0 0.0 0.18134633087967167 0.035080259135047746 0.0 0.0 0.02505404158844176 0.0 0.0 0.0 0.0 0.0 0.0 0.0 0.0 0.0 3.1846649578383004e-12 0.0 0.0 0.0 1.0064366266880675e-07 0.0 0.0 0.0 0.0 0.0 0.0 0.0 0.0 0.0 0.0 0.0 0.0 0.06381125524892678 0.0 0.0 0.0 0.031198627587763584 0.0 0.0 0.0 0.0 0.0 0.0 0.0 0.0 0.0 0.003140902101464382 0.0 0.0 0.06287085679826687 0.01907515233348436 0.0 0.0 0.011804966472775277 0.0 0.0 0.0 0.0 0.0 0.0 0.0 0.0 0.006926557367001695 0.0 0.0 0.1826261378847937 0.07917834385012462 0.0 0.0 0.018430663814008517 0.0 0.020076699725019877 0.0 0.0 0.0 0.0067258456705175515 0.0 0.0 0.0 1.837902831345254e-07 0.0 0.0 0.0 0.017120566491094523 0.0 0.0 0.0 0.0 1.3551228817315012e-07 0.0 0.0 0.0 5.474195915042646e-07 0.0 0.0 0.0 1.7868119477659853e-07 0.0 0.0 0.0 1.2007846622549793e-07 0.0 0.0005070899727544649 0.0 0.0 0.058213890012112024 2.2893697558752972e-08 0.0 0.0 0.028829317583912897 0.005259964252777566 0.0 0.0 0.07421704975089889 0.006418886244211752 0.0 0.0 0.003925161801515028 0.0028317784349761992 0.0 0.0 0.14193340292539594 4.9128229307265726e-08 0.0 0.0 0.12413207200587024 0.020383117415093577 0.0 0.0 0.31532792833448153 0.1926915836459802 0.0 0.0 0.0672818202020066 0.0 0.16692305802315302 0.0 0.0 0.0 0.08749440612257472 0.0 0.0 0.0 6.973010302577089e-07 0.0 0.0 0.0 0.2110630773385947 0.0 0.0 0.0 0.0 0.043669707808341764 0.0 0.0 0.0 0.048203792675635224 0.0 0.0 0.0 0.07507632956021865 0.0 0.0 0.0 0.06318620491405114 0.0 8.958478914852581e-05 0.0 0.0 0.01942960702846869 3.8969849682770646e-10 0.0 0.0 0.05938031950267038 0.001593466461786267 0.0 0.0 0.03149514072397878 0.0582524090391655 0.0 0.0 0.012933197617223575 0.0007468751987330406 0.0 0.0 0.02464173467506544 5.566462162692076e-09 0.0 0.0 0.028484472325505703 0.0008059875987413719 0.0 0.0 0.01877866211569993 0.07289977331644103 0.0 0.0 0.028791330939617384
0.0 0.005784554945300491 0.0 0.0 0.0 0.006086120290959693 0.0 0.0 0.0 3.6125376094276926e-08 0.0 0.0 0.0 0.002916983702925573 0.0 0.0 0.0 0.0 0.10475265350215547 0.0 0.0 0.0 0.09812301637627732 0.0 0.0 0.0 0.011931595077780665 0.0 0.0 0.0 0.11627472105024043 0.0 0.0037757527764111457 0.0 0.0 0.031486803437165624 1.166928635346619e-07 0.0 0.0 0.05614168577116788 0.004356189435123399 0.0 0.0 0.028532852032570753 0.08549265383755902 0.0 0.0 0.02418729317497176 0.0017954935770796766 0.0 0.0 0.05610114790346117 1.5615121022760244e-07 0.0 0.0 0.2063024357723538 0.007589906734467785 0.0 0.0 0.06980726427962546 0.09773230975908495 0.0 0.0 0.04004956953005074 0.0 1.4455591907764e-07 0.0 0.0 0.0 2.417735125961764e-07 0.0 0.0 0.0 3.900315063790388e-12 0.0 0.0 0.0 3.0391330032624457e-07 0.0 0.0 0.0 0.0 0.028256254282427996 0.0 0.0 0.0 0.006411252950157682 0.0 0.0 0.0 0.02554069644174109 0.0 0.0 0.0 0.036455842255930376 0.0 0.00039667925075495547 0.0 0.0 0.02035904921724931 2.4277943270768444e-08 0.0 0.0 0.01932581321845163 0.005475097412600576 0.0 0.0 0.06260582500801207 0.00415901308538573 0.0 0.0 0.0022524773496039496 0.0006884030538852435 0.0 0.0 0.031778032096392864 9.07412082012769e-08 0.0 0.0 0.0964804207236708 0.006582398676295846 0.0 0.0 0.22571023228396786 0.18113146101193486 0.0 0.0 0.06117587098204776 0.0 0.026059736019615323 0.0 0.0 0.0 0.009064356934002983 0.0 0.0 0.0 2.2876042731940734e-07 0.0 0.0 0.0 0.0038217328841203156 0.0 0.0 0.0 0.0 5.12791942235381e-08 0.0 0.0 0.0 6.973920123086745e-08 0.0 0.0 0.0 1.1872940692885622e-07 0.0 0.0 0.0 1.824521086794724e-07 0.0 9.602743385778564e-05 0.0 0.0 0.004230685951635787 4.722620438643031e-14 0.0 0.0 0.0010073671023562453 2.5807143264336143e-08 0.0 0.0 0.023565383768400117 0.010314278879355427 0.0 0.0 0.006447586840446165 0.005028843115785197 0.0 0.0 0.20902034356979995 8.178524232272103e-08 0.0 0.0 0.15288524935240885 0.01328994494168564 0.0 0.0 0.3705371102760839 0.035825589397370614 0.0 0.0 0.025069192003228245 0.0 0.299237550485619 0.0 0.0 0.0 0.10981643288712623 0.0 0.0 0.0 0.0 0.0 0.0 0.0 0.2031134900475913 0.0 0.0 0.0 0.0 0.10096438809405543 0.0 0.0 0.0 0.013912045935141835 0.0 0.0 0.0 0.0 0.0 0.0 0.0 0.09497607651874025 0.0 0.001036250008529784 0.0 0.0 0.07123150346095114 1.3774387186876114e-07 0.0 0.0 0.043751781089702846 0.0 0.0 0.0 0.0 0.0835220033566653 0.0 0.0 0.04816514661729883 0.0019702458482580634 0.0 0.0 0.05517071807067793 9.46467827341335e-08 0.0 0.0 0.03621591383894811 0.0 0.0 0.0 0.0 0.11399016409298061 0.0 0.0 0.026583056563129794
0.0 0.009186903524089334 0.0 0.0 0.0 0.003494236592771984 0.0 0.0 0.0 3.027195802200263e-08 0.0 0.0 0.0 0.0027459778635093206 0.0 0.0 0.0 0.0 0.033835009387575166 0.0 0.0 0.0 0.04671551935860209 0.0 0.0 0.0 0.06299726429796877 0.0 0.0 0.0 0.12307055388213017 0.0 1.985845109666104e-06 0.0 0.0 0.002603836808555564 5.335298427315105e-08 0.0 0.0 0.028778919506700317 0.006283001581664169 0.0 0.0 0.06659626203436703 0.001225536926729011 0.0 0.0 0.006725630445036669 0.002382346484634096 0.0 0.0 0.05817812382918039 1.474981854231777e-07 0.0 0.0 0.13338753544904436 0.00379676776992965 0.0 0.0 0.07270308580240081 0.04000270672916918 0.0 0.0 0.03860600591171408 0.0 1.5869418329624213e-07 0.0 0.0 0.0 2.846609476668622e-07 0.0 0.0 0.0 7.276327183568339e-12 0.0 0.0 0.0 7.044087128739371e-08 0.0 0.0 0.0 0.0 0.023642832949755565 0.0 0.0 0.0 0.00047710699127795147 0.0 0.0 0.0 0.08210915179215508 0.0 0.0 0.0 5.824780157063946e-05 0.0 0.00017068956951112496 0.0 0.0 0.004914338538581011 1.9419557381520436e-09 0.0 0.0 0.0004770666435939898 0.002141641899204906 0.0 0.0 0.023207977540720535 0.02860578737018736 0.0 0.0 0.002744212893196557 0.0011841371302421604 0.0 0.0 0.040879980370489656 2.718320267497873e-07 0.0 0.0 0.10523347380934216 0.008588182668238704 0.0 0.0 0.2733098009825999 0.023688641866271034 0.0 0.0 0.01569517688066596 0.0 0.011199423707926473 0.0 0.0 0.0 0.006463312631776824 0.0 0.0 0.0 1.8811078208405517e-07 0.0 0.0 0.0 0.019451707560296974 0.0 0.0 0.0 0.0 3.375582393546564e-08 0.0 0.0 0.0 1.0879750544974795e-06 0.0 0.0 0.0 1.0645296567203447e-06 0.0 0.0 0.0 1.1791064400390478e-07 0.0 0.00031761611296029916 0.0 0.0 0.023547184089205038 6.760373935043256e-14 0.0 0.0 0.003975122984616893 0.0018926962114499582 0.0 0.0 0.03178866321182782 0.06295793514056171 0.0 0.0 0.026824145569781382 0.007692510459764287 0.0 0.0 0.0988275063798456 2.240484403324307e-12 0.0 0.0 0.13114475091176928 0.0127883732463084 0.0 0.0 0.2720936323274077 0.20664802240567037 0.0 0.0 0.10887089492962244 0.0 0.2382283039022447 0.0 0.0 0.0 0.09632950564926275 0.0 0.0 0.0 2.085781162723953e-06 0.0 0.0 0.0 0.17140595644138146 0.0 0.0 0.0 0.0 0.04949899212519069 0.0 0.0 0.0 0.015068002072016685 0.0 0.0 0.0 0.0061958827006901186 0.0 0.0 0.0 0.09887779302954909 0.0 0.002917690371247135 0.0 0.0 0.05744209399061577 7.63629795896853e-13 0.0 0.0 0.024431063896407267 0.00035019705546400113 0.0 0.0 0.035540739454781714 0.07544068163379385 0.0 0.0 0.023821429452465907 0.0007601656455961962 0.0 0.0 0.040509508855301 3.917505467547495e-08 0.0 0.0 0.04115173233840204 0.0012737715785225672 0.0 0.0 0.06282552930852311 0.07396983269590666 0.0 0.0 0.01663319888986153
0.0 0.005377920230564802 0.0 0.0 0.0 0.0026911778753801944 0.0 0.0 0.0 4.403205063529405e-08 0.0 0.0 0.0 0.003991138781160416 0.0 0.0 0.0 0.0 0.019105659459622993 0.0 0.0 0.0 0.07869552730579525 0.0 0.0 0.0 0.11394622794643268 0.0 0.0 0.0 0.2023448540500677 0.0 0.0016238413407945423 0.0 0.0 0.020281076307635218 5.528762069339368e-09 0.0 0.0 0.002712312827043686 1.15645833066303e-05 0.0 0.0 0.004069538652400912 0.007155504069864152 0.0 0.0 0.012850094036615549 0.0034369269576536867 0.0 0.0 0.10062712402037527 9.54618071273006e-08 0.0 0.0 0.10396656639701979 0.00422999683076901 0.0 0.0 0.14103458750917144 0.17465821778756038 0.0 0.0 0.05035783622467134 0.0 2.8641489898334894e-07 0.0 0.0 0.0 7.900422420724199e-08 0.0 0.0 0.0 6.319263423040633e-12 0.0 0.0 0.0 1.0515132807739496e-07 0.0 0.0 0.0 0.0 0.00438854351061119 0.0 0.0 0.0 0.02826396438494097 0.0 0.0 0.0 0.009266194471471267 0.0 0.0 0.0 0.04089044506885352 0.0 0.0001742592956793589 0.0 0.0 0.03011358684185929 5.0640698651984116e-08 0.0 0.0 0.03380728980533353 0.002647444607344296 0.0 0.0 0.04186160474107359 0.007714508106440238 0.0 0.0 0.0017995926438366054 0.0005399511296289789 0.0 0.0 0.11523592112396869 1.6296957790586837e-08 0.0 0.0 0.0507680111053297 0.01621010849830545 0.0 0.0 0.26853288138794074 0.07953784720872471 0.0 0.0 0.020510050137463275 0.0 0.009851894964702542 0.0 0.0 0.0 0.012945141674489055 0.0 0.0 0.0 1.5426593655120078e-07 0.0 0.0 0.0 0.010963927859439497 0.0 0.0 0.0 0.0 8.63367205834507e-09 0.0 0.0 0.0 2.0054999216989075e-07 0.0 0.0 0.0 1.0914966107629625e-07 0.0 0.0 0.0 7.751586468693276e-07 0.0 0.00016792744104855207 0.0 0.0 0.006510449693373659 6.668360934723734e-09 0.0 0.0 0.035348983734676015 0.0024342416642727676 0.0 0.0 0.07706212463449465 0.0034033801450059293 0.0 0.0 0.0005585898236558444 0.002400270324255879 0.0 0.0 0.09390886018043218 2.0504987827271942e-07 0.0 0.0 0.25261055895589657 0.0039134790600317115 0.0 0.0 0.25510812493805773 0.22115556672664677 0.0 0.0 0.064822856919898 0.0 0.3988621671517523 0.0 0.0 0.0 0.062348361310061884 0.0 0.0 0.0 8.951876657239421e-07 0.0 0.0 0.0 0.019188341779062503 0.0 0.0 0.0 0.0 0.025209725742516523 0.0 0.0 0.0 0.001644600800738676 0.0 0.0 0.0 0.0022731722373233176 0.0 0.0 0.0 0.002952780408465468 0.0 0.0020485326090919033 0.0 0.0 0.14170884225176125 3.0207740373065065e-08 0.0 0.0 0.0309883140336122 0.003521673632049813 0.0 0.0 0.06792146195015404 1.1546227697654375e-12 0.0 0.0 3.3012277428650835e-13 0.0016685718210031478 0.0 0.0 0.06992549076962248 2.6167246548320996e-08 0.0 0.0 0.017858078718085143 0.0007926098884879679 0.0 0.0 0.03832959834180402 0.011716301747150888 0.0 0.0 0.0037557131429980183
0.0 0.009297942596454879 0.0 0.0 0.0 0.004209407976235507 0.0 0.0 0.0 4.20608202650404e-08 0.0 0.0 0.0 0.002444346868925523 0.0 0.0 0.0 0.0 0.12407356480305655 0.0 0.0 0.0 0.055792998639071 0.0 0.0 0.0 0.002417732310813714 0.0 0.0 0.0 0.12403992222066279 0.0 4.892620468281064e-05 0.0 0.0 0.004699514882999007 1.1372381436513625e-08 0.0 0.0 0.04134671391237454 4.090509998846444e-08 0.0 0.0 0.03866062232555711 0.037391228931119846 0.0 0.0 0.009132667818633578 0.002039606276854236 0.0 0.0 0.1974801266976768 1.9421465794042185e-07 0.0 0.0 0.13982187492936834 0.006820015499628422 0.0 0.0 0.09680426752453374 0.1789346751527043 0.0 0.0 0.033931080678495935 0.0 7.832086541084926e-07 0.0 0.0 0.0 6.90740636791577e-07 0.0 0.0 0.0 6.9223847182812914e-12 0.0 0.0 0.0 2.5788610768152287e-07 0.0 0.0 0.0 0.0 0.002970075134184091 0.0 0.0 0.0 0.16832382865023773 0.0 0.0 0.0 0.04652395815081915 0.0 0.0 0.0 0.0726768204722191 0.0 0.00016905226015378528 0.0 0.0 0.009462818750625292 2.531963187216053e-07 0.0 0.0 0.09430548486362236 0.00016650979793564303 0.0 0.0 0.09273107274320788 0.03809304047037369 0.0 0.0 0.009639647244345722 0.005293798865214088 0.0 0.0 0.2715089130340751 6.231925427976647e-07 0.0 0.0 0.4126484822800899 0.010489867081192723 0.0 0.0 0.33243099430809975 0.12728608391538496 0.0 0.0 0.04170959126447527 0.0 0.009008281129950209 0.0 0.0 0.0 0.019704828245978533 0.0 0.0 0.0 1.698026362105002e-07 0.0 0.0 0.0 0.00786617646779688 0.0 0.0 0.0 0.0 7.977909678567622e-08 0.0 0.0 0.0 1.1937667317030881e-07 0.0 0.0 0.0 2.8143360214787997e-09 0.0 0.0 0.0 6.700600502063645e-08 0.0 4.329130447192018e-06 0.0 0.0 0.00015070469600576315 8.57672090711227e-09 0.0 0.0 0.006450237929795215 0.00010440751923956076 0.0 0.0 0.0013991538230230774 0.03308580192934731 0.0 0.0 0.007902083497178431 0.004017298967729931 0.0 0.0 0.08328778671440559 3.4960703648509134e-07 0.0 0.0 0.31148413772552 0.013555202301449019 0.0 0.0 0.22611226478340485 0.14941092400590059 0.0 0.0 0.042906148137860506 0.0 0.29346062358036135 0.0 0.0 0.0 0.26657975544460927 0.0 0.0 0.0 5.7105732137841367e-08 0.0 0.0 0.0 0.04395687938850552 0.0 0.0 0.0 0.0 0.004236063742243024 0.0 0.0 0.0 0.02045093266060116 0.0 0.0 0.0 0.00015503382578858392 0.0 0.0 0.0 0.034572448319194586 0.0 0.0032742025060644485 0.0 0.0 0.0745472121569455 1.8926247156159492e-07 0.0 0.0 0.11711139438557044 0.005191239803917119 0.0 0.0 0.04043364006304609 1.224471740362896e-07 0.0 0.0 3.6381411961638234e-08 0.0021739632178937054 0.0 0.0 0.05641609667585173 1.024201911163068e-07 0.0 0.0 0.07820002791473382 0.0002521727378993532 0.0 0.0 0.0022020966724344516 0.012722859018769858 0.0 0.0 0.005216134862579478
0.0 0.008947885179668628 0.0 0.0 0.0 0.0008264844553605174 0.0 0.0 0.0 1.1086473762159201e-07 0.0 0.0 0.0 0.0017288889266436891 0.0 0.0 0.0 0.0 0.059359303646763666 0.0 0.0 0.0 0.002107558075255552 0.0 0.0 0.0 0.14274618665468486 0.0 0.0 0.0 0.038627944141352163 0.0 7.273533428575835e-05 0.0 0.0 0.005568036714744957 2.187134060539616e-14 0.0 0.0 0.0013389650686751453 0.002024287832122492 0.0 0.0 0.03235702979389354 0.0332378142449579 0.0 0.0 0.007584154801914085 0.004936059491391391 0.0 0.0 0.1719463558908545 4.598067296387328e-13 0.0 0.0 0.03155990329418552 0.01075489463319575 0.0 0.0 0.17044659916094987 0.04091388674208355 0.0 0.0 0.02123895471888228 0.0 0.0 0.0 0.0 0.0 6.361876904462983e-07 0.0 0.0 0.0 2.3206482164539286e-12 0.0 0.0 0.0 2.149077068486882e-07 0.0 0.0 0.0 0.0 0.0 0.0 0.0 0.0 0.12909115358357434 0.0 0.0 0.0 0.0060688697502951985 0.0 0.0 0.0 0.036318723585577736 0.0 0.0 0.0 0.0 0.0 2.007298240319826e-07 0.0 0.0 0.08966181251606942 2.5265218036422944e-08 0.0 0.0 0.029388406268320733 0.03648972350896484 0.0 0.0 0.008068942635541558 0.0 0.0 0.0 0.0 5.147865082018215e-07 0.0 0.0 0.28290643471175136 0.0014922242701474306 0.0 0.0 0.14221502891349003 0.13126643737456503 0.0 0.0 0.03868633424535292 0.0 0.012720985280919557 0.0 0.0 0.0 0.005242373780776013 0.0 0.0 0.0 1.7644542535504934e-07 0.0 0.0 0.0 0.013987914075690298 0.0 0.0 0.0 0.0 9.057467351618796e-07 0.0 0.0 0.0 4.8199687965545275e-08 0.0 0.0 0.0 3.8145421173921025e-07 0.0 0.0 0.0 2.0799305997623652e-07 0.0 6.060757834288339e-05 0.0 0.0 0.05746797633044805 1.8242084194140193e-14 0.0 0.0 0.0009065669817134493 0.002601296831123499 0.0 0.0 0.031062181309977017 0.03341386699154504 0.0 0.0 0.03303902416069091 0.004200116485077097 0.0 0.0 0.14054687394222773 1.680914340446314e-12 0.0 0.0 0.10134974371799865 0.011743158697084404 0.0 0.0 0.2770890033078038 0.16259103130259814 0.0 0.0 0.07946415352204136 0.0 0.22117212205746803 0.0 0.0 0.0 0.1654092524956203 0.0 0.0 0.0 1.1934839980133366e-06 0.0 0.0 0.0 0.10355607177388236 0.0 0.0 0.0 0.0 0.02282281439711693 0.0 0.0 0.0 0.03241035106542073 0.0 0.0 0.0 0.002267576493270366 0.0 0.0 0.0 0.036087248289647385 0.0 0.0016223250447036813 0.0 0.0 0.03089803553744855 6.003781590697228e-08 0.0 0.0 0.026085545867453486 1.5564549748512235e-08 0.0 0.0 0.023608478440043393 0.023453435969251656 0.0 0.0 0.005366160710041642 0.0006115254926096447 0.0 0.0 0.04536937551627887 7.554138896793166e-08 0.0 0.0 0.06275800214396797 0.0025160053876735894 0.0 0.0 0.04327255241838171 0.035891187286764346 0.0 0.0 0.010643361334163081
0.0 0.019154532340007687 0.0 0.0 0.0 0.0035509284447573317 0.0 0.0 0.0 1.0417316928614497e-07 0.0 0.0 0.0 0.004299420870546825 0.0 0.0 0.0 0.0 0.09541434401934204 0.0 0.0 0.0 0.05472153286982755 0.0 0.0 0.0 0.175400851030056 0.0 0.0 0.0 0.09286875045334238 0.0 0.000134393322096776 0.0 0.0 0.04102606164341683 6.582118589293323e-14 0.0 0.0 0.004433593598973738 0.0004159134774560413 0.0 0.0 0.02007377732281658 0.01284016227660937 0.0 0.0 0.04005329845015229 0.0054395677606521664 0.0 0.0 0.3241178169284622 1.835766847467642e-12 0.0 0.0 0.13140863149013085 0.012774829631235256 0.0 0.0 0.32514991198064236 0.1769935975957536 0.0 0.0 0.06117414316477777 0.0 4.351706682311995e-08 0.0 0.0 0.0 4.333057523699938e-08 0.0 0.0 0.0 3.973780977397942e-12 0.0 0.0 0.0 5.138934110140112e-08 0.0 0.0 0.0 0.0 1.7694276677857748e-08 0.0 0.0 0.0 0.09068469168955046 0.0 0.0 0.0 0.010092937096034104 0.0 0.0 0.0 2.5636298559141637e-08 0.0 0.0004917950767908363 0.0 0.0 0.03481202244853041 3.987862692149946e-08 0.0 0.0 0.02793735339946148 0.00027609671915685774 0.0 0.0 0.05444553765042579 0.04393550303704903 0.0 0.0 0.011445371127180167 0.0001645656379153597 0.0 0.0 0.013060227226817685 5.5027781003021586e-08 0.0 0.0 0.02696383147819821 0.007108626566424299 0.0 0.0 0.2677775031737696 0.032852531883551986 0.0 0.0 0.008823860129374674 0.0 0.0450855448239595 0.0 0.0 0.0 0.006542008651276771 0.0 0.0 0.0 5.185905188452692e-07 0.0 0.0 0.0 0.010392243881095093 0.0 0.0 0.0 0.0 1.4718080586199277e-07 0.0 0.0 0.0 1.0149975511066198e-07 0.0 0.0 0.0 1.7368988640834083e-06 0.0 0.0 0.0 1.9988275862984042e-07 0.0 0.0029914631853268786 0.0 0.0 0.07903134775664505 5.490142426229599e-14 0.0 0.0 0.0037472737664547696 0.005585714258618377 0.0 0.0 0.09798504673077629 0.0018238961511178287 0.0 0.0 0.0003689894861069294 0.014835678724402274 0.0 0.0 0.4403998775456337 2.01729151977507e-12 0.0 0.0 0.13529663088463448 0.03585906849658462 0.0 0.0 0.6855553322483999 0.1543469768420995 0.0 0.0 0.07571105176381086 0.0 0.3487092613530449 0.0 0.0 0.0 0.09068469168955044 0.0 0.0 0.0 1.5626945217735118e-06 0.0 0.0 0.0 0.036787234934226726 0.0 0.0 0.0 0.0 0.016295750710299636 0.0 0.0 0.0 0.02793739327808839 0.0 0.0 0.0 0.006038206310146866 0.0 0.0 0.0 0.0012076007766748445 0.0 0.0011843653816285104 0.0 0.0 0.04316386565666585 5.586300850236241e-09 0.0 0.0 0.0033970813626688027 3.3519602146547735e-08 0.0 0.0 0.03690067093467195 0.007980237206186952 0.0 0.0 0.001450317101349352 0.002850905956492919 0.0 0.0 0.07308256695584593 3.774427438676314e-08 0.0 0.0 0.023566805143310415 3.327777261176423e-08 0.0 0.0 0.054116836466080225 0.04540984567897557 0.0 0.0 0.0042221075053820774
0.0 0.002439623803575458 0.0 0.0 0.0 0.00524576207738199 0.0 0.0 0.0 6.552782995145909e-08 0.0 0.0 0.0 0.0020504839723443765 0.0 0.0 0.0 0.0 0.005540740725666433 0.0 0.0 0.0 0.06913003206701615 0.0 0.0 0.0 0.016794389704145027 0.0 0.0 0.0 0.058709471060707716 0.0 0.000364319583332459 0.0 0.0 0.011557097136186287 1.7444694273117734e-13 0.0 0.0 0.0010323592821865036 5.8510313931345194e-05 0.0 0.0 0.018859626692475408 0.03577807680883437 0.0 0.0 0.005196366956466334 0.0009771497299703455 0.0 0.0 0.04990214914981854 1.4548038080487504e-07 0.0 0.0 0.13693494147850857 0.005880480948567159 0.0 0.0 0.09996908707015016 0.04482622998139878 0.0 0.0 0.030392071541622157 0.0 2.2610881680250204e-07 0.0 0.0 0.0 1.7998944265378643e-07 0.0 0.0 0.0 3.492917014930038e-12 0.0 0.0 0.0 1.8198614358259788e-07 0.0 0.0 0.0 0.0 8.48840537553248e-08 0.0 0.0 0.0 0.006063635037843756 0.0 0.0 0.0 0.07199007983664946 0.0 0.0 0.0 0.10801236815113036 0.0 4.069373544649535e-05 0.0 0.0 0.0037977388285342683 1.9684147685915482e-08 0.0 0.0 0.006386600102105282 0.005066660900633254 0.0 0.0 0.06139180321438528 0.025769341232782537 0.0 0.0 0.034519763129390375 0.0010659482315896376 0.0 0.0 0.06587638834010856 2.3167371169490363e-07 0.0 0.0 0.12911149376984787 0.012091001545565062 0.0 0.0 0.1679753150777468 0.11626281513685364 0.0 0.0 0.033950390942172184 0.0 0.024816373134763262 0.0 0.0 0.0 0.010095143353195626 0.0 0.0 0.0 1.3321902188402692e-07 0.0 0.0 0.0 0.017394842416818216 0.0 0.0 0.0 0.0 9.620222938987639e-08 0.0 0.0 0.0 1.9946992033965803e-06 0.0 0.0 0.0 5.252527838067432e-07 0.0 0.0 0.0 3.6541113292110995e-06 0.0 0.0004366015117487413 0.0 0.0 0.02098578887846893 1.7198628392364545e-08 0.0 0.0 0.012440188172295934 0.004789095280859927 0.0 0.0 0.05624194660684944 0.0044272679703266085 0.0 0.0 0.023671458585947533 0.004863678113594312 0.0 0.0 0.16124070254484388 1.1893085759356234e-07 0.0 0.0 0.1898057780314676 0.010542029881354322 0.0 0.0 0.14076951014477918 0.11937396959923877 0.0 0.0 0.1182531278305377 0.0 0.12291841051037981 0.0 0.0 0.0 0.17072508248965704 0.0 0.0 0.0 5.988725296201527e-06 0.0 0.0 0.0 0.19367470842921197 0.0 0.0 0.0 0.0 0.06730543496163757 0.0 0.0 0.0 0.06177695902336186 0.0 0.0 0.0 0.027635327752116922 0.0 0.0 0.0 0.03250195431930053 0.0 0.0015009947967315328 0.0 0.0 0.03625227030932748 1.6360016632234217e-08 0.0 0.0 0.005126898965201165 0.005538625765016842 0.0 0.0 0.06634677204039476 0.05593186712757005 0.0 0.0 0.026429925877093516 0.00048654967871825236 0.0 0.0 0.019270120193128546 3.875997870510329e-08 0.0 0.0 0.04549532491598256 0.006114963612201512 0.0 0.0 0.10670156249062225 0.09154178117192863 0.0 0.0 0.024606243846192265
0.0 0.00011434919225245992 0.0 0.0 0.0 0.0 0.0 0.0 0.0 2.800043430110285e-08 0.0 0.0 0.0 0.0018704768078796191 0.0 0.0 0.0 0.0 0.03093032294626844 0.0 0.0 0.0 0.0 0.0 0.0 0.0 0.054808939279169654 0.0 0.0 0.0 0.03144514352703543 0.0 1.539593961401566e-06 0.0 0.0 0.00017766915945336488 0.0 0.0 0.0 0.0 0.0004852764951886936 0.0 0.0 0.026269003800813255 0.028959458668695072 0.0 0.0 0.008938366825435853 4.672548050258997e-05 0.0 0.0 0.006045415040797515 0.0 0.0 0.0 0.0 0.002919048543778936 0.0 0.0 0.06478178953355823 0.03477269608325188 0.0 0.0 0.0059619223274094526 0.0 0.0 0.0 0.0 0.0 6.948638111398521e-08 0.0 0.0 0.0 5.505777098324119e-12 0.0 0.0 0.0 3.000962054725834e-07 0.0 0.0 0.0 0.0 0.0 0.0 0.0 0.0 0.0025047490050679054 0.0 0.0 0.0 0.0032436587510791324 0.0 0.0 0.0 0.0663016198231524 0.0 0.0 0.0 0.0 0.0 3.812349329230759e-12 0.0 0.0 1.2923252249923399e-06 4.678336302895809e-09 0.0 0.0 2.990657970516532e-08 0.022069401711628443 0.0 0.0 0.011890545089299138 0.0 0.0 0.0 0.0 9.159170317456483e-08 0.0 0.0 0.034809819001046204 0.008711657087278977 0.0 0.0 0.06267669239769164 0.04551430334255596 0.0 0.0 0.0781199584165732 0.0 0.0022213085261447237 0.0 0.0 0.0 0.015585372156033417 0.0 0.0 0.0 6.053977128946903e-07 0.0 0.0 0.0 0.06332600735726249 0.0 0.0 0.0 0.0 2.205177770412691e-08 0.0 0.0 0.0 1.3550668700659081e-06 0.0 0.0 0.0 6.364225495105285e-06 0.0 0.0 0.0 2.0735054966512885e-05 0.0 3.665221176338941e-09 0.0 0.0 6.235106374205058e-08 3.119550745995507e-08 0.0 0.0 0.03209137441007854 0.005170866917510734 0.0 0.0 0.07427671821981181 0.05072890560903591 0.0 0.0 0.04101734783066155 0.0017483835460154926 0.0 0.0 0.033346241273012944 1.8670051474904046e-07 0.0 0.0 0.13890178753717464 0.03464864167908704 0.0 0.0 0.4829531461721548 0.14527138951912008 0.0 0.0 0.4086400214804331 0.0 0.11484874803407634 0.0 0.0 0.0 0.056464585936884915 0.0 0.0 0.0 2.7532614549210904e-05 0.0 0.0 0.0 0.25894795972861895 0.0 0.0 0.0 0.0 0.03390096954550151 0.0 0.0 0.0 0.031455169642942954 0.0 0.0 0.0 0.138598140548013 0.0 0.0 0.0 0.11859628969233942 0.0 2.7302300544197296e-08 0.0 0.0 0.05397310388006758 3.9052164392826317e-08 0.0 0.0 0.01759745191196478 0.004448945118086069 0.0 0.0 0.07581281289181256 0.044952710466921314 0.0 0.0 0.019578683203693083 0.00018817441256517543 0.0 0.0 0.020985105304903467 2.104439023795107e-08 0.0 0.0 0.00643079665136001 0.020881796527378715 0.0 0.0 0.4319191577384043 0.08321993450050226 0.0 0.0 0.034444743606461554
0.0 0.009782812590673741 0.0 0.0 0.0 0.00031804609132873656 0.0 0.0 0.0 5.200502925622999e-08 0.0 0.0 0.0 0.0036689198643653177 0.0 0.0 0.0 0.0 0.006611023267207554 0.0 0.0 0.0 0.07885151489877637 0.0 0.0 0.0 0.06542891910914037 0.0 0.0 0.0 0.1662510535994402 0.0 0.0001743751937035054 0.0 0.0 0.0035868363953249567 1.2138659223828828e-08 0.0 0.0 0.017295500863835057 7.240205750716331e-05 0.0 0.0 0.0011655075526391927 0.036439956053426176 0.0 0.0 0.010112308676323916 0.00847455032608379 0.0 0.0 0.11670600853514142 2.5947876489956923e-09 0.0 0.0 0.012536628143714177 0.003367936114852513 0.0 0.0 0.07530078946896647 0.10015344649699422 0.0 0.0 0.04671333107978752 0.0 1.258124011573131e-07 0.0 0.0 0.0 2.589272237604636e-07 0.0 0.0 0.0 2.0601230400201782e-12 0.0 0.0 0.0 2.6072498409222494e-07 0.0 0.0 0.0 0.0 0.025470133065644687 0.0 0.0 0.0 0.002737900592551285 0.0 0.0 0.0 0.08922238633241754 0.0 0.0 0.0 0.047407195961698886 0.0 7.474744932677894e-05 0.0 0.0 0.002053343816645706 5.191896179431904e-19 0.0 0.0 1.2590273714630952e-13 0.005306049651166559 0.0 0.0 0.11865165034783973 0.03212289052487138 0.0 0.0 0.010746512658259835 0.0018669367926881738 0.0 0.0 0.04320251621736095 1.2356827130152077e-07 0.0 0.0 0.033595618488861494 0.002038686033564578 0.0 0.0 0.11178634182625513 0.10472873063584373 0.0 0.0 0.05933172053357829 0.0 0.0054869532179046224 0.0 0.0 0.0 0.008878776186615533 0.0 0.0 0.0 1.4189282099221328e-07 0.0 0.0 0.0 0.010882266315047573 0.0 0.0 0.0 0.0 3.721268820557054e-08 0.0 0.0 0.0 1.4411150019746473e-06 0.0 0.0 0.0 8.660851158224936e-07 0.0 0.0 0.0 2.2144058785586466e-07 0.0 5.978783906547343e-10 0.0 0.0 2.5610555784330993e-08 2.3588715832262038e-08 0.0 0.0 0.013066522630562126 0.001453602037573514 0.0 0.0 0.05223068733399037 0.06639417082049856 0.0 0.0 0.023719358593854073 0.0016865703072981566 0.0 0.0 0.06549421620774232 3.731107632143913e-07 0.0 0.0 0.15972237125351 0.009017738544442508 0.0 0.0 0.22796817672232667 0.16490883970822143 0.0 0.0 0.06110025731509418 0.0 0.2997456753253148 0.0 0.0 0.0 0.15564053474714437 0.0 0.0 0.0 2.371953483487093e-06 0.0 0.0 0.0 0.16316855367011932 0.0 0.0 0.0 0.0 0.029656123631545253 0.0 0.0 0.0 0.08736433784190627 0.0 0.0 0.0 0.0022122196869549253 0.0 0.0 0.0 0.05786371968674303 0.0 0.000617679629138857 0.0 0.0 0.0603498599025389 4.719066069953261e-08 0.0 0.0 0.06346402318083454 0.0019891300254060384 0.0 0.0 0.03728950599995016 0.08541588011268768 0.0 0.0 0.022396064646999198 0.0007932207092768026 0.0 0.0 0.044844259726590285 6.327481121199128e-08 0.0 0.0 0.05687000953498036 0.0020025931478758426 0.0 0.0 0.06550588391743074 0.054009023033193514 0.0 0.0 0.01681967619762843
0.0 0.009185870698462224 0.0 0.0 0.0 0.001957671870205562 0.0 0.0 0.0 1.1192866327042095e-07 0.0 0.0 0.0 0.0026872921171105777 0.0 0.0 0.0 0.0 0.009145347425326435 0.0 0.0 0.0 0.14389270172994562 0.0 0.0 0.0 0.1585799912809322 0.0 0.0 0.0 0.1602528636259722 0.0 2.580618306847457e-06 0.0 0.0 0.00018194559691376417 1.2134863604561107e-09 0.0 0.0 0.018798255887815064 8.685913711292535e-05 0.0 0.0 0.006169595232404983 0.04788634927147694 0.0 0.0 0.00812493628278883 0.0019290454242259876 0.0 0.0 0.17341822061000323 4.849027210990078e-08 0.0 0.0 0.0776800837748234 0.007260220184119172 0.0 0.0 0.3125607481698638 0.18166866574716875 0.0 0.0 0.03557166629526935 0.0 4.9702737436901405e-08 0.0 0.0 0.0 3.969723276551021e-07 0.0 0.0 0.0 4.712028767316046e-12 0.0 0.0 0.0 2.0665831069161213e-07 0.0 0.0 0.0 0.0 0.0007036508487118276 0.0 0.0 0.0 0.02984793498906357 0.0 0.0 0.0 0.038852014370145495 0.0 0.0 0.0 0.037701364650768864 0.0 0.002350508377518824 0.0 0.0 0.06810636392995624 1.6149930078421445e-07 0.0 0.0 0.054127026427196565 0.004111864244213188 0.0 0.0 0.07858485199640393 0.008655191926343186 0.0 0.0 0.003965374518109924 0.0005202899490354398 0.0 0.0 0.02525064237865947 1.8613668631061224e-07 0.0 0.0 0.1583530569419732 0.01216250706526862 0.0 0.0 0.2540147830657337 0.09770483303005481 0.0 0.0 0.045836039589651004 0.0 0.030003299478470972 0.0 0.0 0.0 0.01116128281142375 0.0 0.0 0.0 1.817759318441887e-07 0.0 0.0 0.0 0.007206527072646843 0.0 0.0 0.0 0.0 7.838350948185587e-08 0.0 0.0 0.0 8.517613835284954e-08 0.0 0.0 0.0 5.2639962540700135e-08 0.0 0.0 0.0 7.75096967679714e-08 0.0 0.0011869977684056377 0.0 0.0 0.03292564866329372 7.74086892049663e-13 0.0 0.0 0.029376412898899647 0.005612714818442913 0.0 0.0 0.0808015674430492 0.04046701886051003 0.0 0.0 0.007061697837664998 0.0055584626038570496 0.0 0.0 0.31805153384894014 1.150228805212434e-07 0.0 0.0 0.20179086705643173 0.01913712568931659 0.0 0.0 0.28217437837977394 0.1450189517717121 0.0 0.0 0.04257448991431743 0.0 0.43268168418250574 0.0 0.0 0.0 0.08549148421353997 0.0 0.0 0.0 0.0 0.0 0.0 0.0 0.16029503507412335 0.0 0.0 0.0 0.0 0.07140144658275797 0.0 0.0 0.0 0.038757277114658525 0.0 0.0 0.0 0.0 0.0 0.0 0.0 0.06003033722477494 0.0 0.001256648140758894 0.0 0.0 0.09115104138064085 6.449629973523181e-08 0.0 0.0 0.042128221259962455 0.0 0.0 0.0 0.0 0.08284600593232405 0.0 0.0 0.04060266180122676 0.0010264137323329529 0.0 0.0 0.08100330228733825 3.363710282911087e-08 0.0 0.0 0.02748592965167499 0.0 0.0 0.0 0.0 0.07422118693057925 0.0 0.0 0.018196546376758223
0.0 0.0066822320721762665 0.0 0.0 0.0 0.0021050252982158795 0.0 0.0 0.0 8.912450886039201e-08 0.0 0.0 0.0 0.002237021979382013 0.0 0.0 0.0 0.0 0.020230074224853723 0.0 0.0 0.0 0.1334962562340197 0.0 0.0 0.0 0.08495840334292844 0.0 0.0 0.0 0.029776598991590714 0.0 5.055084522957438e-06 0.0 0.0 0.020294507779440165 3.337938316073793e-08 0.0 0.0 0.01437127033317552 0.005051240598063366 0.0 0.0 0.04632531477387703 0.017080181417456354 0.0 0.0 0.004674445445698465 0.0011387507016643666 0.0 0.0 0.15735046926004945 8.133277486713381e-08 0.0 0.0 0.05572842254513775 0.02453163927428606 0.0 0.0 0.2093952733072086 0.07999059327397705 0.0 0.0 0.03080203019006091 0.0 3.3445039335989364e-07 0.0 0.0 0.0 4.6703114888416047e-07 0.0 0.0 0.0 3.3006105168097244e-12 0.0 0.0 0.0 3.354209299701386e-07 0.0 0.0 0.0 0.0 0.0006389906724479097 0.0 0.0 0.0 0.06963380990624612 0.0 0.0 0.0 0.0727506261147794 0.0 0.0 0.0 0.01138368335091783 0.0 6.56627353813255e-05 0.0 0.0 0.03721314462775199 1.4935490996669974e-07 0.0 0.0 0.10162743921457032 0.0018777471852231636 0.0 0.0 0.029357366185662235 0.062493662836753235 0.0 0.0 0.012845306842059362 0.004484745965965783 0.0 0.0 0.12215799284622514 3.9374338104330277e-07 0.0 0.0 0.24013991899515733 0.00691370972254474 0.0 0.0 0.13594185773573808 0.17477092317454443 0.0 0.0 0.06762783097112603 0.0 0.01718532356715337 0.0 0.0 0.0 0.011868387074731625 0.0 0.0 0.0 4.53459556594996e-08 0.0 0.0 0.0 0.013093284811155747 0.0 0.0 0.0 0.0 2.35651454954645e-08 0.0 0.0 0.0 2.1713919484135593e-08 0.0 0.0 0.0 3.4947397375819293e-09 0.0 0.0 0.0 8.56999604132264e-08 0.0 0.00033972583223916623 0.0 0.0 0.006341979838982328 1.8776343921803524e-07 0.0 0.0 0.10043743836877526 0.0017880669871185963 0.0 0.0 0.029855854383710224 0.014581908064382849 0.0 0.0 0.004363871713799908 0.003912380252322255 0.0 0.0 0.09564122041778153 2.4135772902667434e-07 0.0 0.0 0.13453503066865358 0.001984637031760477 0.0 0.0 0.048651828405798056 0.14868319189514098 0.0 0.0 0.06611896476280826 0.0 0.2445934427036696 0.0 0.0 0.0 0.16570040011535192 0.0 0.0 0.0 0.0 0.0 0.0 0.0 0.24102213474686107 0.0 0.0 0.0 0.0 0.08693296034916985 0.0 0.0 0.0 0.031831248095260174 0.0 0.0 0.0 0.0 0.0 0.0 0.0 0.13758856851389875 0.0 0.0001745783323714399 0.0 0.0 0.07658921595874384 6.708742143381347e-09 0.0 0.0 0.03241754372364576 0.0 0.0 0.0 0.0 0.05550131416295585 0.0 0.0 0.01406627766990864 0.0009034695698157245 0.0 0.0 0.0433487291561846 3.7782216936814975e-08 0.0 0.0 0.0580322883465726 0.0 0.0 0.0 0.0 0.09821420274067176 0.0 0.0 0.029570551709283154
0.0 0.007017860293751328 0.0 0.0 0.0 0.0 0.0 0.0 0.0 4.868359575418635e-08 0.0 0.0 0.0 0.003322469521717071 0.0 0.0 0.0 0.0 0.008492099989538242 0.0 0.0 0.0 0.0 0.0 0.0 0.0 0.009288892513816448 0.0 0.0 0.0 0.09716531710426463 0.0 7.925056307084798e-05 0.0 0.0 0.003639543064453291 0.0 0.0 0.0 0.0 0.00011568599346918058 0.0 0.0 0.00470484455429779 0.013870205323686085 0.0 0.0 0.0036698231318391824 0.0025566697976535605 0.0 0.0 0.1337053475776966 0.0 0.0 0.0 0.0 0.002868971889108346 0.0 0.0 0.13851232765187638 0.06764165129978936 0.0 0.0 0.032017613419333076 0.0 7.012273186422147e-08 0.0 0.0 0.0 1.2338471408350693e-08 0.0 0.0 0.0 1.4661682294863326e-12 0.0 0.0 0.0 1.4958210291552818e-07 0.0 0.0 0.0 0.0 0.001288569892127853 0.0 0.0 0.0 0.024952311593950605 0.0 0.0 0.0 0.1017759935021455 0.0 0.0 0.0 0.012233159785430714 0.0 6.070993455719781e-10 0.0 0.0 1.1127045791069221e-08 4.909023924327652e-10 0.0 0.0 0.00027204600991459493 5.231543466787866e-05 0.0 0.0 0.0645106570751111 0.045310246266599206 0.0 0.0 0.011131274274605273 0.0013833481755866695 0.0 0.0 0.02842615433264124 9.453737751131828e-09 0.0 0.0 0.005873774370256026 0.0008906444042801922 0.0 0.0 0.08155562364019135 0.07260250932470752 0.0 0.0 0.014213432052718253 0.0 0.016364750674797254 0.0 0.0 0.0 0.0031253281378501143 0.0 0.0 0.0 2.611108318682027e-07 0.0 0.0 0.0 0.018917378611557116 0.0 0.0 0.0 0.0 6.804571663130223e-08 0.0 0.0 0.0 2.796767153853108e-08 0.0 0.0 0.0 1.0022094848505916e-06 0.0 0.0 0.0 4.484485227443682e-06 0.0 4.036132984596997e-09 0.0 0.0 1.7230846580092688e-07 1.2356514883090258e-08 0.0 0.0 0.02179102273028753 0.006618127340751238 0.0 0.0 0.08994736964433893 0.0461744243127781 0.0 0.0 0.02095514108559586 0.004313155547816524 0.0 0.0 0.16591077493046746 7.085910064465152e-08 0.0 0.0 0.06837800072027361 0.021086257165413173 0.0 0.0 0.3177211421304388 0.11937154005300171 0.0 0.0 0.10555857402416746 0.0 0.09156362851633887 0.0 0.0 0.0 0.13180082040348512 0.0 0.0 0.0 5.2945175744386905e-06 0.0 0.0 0.0 0.21570820884549632 0.0 0.0 0.0 0.0 0.016298614703433655 0.0 0.0 0.0 0.0888943100650231 0.0 0.0 0.0 0.07442040127328435 0.0 0.0 0.0 0.05833488051913236 0.0 0.0013963591492220677 0.0 0.0 0.019255141008985815 8.677671649961374e-08 0.0 0.0 0.04034457732348493 0.004126783996275762 0.0 0.0 0.03746651995238055 0.03187978959297768 0.0 0.0 0.03326858409401184 0.0006115906224821537 0.0 0.0 0.0263654372857013 1.677021109276506e-08 0.0 0.0 0.04994173123340702 0.0041015919385118125 0.0 0.0 0.09756648812260252 0.042227586109355064 0.0 0.0 0.02285695618305282
0.0 0.0015113321564535545 0.0 0.0 0.0 0.0011756102015268374 0.0 0.0 0.0 2.179299889313854e-08 0.0 0.0 0.0 0.003020463401749962 0.0 0.0 0.0 0.0 0.02282169352972501 0.0 0.0 0.0 0.06420511111186639 0.0 0.0 0.0 0.0024128902595766965 0.0 0.0 0.0 0.18612690748134483 0.0 3.674764887856505e-10 0.0 0.0 0.0007335218017755372 6.320114621810625e-14 0.0 0.0 0.004617857883968442 0.0010438432215857999 0.0 0.0 0.021777850308251454 0.017657717623398902 0.0 0.0 0.004741070132910717 1.4321286522581055e-08 0.0 0.0 0.029755938997009762 5.313018426621871e-13 0.0 0.0 0.0396464231494976 0.002306957131649885 0.0 0.0 0.0546921890465276 0.08797048657826409 0.0 0.0 0.029418361824692738 0.0 0.0 0.0 0.0 0.0 1.0709537015494711e-07 0.0 0.0 0.0 2.1995147193481896e-12 0.0 0.0 0.0 1.173861439938241e-07 0.0 0.0 0.0 0.0 0.0 0.0 0.0 0.0 0.004091553343956255 0.0 0.0 0.0 0.061770720095576964 0.0 0.0 0.0 0.04663835353683123 0.0 0.0 0.0 0.0 0.0 9.438785496233255e-09 0.0 0.0 0.005268431505515742 0.005449675110746127 0.0 0.0 0.11476304283773278 0.005843003598916501 0.0 0.0 0.012670062637214681 0.0 0.0 0.0 0.0 8.861160923901291e-08 0.0 0.0 0.045462311178490006 0.004261497609986362 0.0 0.0 0.1152788207992561 0.05325957432214597 0.0 0.0 0.018645141453064826 0.0 0.002361435856022806 0.0 0.0 0.0 0.0033959426048611827 0.0 0.0 0.0 5.073488137669092e-08 0.0 0.0 0.0 0.011682547083738953 0.0 0.0 0.0 0.0 1.7032578245536904e-13 0.0 0.0 0.0 6.197717755865096e-07 0.0 0.0 0.0 1.101634053133156e-07 0.0 0.0 0.0 3.5250069538129534e-08 0.0 0.0005191264031730239 0.0 0.0 0.027108948624140178 1.0080690073799937e-18 0.0 0.0 1.0195220810026182e-08 0.0004550395036163032 0.0 0.0 0.024585123256364687 0.026003977627471954 0.0 0.0 0.007418616024156116 0.0007387428944091584 0.0 0.0 0.024094247395811386 6.04382790714531e-08 0.0 0.0 0.051425868163590224 0.0025740675553389204 0.0 0.0 0.08203061113384717 0.22775495265229065 0.0 0.0 0.0560748784046341 0.0 0.28660797946648425 0.0 0.0 0.0 0.10792896707460628 0.0 0.0 0.0 6.926553409791885e-07 0.0 0.0 0.0 0.13561310015164746 0.0 0.0 0.0 0.0 0.024636094767182436 0.0 0.0 0.0 0.07569694090131311 0.0 0.0 0.0 0.021907121115584106 0.0 0.0 0.0 0.028076071239200737 0.0 0.0025442071505759807 0.0 0.0 0.09760278374978858 5.1967671424122046e-08 0.0 0.0 0.04572835466499676 0.000703497641951685 0.0 0.0 0.015119231131304338 0.061912693905413 0.0 0.0 0.0372305472957446 0.001522155511537484 0.0 0.0 0.05307803933110979 1.4026773928672275e-08 0.0 0.0 0.044758177233272904 0.0006453985046292355 0.0 0.0 0.01644656012491654 0.04974833304017789 0.0 0.0 0.01635426141017758
0.0 0.014121113012748845 0.0 0.0 0.0 0.002278432804041681 0.0 0.0 0.0 1.350508873791615e-07 0.0 0.0 0.0 0.005778833673105257 0.0 0.0 0.0 0.0 0.046040759997787235 0.0 0.0 0.0 0.0698971318862956 0.0 0.0 0.0 0.14075613155848166 0.0 0.0 0.0 0.009610119154832987 0.0 0.00014527816509956657 0.0 0.0 0.011985507768600624 2.5077822486679993e-08 0.0 0.0 0.05419462271063579 0.00022965439252575241 0.0 0.0 0.0024567447014433876 0.004620801624215616 0.0 0.0 0.001209323915059907 0.007195639067932065 0.0 0.0 0.2539145827979537 9.786735519682779e-08 0.0 0.0 0.06414562154534754 0.01054031678517332 0.0 0.0 0.3223068472402343 0.09544081619367613 0.0 0.0 0.07385603733060842 0.0 6.630484893574646e-07 0.0 0.0 0.0 1.695847856946524e-07 0.0 0.0 0.0 2.5767522679950234e-12 0.0 0.0 0.0 3.748720357085863e-07 0.0 0.0 0.0 0.0 0.0072790055407011426 0.0 0.0 0.0 0.08172451382575298 0.0 0.0 0.0 0.06963208524364944 0.0 0.0 0.0 0.0761012739833998 0.0 0.0017377814042386288 0.0 0.0 0.03236496591220814 2.1100453743543652e-07 0.0 0.0 0.06067957703955359 0.0045048956908849145 0.0 0.0 0.10066382748260164 0.039225048753459245 0.0 0.0 0.006476830106883831 0.0035233140211529575 0.0 0.0 0.05035223601895893 5.808350320188269e-07 0.0 0.0 0.09573986257471116 0.00991804877550231 0.0 0.0 0.14868402361490698 0.2290977212074938 0.0 0.0 0.07775959783259878 0.0 0.030298280805972667 0.0 0.0 0.0 0.012156155217108326 0.0 0.0 0.0 3.213657222679218e-07 0.0 0.0 0.0 0.008382137166879165 0.0 0.0 0.0 0.0 8.753111998386362e-08 0.0 0.0 0.0 1.49099647005086e-07 0.0 0.0 0.0 1.2524515099755923e-06 0.0 0.0 0.0 6.621141330288904e-08 0.0 0.0018314443381220397 0.0 0.0 0.09430359598688835 4.949001041804335e-14 0.0 0.0 0.00014363984182004709 0.004945545772137273 0.0 0.0 0.06708278159065086 0.03531846568532635 0.0 0.0 0.010001798442693164 0.006372381679070785 0.0 0.0 0.2958550564146974 1.518167008438266e-07 0.0 0.0 0.22584481888904712 0.020698411279034115 0.0 0.0 0.47881948321544043 0.08872750418265411 0.0 0.0 0.048085960202532176 0.0 0.24230298280852103 0.0 0.0 0.0 0.21244098419371815 0.0 0.0 0.0 1.0988745038680797e-06 0.0 0.0 0.0 0.12260298893331716 0.0 0.0 0.0 0.0 0.045014416961311386 0.0 0.0 0.0 0.0832286812402743 0.0 0.0 0.0 0.0032378024040465568 0.0 0.0 0.0 0.005283434039705018 0.0 0.0004172408483534918 0.0 0.0 0.04303149435614806 1.5729987952646748e-08 0.0 0.0 0.011442548747918843 3.5750554742475503e-13 0.0 0.0 6.475065857380813e-07 0.02556951390337819 0.0 0.0 0.010533432296621332 0.001048311214480746 0.0 0.0 0.04921741759418185 5.665823530047102e-08 0.0 0.0 0.07391957721286202 2.1860067229571793e-08 0.0 0.0 0.04438941232731369 0.059348183259856774 0.0 0.0 0.01480736243149441
0.0 0.006556703421197189 0.0 0.0 0.0 0.004852905797971707 0.0 0.0 0.0 4.627155504413501e-08 0.0 0.0 0.0 0.002989939495544094 0.0 0.0 0.0 0.0 0.039740732021962384 0.0 0.0 0.0 0.09223384464354219 0.0 0.0 0.0 0.026994013273118612 0.0 0.0 0.0 0.11145673683490764 0.0 5.12075124093949e-05 0.0 0.0 0.00121384314130123 8.305869918699827e-08 0.0 0.0 0.05976179360328817 0.0011084109145155694 0.0 0.0 0.029682697426046695 0.00839023234051372 0.0 0.0 0.0019835218892420366 0.0020277224570211076 0.0 0.0 0.11825296000749004 1.8313471308108005e-07 0.0 0.0 0.13687673474420306 0.005694414610351188 0.0 0.0 0.14632437820613953 0.09408303322738744 0.0 0.0 0.0328612890544771 0.0 1.476459514745475e-07 0.0 0.0 0.0 3.0216467275582604e-07 0.0 0.0 0.0 5.345964788637961e-12 0.0 0.0 0.0 3.853624490522797e-07 0.0 0.0 0.0 0.0 0.010781622097733121 0.0 0.0 0.0 0.07177125377492702 0.0 0.0 0.0 0.008566467787416068 0.0 0.0 0.0 0.02004423033351159 0.0 0.002082804737848477 0.0 0.0 0.05801853397390061 2.1484481554390324e-09 0.0 0.0 0.003963300780032351 0.0026431454715110736 0.0 0.0 0.08352812462445906 0.012815637275675704 0.0 0.0 0.002152460920987705 0.0033415184987080804 0.0 0.0 0.051657749466894234 2.5064280207025993e-07 0.0 0.0 0.1760296433311897 0.019450052417551614 0.0 0.0 0.26345933895682433 0.15848163905078508 0.0 0.0 0.058270399898662915 0.0 0.012976323563234997 0.0 0.0 0.0 0.02054666461255813 0.0 0.0 0.0 3.201411204977354e-07 0.0 0.0 0.0 0.018742099353596907 0.0 0.0 0.0 0.0 3.133340430310196e-08 0.0 0.0 0.0 5.342564217703458e-08 0.0 0.0 0.0 1.3344802767379498e-06 0.0 0.0 0.0 1.1315547707572315e-06 0.0 0.00011815614549538432 0.0 0.0 0.0055113582399942814 4.203537558586413e-08 0.0 0.0 0.02169257361521205 0.0015122969166116189 0.0 0.0 0.04887157806934038 0.004645977019236531 0.0 0.0 0.0008847507192779563 0.0029919759847369925 0.0 0.0 0.14624532329451537 2.3724344145157358e-07 0.0 0.0 0.29344676619053334 0.019114928177302853 0.0 0.0 0.308146671478456 0.13478576394284555 0.0 0.0 0.09270503025234435 0.0 0.2508921521431472 0.0 0.0 0.0 0.08597842201317701 0.0 0.0 0.0 2.121621518894967e-06 0.0 0.0 0.0 0.17422541316804532 0.0 0.0 0.0 0.0 0.05166940443291621 0.0 0.0 0.0 0.036244363604266285 0.0 0.0 0.0 0.039254958739816354 0.0 0.0 0.0 0.06878911060263651 0.0 0.002507947538892026 0.0 0.0 0.11574645885304231 4.601797472383172e-09 0.0 0.0 0.001148404177894154 0.001929517061112765 0.0 0.0 0.02978578315354131 0.03896171631067789 0.0 0.0 0.010211377628868592 0.0012782621111565706 0.0 0.0 0.03947448846464445 4.157409133493477e-08 0.0 0.0 0.04447193259015505 0.0008125755944769101 0.0 0.0 0.054097420250569794 0.058934109778766536 0.0 0.0 0.026525401774113177
0.0 0.009564344059566837 0.0 0.0 0.0 0.00021386326181150445 0.0 0.0 0.0 4.1337690554592496e-08 0.0 0.0 0.0 0.0037978416456923 0.0 0.0 0.0 0.0 0.04097750602276962 0.0 0.0 0.0 0.06045715359706058 0.0 0.0 0.0 0.01593200438714105 0.0 0.0 0.0 0.02039558809116146 0.0 8.54056810114744e-05 0.0 0.0 0.0033770300167680627 3.370306868831442e-13 0.0 0.0 0.012453160422858702 9.02396636642935e-05 0.0 0.0 0.039436880628416396 0.002292910907646979 0.0 0.0 0.0007217367947220715 0.0055820404303768235 0.0 0.0 0.1858875553801702 1.5886048118182524e-13 0.0 0.0 0.008700449914661106 0.005017117013493884 0.0 0.0 0.1440852849618131 0.05155912064027006 0.0 0.0 0.043969742715838735 0.0 8.703168330693292e-08 0.0 0.0 0.0 8.858702051477659e-08 0.0 0.0 0.0 3.76866746336304e-12 0.0 0.0 0.0 5.230253338012411e-08 0.0 0.0 0.0 0.0 4.963540240164545e-08 0.0 0.0 0.0 0.0701751084164111 0.0 0.0 0.0 0.08710560701111245 0.0 0.0 0.0 0.022405444573330303 0.0 0.00011768453070774035 0.0 0.0 0.002480172278579347 2.441193118984139e-09 0.0 0.0 0.029824680923011982 0.011160097538001275 0.0 0.0 0.13188719995789877 0.06341923945747856 0.0 0.0 0.021071025341865477 0.0015557150591592166 0.0 0.0 0.03675860506291183 9.853209911080904e-08 0.0 0.0 0.06364927549403966 0.015300009365403522 0.0 0.0 0.20458253570669793 0.04595334902994445 0.0 0.0 0.010800143688623294 0.0 0.027840463920850034 0.0 0.0 0.0 0.0072127581619025076 0.0 0.0 0.0 3.1655771598049955e-07 0.0 0.0 0.0 0.018601408860698464 0.0 0.0 0.0 0.0 3.020078532208114e-08 0.0 0.0 0.0 7.729631350349183e-08 0.0 0.0 0.0 1.2966174232732622e-07 0.0 0.0 0.0 1.2003442401048315e-06 0.0 0.0003993384866001239 0.0 0.0 0.00551398676318527 1.00844160596261e-08 0.0 0.0 0.03372405300845691 0.00010737836649603483 0.0 0.0 0.04974684170543761 0.042809826339714106 0.0 0.0 0.012031866509125133 0.005275924888718353 0.0 0.0 0.1655318237320802 5.850657543077899e-08 0.0 0.0 0.12271229733611097 0.0170220681028691 0.0 0.0 0.4240710287870654 0.24731454468161782 0.0 0.0 0.0883642892490431 0.0 0.10035735708603255 0.0 0.0 0.0 0.201434175090616 0.0 0.0 0.0 1.0796039060551753e-06 0.0 0.0 0.0 0.3004089791514232 0.0 0.0 0.0 0.0 0.017479778256467658 0.0 0.0 0.0 0.1313937233629223 0.0 0.0 0.0 0.04129556020343543 0.0 0.0 0.0 0.1380244829470728 0.0 2.09341390340618e-08 0.0 0.0 0.02799240521194751 2.0702209954985294e-08 0.0 0.0 0.049959410004499105 0.0032795586893714797 0.0 0.0 0.042238883237773896 0.05114673300201039 0.0 0.0 0.015907850237076245 0.0005599602940484283 0.0 0.0 0.017259732611140333 5.0947197349123105e-08 0.0 0.0 0.06724806947543799 0.0016784787618674014 0.0 0.0 0.03424338029897728 0.07893556703765664 0.0 0.0 0.02926109160141873
0.0 0.009538286248996187 0.0 0.0 0.0 0.0022786034727155634 0.0 0.0 0.0 1.1081166086700108e-07 0.0 0.0 0.0 0.0030263619587986164 0.0 0.0 0.0 0.0 0.03140944302478303 0.0 0.0 0.0 0.006037030258445141 0.0 0.0 0.0 0.1051456762002802 0.0 0.0 0.0 0.06588618698675447 0.0 0.0012534693158042036 0.0 0.0 0.03231438828434129 3.833286543770032e-14 0.0 0.0 2.698350038732779e-08 0.001899855623202176 0.0 0.0 0.04916812623850499 0.04100427887853399 0.0 0.0 0.01144099840880364 0.0066572477539482275 0.0 0.0 0.20374181833619684 1.506169977963947e-07 0.0 0.0 0.07308837522946562 0.01637009843613861 0.0 0.0 0.27513915877660877 0.0928598902081107 0.0 0.0 0.029994843242487114 0.0 5.603022693451848e-07 0.0 0.0 0.0 5.865307885942395e-07 0.0 0.0 0.0 4.176564335376882e-12 0.0 0.0 0.0 1.6646550159198102e-07 0.0 0.0 0.0 0.0 0.07516070589094415 0.0 0.0 0.0 0.03383379461670968 0.0 0.0 0.0 0.003878137923631711 0.0 0.0 0.0 0.02038587707498718 0.0 0.00024952167115904555 0.0 0.0 0.0049089144482036195 8.74923882787373e-09 0.0 0.0 0.0036662006300880574 0.002387358797920866 0.0 0.0 0.027131548891144996 0.05096429728316269 0.0 0.0 0.010990448783926663 0.0037218506768412324 0.0 0.0 0.20087309997465252 4.6775454041899225e-07 0.0 0.0 0.328817781243867 0.009944194317570265 0.0 0.0 0.1601692264684627 0.0636422639104331 0.0 0.0 0.01682531960431455 0.0 0.014969225965868077 0.0 0.0 0.0 0.017991524914870778 0.0 0.0 0.0 1.0921445900444453e-07 0.0 0.0 0.0 0.009198117220490324 0.0 0.0 0.0 0.0 2.0652953407729108e-08 0.0 0.0 0.0 1.970708429898862e-07 0.0 0.0 0.0 1.8359353323068106e-08 0.0 0.0 0.0 2.89953511890089e-07 0.0 8.185246884568072e-05 0.0 0.0 0.004853975646056326 1.3202319342921964e-08 0.0 0.0 0.005853745491263242 0.00019175199579076992 0.0 0.0 0.0634789984003492 0.051468683885849985 0.0 0.0 0.01792212980432365 0.0010693796502236036 0.0 0.0 0.1418339187383786 5.183827948437001e-07 0.0 0.0 0.3017707471825601 0.008622221765940795 0.0 0.0 0.13121736666701395 0.11913642427332054 0.0 0.0 0.046486914545992165 0.0 0.1839702639531292 0.0 0.0 0.0 0.12336223616183078 0.0 0.0 0.0 3.0600636517499136e-07 0.0 0.0 0.0 0.2037769620597524 0.0 0.0 0.0 0.0 0.030510974164048462 0.0 0.0 0.0 0.08740278965595824 0.0 0.0 0.0 0.03482731841153298 0.0 0.0 0.0 0.06579877919156639 0.0 0.0013530392742836816 0.0 0.0 0.07871542566328517 6.718100382388504e-08 0.0 0.0 0.027852190415251908 0.002028710183339242 0.0 0.0 0.03675967914558552 0.0095344162111852 0.0 0.0 0.003430549007284241 0.0004570016810655584 0.0 0.0 0.030610041508839315 9.202176056435704e-08 0.0 0.0 0.046297277528264694 0.0007147861957854596 0.0 0.0 0.007073386618554508 0.05744291819472023 0.0 0.0 0.026335214860724453
0.0 0.019627810692299172 0.0 0.0 0.0 0.004935073366845482 0.0 0.0 0.0 1.3933990561943252e-07 0.0 0.0 0.0 0.018374138654200855 0.0 0.0 0.0 0.0 0.03609250425031309 0.0 0.0 0.0 0.18002257011546682 0.0 0.0 0.0 0.195647757843509 0.0 0.0 0.0 0.11272145578767796 0.0 0.0015011664138398436 0.0 0.0 0.045928235758009785 1.1862500703509904e-08 0.0 0.0 0.002390860980504168 0.00017849697608493517 0.0 0.0 0.05895846187172324 0.023153893578181442 0.0 0.0 0.013807772309347086 0.004248477263953704 0.0 0.0 0.08255738127250543 2.3191045090517991e-07 0.0 0.0 0.192562403066074 0.01178771100937775 0.0 0.0 0.3032941599121625 0.2049370003045209 0.0 0.0 0.19687246631883468 0.0 2.437692087880701e-07 0.0 0.0 0.0 5.668314898262461e-07 0.0 0.0 0.0 1.0288290288982569e-11 0.0 0.0 0.0 5.980396406734966e-07 0.0 0.0 0.0 0.0 0.0004113615335341675 0.0 0.0 0.0 0.0422730298430087 0.0 0.0 0.0 0.26609041407780887 0.0 0.0 0.0 0.10335034525437792 0.0 0.0056086850245919495 0.0 0.0 0.07090684544611682 4.464625160148194e-08 0.0 0.0 0.047156077027336686 0.00887576361606628 0.0 0.0 0.1367053507803291 0.02969754368114401 0.0 0.0 0.006022827719428997 0.0011895746774220463 0.0 0.0 0.016861077374586687 5.180099812676569e-07 0.0 0.0 0.1955031271183134 0.0316086120936738 0.0 0.0 0.6014755255018993 0.1872832199819482 0.0 0.0 0.1485344044507628 0.0 0.04890105173432951 0.0 0.0 0.0 0.04097227492213282 0.0 0.0 0.0 5.760365187575472e-07 0.0 0.0 0.0 0.03354083285801022 0.0 0.0 0.0 0.0 1.8032815094392779e-07 0.0 0.0 0.0 5.368222318341943e-06 0.0 0.0 0.0 9.646060893369745e-07 0.0 0.0 0.0 2.3224543417073835e-07 0.0 3.945481536782261e-05 0.0 0.0 0.18433064783395126 1.569261599977126e-08 0.0 0.0 0.06594188888412168 0.0037558963754647477 0.0 0.0 0.27350506193650537 0.07409470579644836 0.0 0.0 0.01295252526373467 0.027757036308685687 0.0 0.0 0.498793931583199 5.306522311739701e-07 0.0 0.0 0.46294664857934315 0.042577066159183385 0.0 0.0 0.9148716766172252 0.4084366387381515 0.0 0.0 0.13581957987644475 0.0 0.4559551818011295 0.0 0.0 0.0 0.3662172355882615 0.0 0.0 0.0 8.940224328002858e-06 0.0 0.0 0.0 0.39301459432718816 0.0 0.0 0.0 0.0 0.10941485363819298 0.0 0.0 0.0 0.0826721697604716 0.0 0.0 0.0 0.1596793197728167 0.0 0.0 0.0 0.10327919720489243 0.0 0.0009328486242199951 0.0 0.0 0.015057062088370814 2.302866900191016e-08 0.0 0.0 0.08140889532500806 0.0053747676499251665 0.0 0.0 0.045766408997194745 0.13765362704001183 0.0 0.0 0.05976033426217918 0.0016599189251700717 0.0 0.0 0.08182464970114013 3.2847926924621834e-08 0.0 0.0 0.1345461582278866 0.02337534146744719 0.0 0.0 0.24068416101559073 0.10933838791238511 0.0 0.0 0.0517539496824877
0.0 0.015381041550337284 0.0 0.0 0.0 0.007592505450035178 0.0 0.0 0.0 1.6551042307535968e-07 0.0 0.0 0.0 0.0009722708205816936 0.0 0.0 0.0 0.0 0.0595876342247146 0.0 0.0 0.0 0.09804133596105163 0.0 0.0 0.0 0.13782468362704775 0.0 0.0 0.0 0.06681381151541654 0.0 1.6106048603849008e-05 0.0 0.0 0.003909424948452548 8.486642381660134e-09 0.0 0.0 0.006152163748328236 0.0003774284834423753 0.0 0.0 0.011946934738174781 0.05313266212438025 0.0 0.0 0.017558090943604155 0.005363814871299098 0.0 0.0 0.2754014311855237 3.4928898448282217e-07 0.0 0.0 0.24787308989388904 0.02736780397277548 0.0 0.0 0.5418018893259986 0.05563026733019046 0.0 0.0 0.011412584596644659 0.0 4.87568840069468e-07 0.0 0.0 0.0 2.8746883522163774e-07 0.0 0.0 0.0 7.912303651927916e-12 0.0 0.0 0.0 6.154523095742938e-09 0.0 0.0 0.0 0.0 0.0035197824862251304 0.0 0.0 0.0 0.007121595799906192 0.0 0.0 0.0 0.054135048493640016 0.0 0.0 0.0 0.00023306974590275902 0.0 9.206955158444923e-05 0.0 0.0 0.003480681261030143 5.086315035303954e-13 0.0 0.0 0.004973594847270915 0.002229224564588574 0.0 0.0 0.0526654258645435 0.03513792215591769 0.0 0.0 0.007092604153848567 0.0029746691804047255 0.0 0.0 0.14407207545002873 2.4414160564498797e-07 0.0 0.0 0.19342396507269108 0.02191848458216499 0.0 0.0 0.48561087847960394 0.007270876388023272 0.0 0.0 0.0016454432344890674 0.0 0.056321386908344456 0.0 0.0 0.0 0.017370751531005348 0.0 0.0 0.0 3.3057225453967603e-07 0.0 0.0 0.0 0.002519345516963762 0.0 0.0 0.0 0.0 1.659838645008544e-07 0.0 0.0 0.0 1.6308568069630953e-07 0.0 0.0 0.0 1.3568975460082943e-07 0.0 0.0 0.0 3.1331290120694305e-08 0.0 0.0029790196668828157 0.0 0.0 0.08172519823328357 1.706697863141913e-13 0.0 0.0 0.008959916312496574 0.0008758466174592667 0.0 0.0 0.01465164493338806 0.05743760309310073 0.0 0.0 0.025330638953660653 0.012274332799783745 0.0 0.0 0.6173987238984074 1.792812633277475e-07 0.0 0.0 0.33332844261831446 0.023443026308137434 0.0 0.0 0.5262081560387551 0.10101549060157052 0.0 0.0 0.019216577834231974 0.0 0.29324402691093726 0.0 0.0 0.0 0.04004595207579835 0.0 0.0 0.0 0.0 0.0 0.0 0.0 0.028423765294443726 0.0 0.0 0.0 0.0 0.033936314471899175 0.0 0.0 0.0 0.0005084275526539632 0.0 0.0 0.0 0.0 0.0 0.0 0.0 0.0005098110612752393 0.0 8.858072626923702e-05 0.0 0.0 0.030755827989591894 7.09958108943425e-13 0.0 0.0 0.04534455335534589 0.0 0.0 0.0 0.0 6.0248994585445e-09 0.0 0.0 1.0893101055827746e-09 0.0012753011973334974 0.0 0.0 0.05173932336560449 2.2559388383718063e-13 0.0 0.0 0.016860910680675134 0.0 0.0 0.0 0.0 0.018663184711318056 0.0 0.0 0.003783153651457865
0.0 0.018297702655702235 0.0 0.0 0.0 0.011522327869639006 0.0 0.0 0.0 6.79483110143018e-08 0.0 0.0 0.0 0.004199778645397645 0.0 0.0 0.0 0.0 0.020765181986808018 0.0 0.0 0.0 0.04421267868879415 0.0 0.0 0.0 0.11077757916893366 0.0 0.0 0.0 0.06067815989049333 0.0 0.00015787143582491594 0.0 0.0 0.003600811445303125 1.58632717840087e-08 0.0 0.0 0.031042814892299576 0.0021258580476433207 0.0 0.0 0.030256912434538336 0.00765309714689624 0.0 0.0 0.002045735735374149 0.010272071979241537 0.0 0.0 0.30647637605842204 3.2034304066284694e-07 0.0 0.0 0.2727918579042567 0.012626022439041353 0.0 0.0 0.20378357552283405 0.14617513998349757 0.0 0.0 0.036083813999270874 0.0 2.92625012256585e-07 0.0 0.0 0.0 6.681846584569508e-07 0.0 0.0 0.0 1.1480130162884947e-11 0.0 0.0 0.0 1.7507842649453673e-07 0.0 0.0 0.0 0.0 0.009564253892552494 0.0 0.0 0.0 0.09364642539960188 0.0 0.0 0.0 0.01334676401343427 0.0 0.0 0.0 0.003577258663867643 0.0 0.002918634313612276 0.0 0.0 0.08191768752233684 5.56816618731792e-08 0.0 0.0 0.033057062006086865 0.0034791447235027043 0.0 0.0 0.06623727461539144 0.0018925523491542218 0.0 0.0 0.001349998673860943 0.002496853692266015 0.0 0.0 0.10857085827496399 3.548148742208199e-07 0.0 0.0 0.4383340297951625 0.024951572721150277 0.0 0.0 0.5597581299574589 0.0629703904896039 0.0 0.0 0.032943914905458706 0.0 0.0467440806342027 0.0 0.0 0.0 0.018410580656997976 0.0 0.0 0.0 1.7901436323027563e-07 0.0 0.0 0.0 0.004154707567429994 0.0 0.0 0.0 0.0 2.2697241049117136e-07 0.0 0.0 0.0 1.498988941101363e-07 0.0 0.0 0.0 6.55880291654165e-08 0.0 0.0 0.0 2.7563130476590645e-09 0.0 0.0003574128921637724 0.0 0.0 0.016882316861509247 1.2614728384611102e-07 0.0 0.0 0.06658515681739213 0.0003283349047784566 0.0 0.0 0.006992924159169809 0.0350610867670871 0.0 0.0 0.007612311801228566 0.018565007381951482 0.0 0.0 0.4824895511398079 1.711833562010842e-07 0.0 0.0 0.32594097593756344 0.019737064831718307 0.0 0.0 0.3325114470632428 0.07008139270730719 0.0 0.0 0.03719193364119198 0.0 0.17407225268329515 0.0 0.0 0.0 0.09020112525816085 0.0 0.0 0.0 1.2162584848622368e-07 0.0 0.0 0.0 0.1307234480182752 0.0 0.0 0.0 0.0 0.050469606596572375 0.0 0.0 0.0 0.05299315589831705 0.0 0.0 0.0 0.0002122137921482284 0.0 0.0 0.0 0.03540313302249168 0.0 0.0001508417663916674 0.0 0.0 0.0036770781645408873 5.1115341940757485e-08 0.0 0.0 0.03602566212678235 0.002410972027220289 0.0 0.0 0.04565312765399507 0.008826376634385359 0.0 0.0 0.002914444844508135 0.00021961641915850332 0.0 0.0 0.028246329770971208 4.075074680942799e-08 0.0 0.0 0.026248545171394844 0.00013903485665510345 0.0 0.0 0.0029516751243187788 0.062336911507648106 0.0 0.0 0.01663141137362132
0.0 0.0009351841418819332 0.0 0.0 0.0 0.002549047575469308 0.0 0.0 0.0 8.38551123024982e-09 0.0 0.0 0.0 0.007883349098283183 0.0 0.0 0.0 0.0 0.022960931328331727 0.0 0.0 0.0 0.04280678230119675 0.0 0.0 0.0 0.008503701129212539 0.0 0.0 0.0 0.31296869111616626 0.0 1.4084099954670935e-05 0.0 0.0 0.00038590150905657566 2.410755283692736e-13 0.0 0.0 0.00807731672564373 1.4191447122846699e-05 0.0 0.0 0.00013612549557745664 0.0560134654053194 0.0 0.0 0.01745732104849943 0.0003599531503970989 0.0 0.0 0.01105757400379353 2.19111095832812e-12 0.0 0.0 0.08942136632892016 0.002302116228408443 0.0 0.0 0.024757485547583006 0.34393216681718447 0.0 0.0 0.08315845588310433 0.0 4.564464783037455e-08 0.0 0.0 0.0 0.0 0.0 0.0 0.0 3.919276502181832e-12 0.0 0.0 0.0 2.3157510742409324e-08 0.0 0.0 0.0 0.0 0.02470406328422132 0.0 0.0 0.0 0.0 0.0 0.0 0.0 0.05985138360804383 0.0 0.0 0.0 0.05852959389611621 0.0 1.4038591806630225e-05 0.0 0.0 0.0003599986585451396 0.0 0.0 0.0 0.0 0.0054088739348918365 0.0 0.0 0.06290228226167273 0.00920689919496049 0.0 0.0 0.0014435271054990884 0.0003574904346139243 0.0 0.0 0.01027799161958069 0.0 0.0 0.0 0.0 0.012154281520851322 0.0 0.0 0.1453922045379452 0.032284925219126126 0.0 0.0 0.005675916127033913 0.0 0.003474665780909939 0.0 0.0 0.0 0.0005534001420167131 0.0 0.0 0.0 1.7024128874632002e-08 0.0 0.0 0.0 0.01921830719313774 0.0 0.0 0.0 0.0 8.385668957250577e-09 0.0 0.0 0.0 1.4147950317059396e-07 0.0 0.0 0.0 1.0156309164815773e-13 0.0 0.0 0.0 1.702778886104178e-08 0.0 0.0004946158294557375 0.0 0.0 0.03088274505142631 7.633850992859427e-13 0.0 0.0 0.02476733854657506 0.0012211829732600122 0.0 0.0 0.01336360588407461 0.016733763932356965 0.0 0.0 0.0056591710667843 0.0005070846178654134 0.0 0.0 0.0360681368015047 2.857118413352541e-13 0.0 0.0 0.010392748064271476 0.0015923438936420932 0.0 0.0 0.019536478458208356 0.147948210085481 0.0 0.0 0.06043592832835979 0.0 0.3828302103074676 0.0 0.0 0.0 0.13998259307089533 0.0 0.0 0.0 1.4147950317059394e-07 0.0 0.0 0.0 0.21975992339762127 0.0 0.0 0.0 0.0 0.03443340273319319 0.0 0.0 0.0 0.03652869596667599 0.0 0.0 0.0 0.024767338547338445 0.0 0.0 0.0 0.13077535904589124 0.0 0.00801491235693087 0.0 0.0 0.3860660336964819 1.0456693687723322e-08 0.0 0.0 0.010976837135907603 0.00038447689823179095 0.0 0.0 0.006962895048053736 0.07316915724098418 0.0 0.0 0.0253653594468252 0.0016054101201213122 0.0 0.0 0.0798907366211933 5.83459028781354e-08 0.0 0.0 0.06250720265783317 0.00016892324378492193 0.0 0.0 0.0034298530165034515 0.05535062179313511 0.0 0.0 0.03128400257677591
0.0 0.019058807534196923 0.0 0.0 0.0 0.0050235643115616735 0.0 0.0 0.0 4.493219391191428e-08 0.0 0.0 0.0 0.008892462708819207 0.0 0.0 0.0 0.0 0.025378617084487146 0.0 0.0 0.0 0.19008945934940213 0.0 0.0 0.0 0.006743393736037959 0.0 0.0 0.0 0.10561861386966387 0.0 0.0010038236025966005 0.0 0.0 0.024393430309058863 3.0367742669893035e-09 0.0 0.0 0.003666639338262586 0.0002715868182707082 0.0 0.0 0.0029896944837123685 0.002857727468395827 0.0 0.0 0.004073356017221354 0.011209827588367407 0.0 0.0 0.33713814220042876 1.4733369559802587e-07 0.0 0.0 0.13576630528561226 0.004946447969385145 0.0 0.0 0.11050362655614059 0.14843499773065708 0.0 0.0 0.10648722569246478 0.0 2.1536309897795532e-07 0.0 0.0 0.0 2.1546411348974298e-07 0.0 0.0 0.0 2.5217353727127227e-12 0.0 0.0 0.0 6.455724009788963e-07 0.0 0.0 0.0 0.0 0.001840989976511385 0.0 0.0 0.0 0.0699046828343837 0.0 0.0 0.0 0.10649974306101191 0.0 0.0 0.0 0.049777784533979436 0.0 4.256998558223613e-10 0.0 0.0 1.7312308827583425e-08 1.8459193413777381e-07 0.0 0.0 0.0424804071221908 0.0052580113666183615 0.0 0.0 0.08082932532182677 0.06792564041906739 0.0 0.0 0.040998468155793735 0.005511792546918047 0.0 0.0 0.07628351403929004 3.5256182230423964e-07 0.0 0.0 0.09670548158512339 0.01769008429763479 0.0 0.0 0.1660872194376085 0.08746752893887612 0.0 0.0 0.08837605103519089 0.0 0.028170260711292788 0.0 0.0 0.0 0.015403695902932222 0.0 0.0 0.0 8.263277918025917e-08 0.0 0.0 0.0 0.010260391030136111 0.0 0.0 0.0 0.0 6.776107914998228e-07 0.0 0.0 0.0 1.0934429268960538e-06 0.0 0.0 0.0 2.164979560839161e-06 0.0 0.0 0.0 9.247358641428246e-07 0.0 0.0023287433726007084 0.0 0.0 0.07619266756483035 1.2612752569604574e-08 0.0 0.0 0.003957406897215781 0.0001304195285283922 0.0 0.0 0.0013878264921214525 0.026277499792678682 0.0 0.0 0.006764737864531417 0.0068927965713756955 0.0 0.0 0.22096097282441743 2.7387925784690184e-07 0.0 0.0 0.14791057659256895 0.007081092516944121 0.0 0.0 0.11685320834580669 0.15607134789119406 0.0 0.0 0.05153468767707697 0.0 0.27253214926613756 0.0 0.0 0.0 0.20776786432662966 0.0 0.0 0.0 4.7332016485503155e-06 0.0 0.0 0.0 0.02680381984933885 0.0 0.0 0.0 0.0 0.005806492108005364 0.0 0.0 0.0 0.013232839622741825 0.0 0.0 0.0 0.0037940123486486636 0.0 0.0 0.0 0.023123975081299295 0.0 0.0032560146648529303 0.0 0.0 0.054876635701350686 7.590838693987713e-08 0.0 0.0 0.026796257352328302 0.007723343637613439 0.0 0.0 0.08586850080740813 3.685156206826831e-07 0.0 0.0 1.0163324560085878e-07 0.0015248883064593176 0.0 0.0 0.03836820344041625 3.471065079576741e-08 0.0 0.0 0.08674904673457101 0.010733444142145346 0.0 0.0 0.14278555485401725 0.01807345588726475 0.0 0.0 0.01563480869705795
0.0 0.0037341632181822205 0.0 0.0 0.0 0.004208225093741359 0.0 0.0 0.0 5.1129214961233234e-08 0.0 0.0 0.0 0.0018815286414665272 0.0 0.0 0.0 0.0 0.013313544046626904 0.0 0.0 0.0 0.00450091030443246 0.0 0.0 0.0 0.025607584369975206 0.0 0.0 0.0 0.028460909636368457 0.0 0.0005029562759300709 0.0 0.0 0.01914996369577403 5.3187609394654846e-09 0.0 0.0 0.00250447032959714 0.0012135554465202646 0.0 0.0 0.018881007694671405 0.01525655961903053 0.0 0.0 0.011595502968482316 0.00011485650597044652 0.0 0.0 0.07596285933327426 3.146613597536133e-07 0.0 0.0 0.1391571983931189 0.01721055142150341 0.0 0.0 0.16264393608963063 0.03961796149647322 0.0 0.0 0.01596588071393689 0.0 5.4923528422589e-07 0.0 0.0 0.0 5.671116137565132e-07 0.0 0.0 0.0 9.34979415261412e-12 0.0 0.0 0.0 3.798081942545781e-07 0.0 0.0 0.0 0.0 0.009194904202580902 0.0 0.0 0.0 0.0804854521054585 0.0 0.0 0.0 0.07121477094896543 0.0 0.0 0.0 0.09743438426461053 0.0 0.0024941938136149636 0.0 0.0 0.05746115022691953 1.4116209293118574e-07 0.0 0.0 0.051935208596621235 0.0018091550432955954 0.0 0.0 0.03254814556140166 0.027385616730825357 0.0 0.0 0.006813213976530215 0.00536092336103825 0.0 0.0 0.15104496531207803 4.226912727757722e-07 0.0 0.0 0.28109879961071993 0.013110283542353458 0.0 0.0 0.2948382361724131 0.12807629078144867 0.0 0.0 0.07862514366566478 0.0 0.01230610408712785 0.0 0.0 0.0 0.020869659889823682 0.0 0.0 0.0 1.1735802574474473e-07 0.0 0.0 0.0 0.010016017340450777 0.0 0.0 0.0 0.0 2.730153171264493e-08 0.0 0.0 0.0 4.966390593473453e-07 0.0 0.0 0.0 7.870638779863149e-07 0.0 0.0 0.0 2.9283348289712945e-08 0.0 8.150924904269881e-05 0.0 0.0 0.008710258907848689 7.721743368558782e-08 0.0 0.0 0.0562425291729318 0.0003245397770971982 0.0 0.0 0.004934607889748978 0.016117963612748632 0.0 0.0 0.01054814079833619 0.0008618037347663147 0.0 0.0 0.1284114208206933 3.8753876917281957e-07 0.0 0.0 0.26122187876925607 0.007606431655954808 0.0 0.0 0.13750464035630583 0.11429595964668401 0.0 0.0 0.07457857546994799 0.0 0.05584213181680873 0.0 0.0 0.0 0.2270464014834982 0.0 0.0 0.0 1.171791226835888e-06 0.0 0.0 0.0 0.13178380372523985 0.0 0.0 0.0 0.0 0.04659554579802718 0.0 0.0 0.0 0.08693359857166075 0.0 0.0 0.0 0.0001364842423692744 0.0 0.0 0.0 0.00817037117792347 0.0 0.00017173007163493102 0.0 0.0 0.002665802540040384 1.5625480190584878e-08 0.0 0.0 0.06632314323416662 0.0014807331649554114 0.0 0.0 0.034256376192048174 0.020867998606356467 0.0 0.0 0.008299894926559618 0.00023599507060739316 0.0 0.0 0.00726713777863933 7.798435696730329e-08 0.0 0.0 0.070810135403869 0.00043664862374790596 0.0 0.0 0.03887414803615767 0.07815012851176925 0.0 0.0 0.01587727022891987
0.0 0.007910347464422682 0.0 0.0 0.0 0.0029792085014306723 0.0 0.0 0.0 4.8401512949362325e-08 0.0 0.0 0.0 0.006294611244212795 0.0 0.0 0.0 0.0 0.08189037319795064 0.0 0.0 0.0 0.09663050906331494 0.0 0.0 0.0 0.045628815146279596 0.0 0.0 0.0 0.2348953220907113 0.0 0.0024718778530552123 0.0 0.0 0.04337687469102883 1.3805277244380034e-09 0.0 0.0 0.04189808534186876 0.00023450752957977672 0.0 0.0 0.004948268047843129 0.009573127907248671 0.0 0.0 0.0018687785899005195 0.0035982240630265416 0.0 0.0 0.140458191973838 7.360663642209667e-08 0.0 0.0 0.09158036314232304 0.005825559328490284 0.0 0.0 0.1298333943751755 0.24692278682601185 0.0 0.0 0.05985715182855867 0.0 3.335606843167165e-07 0.0 0.0 0.0 1.12803043874587e-07 0.0 0.0 0.0 4.2159032869069544e-12 0.0 0.0 0.0 8.914285915259161e-08 0.0 0.0 0.0 0.0 0.0020996646116245134 0.0 0.0 0.0 0.04548285479398193 0.0 0.0 0.0 0.022534982544221146 0.0 0.0 0.0 0.00022443496665359118 0.0 0.0013673278065595125 0.0 0.0 0.03286395521459498 8.654914176278676e-08 0.0 0.0 0.07175372414059429 0.0014272697199646043 0.0 0.0 0.07063063625271036 0.031830602630271 0.0 0.0 0.006735541613822777 0.0018979273113996574 0.0 0.0 0.10162373611679794 2.1501493604079502e-07 0.0 0.0 0.06923359952718336 0.005097908234698753 0.0 0.0 0.22663274069473147 0.04043977552595953 0.0 0.0 0.014004852534874566 0.0 0.005810212359942943 0.0 0.0 0.0 0.002099582299933998 0.0 0.0 0.0 2.3174614655287563e-07 0.0 0.0 0.0 0.013917915764076557 0.0 0.0 0.0 0.0 2.8369678896282935e-08 0.0 0.0 0.0 8.338149364565947e-13 0.0 0.0 0.0 7.540162406715209e-08 0.0 0.0 0.0 1.763797386271534e-07 0.0 8.721060370626715e-05 0.0 0.0 0.006579268040625765 2.443083753837455e-09 0.0 0.0 0.000847128090938587 0.00013841342638483067 0.0 0.0 0.049627709936900875 0.008901776037620806 0.0 0.0 0.0019823645128639314 0.0007914023160012467 0.0 0.0 0.07996717472448552 1.1233475746166508e-07 0.0 0.0 0.04367082303767269 0.009104283930981803 0.0 0.0 0.36068811942294465 0.2787181287588966 0.0 0.0 0.06942082420456593 0.0 0.44532412611320643 0.0 0.0 0.0 0.06648440302051357 0.0 0.0 0.0 0.0 0.0 0.0 0.0 0.27297659235632 0.0 0.0 0.0 0.0 0.020381455161798546 0.0 0.0 0.0 0.08645968353538416 0.0 0.0 0.0 0.0 0.0 0.0 0.0 0.191309642522282 0.0 0.004665946883284239 0.0 0.0 0.18666303571867368 7.383870627358505e-08 0.0 0.0 0.15262559056957883 0.0 0.0 0.0 0.0 0.07441527226583909 0.0 0.0 0.01699482208027412 0.0023042987745464237 0.0 0.0 0.08654350866401561 1.6299644251212022e-08 0.0 0.0 0.020753770186715138 0.0 0.0 0.0 0.0 0.0677659929298976 0.0 0.0 0.029184752746471743
0.0 0.002680620103611678 0.0 0.0 0.0 0.004075278761170417 0.0 0.0 0.0 2.5481488008903466e-08 0.0 0.0 0.0 0.006709855444702404 0.0 0.0 0.0 0.0 0.04438500821992945 0.0 0.0 0.0 0.05219607964063321 0.0 0.0 0.0 0.00253083135988639 0.0 0.0 0.0 0.1304166545940687 0.0 3.7377139687364735e-05 0.0 0.0 0.04272512528646644 1.6316877121442605e-09 0.0 0.0 0.0030160096303130284 3.274693200657777e-05 0.0 0.0 0.0004067460890245611 0.019068848065590005 0.0 0.0 0.008024604999764054 0.0009810677217146622 0.0 0.0 0.04207615370150794 1.0229913064972262e-07 0.0 0.0 0.07359788020998248 0.006142805250548758 0.0 0.0 0.07061805619079621 0.10709399486423735 0.0 0.0 0.04761088724663943 0.0 2.440343289892971e-08 0.0 0.0 0.0 2.9586830336668194e-07 0.0 0.0 0.0 1.4421242881716696e-12 0.0 0.0 0.0 2.691720582959472e-07 0.0 0.0 0.0 0.0 0.014631980517974423 0.0 0.0 0.0 0.026897982673839502 0.0 0.0 0.0 0.002526626535467209 0.0 0.0 0.0 0.027119622047940134 0.0 1.6593805677545812e-05 0.0 0.0 0.0013956346200212878 1.2811687145339764e-07 0.0 0.0 0.04684359061314935 0.00140479470965883 0.0 0.0 0.02301876548313902 0.005457715174070959 0.0 0.0 0.02165366960892087 0.00011052785032888664 0.0 0.0 0.010422309237148444 1.755430289993421e-07 0.0 0.0 0.11229732022689179 0.005713119874605818 0.0 0.0 0.07364497513402103 0.09473709348191693 0.0 0.0 0.06364819399176076 0.0 0.016695347241478115 0.0 0.0 0.0 0.007346110360209076 0.0 0.0 0.0 1.1689693227289301e-08 0.0 0.0 0.0 0.006567502646031633 0.0 0.0 0.0 0.0 6.83410929878731e-07 0.0 0.0 0.0 7.66039057358503e-08 0.0 0.0 0.0 5.824733453111715e-07 0.0 0.0 0.0 2.192340870670525e-06 0.0 0.0003942532787030201 0.0 0.0 0.005934178672055086 2.6554552147190743e-09 0.0 0.0 0.006392834899460234 0.0002838786333556665 0.0 0.0 0.0030476493768280847 0.019181845964425945 0.0 0.0 0.0051215465430459505 0.005883006135627041 0.0 0.0 0.15713202430329135 7.762010897605916e-08 0.0 0.0 0.0925691795991948 0.0017830720514784106 0.0 0.0 0.02146187620988279 0.06941327693113926 0.0 0.0 0.03259898774740405 0.0 0.23273802473262628 0.0 0.0 0.0 0.059754526785538414 0.0 0.0 0.0 3.432885578476401e-06 0.0 0.0 0.0 0.12516565685968606 0.0 0.0 0.0 0.0 0.014420909281712435 0.0 0.0 0.0 0.020696753213130845 0.0 0.0 0.0 0.030230002287942995 0.0 0.0 0.0 0.07309561933969212 0.0 0.004923920768691911 0.0 0.0 0.04983572566130817 3.8500785334796234e-08 0.0 0.0 0.009656649071640244 0.008405813032278508 0.0 0.0 0.07217493299108929 0.06047998902880196 0.0 0.0 0.02515701926797617 0.0012155746969315612 0.0 0.0 0.04236776050831514 6.307816834566596e-08 0.0 0.0 0.016200251089070784 0.005841781048065224 0.0 0.0 0.0959606012317135 0.04222887775324677 0.0 0.0 0.019374753400182337
0.0 0.006892214886151823 0.0 0.0 0.0 0.00542612346953967 0.0 0.0 0.0 1.317441043430087e-07 0.0 0.0 0.0 0.001959446349640664 0.0 0.0 0.0 0.0 0.00887754723576212 0.0 0.0 0.0 0.12513517175187658 0.0 0.0 0.0 0.13900200770018123 0.0 0.0 0.0 0.13695278682661943 0.0 2.143005291661268e-09 0.0 0.0 0.003632050584013881 1.1897487160356782e-08 0.0 0.0 0.007247416285375636 0.00018956931086505123 0.0 0.0 0.0038053994058841628 0.03127564305885087 0.0 0.0 0.01583453753077439 0.0034811637590805434 0.0 0.0 0.1224811152682014 2.808450405226014e-07 0.0 0.0 0.15291918350311046 0.015412709782785465 0.0 0.0 0.27768246368482474 0.1270955637541444 0.0 0.0 0.026064908191138544 0.0 2.4536856974890887e-07 0.0 0.0 0.0 1.223257279770089e-07 0.0 0.0 0.0 1.4192506092034954e-12 0.0 0.0 0.0 3.7434778120631373e-07 0.0 0.0 0.0 0.0 0.03367484851705855 0.0 0.0 0.0 0.03476669854681273 0.0 0.0 0.0 0.009387387778722826 0.0 0.0 0.0 0.06270236487364061 0.0 1.4146777390420053e-09 0.0 0.0 0.001017939311633602 7.043192296225832e-08 0.0 0.0 0.032940679046100894 0.001180076260540102 0.0 0.0 0.05593130963927658 0.1272225182797717 0.0 0.0 0.02449151677193489 0.0005933977064340484 0.0 0.0 0.11007766155784132 1.2920684595275467e-07 0.0 0.0 0.07765639431880444 0.005282127414591081 0.0 0.0 0.07358319278166517 0.17295509826733962 0.0 0.0 0.04872040908817685 0.0 0.0346345388899211 0.0 0.0 0.0 0.005860426368102526 0.0 0.0 0.0 1.2287667617067964e-07 0.0 0.0 0.0 0.0038361723081432046 0.0 0.0 0.0 0.0 8.48658814707943e-08 0.0 0.0 0.0 5.185950993580352e-07 0.0 0.0 0.0 2.0957531074757276e-07 0.0 0.0 0.0 1.307081484005477e-07 0.0 0.00020507429707005307 0.0 0.0 0.008017373435178677 8.809400581124144e-08 0.0 0.0 0.04663011586381096 0.00848168738796652 0.0 0.0 0.12240174635172943 0.0009509616864414705 0.0 0.0 0.00344402455388309 0.00728954324206215 0.0 0.0 0.3374909689397932 7.043501399825479e-08 0.0 0.0 0.09287287452018238 0.011480490049385526 0.0 0.0 0.19681862947009987 0.08302374541985358 0.0 0.0 0.054109059199745235 0.0 0.3735406744186664 0.0 0.0 0.0 0.12924462755286456 0.0 0.0 0.0 6.891222402126524e-07 0.0 0.0 0.0 0.30092884646132473 0.0 0.0 0.0 0.0 0.01943216765830806 0.0 0.0 0.0 0.08288172226206982 0.0 0.0 0.0 0.04174146661587122 0.0 0.0 0.0 0.16823522336225774 0.0 0.0029701380340189615 0.0 0.0 0.11531309364607471 2.2697589082824735e-08 0.0 0.0 0.03917957745439745 0.0017797820280825135 0.0 0.0 0.034546734621222736 0.14706045203305776 0.0 0.0 0.03846564296615622 0.0008216610317814159 0.0 0.0 0.06937864071601033 6.843559269254858e-08 0.0 0.0 0.03942216934991629 0.0005248182086267437 0.0 0.0 0.01831590532143327 0.09028118431389606 0.0 0.0 0.030303818203120655
0.0 0.0012483172544155209 0.0 0.0 0.0 0.004513716012043197 0.0 0.0 0.0 7.032337504773532e-08 0.0 0.0 0.0 0.0007743984539765624 0.0 0.0 0.0 0.0 0.0024147599475717266 0.0 0.0 0.0 0.11508496928618688 0.0 0.0 0.0 0.03302039634396277 0.0 0.0 0.0 0.1157411803178298 0.0 2.1463844104764492e-19 0.0 0.0 4.1338120904508433e-13 1.0084563158800446e-07 0.0 0.0 0.04396055002399822 0.00014195454955017201 0.0 0.0 0.002449853966450555 0.02991927493938343 0.0 0.0 0.007020786819379461 1.2698784522903725e-08 0.0 0.0 0.027420279490816362 1.954509860298718e-07 0.0 0.0 0.11619079290916781 0.004857821135824611 0.0 0.0 0.14603012003284596 0.0543986640852268 0.0 0.0 0.009729281128214586 0.0 2.8078812870826936e-07 0.0 0.0 0.0 5.80387171158731e-07 0.0 0.0 0.0 3.1285058646028906e-12 0.0 0.0 0.0 1.4339659138186339e-07 0.0 0.0 0.0 0.0 0.03722644834069309 0.0 0.0 0.0 0.036025576194111564 0.0 0.0 0.0 0.008133368683599061 0.0 0.0 0.0 0.0038656685966239872 0.0 0.0012904394930042763 0.0 0.0 0.06364834959859329 9.034210490840219e-08 0.0 0.0 0.06234404616418719 0.0037604248620594534 0.0 0.0 0.0637223157168211 0.013193341803888075 0.0 0.0 0.01468620301314964 0.001606482026636123 0.0 0.0 0.08272821610495365 3.789078831696684e-07 0.0 0.0 0.3057131301005616 0.00588374010974596 0.0 0.0 0.16716710576065816 0.09288117444112984 0.0 0.0 0.03079031570862469 0.0 0.0066555514601287545 0.0 0.0 0.0 0.0036919070566201516 0.0 0.0 0.0 7.051608728235846e-08 0.0 0.0 0.0 0.009147023936626085 0.0 0.0 0.0 0.0 3.3093563240620985e-08 0.0 0.0 0.0 1.5810202743617337e-08 0.0 0.0 0.0 2.499523606906254e-08 0.0 0.0 0.0 8.968563208369022e-08 0.0 1.935382241775264e-09 0.0 0.0 5.396367099624363e-08 3.859910269308807e-08 0.0 0.0 0.02509755689334876 6.616835103658586e-09 0.0 0.0 1.2837743454761985e-07 0.017979981678583366 0.0 0.0 0.004597596685136627 0.001480063672938456 0.0 0.0 0.08511440405032088 3.032924646430176e-08 0.0 0.0 0.06446055948748375 0.005692770009854086 0.0 0.0 0.11864047705255898 0.1539629222344805 0.0 0.0 0.06297934091555356 0.0 0.2583571563928782 0.0 0.0 0.0 0.07704485835919318 0.0 0.0 0.0 0.0 0.0 0.0 0.0 0.11042718020784831 0.0 0.0 0.0 0.0 0.04385127976297877 0.0 0.0 0.0 0.07153464970330674 0.0 0.0 0.0 0.0 0.0 0.0 0.0 0.004962816528756823 0.0 0.0011073623859343032 0.0 0.0 0.05368988187706239 1.0929684491327565e-07 0.0 0.0 0.04218745049260562 0.0 0.0 0.0 0.0 0.021998991179222854 0.0 0.0 0.005585959897172612 0.0010521398311304044 0.0 0.0 0.04602598184603576 6.080321998811603e-08 0.0 0.0 0.0268164570888402 0.0 0.0 0.0 0.0 0.061494844598004826 0.0 0.0 0.013113793333005237
0.0 0.000459150390604794 0.0 0.0 0.0 0.00224825996405895 0.0 0.0 0.0 4.240269434903938e-08 0.0 0.0 0.0 0.0014665524359782631 0.0 0.0 0.0 0.0 2.1489754808494543e-08 0.0 0.0 0.0 0.03207209650101553 0.0 0.0 0.0 0.08240838822427651 0.0 0.0 0.0 0.02453171694831652 0.0 6.43507209541612e-09 0.0 0.0 0.021226524856868836 7.692945812654235e-14 0.0 0.0 1.195356722652923e-07 3.752291165883796e-06 0.0 0.0 0.034454982384818915 0.001231047493865569 0.0 0.0 0.0003502196072569267 2.5417504970585825e-09 0.0 0.0 0.00939993598977928 3.612691149826549e-08 0.0 0.0 0.09002205468758605 0.0032246865095988033 0.0 0.0 0.128593281818088 0.02664106522163686 0.0 0.0 0.007950681700606487 0.0 1.2507353348398428e-07 0.0 0.0 0.0 1.543584032862452e-07 0.0 0.0 0.0 4.306835500375497e-12 0.0 0.0 0.0 3.1140871633042116e-07 0.0 0.0 0.0 0.0 0.02280777624676906 0.0 0.0 0.0 0.049048295486856304 0.0 0.0 0.0 0.058468743640267926 0.0 0.0 0.0 0.046909149928854 0.0 3.497331999252257e-05 0.0 0.0 0.0006439170321710855 5.067800919010408e-08 0.0 0.0 0.025626791441287454 0.008526396399441197 0.0 0.0 0.06980635917174913 0.04275695880583443 0.0 0.0 0.014782018983663697 0.0018097773356589774 0.0 0.0 0.0368747143995355 1.0505622260672235e-07 0.0 0.0 0.08075281149837268 0.008069749974072293 0.0 0.0 0.1659851678484657 0.14271225884845617 0.0 0.0 0.06369571906277847 0.0 0.008113277697597272 0.0 0.0 0.0 0.017607793416554565 0.0 0.0 0.0 1.2835478209409688e-07 0.0 0.0 0.0 0.011734982214391404 0.0 0.0 0.0 0.0 1.2075317929345786e-07 0.0 0.0 0.0 6.523363132886742e-08 0.0 0.0 0.0 3.6060726389642455e-08 0.0 0.0 0.0 5.014282890314986e-07 0.0 0.0012020041348452003 0.0 0.0 0.04719332078975647 1.396421294135893e-08 0.0 0.0 0.010129638347821242 0.003207498879278577 0.0 0.0 0.05333549593874239 0.03603350339778978 0.0 0.0 0.010920325820964517 0.0009547929954284807 0.0 0.0 0.06687905044451452 2.784690623531275e-07 0.0 0.0 0.18986170249552972 0.011477719666573622 0.0 0.0 0.1806642547305394 0.14095656698267262 0.0 0.0 0.049039253786535134 0.0 0.13043967000162784 0.0 0.0 0.0 0.15253805010606045 0.0 0.0 0.0 5.629716339526439e-07 0.0 0.0 0.0 0.17780410224165233 0.0 0.0 0.0 0.0 0.03445873411509427 0.0 0.0 0.0 0.07346078310229101 0.0 0.0 0.0 0.023705954527578177 0.0 0.0 0.0 0.05938047655577489 0.0 2.518123795651094e-05 0.0 0.0 0.055805399281039406 1.0461526659663606e-12 0.0 0.0 0.0327483800243588 0.0012940463364074276 0.0 0.0 0.009234216120733192 0.019248160247176568 0.0 0.0 0.012466461612516373 0.00014726719263207183 0.0 0.0 0.02780888180229237 7.238895723944771e-08 0.0 0.0 0.05210913141558945 0.002984763272459565 0.0 0.0 0.024951740178848304 0.05120282432354259 0.0 0.0 0.02184003376147064
0.0 0.0001967320445498176 0.0 0.0 0.0 0.001556997126205337 0.0 0.0 0.0 1.335408931086574e-08 0.0 0.0 0.0 0.004583218978852026 0.0 0.0 0.0 0.0 0.013415909791402263 0.0 0.0 0.0 0.003730117022416922 0.0 0.0 0.0 0.019588912936915066 0.0 0.0 0.0 0.10992422896504583 0.0 7.048154971092313e-09 0.0 0.0 0.013491357232604272 7.162986673319709e-10 0.0 0.0 0.0006342934808292487 0.0010655099872697122 0.0 0.0 0.014326329483255502 0.008326505917376228 0.0 0.0 0.002135619025997383 1.8358139778270195e-09 0.0 0.0 0.00393981080581284 1.3993876308495394e-07 0.0 0.0 0.05616608923216306 0.001541924379439713 0.0 0.0 0.025564947375706967 0.10634151243199716 0.0 0.0 0.04808328350577477 0.0 1.1024038188170793e-07 0.0 0.0 0.0 1.2253761363026838e-07 0.0 0.0 0.0 7.2294259238741275e-12 0.0 0.0 0.0 2.8637497812059954e-07 0.0 0.0 0.0 0.0 0.000634280272569705 0.0 0.0 0.0 0.021980841444442983 0.0 0.0 0.0 0.06735627535273309 0.0 0.0 0.0 0.06260717225887226 0.0 0.0001246439344526036 0.0 0.0 0.003605362847582436 4.869150060320866e-08 0.0 0.0 0.025704940292303424 0.007108495552463966 0.0 0.0 0.054345103719430375 0.0036896287146755196 0.0 0.0 0.0011406080732013772 0.0007980729191830283 0.0 0.0 0.02588134854416851 1.8942093432270352e-07 0.0 0.0 0.04544531388821956 0.0127372763480491 0.0 0.0 0.16889103660347562 0.08738597205566626 0.0 0.0 0.031439245072635444 0.0 0.01200087131386184 0.0 0.0 0.0 0.00412933112481946 0.0 0.0 0.0 5.049752157064703e-08 0.0 0.0 0.0 0.022127544437379392 0.0 0.0 0.0 0.0 6.932804661407591e-07 0.0 0.0 0.0 8.016116753588551e-08 0.0 0.0 0.0 1.665876707643053e-06 0.0 0.0 0.0 4.25943120889097e-06 0.0 0.00034479256456972725 0.0 0.0 0.008955786460344147 5.8970153661372124e-08 0.0 0.0 0.04852169252942748 0.0003508344127279145 0.0 0.0 0.006055489095520256 0.029513842250442398 0.0 0.0 0.034995115859464326 0.0020642786022859 0.0 0.0 0.06976503405348666 2.9176326519476288e-08 0.0 0.0 0.07152408307145795 0.005366448122978801 0.0 0.0 0.08135696826955835 0.15601357375785602 0.0 0.0 0.12987148936370693 0.0 0.13446145511698654 0.0 0.0 0.0 0.14689211853997963 0.0 0.0 0.0 6.655277987428255e-06 0.0 0.0 0.0 0.23084384777882908 0.0 0.0 0.0 0.0 0.025928739547347878 0.0 0.0 0.0 0.07000779319758288 0.0 0.0 0.0 0.04179160403924405 0.0 0.0 0.0 0.12180269046498678 0.0 0.002501496017670978 0.0 0.0 0.0882027277721061 1.8368061201504244e-08 0.0 0.0 0.07219530461185818 0.004397959373706051 0.0 0.0 0.07057047823325213 0.046439540647207525 0.0 0.0 0.01563075576666255 0.0005036685815653051 0.0 0.0 0.027796281789366627 3.3878164997948946e-08 0.0 0.0 0.052386737746072914 0.0071469393101960795 0.0 0.0 0.1244369138323196 0.05510132004619631 0.0 0.0 0.026882945429528345
0.0 0.0011626793630114469 0.0 0.0 0.0 0.0005482530456491061 0.0 0.0 0.0 6.48331970555936e-08 0.0 0.0 0.0 0.0010855182720033282 0.0 0.0 0.0 0.0 0.06324916302446239 0.0 0.0 0.0 0.04621810033139264 0.0 0.0 0.0 0.04797363362408442 0.0 0.0 0.0 0.052511470883096024 0.0 2.4194459827811847e-05 0.0 0.0 0.010775643243481786 1.0343117706098262e-09 0.0 0.0 0.0005280529042449263 0.004509846494929488 0.0 0.0 0.05608248266209214 0.0395347886834531 0.0 0.0 0.014783035446753145 0.00019139550568689174 0.0 0.0 0.01785046532479289 6.897593251011673e-09 0.0 0.0 0.014874613067650467 0.00526866063254186 0.0 0.0 0.13484142087652365 0.03618786555943558 0.0 0.0 0.011319889357364188 0.0 0.0 0.0 0.0 0.0 0.0 0.0 0.0 0.0 2.766940657817773e-12 0.0 0.0 0.0 9.90566339954956e-08 0.0 0.0 0.0 0.0 0.0 0.0 0.0 0.0 0.0 0.0 0.0 0.0 0.052189735672253705 0.0 0.0 0.0 0.09019269174226778 0.0 0.0 0.0 0.0 0.0 0.0 0.0 0.0 0.0 0.0035937450113280667 0.0 0.0 0.04489904360311599 0.017282250327033354 0.0 0.0 0.016885959917802746 0.0 0.0 0.0 0.0 0.0 0.0 0.0 0.0 0.008942752208227434 0.0 0.0 0.10796631898525541 0.02063027646319723 0.0 0.0 0.010431290695170297 0.0 0.008356614384047579 0.0 0.0 0.0 0.001645343870761028 0.0 0.0 0.0 1.2312592493862972e-07 0.0 0.0 0.0 0.023795941174176077 0.0 0.0 0.0 0.0 7.152804294708451e-07 0.0 0.0 0.0 1.5031532125938296e-07 0.0 0.0 0.0 1.5928376822416682e-06 0.0 0.0 0.0 4.7045511870748974e-07 0.0 8.58428024125767e-05 0.0 0.0 0.024695510298623425 6.325208053749254e-13 0.0 0.0 0.024603303030817168 6.995646988789864e-05 0.0 0.0 0.05254747748148648 0.04646059024741255 0.0 0.0 0.01606913863869756 0.0005200901640596936 0.0 0.0 0.09067928163211159 5.55921605213866e-13 0.0 0.0 0.035920230062754264 0.008053098190041479 0.0 0.0 0.21908837465876668 0.2369829723587092 0.0 0.0 0.11187407809178102 0.0 0.20043307411597644 0.0 0.0 0.0 0.14018883049811134 0.0 0.0 0.0 2.751185375681691e-06 0.0 0.0 0.0 0.20735354351267485 0.0 0.0 0.0 0.0 0.0629881666242023 0.0 0.0 0.0 0.03644274821256625 0.0 0.0 0.0 0.06692392817054436 0.0 0.0 0.0 0.06979511322041916 0.0 0.0004922513054657444 0.0 0.0 0.03878019353204593 1.8197120321243253e-08 0.0 0.0 0.027540983488824975 0.0017928133702135496 0.0 0.0 0.02705754616556205 0.07571714338098526 0.0 0.0 0.051750514983624506 0.0014827412764082187 0.0 0.0 0.03775322319053318 7.292918715087808e-08 0.0 0.0 0.04450345579755858 0.002899727657738327 0.0 0.0 0.0878303152930925 0.06569599812005546 0.0 0.0 0.027039905028978004
0.0 0.00017715367652059653 0.0 0.0 0.0 0.000949576918163254 0.0 0.0 0.0 2.5304133771731396e-08 0.0 0.0 0.0 0.0003121168655715281 0.0 0.0 0.0 0.0 0.024905819768384303 0.0 0.0 0.0 0.1800298789382807 0.0 0.0 0.0 0.1305373838407911 0.0 0.0 0.0 0.063719900716056 0.0 3.2917546710869344e-11 0.0 0.0 3.0174763783735625e-09 7.282724839953068e-09 0.0 0.0 0.005858705957409571 3.3906943354963232e-09 0.0 0.0 0.0036893691357197137 0.05925905765106343 0.0 0.0 0.011596965620849126 4.819418149171772e-05 0.0 0.0 0.0049531048865169005 2.1960345310338188e-08 0.0 0.0 0.023751737886228357 0.001320296707865574 0.0 0.0 0.07504285056394752 0.012546075018183188 0.0 0.0 0.002987261944813875 0.0 0.0 0.0 0.0 0.0 0.0 0.0 0.0 0.0 1.403574353063433e-12 0.0 0.0 0.0 1.6960409824470448e-07 0.0 0.0 0.0 0.0 0.0 0.0 0.0 0.0 0.0 0.0 0.0 0.0 0.03597464563873425 0.0 0.0 0.0 0.09198506308619755 0.0 0.0 0.0 0.0 0.0 0.0 0.0 0.0 0.0 1.0413544945562712e-08 0.0 0.0 0.013483637153256399 0.13530514455740422 0.0 0.0 0.04506892668787644 0.0 0.0 0.0 0.0 0.0 0.0 0.0 0.0 0.002223733886136122 0.0 0.0 0.09873935072346189 0.03959472312016407 0.0 0.0 0.04905727970394863 0.0 0.002876029106199879 0.0 0.0 0.0 0.014771134601629257 0.0 0.0 0.0 9.430451269806697e-08 0.0 0.0 0.0 0.002676378084029592 0.0 0.0 0.0 0.0 7.716706401498694e-09 0.0 0.0 0.0 1.987002687717478e-06 0.0 0.0 0.0 8.632360490233516e-08 0.0 0.0 0.0 2.8081677282696352e-08 0.0 9.101221684978817e-16 0.0 0.0 4.053446275045695e-09 2.11241507216533e-09 0.0 0.0 0.0005535594816890369 0.0035508537314642603 0.0 0.0 0.06141502439360065 0.07353142457503786 0.0 0.0 0.0325239922537793 5.448902693949893e-09 0.0 0.0 0.02720822923805127 1.2398489242003148e-07 0.0 0.0 0.13509457063322364 0.004441544107786374 0.0 0.0 0.14118232608218315 0.11140146985644755 0.0 0.0 0.020540911655487885 0.0 0.39613980048079156 0.0 0.0 0.0 0.1122389972051393 0.0 0.0 0.0 1.9423368212185913e-06 0.0 0.0 0.0 0.14935489175126349 0.0 0.0 0.0 0.0 0.055498284603764256 0.0 0.0 0.0 0.013825852871113589 0.0 0.0 0.0 0.0005535097977299027 0.0 0.0 0.0 0.08246590903235514 0.0 8.94154561056011e-06 0.0 0.0 0.023827758194069695 6.479197293825702e-14 0.0 0.0 0.003405666224281538 0.0008554214777483798 0.0 0.0 0.005551755893830164 0.16699638551801807 0.0 0.0 0.037524972062662816 0.001381731555465722 0.0 0.0 0.06466044375983192 1.4265059384596553e-08 0.0 0.0 0.02095084725087856 0.009267841540606486 0.0 0.0 0.043938080079878705 0.05910135147769728 0.0 0.0 0.01598917473422949
0.0 0.00913848416165927 0.0 0.0 0.0 0.00019417472093723184 0.0 0.0 0.0 1.512367539694267e-07 0.0 0.0 0.0 0.010060651215487689 0.0 0.0 0.0 0.0 0.013559599620534164 0.0 0.0 0.0 0.024690671480190853 0.0 0.0 0.0 0.052637408448126484 0.0 0.0 0.0 0.04248452168806823 0.0 0.0003197773185856468 0.0 0.0 0.016615916482241398 1.6092116370931545e-07 0.0 0.0 0.018742687415923755 0.0024106770491323804 0.0 0.0 0.01811316176283272 0.025037700794658203 0.0 0.0 0.01228783026860328 0.0009572380124811363 0.0 0.0 0.10487513300585967 3.722537106853196e-08 0.0 0.0 0.004860984436867113 0.015301075196480132 0.0 0.0 0.15398110730894315 0.08213374135666664 0.0 0.0 0.07043913567878468 0.0 6.454361829378601e-08 0.0 0.0 0.0 1.9814653477784744e-07 0.0 0.0 0.0 3.607254236494673e-12 0.0 0.0 0.0 3.736349615265114e-07 0.0 0.0 0.0 0.0 0.04235325784189278 0.0 0.0 0.0 0.00019417472093723187 0.0 0.0 0.0 0.019264356299083008 0.0 0.0 0.0 0.045586630588973005 0.0 0.004943673088455364 0.0 0.0 0.030069698948922193 1.0936120789900655e-07 0.0 0.0 0.024690562118982955 0.003191587004227327 0.0 0.0 0.03347504883674843 0.00025706682129438495 0.0 0.0 0.00031336707155649575 0.0012223865835879872 0.0 0.0 0.018388351394430857 9.324889114087377e-08 0.0 0.0 0.023603578603899732 0.0050849144719955185 0.0 0.0 0.22991639058706098 0.041936292904447364 0.0 0.0 0.05737241758012852 0.0 0.025966477698030482 0.0 0.0 0.0 0.011278246139052834 0.0 0.0 0.0 6.91242875739574e-07 0.0 0.0 0.0 0.04928656518557073 0.0 0.0 0.0 0.0 8.484247433629025e-08 0.0 0.0 0.0 1.0722304566737226e-06 0.0 0.0 0.0 8.4037393952789e-06 0.0 0.0 0.0 1.1370529470037243e-05 0.0 2.936167427986922e-07 0.0 0.0 0.002111324070071002 9.263630784491633e-14 0.0 0.0 0.005174145756010824 0.0022322330397584 0.0 0.0 0.025965138636772 0.04623179152791689 0.0 0.0 0.13446221416675916 0.009786923381457814 0.0 0.0 0.20457847739349233 3.435627209749696e-12 0.0 0.0 0.22599011687322018 0.04373458072876548 0.0 0.0 0.8008558442206006 0.17424296185385732 0.0 0.0 0.2746071235427786 0.0 0.09356781190212227 0.0 0.0 0.0 0.09592580044436119 0.0 0.0 0.0 2.008885855936292e-05 0.0 0.0 0.0 0.263396341663515 0.0 0.0 0.0 0.0 0.030530322396264596 0.0 0.0 0.0 0.07205519481981028 0.0 0.0 0.0 0.14426697232751898 0.0 0.0 0.0 0.07589144215594106 0.0 0.0014329268232421573 0.0 0.0 0.05371303468644613 1.469062884508442e-07 0.0 0.0 0.041733549932735245 0.002565546482118988 0.0 0.0 0.030770202686332696 0.018578697857423065 0.0 0.0 0.0151798595878656 0.000204874891667325 0.0 0.0 0.014505894102072552 8.866227132029179e-08 0.0 0.0 0.032728800236802295 0.012011366293051565 0.0 0.0 0.4407191339583173 0.06449178975229394 0.0 0.0 0.0473490309874989
0.0 0.0 0.0 0.0 0.0 0.008977020085532056 0.0 0.0 0.0 3.7974764220568774e-08 0.0 0.0 0.0 0.0010051176790306998 0.0 0.0 0.0 0.0 0.0 0.0 0.0 0.0 0.2895806399244031 0.0 0.0 0.0 0.007930569509220105 0.0 0.0 0.0 0.005172366228250022 0.0 0.0 0.0 0.0 0.0 1.3262736004105677e-08 0.0 0.0 0.01990282903781683 4.511713397214842e-14 0.0 0.0 8.33465632573153e-13 8.207794551682298e-14 0.0 0.0 2.0391493228144864e-14 0.0 0.0 0.0 0.0 1.4048696606457087e-07 0.0 0.0 0.31203776553336704 0.004238802529938012 0.0 0.0 0.08483034511301771 0.033102102608313755 0.0 0.0 0.009220291048212351 0.0 6.184220457924925e-07 0.0 0.0 0.0 1.9373114267816757e-07 0.0 0.0 0.0 1.8418633674771588e-11 0.0 0.0 0.0 8.505666387685633e-08 0.0 0.0 0.0 0.0 0.014367336260094187 0.0 0.0 0.0 0.03660326357792339 0.0 0.0 0.0 0.07604642874567247 0.0 0.0 0.0 0.0019529533358167881 0.0 0.0031905058786119212 0.0 0.0 0.11444535356965795 6.9285310283019e-08 0.0 0.0 0.04253772176800539 0.015446297848227994 0.0 0.0 0.21798215282969327 1.331829070246532e-07 0.0 0.0 5.311020520890311e-08 0.004653392953066847 0.0 0.0 0.1543420582999792 7.25867326634576e-08 0.0 0.0 0.11485818930652282 0.038319966288093685 0.0 0.0 0.9617018484954456 0.03216566955381916 0.0 0.0 0.014380983324497252 0.0 0.013102935737470128 0.0 0.0 0.0 0.03937494736851749 0.0 0.0 0.0 8.67603342608278e-08 0.0 0.0 0.0 0.010605472318900135 0.0 0.0 0.0 0.0 9.810522052902692e-13 0.0 0.0 0.0 1.9224915483314557e-07 0.0 0.0 0.0 2.900125029520188e-08 0.0 0.0 0.0 2.002585156161456e-08 0.0 3.70663918171685e-06 0.0 0.0 0.00207300190221503 1.0722889647513736e-08 0.0 0.0 0.07285252195238749 0.00010844897663510646 0.0 0.0 0.003241554128357437 0.012643537671081981 0.0 0.0 0.002243375452717131 0.0010014490146132036 0.0 0.0 0.12931853939726679 6.101282222192783e-07 0.0 0.0 0.7607695137291962 0.0028424575059721262 0.0 0.0 0.13930705631917878 0.3466107951550154 0.0 0.0 0.06439569745161763 0.0 0.2895800215023573 0.0 0.0 0.0 0.08061790101223522 0.0 0.0 0.0 0.0 0.0 0.0 0.0 0.06967431132374005 0.0 0.0 0.0 0.0 0.005535506040458647 0.0 0.0 0.0 0.07067951405943462 0.0 0.0 0.0 0.0 0.0 0.0 0.0 0.005069966278441491 0.0 5.230181816185307e-10 0.0 0.0 1.950077751776946e-08 1.8124192024284864e-08 0.0 0.0 0.012195267718316279 0.0 0.0 0.0 0.0 1.4672201077682005e-12 0.0 0.0 5.886421187991356e-13 0.0011331207308351047 0.0 0.0 0.04325047464991842 2.4790245570235098e-08 0.0 0.0 0.030506784551213553 0.0 0.0 0.0 0.0 0.015349995665645981 0.0 0.0 0.006905481857935273
0.0 0.004581680075406666 0.0 0.0 0.0 0.0030598836098736587 0.0 0.0 0.0 5.225720601094997e-08 0.0 0.0 0.0 0.004457287971663842 0.0 0.0 0.0 0.0 0.039103836047523946 0.0 0.0 0.0 0.08809982753918556 0.0 0.0 0.0 0.0825930589022512 0.0 0.0 0.0 0.20865048728816035 0.0 0.0001971119787504239 0.0 0.0 0.01955946654397246 1.0210161417744657e-08 0.0 0.0 0.004572027265622517 4.377492413313977e-05 0.0 0.0 0.0008994043573137424 0.040607774135779456 0.0 0.0 0.015027941065715056 0.0022254629351771598 0.0 0.0 0.06947222076878312 1.0338827238370671e-07 0.0 0.0 0.08445451911970286 0.0062726403992318745 0.0 0.0 0.135424033075887 0.22447031389760796 0.0 0.0 0.047345309039528445 0.0 6.97695937256608e-08 0.0 0.0 0.0 3.570563250488775e-08 0.0 0.0 0.0 3.820721404031902e-12 0.0 0.0 0.0 4.5465833100781203e-07 0.0 0.0 0.0 0.0 0.019921797417299023 0.0 0.0 0.0 0.04585172441597446 0.0 0.0 0.0 0.054342312478425185 0.0 0.0 0.0 0.1351750405174396 0.0 0.00023580579905713883 0.0 0.0 0.04382802827373899 3.704733462026727e-08 0.0 0.0 0.07071919831336397 0.002250316921581077 0.0 0.0 0.021746096404342358 0.06793429226914535 0.0 0.0 0.01871976380675531 0.0006544105037465044 0.0 0.0 0.025453073802973795 1.9724327638079088e-08 0.0 0.0 0.018568763142980664 0.010327741650161619 0.0 0.0 0.09151990367448748 0.2041846916814431 0.0 0.0 0.06949827768213618 0.0 0.012888192580373194 0.0 0.0 0.0 0.001610434405078532 0.0 0.0 0.0 4.903742148574762e-08 0.0 0.0 0.0 0.010810983118210118 0.0 0.0 0.0 0.0 3.471404982020198e-08 0.0 0.0 0.0 3.3200812564903745e-07 0.0 0.0 0.0 1.6931112171618558e-06 0.0 0.0 0.0 4.8617935661288516e-08 0.0 0.0002896697471069406 0.0 0.0 0.06797885930427414 6.491045394368968e-08 0.0 0.0 0.04871165754982632 0.001700433909739227 0.0 0.0 0.03508047156578259 0.04499636043665581 0.0 0.0 0.012754025461785412 0.004085105536928636 0.0 0.0 0.1399911020332903 1.025120784750648e-07 0.0 0.0 0.03977059418084625 0.004338412698685809 0.0 0.0 0.09401871802676759 0.1324964590061409 0.0 0.0 0.06922168005849973 0.0 0.41221822780770984 0.0 0.0 0.0 0.25062052110855354 0.0 0.0 0.0 2.007152880074282e-06 0.0 0.0 0.0 0.20533535871507597 0.0 0.0 0.0 0.0 0.022021388525670607 0.0 0.0 0.0 0.09148165487203315 0.0 0.0 0.0 0.07457447839373084 0.0 0.0 0.0 0.03869674830079578 0.0 0.003378643036096759 0.0 0.0 0.15262160658141025 1.1352138749933162e-07 0.0 0.0 0.059320962739175094 2.499857425999125e-08 0.0 0.0 0.036711922959618934 0.09042295315499901 0.0 0.0 0.05113195401245532 0.001966788786896008 0.0 0.0 0.08349223701028546 1.0882336198188089e-07 0.0 0.0 0.09408915955073929 0.00037631363897632023 0.0 0.0 0.068521623989038 0.04330674323841532 0.0 0.0 0.021572170410304622
0.0 0.0062679181832456235 0.0 0.0 0.0 0.004447888299837694 0.0 0.0 0.0 1.194967907203538e-07 0.0 0.0 0.0 0.0017798950356522618 0.0 0.0 0.0 0.0 0.08053746464930085 0.0 0.0 0.0 0.026542367072983013 0.0 0.0 0.0 0.02833982123947482 0.0 0.0 0.0 0.21511114443564402 0.0 0.0025055955996301214 0.0 0.0 0.04208938096574792 4.952055972995121e-10 0.0 0.0 0.00020330877787318993 0.0015768797355505463 0.0 0.0 0.05966685659021454 0.0017733454977198661 0.0 0.0 0.0007001769117873781 0.0021321410964059533 0.0 0.0 0.11618855742901953 1.6383432807716942e-07 0.0 0.0 0.11863890627378249 0.017473801647373506 0.0 0.0 0.2425520023832861 0.060484529199387745 0.0 0.0 0.01981617842782901 0.0 1.1140490341712723e-07 0.0 0.0 0.0 5.022859829875682e-07 0.0 0.0 0.0 4.516446944215713e-12 0.0 0.0 0.0 3.066366739275117e-07 0.0 0.0 0.0 0.0 0.01414067033684588 0.0 0.0 0.0 0.09115558370385163 0.0 0.0 0.0 0.008302886555777808 0.0 0.0 0.0 0.1419232836033428 0.0 1.8591918139446246e-15 0.0 0.0 1.2157781732081257e-08 1.3882354398217738e-07 0.0 0.0 0.09333702531048658 0.0027782472352547495 0.0 0.0 0.05020012199393197 0.026866221662496626 0.0 0.0 0.010001617179766107 4.883461685633079e-09 0.0 0.0 0.03580341280167546 3.0320016593203194e-07 0.0 0.0 0.26500435093799923 0.005071880864864717 0.0 0.0 0.23331213285367458 0.21135647347759687 0.0 0.0 0.05935000170215409 0.0 0.021581022197621435 0.0 0.0 0.0 0.008582400334516118 0.0 0.0 0.0 1.031656456995307e-07 0.0 0.0 0.0 0.017785980685351463 0.0 0.0 0.0 0.0 9.96613182835163e-08 0.0 0.0 0.0 1.0525337280013916e-07 0.0 0.0 0.0 3.2475769094412405e-08 0.0 0.0 0.0 1.5201977549964379e-06 0.0 0.00010239636827529158 0.0 0.0 0.013937481431847532 2.9745912429164927e-09 0.0 0.0 0.004279924697048877 0.0004794546703098334 0.0 0.0 0.016325789667993713 0.005776749468058329 0.0 0.0 0.008236499169935496 0.0040890586988121085 0.0 0.0 0.21001099956547545 6.015493483385175e-08 0.0 0.0 0.1369701413395463 0.012288332842233287 0.0 0.0 0.1706831335167286 0.2675144796071681 0.0 0.0 0.10023846354909197 0.0 0.32570365974121906 0.0 0.0 0.0 0.24249163327948128 0.0 0.0 0.0 1.5349212623076773e-06 0.0 0.0 0.0 0.18892842619618655 0.0 0.0 0.0 0.0 0.014291088168205046 0.0 0.0 0.0 0.06548532833305615 0.0 0.0 0.0 0.012495558177038598 0.0 0.0 0.0 0.12116832731395924 0.0 0.0033340378198337384 0.0 0.0 0.14743493682892736 1.4082912219555613e-07 0.0 0.0 0.12422193346405465 0.006154365220982092 0.0 0.0 0.08343174323355335 0.10237454985027586 0.0 0.0 0.019478477533404384 0.001494611862301311 0.0 0.0 0.05712799301088395 1.1002018491814872e-07 0.0 0.0 0.06724296992080134 0.0021265441665659873 0.0 0.0 0.04562288903460782 0.050193332426888615 0.0 0.0 0.017299002525985877
0.0 0.0025680973127973562 0.0 0.0 0.0 0.0023256965760771447 0.0 0.0 0.0 6.800560272060403e-08 0.0 0.0 0.0 0.000769582118008493 0.0 0.0 0.0 0.0 0.00468609588174273 0.0 0.0 0.0 0.08761719772700671 0.0 0.0 0.0 0.08119783016893833 0.0 0.0 0.0 0.02921940867362659 0.0 9.604309052934523e-15 0.0 0.0 2.9074390030405235e-08 1.4815568110894983e-09 0.0 0.0 0.0010287407788315114 3.3904206787180796e-05 0.0 0.0 0.006168349258499783 0.0006992738588749624 0.0 0.0 0.00014175920358602706 1.577491297877409e-08 0.0 0.0 0.053539949228453586 7.606185399828258e-08 0.0 0.0 0.09141084919159258 0.0013896089701704432 0.0 0.0 0.2151811757515328 0.049218030041899015 0.0 0.0 0.011143227012464325 0.0 7.754236304158952e-08 0.0 0.0 0.0 0.0 0.0 0.0 0.0 5.434277515419215e-12 0.0 0.0 0.0 3.37844861050978e-08 0.0 0.0 0.0 0.0 0.0007465258134401448 0.0 0.0 0.0 0.0 0.0 0.0 0.0 0.032495512310845596 0.0 0.0 0.0 0.0025260138673744285 0.0 9.953000249440471e-09 0.0 0.0 0.02936369952797462 0.0 0.0 0.0 0.0 0.0012748314127161487 0.0 0.0 0.058749501597681573 4.6975224135614317e-08 0.0 0.0 7.901867979206459e-09 1.074749184630406e-08 0.0 0.0 0.03068386368803634 0.0 0.0 0.0 0.0 0.017971766023649333 0.0 0.0 0.2846706059196638 0.049030279807234456 0.0 0.0 0.009237804936119148 0.0 0.025276572801472896 0.0 0.0 0.0 0.013313345392615998 0.0 0.0 0.0 4.695599887090576e-07 0.0 0.0 0.0 0.0036405691220667957 0.0 0.0 0.0 0.0 7.524040985727355e-08 0.0 0.0 0.0 7.554383977119335e-08 0.0 0.0 0.0 3.701047050550155e-07 0.0 0.0 0.0 5.6113998495419706e-08 0.0 0.0001172698161145739 0.0 0.0 0.004736996692552869 1.1294986741625512e-13 0.0 0.0 0.0060552134396570055 0.00396652211070137 0.0 0.0 0.104841079093436 3.1135340116121636e-08 0.0 0.0 7.481862550085344e-09 0.005160369425534997 0.0 0.0 0.23828255874929297 3.3788631429643934e-08 0.0 0.0 0.28460226819667417 0.01901771050328495 0.0 0.0 0.784086657712478 0.09605713299907542 0.0 0.0 0.021890577692269146 0.0 0.17487578479468108 0.0 0.0 0.0 0.02012901002296703 0.0 0.0 0.0 0.0 0.0 0.0 0.0 0.0 0.0 0.0 0.0 0.0 0.0026393609269431783 0.0 0.0 0.0 0.0017708240976182152 0.0 0.0 0.0 0.0 0.0 0.0 0.0 0.0 0.0 2.8618503783046268e-05 0.0 0.0 0.031716833531174736 4.504056603365352e-19 0.0 0.0 2.6620041729643008e-08 0.0 0.0 0.0 0.0 0.0 0.0 0.0 0.0 0.000357149791638419 0.0 0.0 0.03355900154100457 1.2823486890822498e-13 0.0 0.0 0.008497232895397937 0.0 0.0 0.0 0.0 0.0 0.0 0.0 0.0
0.0 0.00029093029636116397 0.0 0.0 0.0 0.0009423749283217263 0.0 0.0 0.0 5.89155697859305e-08 0.0 0.0 0.0 0.0041561588220553804 0.0 0.0 0.0 0.0 0.023798380072280363 0.0 0.0 0.0 0.04121673122089075 0.0 0.0 0.0 0.06604048887057011 0.0 0.0 0.0 0.12079527218966625 0.0 2.4525682532968003e-10 0.0 0.0 0.0007448122750651017 2.0862973334195205e-13 0.0 0.0 0.013461264575878602 0.0009479944071095038 0.0 0.0 0.024548630837800553 0.006072226237810661 0.0 0.0 0.0025975282368757924 1.6602905576955123e-09 0.0 0.0 0.005652965286478812 5.554294068056252e-13 0.0 0.0 0.03584089878134325 0.007779798561955527 0.0 0.0 0.17506683692858974 0.06670275960338314 0.0 0.0 0.04357277359607104 0.0 0.0 0.0 0.0 0.0 0.0 0.0 0.0 0.0 2.3720474319560416e-12 0.0 0.0 0.0 8.681226887094739e-08 0.0 0.0 0.0 0.0 0.0 0.0 0.0 0.0 0.0 0.0 0.0 0.0 0.056193529051069196 0.0 0.0 0.0 0.05307350783413538 0.0 0.0 0.0 0.0 0.0 0.0 0.0 0.0 0.0 0.001783649661221362 0.0 0.0 0.0770649160119619 0.005163125292474291 0.0 0.0 0.0017984957647359402 0.0 0.0 0.0 0.0 0.0 0.0 0.0 0.0 0.0032141213721273982 0.0 0.0 0.13612759242284317 0.021470252590205935 0.0 0.0 0.009955801213377965 0.0 0.022171583425508765 0.0 0.0 0.0 0.001579818397662622 0.0 0.0 0.0 2.395274694456795e-07 0.0 0.0 0.0 0.009119127279716388 0.0 0.0 0.0 0.0 7.436138560993161e-08 0.0 0.0 0.0 7.29220198938744e-08 0.0 0.0 0.0 7.950637148381156e-07 0.0 0.0 0.0 1.2858132258034728e-07 0.0 0.0018758875390587535 0.0 0.0 0.047506148556641516 1.4108103556773693e-15 0.0 0.0 7.229507404012233e-05 0.0027076184775640527 0.0 0.0 0.0640249202805247 0.0044540399558226475 0.0 0.0 0.0013755457601724833 0.0018784096487654202 0.0 0.0 0.2009517049902351 5.018939216806121e-13 0.0 0.0 0.028834903441506844 0.016216783382803614 0.0 0.0 0.40484308063964813 0.2065446222577911 0.0 0.0 0.052890344686769994 0.0 0.22938835863153756 0.0 0.0 0.0 0.10321394788864685 0.0 0.0 0.0 7.72483461572613e-07 0.0 0.0 0.0 0.11611096516845977 0.0 0.0 0.0 0.0 0.024574002382339692 0.0 0.0 0.0 0.03727090600493515 0.0 0.0 0.0 0.002112714143095811 0.0 0.0 0.0 0.06542871555212977 0.0 0.0006815982659767264 0.0 0.0 0.041972928953112436 7.480912340630852e-08 0.0 0.0 0.03972797480097 0.0014960687276139037 0.0 0.0 0.02981264340054877 0.09419804765760886 0.0 0.0 0.03140828754229988 0.0009536256029597725 0.0 0.0 0.037787474357134546 1.200389896878754e-08 0.0 0.0 0.033196713342555084 8.376527932905246e-05 0.0 0.0 0.027468215637416485 0.04410897057700919 0.0 0.0 0.014590091531285826
0.0 0.006709628254835953 0.0 0.0 0.0 0.005602007641494448 0.0 0.0 0.0 4.133582416922458e-08 0.0 0.0 0.0 0.003154595423276343 0.0 0.0 0.0 0.0 0.028110189794344737 0.0 0.0 0.0 0.02438435308369699 0.0 0.0 0.0 0.09048033735515754 0.0 0.0 0.0 0.03590302299969413 0.0 0.0001344162888934668 0.0 0.0 0.004178971850092445 4.338366941149864e-09 0.0 0.0 0.015026140540922644 0.0012578629744609833 0.0 0.0 0.042328610186706535 0.004528329381756579 0.0 0.0 0.00121045776795776 0.00239487193202115 0.0 0.0 0.11044024050430762 1.4009059335155394e-07 0.0 0.0 0.13734933665432006 0.007513281340777919 0.0 0.0 0.13196284033116454 0.11053566306573658 0.0 0.0 0.027029913710973075 0.0 3.208050979182608e-07 0.0 0.0 0.0 3.253911910512293e-07 0.0 0.0 0.0 5.366676767167468e-12 0.0 0.0 0.0 1.339319069620976e-07 0.0 0.0 0.0 0.0 0.009972477491275524 0.0 0.0 0.0 0.0533035469117158 0.0 0.0 0.0 0.009867313876141261 0.0 0.0 0.0 0.026970948920374656 0.0 0.0017269425175194825 0.0 0.0 0.048470324600169076 3.893574889462151e-08 0.0 0.0 0.015884127286716954 0.002540817792979462 0.0 0.0 0.04403941208644961 0.003117899028908899 0.0 0.0 0.0013391988011962274 0.004015868347797598 0.0 0.0 0.11817604858753486 2.911536550264639e-07 0.0 0.0 0.20435464384506397 0.00975093381287653 0.0 0.0 0.2377381596751772 0.06328084626040417 0.0 0.0 0.026865627956805343 0.0 0.02124478519738214 0.0 0.0 0.0 0.009485599617662576 0.0 0.0 0.0 9.733409142968035e-08 0.0 0.0 0.0 0.0031777520631016284 0.0 0.0 0.0 0.0 7.757716691209184e-08 0.0 0.0 0.0 7.561075177855218e-08 0.0 0.0 0.0 2.631840451842061e-08 0.0 0.0 0.0 2.0160926448616975e-08 0.0 0.00022358809525731743 0.0 0.0 0.004769378737407002 7.92195919550962e-08 0.0 0.0 0.041365660788875463 0.002220633687789737 0.0 0.0 0.026641446225322635 0.02074777380974318 0.0 0.0 0.004504607780381149 0.006440197157588928 0.0 0.0 0.21047128303439033 9.700161602870411e-08 0.0 0.0 0.16190413383579574 0.010535628465080257 0.0 0.0 0.17335781404360495 0.06568364863373569 0.0 0.0 0.02746085245170818 0.0 0.1509231689755774 0.0 0.0 0.0 0.08172949192018385 0.0 0.0 0.0 7.196536099826449e-08 0.0 0.0 0.0 0.07734836219575873 0.0 0.0 0.0 0.0 0.03058204846637019 0.0 0.0 0.0 0.03202538581491538 0.0 0.0 0.0 0.00012556576049282616 0.0 0.0 0.0 0.020947843572265278 0.0 0.00013068362999595288 0.0 0.0 0.002943948194974966 8.995273242960028e-08 0.0 0.0 0.045360863973477786 0.0014265591932563445 0.0 0.0 0.027012710317837932 0.005222519196628499 0.0 0.0 0.0017244611943565927 0.0003997046863570171 0.0 0.0 0.027776092121017996 3.9440764593686974e-08 0.0 0.0 0.023246111247320376 8.226617758526717e-05 0.0 0.0 0.0017464903103657145 0.03688441567996738 0.0 0.0 0.009840716785518941
0.0 0.005945985840068477 0.0 0.0 0.0 0.0013316527477986826 0.0 0.0 0.0 4.689272139374361e-08 0.0 0.0 0.0 0.0010213234394404677 0.0 0.0 0.0 0.0 0.03248316512582206 0.0 0.0 0.0 0.03225443342806071 0.0 0.0 0.0 0.025428805460864304 0.0 0.0 0.0 0.05801491754954378 0.0 0.0003459963792705661 0.0 0.0 0.010908179914681173 6.816068178462112e-13 0.0 0.0 0.026584402767326612 0.0018148219168352515 0.0 0.0 0.019129551632289316 0.0036958932853805404 0.0 0.0 0.0026882454132320325 0.004082319785731768 0.0 0.0 0.1328911513876095 9.365892461245198e-13 0.0 0.0 0.0518235901151059 0.012864575410100478 0.0 0.0 0.12741899712037275 0.02919189155948076 0.0 0.0 0.017381807812832564 0.0 1.510772606707133e-07 0.0 0.0 0.0 3.007699090070191e-07 0.0 0.0 0.0 5.318740685328421e-12 0.0 0.0 0.0 3.51824909729728e-07 0.0 0.0 0.0 0.0 0.0005149815990380928 0.0 0.0 0.0 0.04725151055759938 0.0 0.0 0.0 0.10039201715168022 0.0 0.0 0.0 0.07831085236904231 0.0 6.8839412090461175e-15 0.0 0.0 2.37240685554252e-13 6.696607388061314e-08 0.0 0.0 0.07393627989857937 0.004205613888224701 0.0 0.0 0.05348944216436595 0.0417623504684945 0.0 0.0 0.00998805087139471 0.0009288033364299789 0.0 0.0 0.03588742367366384 1.981261917071178e-07 0.0 0.0 0.14013116148810353 0.009012602757776118 0.0 0.0 0.24354528058563799 0.1756275630763462 0.0 0.0 0.0676244282561795 0.0 0.013407932521426807 0.0 0.0 0.0 0.013220924546342465 0.0 0.0 0.0 1.148781714648992e-07 0.0 0.0 0.0 0.010984444018728117 0.0 0.0 0.0 0.0 3.4599510408652774e-08 0.0 0.0 0.0 1.9498783790803282e-08 0.0 0.0 0.0 1.0808702457995835e-08 0.0 0.0 0.0 1.3217248189505008e-07 0.0 2.641075016230468e-05 0.0 0.0 0.03331353824955181 1.3430946257266256e-07 0.0 0.0 0.041232192560768925 0.0002629739808804237 0.0 0.0 0.005251044761248201 0.03774012205369998 0.0 0.0 0.013512881390148395 0.001928425425889566 0.0 0.0 0.10064909720000592 2.463776132868882e-07 0.0 0.0 0.16953464082684916 0.0076803209526772175 0.0 0.0 0.13613097336486704 0.14056067030297567 0.0 0.0 0.058521267868422815 0.0 0.12882725212553492 0.0 0.0 0.0 0.21191648361330986 0.0 0.0 0.0 3.530326695317382e-08 0.0 0.0 0.0 0.23000690611267832 0.0 0.0 0.0 0.0 0.03216890998532654 0.0 0.0 0.0 0.10387584077293333 0.0 0.0 0.0 0.005518464634675627 0.0 0.0 0.0 0.10319132607936883 0.0 0.0002987936124380677 0.0 0.0 0.04008731231135821 1.1196150424284277e-07 0.0 0.0 0.09105500467088197 0.0017319797282484692 0.0 0.0 0.029272407668506757 0.0632857369632386 0.0 0.0 0.021487599879133623 0.0006882596300998849 0.0 0.0 0.021917630455062606 4.593493426195724e-08 0.0 0.0 0.07846018897271337 4.052732992619908e-05 0.0 0.0 0.0007679450220127048 0.0840180962445926 0.0 0.0 0.020649370333901906
0.0 0.0058416179773907615 0.0 0.0 0.0 0.0018481717995411217 0.0 0.0 0.0 8.475128261039466e-08 0.0 0.0 0.0 0.00196632417274667 0.0 0.0 0.0 0.0 0.017771775527615056 0.0 0.0 0.0 0.11729800520058081 0.0 0.0 0.0 0.0562271645102246 0.0 0.0 0.0 0.026129640690961516 0.0 1.2658373141413792e-05 0.0 0.0 0.018645336784895696 2.9324837896045335e-08 0.0 0.0 0.012626056930522458 0.004700554060369304 0.0 0.0 0.045929627466091506 0.01500464566142183 0.0 0.0 0.0041064237572560475 0.0009932935312683998 0.0 0.0 0.1374403080814448 7.14194309001348e-08 0.0 0.0 0.04893265560084294 0.02209540816141694 0.0 0.0 0.19631614354697607 0.07029414048309553 0.0 0.0 0.0270628174551233 0.0 2.858919015715477e-07 0.0 0.0 0.0 4.291417602951067e-07 0.0 0.0 0.0 2.9017793729185424e-12 0.0 0.0 0.0 2.774972903724769e-07 0.0 0.0 0.0 0.0 0.0013865093571438188 0.0 0.0 0.0 0.08933302603817267 0.0 0.0 0.0 0.06400279263001206 0.0 0.0 0.0 0.005529667507147146 0.0 5.763608540008868e-05 0.0 0.0 0.032690125618100606 1.312708037287526e-07 0.0 0.0 0.08930182767870974 0.0016247606368725409 0.0 0.0 0.02579749492328016 0.06768759302090231 0.0 0.0 0.017417429714120553 0.003911203305671726 0.0 0.0 0.10651823196238708 3.576641986248299e-07 0.0 0.0 0.21891520681301838 0.005959383557252619 0.0 0.0 0.11946155658058819 0.14252786971856593 0.0 0.0 0.0559651469831835 0.0 0.015097020295066908 0.0 0.0 0.0 0.011112343529550492 0.0 0.0 0.0 3.983566888946627e-08 0.0 0.0 0.0 0.011484960574834648 0.0 0.0 0.0 0.0 2.070158748465155e-08 0.0 0.0 0.0 2.564158278145272e-08 0.0 0.0 0.0 3.0700708148381376e-09 0.0 0.0 0.0 7.517661219829143e-08 0.0 0.0002984445396979802 0.0 0.0 0.005571323149870196 1.0392413042847532e-07 0.0 0.0 0.06991554559058756 0.001570787149925687 0.0 0.0 0.0262278721959727 0.012818693255345917 0.0 0.0 0.0038271904047769974 0.0034369671922759998 0.0 0.0 0.08401921828695512 2.542987129366596e-07 0.0 0.0 0.13581771534634313 0.0017434706692838486 0.0 0.0 0.0427398231893805 0.13069956110020547 0.0 0.0 0.0580155078191321 0.0 0.18903637897856312 0.0 0.0 0.0 0.1472910510616238 0.0 0.0 0.0 0.0 0.0 0.0 0.0 0.2117316542491997 0.0 0.0 0.0 0.0 0.07636972903466722 0.0 0.0 0.0 0.027945942067853453 0.0 0.0 0.0 0.0 0.0 0.0 0.0 0.1208675335840705 0.0 0.00015216461860831067 0.0 0.0 0.06292147678881334 6.417784388097188e-09 0.0 0.0 0.028339275579830122 0.0 0.0 0.0 0.0 0.04875698325310473 0.0 0.0 0.012356991412863878 0.0007938198731731014 0.0 0.0 0.0321364112576871 3.8213955115509476e-08 0.0 0.0 0.04941067304501171 0.0 0.0 0.0 0.0 0.08628132762869836 0.0 0.0 0.025979482644179902
0.0 0.0014788571972146089 0.0 0.0 0.0 0.0030429462542534884 0.0 0.0 0.0 6.582824008437423e-08 0.0 0.0 0.0 0.0004957441276281563 0.0 0.0 0.0 0.0 0.026219350883836173 0.0 0.0 0.0 0.03288712467984585 0.0 0.0 0.0 0.05647006116937311 0.0 0.0 0.0 0.030848986941521002 0.0 5.33166636653555e-10 0.0 0.0 0.001602711223947361 5.584707382792467e-14 0.0 0.0 0.0012015409820165942 0.004638831072264573 0.0 0.0 0.09274268684972445 1.866115281612341e-08 0.0 0.0 6.837572400783292e-09 8.713073334636067e-09 0.0 0.0 0.03283152522958749 1.0104931593271542e-07 0.0 0.0 0.11819942148657624 0.012608974264667082 0.0 0.0 0.20633410350068432 0.023916140007810158 0.0 0.0 0.006871557205141059 0.0 3.207644597440756e-07 0.0 0.0 0.0 5.503930242482458e-08 0.0 0.0 0.0 3.1497155134587563e-12 0.0 0.0 0.0 7.51966266275942e-08 0.0 0.0 0.0 0.0 0.04215056288139581 0.0 0.0 0.0 0.03592200947094899 0.0 0.0 0.0 0.046456792782142056 0.0 0.0 0.0 0.00307261486291044 0.0 0.0002484945774546841 0.0 0.0 0.010481080799885164 3.264528916579537e-08 0.0 0.0 0.028605615990820364 0.0013804671483966188 0.0 0.0 0.03862111261223075 0.01402894438885869 0.0 0.0 0.009541861669238826 0.001319569323104038 0.0 0.0 0.10113110610576452 8.328637948632102e-08 0.0 0.0 0.02867088423849794 0.0002119584211677468 0.0 0.0 0.1929257110466283 0.05210472108926286 0.0 0.0 0.014450463464340925 0.0 0.019833815960208948 0.0 0.0 0.0 0.007413202013264461 0.0 0.0 0.0 3.9627979809611003e-07 0.0 0.0 0.0 0.010677597459959338 0.0 0.0 0.0 0.0 5.914543223956647e-08 0.0 0.0 0.0 9.121446741335723e-08 0.0 0.0 0.0 1.477985427368687e-07 0.0 0.0 0.0 1.5361755103767373e-07 0.0 0.0003991393140909181 0.0 0.0 0.035745189496504376 1.0866501865768848e-13 0.0 0.0 0.0027740237840745085 0.0017716699155582302 0.0 0.0 0.059762094653866844 3.8556297249058686e-08 0.0 0.0 1.271947670218622e-08 0.0025919850392457223 0.0 0.0 0.18995962616782017 1.2798176973362916e-07 0.0 0.0 0.1451436894583792 0.01864867561607213 0.0 0.0 0.541141553544418 0.1502124980928757 0.0 0.0 0.056573287786729584 0.0 0.12511252975269282 0.0 0.0 0.0 0.11200534589533444 0.0 0.0 0.0 0.0 0.0 0.0 0.0 0.0813390886826694 0.0 0.0 0.0 0.0 0.031815823249236444 0.0 0.0 0.0 0.027055814326575424 0.0 0.0 0.0 0.0 0.0 0.0 0.0 0.03364086789107164 0.0 3.148455519125219e-05 0.0 0.0 0.006425500251950334 9.42294186241378e-09 0.0 0.0 0.003973086529826593 0.0 0.0 0.0 0.0 0.04213804064661104 0.0 0.0 0.014994501906533035 0.0004269313520097519 0.0 0.0 0.022585092181396194 6.930853667460723e-08 0.0 0.0 0.04336303585926179 0.0 0.0 0.0 0.0 0.03605656288782812 0.0 0.0 0.00929452621817644
0.0 0.004819269530473725 0.0 0.0 0.0 0.008462908850338166 0.0 0.0 0.0 7.924859007201097e-08 0.0 0.0 0.0 0.0017341870249614033 0.0 0.0 0.0 0.0 0.035490057816275095 0.0 0.0 0.0 0.008436813230638319 0.0 0.0 0.0 0.03955514864163183 0.0 0.0 0.0 0.03270823773830069 0.0 5.185822578454145e-09 0.0 0.0 0.013533368420797453 2.0541624780123302e-09 0.0 0.0 0.0011381372348534563 0.00030652554447216466 0.0 0.0 0.03267619628011134 5.965984111281022e-08 0.0 0.0 4.389841328408024e-05 0.001016516526074155 0.0 0.0 0.09777667091687277 2.1633353753626574e-07 0.0 0.0 0.1345978106927858 0.009317934971697098 0.0 0.0 0.22341589210612894 0.03721580865901121 0.0 0.0 0.019879341542390985 0.0 3.582218935947673e-07 0.0 0.0 0.0 2.4892150440412083e-07 0.0 0.0 0.0 2.4026699430584294e-12 0.0 0.0 0.0 3.1388456752992626e-07 0.0 0.0 0.0 0.0 0.008497668842592674 0.0 0.0 0.0 0.02277947076163799 0.0 0.0 0.0 0.03265346281577919 0.0 0.0 0.0 0.09544861406784261 0.0 9.623956185869408e-09 0.0 0.0 1.0053770260260298e-07 2.8119176535971292e-08 0.0 0.0 0.01521895569332049 0.0009809294896005263 0.0 0.0 0.03184834681792917 0.01780727654885867 0.0 0.0 0.005809468736728856 0.0061088754506205874 0.0 0.0 0.10750169804028696 2.266090730319233e-07 0.0 0.0 0.14516413597086644 0.003995328224549686 0.0 0.0 0.14421217640458087 0.11430980072042875 0.0 0.0 0.07189630283420519 0.0 0.021184877297461924 0.0 0.0 0.0 0.010983925742846486 0.0 0.0 0.0 1.7578835445505635e-07 0.0 0.0 0.0 0.007338767090824859 0.0 0.0 0.0 0.0 6.899393212284418e-07 0.0 0.0 0.0 6.522520191916076e-07 0.0 0.0 0.0 4.0773571043528504e-08 0.0 0.0 0.0 5.3831467663887014e-08 0.0 0.0017430198263071886 0.0 0.0 0.022646403779537937 2.500729065757206e-08 0.0 0.0 0.010511857468106367 0.0032548451535161288 0.0 0.0 0.03397152413399617 0.000879721572301125 0.0 0.0 0.00027504057983896075 0.0036887230917208684 0.0 0.0 0.1949537074997561 2.6884721107846704e-07 0.0 0.0 0.19219351443736826 0.017702021163353728 0.0 0.0 0.25034316977984 0.08618763943679493 0.0 0.0 0.027427488205825107 0.0 0.09018575237701669 0.0 0.0 0.0 0.13993213297316343 0.0 0.0 0.0 1.1817570319304546e-06 0.0 0.0 0.0 0.06001343990019862 0.0 0.0 0.0 0.0 0.0037097761951556726 0.0 0.0 0.0 0.04044817932297753 0.0 0.0 0.0 0.0010737852899124684 0.0 0.0 0.0 0.02712115931581971 0.0 0.0020181854953021986 0.0 0.0 0.05754070583749311 1.0499934890391611e-07 0.0 0.0 0.0493627032906428 0.0011486669191648955 0.0 0.0 0.018125128462727833 0.009863248150306994 0.0 0.0 0.0023541809613528346 0.000441109454559604 0.0 0.0 0.029267536716051645 4.9060567976629494e-08 0.0 0.0 0.045001429466667874 0.002801494453133493 0.0 0.0 0.03790409847655568 0.015811145507117964 0.0 0.0 0.006945536882256552
0.0 0.007731448798138943 0.0 0.0 0.0 0.005977030521598824 0.0 0.0 0.0 3.647504490879431e-08 0.0 0.0 0.0 0.001540531313307502 0.0 0.0 0.0 0.0 0.008691287294773078 0.0 0.0 0.0 0.03456236343189088 0.0 0.0 0.0 0.027491467830477623 0.0 0.0 0.0 0.07128802291179787 0.0 0.0012752747474073544 0.0 0.0 0.016325834971229976 3.237589734696023e-08 0.0 0.0 0.019418788617370383 0.00037865282727868885 0.0 0.0 0.004750262014843066 0.003001879251797953 0.0 0.0 0.0006632966865629021 0.004300867147748416 0.0 0.0 0.12597438973862782 3.389834078050442e-07 0.0 0.0 0.21387328389971075 0.007965335471765353 0.0 0.0 0.12371334807851601 0.026945766372440602 0.0 0.0 0.006093238596043624 0.0 4.921195560958916e-07 0.0 0.0 0.0 3.2394814604296737e-07 0.0 0.0 0.0 5.959254291144663e-12 0.0 0.0 0.0 1.1855648226223764e-07 0.0 0.0 0.0 0.0 0.021763294518298185 0.0 0.0 0.0 0.012514621962240756 0.0 0.0 0.0 0.011729611902447938 0.0 0.0 0.0 0.004622021928838571 0.0 0.00015677837188335538 0.0 0.0 0.01250857954083009 1.197572370462755e-08 0.0 0.0 0.027371106328340052 0.0009539401440354883 0.0 0.0 0.0320051384643128 0.01100433085152488 0.0 0.0 0.004456226967837698 0.002198828354912643 0.0 0.0 0.15505431357543284 2.5646821679428964e-07 0.0 0.0 0.17917914958123352 0.01729586104895428 0.0 0.0 0.23923047004715386 0.06057820757195295 0.0 0.0 0.028871829255314063 0.0 0.014752870546318146 0.0 0.0 0.0 0.01197124309516845 0.0 0.0 0.0 7.965326706692338e-08 0.0 0.0 0.0 0.006940120358358869 0.0 0.0 0.0 0.0 1.9759531498559638e-08 0.0 0.0 0.0 2.418435248659489e-07 0.0 0.0 0.0 6.809491410294453e-07 0.0 0.0 0.0 4.7292649324670014e-08 0.0 0.00011727420530993061 0.0 0.0 0.002218186873977542 5.278283468695301e-08 0.0 0.0 0.022884255486505592 0.0014336293945480818 0.0 0.0 0.03437891580115249 0.0023244825586240586 0.0 0.0 0.0009470269821492566 0.006433806005124112 0.0 0.0 0.1407769453076644 1.6719286596798173e-07 0.0 0.0 0.18420950986300128 0.003775012894597327 0.0 0.0 0.12471078400521962 0.108457176318676 0.0 0.0 0.045630249187468074 0.0 0.13446168528728042 0.0 0.0 0.0 0.03268095274691213 0.0 0.0 0.0 8.73710575488615e-07 0.0 0.0 0.0 0.07151347570999177 0.0 0.0 0.0 0.0 0.012227032023977045 0.0 0.0 0.0 0.04137888540683155 0.0 0.0 0.0 0.025082063403035048 0.0 0.0 0.0 0.0013062651042967444 0.0 1.0543748660462649e-08 0.0 0.0 0.022527267829733057 5.23939246158954e-08 0.0 0.0 0.022480552524050026 0.0014784186975025718 0.0 0.0 0.02593385103990747 0.003474662178673401 0.0 0.0 0.0013215420300427111 0.00043726248069831286 0.0 0.0 0.022029028315475756 2.2457272733636082e-08 0.0 0.0 0.012992269602959374 0.0003834631744307392 0.0 0.0 0.02927088132351149 0.022870482351069938 0.0 0.0 0.009046307757875896
0.0 0.012066709777394012 0.0 0.0 0.0 0.012029856992390469 0.0 0.0 0.0 8.688304283799487e-08 0.0 0.0 0.0 0.0012926956241247943 0.0 0.0 0.0 0.0 0.00878350902545177 0.0 0.0 0.0 0.15093656237668784 0.0 0.0 0.0 0.0488863699462029 0.0 0.0 0.0 0.07687807953596663 0.0 1.3106934160651677e-05 0.0 0.0 0.0009852249373286572 1.600187994061402e-07 0.0 0.0 0.05157351775952193 0.0002376653988570307 0.0 0.0 0.005625327659527704 0.002469519206202571 0.0 0.0 0.010611178813610843 0.005622616782117384 0.0 0.0 0.2146547204037363 6.24454475330269e-07 0.0 0.0 0.414986586834616 0.015150357551331881 0.0 0.0 0.22065125799326424 0.08528087079918763 0.0 0.0 0.0171683663090586 0.0 1.208785162432507e-06 0.0 0.0 0.0 8.024749501689724e-07 0.0 0.0 0.0 9.871715495859592e-12 0.0 0.0 0.0 1.1228110940938371e-07 0.0 0.0 0.0 0.0 0.04370958168339564 0.0 0.0 0.0 0.059845886790261475 0.0 0.0 0.0 0.012391902612270234 0.0 0.0 0.0 0.0007943770182701999 0.0 0.002762532155059439 0.0 0.0 0.0779979054939446 1.8096575710818376e-08 0.0 0.0 0.02141667449603245 0.006385734066426891 0.0 0.0 0.09865728760765496 0.012297822524924291 0.0 0.0 0.0024975815597266973 0.009136625892437446 0.0 0.0 0.39906909928241574 5.157913024268646e-07 0.0 0.0 0.4514130556432931 0.024838171885164063 0.0 0.0 0.4872542122551031 0.06001631765646904 0.0 0.0 0.021244144103575932 0.0 0.020366000935237775 0.0 0.0 0.0 0.024652394493944452 0.0 0.0 0.0 3.8394031042328784e-08 0.0 0.0 0.0 0.007806800394085522 0.0 0.0 0.0 0.0 3.37886853220323e-07 0.0 0.0 0.0 7.725949922229392e-08 0.0 0.0 0.0 1.2097646074552341e-08 0.0 0.0 0.0 1.3567444066952921e-08 0.0 0.000360187204287587 0.0 0.0 0.007995786259053872 1.518865743185638e-08 0.0 0.0 0.007929156377558887 0.00010103266381892906 0.0 0.0 0.001991108413325207 0.011879846827998496 0.0 0.0 0.03113555192745231 0.005889189310595859 0.0 0.0 0.2075143862641605 6.750128553270517e-07 0.0 0.0 0.4516694573878624 0.0020061664830238603 0.0 0.0 0.04432681952019265 0.14907226474214302 0.0 0.0 0.0422314104010654 0.0 0.2382553030228535 0.0 0.0 0.0 0.08293269138518039 0.0 0.0 0.0 3.155244969883027e-07 0.0 0.0 0.0 0.05098262411231895 0.0 0.0 0.0 0.0 0.01275715534834263 0.0 0.0 0.0 0.01123304978899657 0.0 0.0 0.0 0.000114400206033522 0.0 0.0 0.0 0.03597762706826595 0.0 6.694961849222435e-05 0.0 0.0 0.0029129862266358826 1.024061660001353e-07 0.0 0.0 0.07059327955683092 0.003171176388363786 0.0 0.0 0.033222848349137524 0.0029478059131607852 0.0 0.0 0.0007349487311597236 0.0007438762721025888 0.0 0.0 0.03581479494379975 7.517094340117275e-08 0.0 0.0 0.028941511980033773 0.0009349297803123498 0.0 0.0 0.010981507323693608 0.048206486374764025 0.0 0.0 0.006426040516443897
0.0 0.0013475470323520316 0.0 0.0 0.0 0.0008077397196204389 0.0 0.0 0.0 1.1757932104474394e-07 0.0 0.0 0.0 0.0022916951394607336 0.0 0.0 0.0 0.0 0.0006686513782166949 0.0 0.0 0.0 0.11778832211000174 0.0 0.0 0.0 0.04856846618382383 0.0 0.0 0.0 0.15327057713328845 0.0 1.7223466311540805e-11 0.0 0.0 1.7122785014339705e-09 1.5414553007082903e-09 0.0 0.0 0.0008733759476301219 9.01876866709313e-05 0.0 0.0 0.0013205346868600848 0.00487406352714767 0.0 0.0 0.0010208183278329651 0.0003041213584185045 0.0 0.0 0.033897468282034944 5.433926346140695e-08 0.0 0.0 0.025401665464125506 0.0054852281429538475 0.0 0.0 0.2342777839645634 0.10469748834016894 0.0 0.0 0.02358767577629436 0.0 2.0448464355518615e-07 0.0 0.0 0.0 6.15485488576066e-08 0.0 0.0 0.0 3.139025264059686e-12 0.0 0.0 0.0 6.580855218754938e-08 0.0 0.0 0.0 0.0 0.002153205101420257 0.0 0.0 0.0 0.03570251197853473 0.0 0.0 0.0 0.03555105619354491 0.0 0.0 0.0 0.06138598712900491 0.0 0.00026986176677787 0.0 0.0 0.06501651915269237 8.326946383174732e-13 0.0 0.0 0.031615520283245414 1.252960109664978e-05 0.0 0.0 0.027146074104826935 0.0505260340635413 0.0 0.0 0.012653497948867791 0.0012106700317495204 0.0 0.0 0.07622069858481298 8.273092638527121e-08 0.0 0.0 0.04133519279948433 0.006858470251293384 0.0 0.0 0.14773860852924392 0.07866667594373593 0.0 0.0 0.0140744777894427 0.0 0.00979128256066641 0.0 0.0 0.0 0.005915664304776405 0.0 0.0 0.0 2.5068594459129097e-07 0.0 0.0 0.0 0.012689275725749436 0.0 0.0 0.0 0.0 8.071325588929437e-07 0.0 0.0 0.0 5.991190069712213e-08 0.0 0.0 0.0 3.2197655186670477e-07 0.0 0.0 0.0 1.6645452934418403e-07 0.0 0.0011001301421363872 0.0 0.0 0.03228985498215441 5.6091077529240066e-14 0.0 0.0 0.0016638987889024356 0.0023292160537095883 0.0 0.0 0.05152631826893107 0.024319062806895695 0.0 0.0 0.013371102639024001 0.0002474485008916191 0.0 0.0 0.10144163580368883 9.65300570749482e-08 0.0 0.0 0.13729143958640383 0.010868241866927227 0.0 0.0 0.40610691829474943 0.2320988276948758 0.0 0.0 0.07969946248416716 0.0 0.3091569827276687 0.0 0.0 0.0 0.1280692948295591 0.0 0.0 0.0 9.300508949532688e-07 0.0 0.0 0.0 0.09733735761857738 0.0 0.0 0.0 0.0 0.005356319834903197 0.0 0.0 0.0 0.033749142921443834 0.0 0.0 0.0 0.03527156215098797 0.0 0.0 0.0 0.03744138430745456 0.0 0.0003014962045822724 0.0 0.0 0.06811788819928974 5.7375420971029264e-08 0.0 0.0 0.0855652527903722 2.958754053723226e-08 0.0 0.0 0.03568921904985412 0.05306146878408647 0.0 0.0 0.009362703032875746 0.0010133714489746087 0.0 0.0 0.05066741895087118 3.9326871646526406e-08 0.0 0.0 0.042358531000525314 0.0027525433562986647 0.0 0.0 0.03493908514599616 0.011990967082794245 0.0 0.0 0.008112857857356397
0.0 0.0 0.0 0.0 0.0 0.0036573063344685647 0.0 0.0 0.0 6.757991731836291e-08 0.0 0.0 0.0 0.002894618428802277 0.0 0.0 0.0 0.0 0.0 0.0 0.0 0.0 0.05391082821319326 0.0 0.0 0.0 0.17138375725348687 0.0 0.0 0.0 0.037209715423884376 0.0 0.0 0.0 0.0 0.0 1.8042384008392025e-09 0.0 0.0 0.017142918571731936 0.00248069202193168 0.0 0.0 0.03360335189689456 0.0038016970245285707 0.0 0.0 0.0008713679226520117 0.0 0.0 0.0 0.0 3.3939802967503256e-07 0.0 0.0 0.1069208556145148 0.009044353722303342 0.0 0.0 0.18307872738505462 0.06875994417004397 0.0 0.0 0.031768456979030066 0.0 4.305526858730539e-07 0.0 0.0 0.0 4.4161805358871224e-07 0.0 0.0 0.0 2.5323561629577703e-12 0.0 0.0 0.0 3.0309650935994215e-07 0.0 0.0 0.0 0.0 0.0016300995413066873 0.0 0.0 0.0 0.06973243614390601 0.0 0.0 0.0 0.07040073435869107 0.0 0.0 0.0 0.0671590035537307 0.0 0.00014899175898892042 0.0 0.0 0.003428286184677197 1.007914578305232e-07 0.0 0.0 0.08502441293515745 0.001883730924245716 0.0 0.0 0.018445532124471916 0.05973231699123794 0.0 0.0 0.011674857747526213 0.0025554481790987186 0.0 0.0 0.06488964375771326 3.089939240273744e-07 0.0 0.0 0.1721803494026191 0.004538591047365559 0.0 0.0 0.12269011146610528 0.15820909806395222 0.0 0.0 0.06648892041939686 0.0 0.014728545040991001 0.0 0.0 0.0 0.007177110711729926 0.0 0.0 0.0 3.937752110864731e-08 0.0 0.0 0.0 0.007564472220286901 0.0 0.0 0.0 0.0 4.9489759499749e-08 0.0 0.0 0.0 7.169235167383815e-07 0.0 0.0 0.0 8.62200384438207e-09 0.0 0.0 0.0 4.7373228611561934e-08 0.0 0.00018075497306077007 0.0 0.0 0.06532132227216118 1.6308803678407972e-07 0.0 0.0 0.03388678538282201 0.002960299193865952 0.0 0.0 0.02756577289381048 0.08452330798203452 0.0 0.0 0.03125468755816225 0.0023651019324965133 0.0 0.0 0.13536292621494295 1.9557108499538024e-07 0.0 0.0 0.10424082827175082 0.006947466272244609 0.0 0.0 0.07150576360225996 0.12808343146344953 0.0 0.0 0.03918565330072066 0.0 0.2407619596113036 0.0 0.0 0.0 0.1980874149333824 0.0 0.0 0.0 7.154485379109012e-07 0.0 0.0 0.0 0.1635396939151019 0.0 0.0 0.0 0.0 0.050611466866405365 0.0 0.0 0.0 0.05669424817714714 0.0 0.0 0.0 0.00390859310977211 0.0 0.0 0.0 0.06216934953905671 0.0 0.0010312408586350891 0.0 0.0 0.055811509841739736 4.855527372308168e-09 0.0 0.0 0.012649649835722978 0.0008376070292845422 0.0 0.0 0.015094596079436522 0.052257249774262264 0.0 0.0 0.028856257615037025 0.0002704481855455163 0.0 0.0 0.05110432449595909 6.076748209233365e-08 0.0 0.0 0.059506671315855915 0.0007774271392875424 0.0 0.0 0.01570751118091669 0.07264220208008801 0.0 0.0 0.02012619693604254
0.0 0.004660452442409962 0.0 0.0 0.0 0.0007154137848001237 0.0 0.0 0.0 6.490993675799648e-08 0.0 0.0 0.0 0.00206900336669993 0.0 0.0 0.0 0.0 0.005547987178193239 0.0 0.0 0.0 0.015973095894825623 0.0 0.0 0.0 0.06122000338473947 0.0 0.0 0.0 0.02913155315083798 0.0 5.259269324099615e-05 0.0 0.0 0.0011507468642995048 1.8480760070922278e-13 0.0 0.0 0.01194679069181989 0.0002648717724756403 0.0 0.0 0.008181769854855907 0.006230256091816329 0.0 0.0 0.0012352178028353408 0.001270541172122859 0.0 0.0 0.09923793288995057 4.503653731975377e-13 0.0 0.0 0.027324826248027758 0.006878012458755016 0.0 0.0 0.1752758474097258 0.08106279174177043 0.0 0.0 0.020171494396311395 0.0 2.3679562779236242e-07 0.0 0.0 0.0 8.572297308695934e-08 0.0 0.0 0.0 3.676230298105362e-12 0.0 0.0 0.0 5.953835335717785e-08 0.0 0.0 0.0 0.0 0.004487842914123823 0.0 0.0 0.0 0.04293143406547869 0.0 0.0 0.0 0.028207559764516058 0.0 0.0 0.0 0.08721358473957583 0.0 0.00013818157909373287 0.0 0.0 0.042936771611374616 2.6177052072002e-08 0.0 0.0 0.00942556305435645 0.00040319424807397136 0.0 0.0 0.022995042386905574 0.004036353262514061 0.0 0.0 0.0016112141414405784 0.0016485840294627862 0.0 0.0 0.09068869962058868 2.3724496193581003e-08 0.0 0.0 0.05956312049586062 0.0019560724960484984 0.0 0.0 0.22623876420132255 0.03606975992854587 0.0 0.0 0.01096934493984168 0.0 0.009383966602165195 0.0 0.0 0.0 0.01014296657480326 0.0 0.0 0.0 2.4189701446003454e-07 0.0 0.0 0.0 0.00821842437092684 0.0 0.0 0.0 0.0 4.079327718025127e-08 0.0 0.0 0.0 1.2239035499666808e-07 0.0 0.0 0.0 4.0017698681968505e-08 0.0 0.0 0.0 1.0360929658944127e-07 0.0 0.0006955852680544994 0.0 0.0 0.03814301276748394 1.3331369942687553e-09 0.0 0.0 0.01903384035247772 0.0020318210567727354 0.0 0.0 0.028936113839432624 0.00048120864744298454 0.0 0.0 0.00010601990215271634 0.0031587939374066554 0.0 0.0 0.08851891718188398 1.9336330006829893e-07 0.0 0.0 0.19466338246636122 0.01621162741278389 0.0 0.0 0.28858091549694903 0.11466582268997527 0.0 0.0 0.044408800640531314 0.0 0.1203965887681668 0.0 0.0 0.0 0.15198195540111795 0.0 0.0 0.0 0.0 0.0 0.0 0.0 0.07303132033708609 0.0 0.0 0.0 0.0 0.01929607144521225 0.0 0.0 0.0 0.02264169411015174 0.0 0.0 0.0 0.0 0.0 0.0 0.0 0.04321331943709909 0.0 0.0003439910073510747 0.0 0.0 0.03087710713403294 9.261911017412182e-08 0.0 0.0 0.0647485954163276 0.0 0.0 0.0 0.0 0.05573505920288382 0.0 0.0 0.01302358436574346 0.00026821360126002696 0.0 0.0 0.024678471214356863 4.4842899791551354e-08 0.0 0.0 0.04042825071093554 0.0 0.0 0.0 0.0 0.029913464621629676 0.0 0.0 0.008923758515992112
0.0 0.02779566255772481 0.0 0.0 0.0 0.010526793126374882 0.0 0.0 0.0 1.0831344575353055e-07 0.0 0.0 0.0 0.00289169636525069 0.0 0.0 0.0 0.0 0.10038599303331085 0.0 0.0 0.0 0.10451362813886014 0.0 0.0 0.0 0.10384369615858026 0.0 0.0 0.0 0.050700414574692564 0.0 0.0022291867751972217 0.0 0.0 0.10935872473791358 4.6531234154606777e-08 0.0 0.0 0.02368696400100166 0.0012596940018674272 0.0 0.0 0.009289831387655234 0.00628122308769264 0.0 0.0 0.0013843506390156437 0.014839442762170722 0.0 0.0 0.4642749867387996 5.096283057099629e-07 0.0 0.0 0.323411770677513 0.015447824730141089 0.0 0.0 0.33229855751159976 0.11218023259116633 0.0 0.0 0.031957510343644 0.0 2.1945459872310927e-07 0.0 0.0 0.0 5.891178440203035e-07 0.0 0.0 0.0 9.269334413756965e-12 0.0 0.0 0.0 1.3259539190679032e-07 0.0 0.0 0.0 0.0 0.032650171375353754 0.0 0.0 0.0 0.007203442531659557 0.0 0.0 0.0 0.06970684631234073 0.0 0.0 0.0 0.056054937963254 0.0 0.00020838713129595475 0.0 0.0 0.004486906438376857 7.425946483390757e-09 0.0 0.0 0.0504862371496692 0.0032003818939681144 0.0 0.0 0.0552826072708253 0.009178375135472145 0.0 0.0 0.0014282994778578196 0.002575042465333056 0.0 0.0 0.06277698693577266 2.3191771376029406e-07 0.0 0.0 0.35310034706009097 0.02226620632114228 0.0 0.0 0.3630325271961092 0.10295614561907328 0.0 0.0 0.035777536810412854 0.0 0.04847495429713149 0.0 0.0 0.0 0.0024737312312066075 0.0 0.0 0.0 1.6028353287423716e-07 0.0 0.0 0.0 0.017692281433747858 0.0 0.0 0.0 0.0 1.1154484824988326e-06 0.0 0.0 0.0 1.4529177064363639e-13 0.0 0.0 0.0 4.271693748802056e-08 0.0 0.0 0.0 1.1863614318781735e-07 0.0 0.003420424356209831 0.0 0.0 0.1252341650529822 2.216395719912608e-15 0.0 0.0 0.00015063520503504502 0.0007087663663390109 0.0 0.0 0.006213765778405227 0.03704884365147117 0.0 0.0 0.006228439293732822 0.01723158206871102 0.0 0.0 0.4731728984812343 6.394426925956604e-13 0.0 0.0 0.048724490463336885 0.019819478359166542 0.0 0.0 0.23000207099744624 0.14187164759000953 0.0 0.0 0.1052518107970885 0.0 0.2759130265763683 0.0 0.0 0.0 0.15261428470718255 0.0 0.0 0.0 1.0081954605042597e-06 0.0 0.0 0.0 0.013759066131751199 0.0 0.0 0.0 0.0 0.01633453640136506 0.0 0.0 0.0 0.012554131252746868 0.0 0.0 0.0 0.0054544545163190536 0.0 0.0 0.0 5.435571066962929e-08 0.0 0.0004798470967789373 0.0 0.0 0.01123387589223082 9.431798494497639e-08 0.0 0.0 0.07417134319479382 5.332314815453043e-13 0.0 0.0 3.1997744073103176e-12 0.01831400533537228 0.0 0.0 0.0025563596889066047 0.0013492709010889464 0.0 0.0 0.054131441434726355 5.1355277272297466e-08 0.0 0.0 0.06875323657420754 0.005938775572461124 0.0 0.0 0.03995461861239182 0.014456912600505164 0.0 0.0 0.0022624587881196114
0.0 0.005728155444802878 0.0 0.0 0.0 0.003130799098588395 0.0 0.0 0.0 9.079891242974486e-08 0.0 0.0 0.0 0.0008254336268329761 0.0 0.0 0.0 0.0 0.006949071390936178 0.0 0.0 0.0 0.0517932069860538 0.0 0.0 0.0 0.1687506337429214 0.0 0.0 0.0 0.04762120475774419 0.0 3.558712730695431e-10 0.0 0.0 0.000828982802939262 9.863448219920455e-14 0.0 0.0 4.2261911804238096e-08 0.0020635766654587932 0.0 0.0 0.0519632469781382 3.0586688996290564e-07 0.0 0.0 0.0002357684090613787 0.0018881325762755488 0.0 0.0 0.1306312745054144 2.9469928029698327e-08 0.0 0.0 0.09110153925965885 0.020671777551548302 0.0 0.0 0.19462752549173948 0.03760465047668754 0.0 0.0 0.011063048246943638 0.0 0.0 0.0 0.0 0.0 0.0 0.0 0.0 0.0 7.072437839475571e-12 0.0 0.0 0.0 5.785893045794547e-07 0.0 0.0 0.0 0.0 0.0 0.0 0.0 0.0 0.0 0.0 0.0 0.0 0.009925356781954695 0.0 0.0 0.0 0.07769433658335102 0.0 0.0 0.0 0.0 0.0 0.0 0.0 0.0 0.0 0.0013763243638179876 0.0 0.0 0.010382172358171066 0.03190626309593832 0.0 0.0 0.04679470882824857 0.0 0.0 0.0 0.0 0.0 0.0 0.0 0.0 0.016587885148981713 0.0 0.0 0.25377949549248113 0.16636442280615174 0.0 0.0 0.1153165413257243 0.0 0.030325062545600825 0.0 0.0 0.0 0.03632214373762779 0.0 0.0 0.0 3.1664283860959816e-07 0.0 0.0 0.0 0.032239015288618146 0.0 0.0 0.0 0.0 4.641389024888714e-07 0.0 0.0 0.0 1.6874805780562373e-06 0.0 0.0 0.0 5.154863777697011e-06 0.0 0.0 0.0 4.390787960045534e-06 0.0 0.002397664094455298 0.0 0.0 0.07350795380075645 2.260728426272539e-08 0.0 0.0 0.05039907599060512 0.006651597045792572 0.0 0.0 0.11017197216617422 0.027573815319484458 0.0 0.0 0.08206394269847538 0.005267888345996005 0.0 0.0 0.27790261261092764 4.905402397609517e-07 0.0 0.0 0.40002863656446336 0.028089633433888168 0.0 0.0 0.3905085884604069 0.17206543210119818 0.0 0.0 0.1728054607250621 0.0 0.24389269158777296 0.0 0.0 0.0 0.048166750529089544 0.0 0.0 0.0 1.1289822394810473e-05 0.0 0.0 0.0 0.23456843799872065 0.0 0.0 0.0 0.0 0.04814239907056475 0.0 0.0 0.0 0.038664574179544074 0.0 0.0 0.0 0.17408489833437404 0.0 0.0 0.0 0.008788904683563435 0.0 0.0002414856130468677 0.0 0.0 0.00269766578455226 1.4037315913807775e-08 0.0 0.0 0.0036869570805908216 0.009951743393054291 0.0 0.0 0.09692385228934232 0.011960985292383732 0.0 0.0 0.012333032271358924 0.0009901413346163161 0.0 0.0 0.04476205645400573 2.194151041562869e-08 0.0 0.0 0.006832093616108887 0.013494000612143535 0.0 0.0 0.3383118895457289 0.03890572165364664 0.0 0.0 0.034169357944885494
0.0 0.005619794536217948 0.0 0.0 0.0 0.004567963958873962 0.0 0.0 0.0 5.088269374468203e-08 0.0 0.0 0.0 0.0024961823004243325 0.0 0.0 0.0 0.0 0.02354398867995239 0.0 0.0 0.0 0.0473644293352256 0.0 0.0 0.0 0.05720872906262965 0.0 0.0 0.0 0.04065457390514852 0.0 4.512947045190693e-05 0.0 0.0 0.002216097522663399 2.2808899755738004e-10 0.0 0.0 0.030663866278990034 0.00019163765286371676 0.0 0.0 0.006650967781036501 0.018420202492068157 0.0 0.0 0.0067624798743219795 0.001424441530092065 0.0 0.0 0.08620155739777026 1.6304921587137382e-07 0.0 0.0 0.1555055954239015 0.010417307747689982 0.0 0.0 0.16363332514738238 0.08378280670653489 0.0 0.0 0.026460268427224133 0.0 3.4728005995156e-07 0.0 0.0 0.0 3.968912329569913e-07 0.0 0.0 0.0 4.313923598232725e-12 0.0 0.0 0.0 1.2323151271599235e-07 0.0 0.0 0.0 0.0 0.020450373584073686 0.0 0.0 0.0 0.0478407395153445 0.0 0.0 0.0 0.04522090499507713 0.0 0.0 0.0 0.022647101895192475 0.0 0.00016961698194862423 0.0 0.0 0.004633146291390653 1.0956900774901393e-07 0.0 0.0 0.05780895000760231 0.0008240907957651392 0.0 0.0 0.03350122782447793 0.007602678375651388 0.0 0.0 0.0013198384370066486 0.004018156602956924 0.0 0.0 0.11954212068100514 3.251343940352194e-07 0.0 0.0 0.2217397540095754 0.0157670377846032 0.0 0.0 0.23207701372291964 0.06838683731185584 0.0 0.0 0.019094429885928917 0.0 0.024289235900093593 0.0 0.0 0.0 0.006457068709107205 0.0 0.0 0.0 7.358336499639261e-08 0.0 0.0 0.0 0.003696101116552082 0.0 0.0 0.0 0.0 5.325719683093548e-08 0.0 0.0 0.0 5.6779800322565014e-08 0.0 0.0 0.0 1.332961253190065e-08 0.0 0.0 0.0 1.1031492715432416e-09 0.0 0.00014880432923826474 0.0 0.0 0.022575605962787373 5.220884947824793e-10 0.0 0.0 0.023081436288786242 0.0006774542654144931 0.0 0.0 0.009541252254157142 0.037629432348330785 0.0 0.0 0.008350671256294198 0.005501873197323669 0.0 0.0 0.21534919791194326 1.6476790739691164e-07 0.0 0.0 0.11927503435374534 0.007935380703639626 0.0 0.0 0.10089683500095918 0.05463439539410121 0.0 0.0 0.01474040791872045 0.0 0.13247705101302976 0.0 0.0 0.0 0.12513369043047365 0.0 0.0 0.0 0.0 0.0 0.0 0.0 0.07223551196045944 0.0 0.0 0.0 0.0 0.01649548939156058 0.0 0.0 0.0 0.010654432652480048 0.0 0.0 0.0 0.0 0.0 0.0 0.0 0.05127799656490794 0.0 0.0007192734893823457 0.0 0.0 0.03408636350824287 3.288484400356327e-08 0.0 0.0 0.029623628451211956 0.0 0.0 0.0 0.0 0.03341651354526589 0.0 0.0 0.016733861589451136 0.0006566900504586874 0.0 0.0 0.023904398537334774 7.125157299971976e-08 0.0 0.0 0.04292741031942631 0.0 0.0 0.0 0.0 0.025973387230154677 0.0 0.0 0.008701995099769938
0.0 0.00047224737608990875 0.0 0.0 0.0 0.0005482148906787372 0.0 0.0 0.0 4.951603671968832e-08 0.0 0.0 0.0 0.0006068586160914724 0.0 0.0 0.0 0.0 0.020309864714793395 0.0 0.0 0.0 0.07612936123665508 0.0 0.0 0.0 0.04862688808393366 0.0 0.0 0.0 0.08336060889283481 0.0 4.547870552034043e-16 0.0 0.0 1.3767421768460206e-09 1.9442056210841577e-09 0.0 0.0 0.001212771554823638 0.0008287502031665298 0.0 0.0 0.05280165588691472 1.1981213834820252e-08 0.0 0.0 4.9767863313922215e-05 2.726050317352601e-09 0.0 0.0 0.009252197351144034 1.7711339428244067e-08 0.0 0.0 0.012212573296758343 0.003067098582690948 0.0 0.0 0.10491575254099945 0.028518880836190617 0.0 0.0 0.0076011259896365015 0.0 0.0 0.0 0.0 0.0 1.1342911218683775e-07 0.0 0.0 0.0 4.335099244458341e-12 0.0 0.0 0.0 2.0126516995285786e-07 0.0 0.0 0.0 0.0 0.0 0.0 0.0 0.0 0.004951678246880103 0.0 0.0 0.0 0.0739517423696872 0.0 0.0 0.0 0.09666467787947987 0.0 0.0 0.0 0.0 0.0 2.23149724436281e-13 0.0 0.0 1.981418917143594e-07 0.00020068034157459658 0.0 0.0 0.024846998040487414 0.08331930799830348 0.0 0.0 0.027821859051557964 0.0 0.0 0.0 0.0 5.5414433689042904e-08 0.0 0.0 0.05511658185709975 0.00981315630914178 0.0 0.0 0.2215648719277971 0.16951079514444217 0.0 0.0 0.04316354828853067 0.0 0.005327026618216966 0.0 0.0 0.0 0.015255402467953141 0.0 0.0 0.0 1.6685153241072446e-07 0.0 0.0 0.0 0.006250773148624207 0.0 0.0 0.0 0.0 1.9109101123153487e-09 0.0 0.0 0.0 3.1373766863134523e-07 0.0 0.0 0.0 8.67330154862454e-08 0.0 0.0 0.0 8.846177652140951e-08 0.0 1.1774396123216564e-05 0.0 0.0 0.0473077473721613 6.926702872329646e-10 0.0 0.0 0.018046092188388884 0.001065747165599029 0.0 0.0 0.034495384354118676 0.019730880889137953 0.0 0.0 0.0007646340528697158 0.00022306905806033259 0.0 0.0 0.06726763482380922 1.5815916433553568e-07 0.0 0.0 0.2970754817471779 0.006680194286415468 0.0 0.0 0.22806724251270147 0.12166977751451746 0.0 0.0 0.03178972720199584 0.0 0.22262744893391007 0.0 0.0 0.0 0.1545148093492928 0.0 0.0 0.0 2.744720233987719e-07 0.0 0.0 0.0 0.07749485707485766 0.0 0.0 0.0 0.0 0.03458309418467738 0.0 0.0 0.0 0.0479671827611366 0.0 0.0 0.0 0.0001595007957590375 0.0 0.0 0.0 0.0016429123631702797 0.0 0.00043936343182202466 0.0 0.0 0.010774580427580368 1.7701836760193058e-08 0.0 0.0 0.05756293343602628 0.006072730827786161 0.0 0.0 0.10635285666417925 0.00037039384962667094 0.0 0.0 9.541125840396232e-05 0.0009531607868404921 0.0 0.0 0.030965487683372542 2.844493632238506e-08 0.0 0.0 0.04029816375497416 0.00044650725691851577 0.0 0.0 0.007105384162614807 0.031517341616651734 0.0 0.0 0.009016338016570846
0.0 0.007132787244764924 0.0 0.0 0.0 0.005804398268801137 0.0 0.0 0.0 3.1070748875456788e-09 0.0 0.0 0.0 0.003957596532089262 0.0 0.0 0.0 0.0 0.007873841931319512 0.0 0.0 0.0 0.041941634850099725 0.0 0.0 0.0 0.04683244641493866 0.0 0.0 0.0 0.2082738126511047 0.0 0.00046370404999344596 0.0 0.0 0.023134806750160452 8.689816743027257e-10 0.0 0.0 0.005305944898115822 3.2400678206447453e-09 0.0 0.0 0.0005631509235570362 0.013205064801075481 0.0 0.0 0.0025164800788650484 0.0035708172440362547 0.0 0.0 0.10605281488971766 4.3985685792969736e-08 0.0 0.0 0.2137597669263019 0.0007978001709836487 0.0 0.0 0.011098104987374851 0.19749365891362658 0.0 0.0 0.048885457775214185 0.0 5.029032590421714e-07 0.0 0.0 0.0 0.0 0.0 0.0 0.0 5.346886153622699e-12 0.0 0.0 0.0 1.1836995826877064e-07 0.0 0.0 0.0 0.0 0.02615118554407081 0.0 0.0 0.0 0.0 0.0 0.0 0.0 0.008958710629746179 0.0 0.0 0.0 0.01753308274291951 0.0 0.0023515838580698365 0.0 0.0 0.0429369052849272 0.0 0.0 0.0 0.0 0.0005938240614281746 0.0 0.0 0.016214822200453793 0.005676986800106381 0.0 0.0 0.0061102124061348986 0.0033791751084907735 0.0 0.0 0.16234668267716998 0.0 0.0 0.0 0.0 0.010739797685894042 0.0 0.0 0.2599503896371154 0.03695131655541926 0.0 0.0 0.022665546391457035 0.0 0.003091104442523119 0.0 0.0 0.0 0.011047057158319568 0.0 0.0 0.0 4.7765799558941e-09 0.0 0.0 0.0 0.004071592090466698 0.0 0.0 0.0 0.0 3.9632162711490607e-07 0.0 0.0 0.0 4.781089278107052e-09 0.0 0.0 0.0 1.472325640268308e-09 0.0 0.0 0.0 8.401093307073115e-08 0.0 0.0006151841938645591 0.0 0.0 0.022360368274870025 1.2307064402066978e-08 0.0 0.0 0.0060605884433732925 0.0011640064703285166 0.0 0.0 0.022692938260988667 0.009550153143464387 0.0 0.0 0.0017006702752973548 0.0019564964214633155 0.0 0.0 0.03126795918964878 4.186167064755685e-07 0.0 0.0 0.22005795406943457 0.00025325544206525173 0.0 0.0 0.005535547999710417 0.11073574543982159 0.0 0.0 0.02217052715000913 0.0 0.2946973412569155 0.0 0.0 0.0 0.023235295987122123 0.0 0.0 0.0 4.786969733744192e-07 0.0 0.0 0.0 0.10319926768647622 0.0 0.0 0.0 0.0 0.011163731813799349 0.0 0.0 0.0 0.02730043990901562 0.0 0.0 0.0 0.008352762852240726 0.0 0.0 0.0 0.06431733830565005 0.0 0.003708846838511457 0.0 0.0 0.13355556635623933 7.021708476156761e-08 0.0 0.0 0.028318991214719366 0.003296030525463295 0.0 0.0 0.057574626906589835 0.0282330093682524 0.0 0.0 0.00979356593402216 0.0008489774383005699 0.0 0.0 0.060003361470207454 2.4497927985819777e-08 0.0 0.0 0.010082441440125494 0.0013650408716585926 0.0 0.0 0.018348323413069523 0.02203930472136513 0.0 0.0 0.009583549360221613
0.0 0.014007728113895376 0.0 0.0 0.0 0.004080579802049762 0.0 0.0 0.0 9.870789638980542e-08 0.0 0.0 0.0 0.0048003598196766665 0.0 0.0 0.0 0.0 0.02281797153613467 0.0 0.0 0.0 0.013508993010357606 0.0 0.0 0.0 0.10895231442674058 0.0 0.0 0.0 0.08089053717884909 0.0 0.0005259313600994484 0.0 0.0 0.011966651469951923 5.66727188341858e-08 0.0 0.0 0.009108893804167325 0.0004403379035777821 0.0 0.0 0.03276412451384415 0.021446212924840998 0.0 0.0 0.010012676058846523 0.007399565151805951 0.0 0.0 0.24300142671088718 3.3981754106587953e-07 0.0 0.0 0.07320756167409026 0.00783694014398233 0.0 0.0 0.19967867103719578 0.04309432402043705 0.0 0.0 0.039568739559199345 0.0 0.0 0.0 0.0 0.0 2.3113601461188187e-07 0.0 0.0 0.0 4.495321658540139e-12 0.0 0.0 0.0 5.380332780261432e-07 0.0 0.0 0.0 0.0 0.0 0.0 0.0 0.0 0.05079781942414928 0.0 0.0 0.0 0.07123227454439018 0.0 0.0 0.0 0.15482621681247813 0.0 0.0 0.0 0.0 0.0 4.3535811594723654e-09 0.0 0.0 0.0031373117081155504 0.002098091549368132 0.0 0.0 0.05766124835411643 0.024048292716983007 0.0 0.0 0.008003018193212256 0.0 0.0 0.0 0.0 7.672363318992259e-08 0.0 0.0 0.1458774062163559 0.007228332473680661 0.0 0.0 0.26140575219764867 0.1579629159109159 0.0 0.0 0.05478471745683203 0.0 0.017022853855574074 0.0 0.0 0.0 0.004426113449767328 0.0 0.0 0.0 2.3159193030840656e-07 0.0 0.0 0.0 0.024494660406994984 0.0 0.0 0.0 0.0 5.140457296959184e-08 0.0 0.0 0.0 1.2124634632030522e-06 0.0 0.0 0.0 7.085873013519625e-08 0.0 0.0 0.0 2.2906406381760145e-07 0.0 0.0028001364994572676 0.0 0.0 0.03837301128205221 6.82320687266612e-14 0.0 0.0 0.00405976997207932 0.005972296570916047 0.0 0.0 0.09114511909453082 0.034257965812599524 0.0 0.0 0.012508269888666261 0.005781739559694066 0.0 0.0 0.1857882693509615 1.374167284299923e-12 0.0 0.0 0.09141932889417259 0.014624569105452933 0.0 0.0 0.33783662429260164 0.3069227756005677 0.0 0.0 0.12134822313173198 0.0 0.20352994997463228 0.0 0.0 0.0 0.2683493863931859 0.0 0.0 0.0 1.233486508105571e-06 0.0 0.0 0.0 0.2535667403670681 0.0 0.0 0.0 0.0 0.07082277244259867 0.0 0.0 0.0 0.030639941977406427 0.0 0.0 0.0 0.008931909290508777 0.0 0.0 0.0 0.17902059379452928 0.0 0.006760322112422152 0.0 0.0 0.12762691290835804 2.129941953503336e-07 0.0 0.0 0.21148501851175358 0.006199985956744608 0.0 0.0 0.05356184433607243 0.014766938411455799 0.0 0.0 0.006137304864141826 0.0005713198355388381 0.0 0.0 0.04026763424061186 7.861067596053685e-08 0.0 0.0 0.08896391019833183 0.0015433056005442064 0.0 0.0 0.029668146110546686 0.09993761152937193 0.0 0.0 0.046009359718982124
0.0 0.009698793806584812 0.0 0.0 0.0 0.005668829650797501 0.0 0.0 0.0 2.200598421257581e-08 0.0 0.0 0.0 0.008222257132653572 0.0 0.0 0.0 0.0 0.07509315024526206 0.0 0.0 0.0 0.2089227240917969 0.0 0.0 0.0 0.1458523868838482 0.0 0.0 0.0 0.09755784187881021 0.0 0.0011570309893119547 0.0 0.0 0.04004635687257738 2.2520498944681836e-09 0.0 0.0 0.01810011832560152 0.0004925513957946425 0.0 0.0 0.0036057619107309423 0.0023297457622806616 0.0 0.0 0.03573457805421083 0.006447645244382032 0.0 0.0 0.15401056189853246 9.020311895484077e-08 0.0 0.0 0.19698854406161118 0.007466640610917821 0.0 0.0 0.08129391973993304 0.17764749775251065 0.0 0.0 0.10818838800450986 0.0 2.855904763360432e-07 0.0 0.0 0.0 4.388517418305986e-07 0.0 0.0 0.0 8.081175179577404e-12 0.0 0.0 0.0 2.0940741382396608e-07 0.0 0.0 0.0 0.0 0.0020673720512804326 0.0 0.0 0.0 0.007967513112392612 0.0 0.0 0.0 0.01045124748301812 0.0 0.0 0.0 0.0028868183455502193 0.0 2.1926782864057687e-09 0.0 0.0 5.233202778978388e-08 1.0995613354030698e-07 0.0 0.0 0.12474635057761942 0.0032772191652451887 0.0 0.0 0.0830924185744918 1.1792492485243009e-07 0.0 0.0 1.651212738619584e-08 0.0029569734162540394 0.0 0.0 0.09045982743616669 4.1084523914432133e-07 0.0 0.0 0.2969654852418493 0.0239236808972068 0.0 0.0 0.4044202554758163 0.1167081042567776 0.0 0.0 0.02363150308153142 0.0 0.03409622184059355 0.0 0.0 0.0 0.01903985708279353 0.0 0.0 0.0 1.0832368330671075e-07 0.0 0.0 0.0 0.005526730837013505 0.0 0.0 0.0 0.0 2.2124431507994802e-07 0.0 0.0 0.0 1.5964761912912229e-06 0.0 0.0 0.0 2.239840796275696e-06 0.0 0.0 0.0 1.119339095840748e-07 0.0 0.002682002613831798 0.0 0.0 0.10820259871840379 9.91780435568583e-08 0.0 0.0 0.04365929152471407 0.0011131698167707231 0.0 0.0 0.015787296359858212 0.046147422534847424 0.0 0.0 0.007065229444727669 0.004632808987028835 0.0 0.0 0.18458194216191923 2.7725070791552546e-07 0.0 0.0 0.3192369305630837 0.019038825935951197 0.0 0.0 0.15502738576070738 0.1849268841422024 0.0 0.0 0.04278716016395002 0.0 0.4836308018620626 0.0 0.0 0.0 0.0 0.0 0.0 0.0 3.966139883351227e-06 0.0 0.0 0.0 0.0707677643175138 0.0 0.0 0.0 0.0 0.024305402021700263 0.0 0.0 0.0 0.0 0.0 0.0 0.0 0.0583482099223609 0.0 0.0 0.0 0.0018633497505335373 0.0 0.0014940191433515562 0.0 0.0 0.05000418850031834 0.0 0.0 0.0 0.0 0.0002601915000542343 0.0 0.0 0.008127851595126715 0.009731008078527646 0.0 0.0 0.032690863091425076 0.004219420009181594 0.0 0.0 0.10473775959557036 0.0 0.0 0.0 0.0 0.0021419410174764067 0.0 0.0 0.12208686586286537 0.016911751867388553 0.0 0.0 0.01126203242293668
0.0 0.009378150769743307 0.0 0.0 0.0 0.008530951171645103 0.0 0.0 0.0 1.2679391752520842e-07 0.0 0.0 0.0 0.002060034003180575 0.0 0.0 0.0 0.0 0.01003525072045374 0.0 0.0 0.0 0.08565344970656744 0.0 0.0 0.0 0.08669364898137207 0.0 0.0 0.0 0.16944212167057326 0.0 0.0010557984864316503 0.0 0.0 0.03537347757854331 9.946903129525694e-09 0.0 0.0 0.03854067553035644 0.0002722612590372808 0.0 0.0 0.005448245515317984 0.004011777696110756 0.0 0.0 0.0010087177497298155 0.006371290939817262 0.0 0.0 0.14379200828817076 2.0180808788011514e-07 0.0 0.0 0.2792866654027602 0.0069748573279496155 0.0 0.0 0.20961982529714565 0.05948558414178117 0.0 0.0 0.02149923571757452 0.0 4.1765056213205e-07 0.0 0.0 0.0 3.3023219289280695e-07 0.0 0.0 0.0 8.17879443291227e-12 0.0 0.0 0.0 1.7414749809477596e-07 0.0 0.0 0.0 0.0 0.06583190844612642 0.0 0.0 0.0 0.007317774775409138 0.0 0.0 0.0 0.020492141183922882 0.0 0.0 0.0 0.09092384703918018 0.0 0.00028041754978236637 0.0 0.0 0.010662995718153025 1.5646095065379727e-08 0.0 0.0 0.0073177308420437 0.004275207831874772 0.0 0.0 0.0749167274648824 0.01013922792393785 0.0 0.0 0.0034050679647643373 0.0031279961050807333 0.0 0.0 0.1261022413134554 3.2723332338732295e-07 0.0 0.0 0.19136979805409593 0.01588846435607988 0.0 0.0 0.39944240111296153 0.16922896977041968 0.0 0.0 0.03531167832894003 0.0 0.0195278677542324 0.0 0.0 0.0 0.013720278738472804 0.0 0.0 0.0 2.7072252698681295e-07 0.0 0.0 0.0 0.022737060338456745 0.0 0.0 0.0 0.0 7.240980612245277e-08 0.0 0.0 0.0 2.9143232599959287e-07 0.0 0.0 0.0 1.3931294941239524e-06 0.0 0.0 0.0 2.0528891154858928e-07 0.0 9.864431196081303e-06 0.0 0.0 0.04034249824771416 5.724033894409276e-09 0.0 0.0 0.003973853982894161 0.001735415821943125 0.0 0.0 0.0623024836014419 0.0041890544428568365 0.0 0.0 0.001100537434356184 0.005788500901541369 0.0 0.0 0.19183866723446003 2.2283509214709051e-07 0.0 0.0 0.29131431246192113 0.02035594921030016 0.0 0.0 0.43061942947219384 0.26418774689977553 0.0 0.0 0.11979734916196332 0.0 0.32558647760244724 0.0 0.0 0.0 0.1623141113023278 0.0 0.0 0.0 1.5647359144881333e-06 0.0 0.0 0.0 0.0863974595160882 0.0 0.0 0.0 0.0 0.014129505911948528 0.0 0.0 0.0 0.01802587502723094 0.0 0.0 0.0 0.006466530391647268 0.0 0.0 0.0 0.07574587467787258 0.0 0.00368103758522024 0.0 0.0 0.15820566653931775 1.854319631087452e-08 0.0 0.0 0.08027571467593 0.006054821763400139 0.0 0.0 0.08966821068090171 0.006243476115517768 0.0 0.0 0.0010214041075569324 0.0007672188835898754 0.0 0.0 0.06414652963116659 1.2030170009934792e-07 0.0 0.0 0.04839312532435496 0.00042849998310396433 0.0 0.0 0.05188485503240252 0.024101958751668845 0.0 0.0 0.012495803614455698
0.0 0.00577411319315593 0.0 0.0 0.0 0.0020428764858512138 0.0 0.0 0.0 5.069285094515331e-08 0.0 0.0 0.0 0.004344557676558977 0.0 0.0 0.0 0.0 0.003560757000788938 0.0 0.0 0.0 0.0030008727233493625 0.0 0.0 0.0 0.014703880454399814 0.0 0.0 0.0 0.08622306624909191 0.0 0.00022286179445645226 0.0 0.0 0.007100387211771482 5.979536061221394e-08 0.0 0.0 0.03437802215376849 8.850232541091134e-09 0.0 0.0 0.0080622406206981 9.166538674470301e-07 0.0 0.0 0.017754498613672412 0.002371404019345836 0.0 0.0 0.0776417877491058 8.198739885884002e-08 0.0 0.0 0.057249397822895905 0.005141640106421457 0.0 0.0 0.11709914572833383 0.0739052407658543 0.0 0.0 0.05944999746251607 0.0 7.381593310302799e-08 0.0 0.0 0.0 1.5760778488552967e-07 0.0 0.0 0.0 3.1473585614351984e-12 0.0 0.0 0.0 4.7487871705446563e-07 0.0 0.0 0.0 0.0 0.03814056783310148 0.0 0.0 0.0 0.014707191169148582 0.0 0.0 0.0 0.023645331902350783 0.0 0.0 0.0 0.17054961165571136 0.0 0.0025372163001789873 0.0 0.0 0.03555729796773544 3.211198127075079e-14 0.0 0.0 3.3422140902091735e-08 0.0030477655710716817 0.0 0.0 0.052693114158373355 0.041320528263908474 0.0 0.0 0.009081964792673975 0.0009489200589938902 0.0 0.0 0.019487234992681554 7.032357380595386e-08 0.0 0.0 0.08196385844594418 0.008962291989056065 0.0 0.0 0.2016654292818741 0.17272643123365103 0.0 0.0 0.08967754401846034 0.0 0.020648342768759355 0.0 0.0 0.0 0.01711351830233627 0.0 0.0 0.0 3.1741334645080983e-07 0.0 0.0 0.0 0.015870582191311256 0.0 0.0 0.0 0.0 3.4884268135012544e-07 0.0 0.0 0.0 5.382428475694889e-07 0.0 0.0 0.0 1.183219505923634e-07 0.0 0.0 0.0 2.417804283695452e-06 0.0 0.0009477894471247771 0.0 0.0 0.04272150578300453 4.294105665348687e-08 0.0 0.0 0.014700784831716586 0.000634030897805265 0.0 0.0 0.011190468225190377 0.046665582255103144 0.0 0.0 0.010570865793578643 0.004783047974974807 0.0 0.0 0.17257724260501625 2.384849106587301e-07 0.0 0.0 0.16152749913438114 0.010635035591163453 0.0 0.0 0.3642252734250417 0.17664354802919185 0.0 0.0 0.08859659231671695 0.0 0.08106604664978163 0.0 0.0 0.0 0.22921618868206214 0.0 0.0 0.0 2.969297508132334e-06 0.0 0.0 0.0 0.46209606651815505 0.0 0.0 0.0 0.0 0.025817322017255773 0.0 0.0 0.0 0.12953013314288137 0.0 0.0 0.0 0.07918462542217086 0.0 0.0 0.0 0.24777960068243435 0.0 0.00013823932701175268 0.0 0.0 0.03321088092576599 1.2372389237162338e-07 0.0 0.0 0.19394270916406497 0.014526513572715545 0.0 0.0 0.11260600310978855 0.1072670549852766 0.0 0.0 0.04286317158300559 0.000212119126330564 0.0 0.0 0.004562358406790942 1.501060457904838e-07 0.0 0.0 0.07567421647711224 0.008775712205616178 0.0 0.0 0.07491810929807408 0.15385196896065417 0.0 0.0 0.049526557925343086
0.0 0.0 0.0 0.0 0.0 9.549565760968465e-05 0.0 0.0 0.0 1.0446061916687929e-07 0.0 0.0 0.0 0.0018505889427556743 0.0 0.0 0.0 0.0 0.0 0.0 0.0 0.0 0.014015829281847159 0.0 0.0 0.0 0.07212124177417853 0.0 0.0 0.0 0.004325764798011959 0.0 0.0 0.0 0.0 0.0 3.3992307221952167e-13 0.0 0.0 0.01326214299557096 6.355773819213293e-09 0.0 0.0 0.0007404796994371989 5.009529633345871e-18 0.0 0.0 1.0472711298700661e-13 0.0 0.0 0.0 0.0 8.481325608120668e-14 0.0 0.0 0.003709909341782887 0.008388407037013206 0.0 0.0 0.1985001561680969 1.0626117735434272e-06 0.0 0.0 0.02490596092458953 0.0 0.0 0.0 0.0 0.0 0.0 0.0 0.0 0.0 2.5160451028289007e-12 0.0 0.0 0.0 2.6723868360614135e-08 0.0 0.0 0.0 0.0 0.0 0.0 0.0 0.0 0.0 0.0 0.0 0.0 0.023532695910088938 0.0 0.0 0.0 0.022924109484486966 0.0 0.0 0.0 0.0 0.0 0.0 0.0 0.0 0.0 0.0015116950002559174 0.0 0.0 0.01468534922639362 0.0013881208152049062 0.0 0.0 0.0003234816722223839 0.0 0.0 0.0 0.0 0.0 0.0 0.0 0.0 0.008600352444047374 0.0 0.0 0.13817017108011062 0.030425963845483937 0.0 0.0 0.0071050520132042985 0.0 0.019909259025838365 0.0 0.0 0.0 0.0069473334748174805 0.0 0.0 0.0 6.166328003902242e-07 0.0 0.0 0.0 0.03337284486032365 0.0 0.0 0.0 0.0 7.793546521179569e-08 0.0 0.0 0.0 3.260170387635491e-06 0.0 0.0 0.0 2.061901024636343e-06 0.0 0.0 0.0 5.838941828522916e-06 0.0 0.0012819549247915121 0.0 0.0 0.01781670927805276 1.4306243860962103e-09 0.0 0.0 0.009038913215219576 0.0005766738669393119 0.0 0.0 0.11636420041020427 0.05315780884153016 0.0 0.0 0.024793760509049707 0.0005686982219437353 0.0 0.0 0.17800694155455637 1.9172624783241038e-08 0.0 0.0 0.13942735892250327 0.028605108918399874 0.0 0.0 0.631535770201517 0.1416429968817693 0.0 0.0 0.21327740912403 0.0 0.07055357682819928 0.0 0.0 0.0 0.03941397626214874 0.0 0.0 0.0 1.0539230296857268e-05 0.0 0.0 0.0 0.1703391629626162 0.0 0.0 0.0 0.0 0.01400255111576142 0.0 0.0 0.0 0.0038895572618420347 0.0 0.0 0.0 0.12737404025677546 0.0 0.0 0.0 0.0671972675141311 0.0 4.420947430532791e-05 0.0 0.0 0.024535327427406182 9.318538479525333e-18 0.0 0.0 8.183283859192918e-07 0.004948745258784709 0.0 0.0 0.04919505641170553 0.0018354067076861349 0.0 0.0 0.01726689864251107 5.1326439943950644e-05 0.0 0.0 0.015146517823325545 6.122710490732864e-09 0.0 0.0 0.01886239657938366 0.009051034445485714 0.0 0.0 0.21350448900101224 0.033512094567195956 0.0 0.0 0.020682942378213796
0.0 0.0038799015269886995 0.0 0.0 0.0 0.0008472263154030087 0.0 0.0 0.0 1.473594679628656e-07 0.0 0.0 0.0 0.0034131527020998167 0.0 0.0 0.0 0.0 0.004218011658900231 0.0 0.0 0.0 0.022663013809702225 0.0 0.0 0.0 0.1611059319844986 0.0 0.0 0.0 0.03890062305548659 0.0 9.574380804770207e-05 0.0 0.0 0.0026300990386598244 3.763320420230755e-13 0.0 0.0 0.02170082110927927 0.0006622437838524127 0.0 0.0 0.02611447533382176 0.0016738401139954834 0.0 0.0 0.0005572331897617632 0.003363385921008948 0.0 0.0 0.061074521364429125 5.007057621664396e-13 0.0 0.0 0.030050602082772982 0.008552810002528888 0.0 0.0 0.2551343714440376 0.08434014625999761 0.0 0.0 0.02163833131472776 0.0 0.0 0.0 0.0 0.0 5.1364516377302516e-08 0.0 0.0 0.0 5.46450063213769e-12 0.0 0.0 0.0 1.3100879550332408e-07 0.0 0.0 0.0 0.0 0.0 0.0 0.0 0.0 0.005071311403220039 0.0 0.0 0.0 0.0349986513251749 0.0 0.0 0.0 0.02754451447905082 0.0 0.0 0.0 0.0 0.0 3.906040169139711e-15 0.0 0.0 0.0001364671248266327 0.0018904989315383666 0.0 0.0 0.026915348730694063 0.001978151513297699 0.0 0.0 0.0004010177261728861 0.0 0.0 0.0 0.0 8.277427510702151e-13 0.0 0.0 0.03242300176562257 0.014050584038439208 0.0 0.0 0.2984532335588616 0.03398294735887304 0.0 0.0 0.011354901231844605 0.0 0.023247645617747247 0.0 0.0 0.0 0.012709738880156555 0.0 0.0 0.0 3.5083654684678816e-07 0.0 0.0 0.0 0.019379133946966876 0.0 0.0 0.0 0.0 1.1102768540611653e-07 0.0 0.0 0.0 1.0671190551311334e-07 0.0 0.0 0.0 3.276550967574202e-07 0.0 0.0 0.0 9.961753686598646e-07 0.0 9.412455506689248e-05 0.0 0.0 0.011684591714939347 7.058171550510515e-09 0.0 0.0 0.007722779332058633 0.006335761211101802 0.0 0.0 0.19817603512941606 0.005156346296252093 0.0 0.0 0.007414757728999996 0.0036034159176513095 0.0 0.0 0.26241676443904793 1.1691365995104607e-07 0.0 0.0 0.24298307271716862 0.020221439723623235 0.0 0.0 0.5278827186245606 0.2273344461778146 0.0 0.0 0.11702263626477041 0.0 0.1997600333638517 0.0 0.0 0.0 0.054057460647369805 0.0 0.0 0.0 9.885314667625126e-07 0.0 0.0 0.0 0.126750633336559 0.0 0.0 0.0 0.0 0.04921633369120892 0.0 0.0 0.0 0.0035870521017057825 0.0 0.0 0.0 0.03359419842223144 0.0 0.0 0.0 0.06123002088082018 0.0 0.0007656932906610418 0.0 0.0 0.08407183011889417 4.93773867431141e-08 0.0 0.0 0.033410945209701975 4.0652867246551e-09 0.0 0.0 0.0017743238980539886 0.003620371647255165 0.0 0.0 0.004032936982654773 0.00021806441152359335 0.0 0.0 0.04227636171403317 9.027849449992617e-09 0.0 0.0 0.02183697861303805 0.0007388944015808502 0.0 0.0 0.03915325399941476 0.047537557847091724 0.0 0.0 0.020244300918739987
0.0 0.018968838433178786 0.0 0.0 0.0 0.0031283757545929798 0.0 0.0 0.0 1.150435302636461e-07 0.0 0.0 0.0 0.003973786959904527 0.0 0.0 0.0 0.0 0.08312164900027519 0.0 0.0 0.0 0.043350845082360895 0.0 0.0 0.0 0.022697675437842527 0.0 0.0 0.0 0.14532676083425936 0.0 0.0009994584269934692 0.0 0.0 0.07393888744577706 8.464530260021188e-10 0.0 0.0 0.0009047809464682168 0.0003522438069862012 0.0 0.0 0.00600537179780239 0.024623150841957094 0.0 0.0 0.012425233669297103 0.00534677954879815 0.0 0.0 0.22674748510288925 1.1364066691021144e-07 0.0 0.0 0.11626512291262277 0.015934144573109696 0.0 0.0 0.3641335472986409 0.052530900133173145 0.0 0.0 0.047506336131947054 0.0 4.1408944959546955e-07 0.0 0.0 0.0 1.2011154094306235e-07 0.0 0.0 0.0 4.148692397835255e-12 0.0 0.0 0.0 6.180351417401797e-08 0.0 0.0 0.0 0.0 0.032413617142001465 0.0 0.0 0.0 0.004623340846845727 0.0 0.0 0.0 0.05610548417398494 0.0 0.0 0.0 0.010818804077713398 0.0 0.0003984474343834066 0.0 0.0 0.004903889516634095 1.0448699070819951e-07 0.0 0.0 0.034974782550220934 0.0003422406420219541 0.0 0.0 0.00664071837847816 0.02232251610969231 0.0 0.0 0.004109546069566436 0.005018581653006388 0.0 0.0 0.161826599143481 4.1951828894208416e-08 0.0 0.0 0.08313853943994637 0.00774407666770751 0.0 0.0 0.25646595849998816 0.06905421829844566 0.0 0.0 0.01643178302844163 0.0 0.020645970556631248 0.0 0.0 0.0 0.01546283995877673 0.0 0.0 0.0 3.051035069491025e-07 0.0 0.0 0.0 0.007752604592236487 0.0 0.0 0.0 0.0 4.559820566490283e-08 0.0 0.0 0.0 2.1364757846357447e-07 0.0 0.0 0.0 9.672058197183465e-07 0.0 0.0 0.0 1.1930115728469013e-07 0.0 0.0003753363987395661 0.0 0.0 0.0034139339435502853 4.355991475757246e-08 0.0 0.0 0.027227749813271706 0.002809544939499596 0.0 0.0 0.038095714762427235 0.00812231683824806 0.0 0.0 0.000941240192398805 0.009788512961495403 0.0 0.0 0.21125005931612498 2.549952818569571e-07 0.0 0.0 0.28460737639150596 0.014550297754790968 0.0 0.0 0.43549088778344974 0.18297811914954984 0.0 0.0 0.045679458701156694 0.0 0.2548817072754784 0.0 0.0 0.0 0.11454459917409757 0.0 0.0 0.0 9.256015752263673e-07 0.0 0.0 0.0 0.02195291772597012 0.0 0.0 0.0 0.0 0.0037138160412522447 0.0 0.0 0.0 0.027783801409970242 0.0 0.0 0.0 0.0021817536304028135 0.0 0.0 0.0 0.00496759937108756 0.0 0.0024816182772325395 0.0 0.0 0.09614550235249095 5.328664219054346e-09 0.0 0.0 0.015763558621700025 0.002045609766040177 0.0 0.0 0.04467698923808971 0.00593994753286572 0.0 0.0 0.002428358032856118 0.001662381490557634 0.0 0.0 0.0502380725209002 4.448801423631319e-08 0.0 0.0 0.04646953995650968 8.356206099531451e-05 0.0 0.0 0.03283577929447913 0.0038560631472193472 0.0 0.0 0.0017674239857923416
0.0 0.008369851974665866 0.0 0.0 0.0 0.0034220085620239875 0.0 0.0 0.0 5.903024861397661e-08 0.0 0.0 0.0 0.005142996589905473 0.0 0.0 0.0 0.0 0.05084017056778159 0.0 0.0 0.0 0.06525388830104493 0.0 0.0 0.0 0.06715062207676677 0.0 0.0 0.0 0.0377717413452012 0.0 0.0006180400187964632 0.0 0.0 0.02133242967167837 1.0306147156925608e-07 0.0 0.0 0.027664598126943506 0.0021981685045693307 0.0 0.0 0.0916239478460183 0.0037097783030067095 0.0 0.0 0.002557419707209958 0.0012259708421523945 0.0 0.0 0.14341101053105543 1.502380678143877e-07 0.0 0.0 0.12945672531657845 0.006913441842018083 0.0 0.0 0.17080997110957413 0.07855602716262285 0.0 0.0 0.060426598230495544 0.0 1.0205433771124526e-06 0.0 0.0 0.0 4.897735244741087e-08 0.0 0.0 0.0 4.552411401967903e-12 0.0 0.0 0.0 6.744645527103779e-08 0.0 0.0 0.0 0.0 0.09517099317946066 0.0 0.0 0.0 0.0024863350997978914 0.0 0.0 0.0 0.009676905204923307 0.0 0.0 0.0 0.036105519195771436 0.0 0.00015864615733088825 0.0 0.0 0.006635276619616777 1.4643227011213834e-23 0.0 0.0 8.020471886236755e-13 0.004594389841105955 0.0 0.0 0.07093540954532089 0.009536028862190895 0.0 0.0 0.0034376596631268746 0.006200806023518687 0.0 0.0 0.19289655561820285 5.723382989697943e-13 0.0 0.0 0.035146528189163695 0.009078853026884038 0.0 0.0 0.24441065278640883 0.04967155272030828 0.0 0.0 0.014147908915212304 0.0 0.01377064879879323 0.0 0.0 0.0 0.012889077161329143 0.0 0.0 0.0 3.2171178294710417e-07 0.0 0.0 0.0 0.011839393862570229 0.0 0.0 0.0 0.0 2.976748033948527e-08 0.0 0.0 0.0 6.056695947862748e-08 0.0 0.0 0.0 1.4921833479946554e-07 0.0 0.0 0.0 8.346684342834016e-07 0.0 0.0003311667426704746 0.0 0.0 0.005119571744528975 2.609037765976266e-08 0.0 0.0 0.005768706128086166 0.0016107409563525727 0.0 0.0 0.06299689737495648 0.0031421790915169417 0.0 0.0 0.00048445598972634044 0.0047683596592047435 0.0 0.0 0.12654187235807565 6.660708193392931e-07 0.0 0.0 0.24477184985624686 0.013515098753025985 0.0 0.0 0.44873756373318435 0.22084039875294517 0.0 0.0 0.064756035776314 0.0 0.19887490097395827 0.0 0.0 0.0 0.1271286179792477 0.0 0.0 0.0 6.934746249284973e-07 0.0 0.0 0.0 0.06117445979018357 0.0 0.0 0.0 0.0 0.0036932917249716136 0.0 0.0 0.0 0.027557126721692006 0.0 0.0 0.0 0.0026260676181907327 0.0 0.0 0.0 0.04841935256086409 0.0 0.002806380491315637 0.0 0.0 0.055014418826344925 6.788945902700067e-08 0.0 0.0 0.05515915374868739 9.073858913868448e-09 0.0 0.0 4.7312341799632954e-07 0.013963877547285359 0.0 0.0 0.004553699579835242 0.0008255462218546541 0.0 0.0 0.039848759903061734 1.23620969494304e-07 0.0 0.0 0.05358529591376289 0.0005887395366606706 0.0 0.0 0.034416929440935086 0.016612457376398902 0.0 0.0 0.005807802216186216
0.0 0.0033477549299991984 0.0 0.0 0.0 0.004697124572404836 0.0 0.0 0.0 6.548136966521114e-08 0.0 0.0 0.0 0.0023446797635316725 0.0 0.0 0.0 0.0 0.005380960102999665 0.0 0.0 0.0 0.05468963941057023 0.0 0.0 0.0 0.06639670072650078 0.0 0.0 0.0 0.0678985679446929 0.0 2.1376817826389747e-09 0.0 0.0 6.91235164687013e-08 5.294297161173724e-13 0.0 0.0 0.01597222920786174 0.00011805717211459602 0.0 0.0 0.020937136574677363 0.038650098646355144 0.0 0.0 0.010306444946026368 0.0008219111024816626 0.0 0.0 0.06169768107063323 1.7251768008122558e-07 0.0 0.0 0.1027617804592337 0.0036551365948558566 0.0 0.0 0.12263803885241777 0.07414372880242542 0.0 0.0 0.020401615298904538 0.0 2.6680823941267843e-07 0.0 0.0 0.0 8.46955568022136e-08 0.0 0.0 0.0 4.422979241340176e-12 0.0 0.0 0.0 9.522990740994192e-08 0.0 0.0 0.0 0.0 0.015089914779041994 0.0 0.0 0.0 0.003751971796958794 0.0 0.0 0.0 0.12244891888432698 0.0 0.0 0.0 0.08073466574636834 0.0 3.285165801392707e-05 0.0 0.0 0.001270601495721718 1.77955001187521e-08 0.0 0.0 0.004188990020070831 0.008434352422195954 0.0 0.0 0.10062603866961962 0.06578128515939274 0.0 0.0 0.01640812641512643 0.001032574608532264 0.0 0.0 0.0894463583514187 1.1465332635338001e-07 0.0 0.0 0.06330719950589911 0.011017095458198154 0.0 0.0 0.18496386536510837 0.06119683339149085 0.0 0.0 0.02524831869330629 0.0 0.018818029379466607 0.0 0.0 0.0 0.006548095256124214 0.0 0.0 0.0 1.352984843055488e-07 0.0 0.0 0.0 0.01187855583308567 0.0 0.0 0.0 0.0 8.883874805405986e-08 0.0 0.0 0.0 3.483471107907865e-08 0.0 0.0 0.0 2.2388471284180705e-08 0.0 0.0 0.0 1.2598331476440088e-07 0.0 0.0011905346148513927 0.0 0.0 0.029465705672184473 1.594853037481162e-10 0.0 0.0 0.001609658729381463 0.0024280108457741625 0.0 0.0 0.08118247722472009 0.03565566508745443 0.0 0.0 0.014313908359118896 0.006765624499074194 0.0 0.0 0.15750515239761131 6.005630756698093e-08 0.0 0.0 0.1343389078986144 0.00903582795806254 0.0 0.0 0.15672285092007962 0.14330021703549756 0.0 0.0 0.0798450415707767 0.0 0.17219981706705834 0.0 0.0 0.0 0.2066662610070113 0.0 0.0 0.0 7.12611437249021e-08 0.0 0.0 0.0 0.18930841402468598 0.0 0.0 0.0 0.0 0.06551307408797319 0.0 0.0 0.0 0.12970096205933768 0.0 0.0 0.0 1.1699378462548884e-08 0.0 0.0 0.0 0.00831769700452141 0.0 0.00010083843855063446 0.0 0.0 0.01780168662788415 4.328945219999824e-08 0.0 0.0 0.021317628251811147 0.002908583211878497 0.0 0.0 0.02953889009966559 0.061517889056695835 0.0 0.0 0.023765497702959354 0.0004452876881195146 0.0 0.0 0.028932809959662197 3.826453863879633e-08 0.0 0.0 0.06980533793172113 0.000256465298342257 0.0 0.0 0.0029201676632474856 0.08792884618058736 0.0 0.0 0.021027737600766122
0.0 0.00023285414236519348 0.0 0.0 0.0 0.00018119377168190722 0.0 0.0 0.0 3.934066094768664e-08 0.0 0.0 0.0 0.004332281254057692 0.0 0.0 0.0 0.0 0.012534495665335137 0.0 0.0 0.0 0.04995568975974954 0.0 0.0 0.0 0.09263334523817936 0.0 0.0 0.0 0.08195572508375663 0.0 0.0007427690717100123 0.0 0.0 0.01900706181873779 2.3584425265628694e-13 0.0 0.0 0.013589622436713295 0.0003893526482919681 0.0 0.0 0.02344278201531985 0.02587660066180101 0.0 0.0 0.008214014882010146 9.611801102724833e-05 0.0 0.0 0.0027576074783026566 1.1121426266036483e-13 0.0 0.0 0.007015306406464277 0.0026335739175216925 0.0 0.0 0.09312634396489454 0.09621587697111066 0.0 0.0 0.03100184445961029 0.0 1.450244893571221e-07 0.0 0.0 0.0 2.7494674383624647e-08 0.0 0.0 0.0 5.349699675900608e-12 0.0 0.0 0.0 2.7464896025049043e-07 0.0 0.0 0.0 0.0 0.0013317443869467797 0.0 0.0 0.0 0.026899389219638928 0.0 0.0 0.0 0.06333207376363788 0.0 0.0 0.0 0.04737095191403961 0.0 7.042726322860827e-15 0.0 0.0 1.9346664384240723e-13 3.1350346635644848e-09 0.0 0.0 0.001406487308383319 0.0010230518262516642 0.0 0.0 0.06889205432151244 0.015287564575021834 0.0 0.0 0.012010931998350934 0.0010704545317426083 0.0 0.0 0.032968562244098824 1.4045955082943542e-08 0.0 0.0 0.007064984983791655 0.010583947786150799 0.0 0.0 0.17450702798440001 0.08060124855213502 0.0 0.0 0.0569544654363606 0.0 0.004574614716621619 0.0 0.0 0.0 0.022591529035934765 0.0 0.0 0.0 3.05661842145586e-07 0.0 0.0 0.0 0.015221700654419888 0.0 0.0 0.0 0.0 5.067164056770741e-09 0.0 0.0 0.0 1.7055920529633617e-06 0.0 0.0 0.0 1.4968619594332103e-06 0.0 0.0 0.0 6.772858030999161e-07 0.0 0.00037936287770162736 0.0 0.0 0.043406129075090755 4.2127030700346826e-08 0.0 0.0 0.011775495882390513 0.0036504715182656745 0.0 0.0 0.05936394311653617 0.055648088695798965 0.0 0.0 0.044667840299053935 0.0018108655937212103 0.0 0.0 0.055941741232134905 3.584876101275644e-07 0.0 0.0 0.28396902456228346 0.016647177165079192 0.0 0.0 0.3447874799260541 0.1196022224872975 0.0 0.0 0.08319762626492908 0.0 0.23227164186354451 0.0 0.0 0.0 0.11616140898197219 0.0 0.0 0.0 3.53979912676031e-06 0.0 0.0 0.0 0.20049599987045333 0.0 0.0 0.0 0.0 0.07739595841537394 0.0 0.0 0.0 0.021763308593313914 0.0 0.0 0.0 0.06292445772809169 0.0 0.0 0.0 0.03866562705574979 0.0 3.395718028379706e-05 0.0 0.0 0.04194723336966203 1.1848289878357982e-13 0.0 0.0 0.004704198809373321 0.005345336941102812 0.0 0.0 0.03749197576083934 0.07086112920233242 0.0 0.0 0.01309050260067435 0.0006128412425721937 0.0 0.0 0.036818335990822154 2.937737757507979e-08 0.0 0.0 0.034225585175234795 0.0021152382661546064 0.0 0.0 0.10434488862955314 0.07337984448995578 0.0 0.0 0.027957771030570927
0.0 0.003982636660524734 0.0 0.0 0.0 0.003996918546500211 0.0 0.0 0.0 1.527818607155614e-08 0.0 0.0 0.0 0.0031489411151626196 0.0 0.0 0.0 0.0 0.002356902199953914 0.0 0.0 0.0 0.11974341496322875 0.0 0.0 0.0 0.013091176925250754 0.0 0.0 0.0 0.08523832640066611 0.0 1.4102647575660653e-05 0.0 0.0 0.0014026316210045073 5.5313871919120325e-08 0.0 0.0 0.020780329447082076 7.540069294237204e-09 0.0 0.0 0.015169684087257346 0.0025863575602171084 0.0 0.0 0.0008330237797946645 0.0008542454023356172 0.0 0.0 0.08137602422117045 2.390561969886295e-07 0.0 0.0 0.12543867093081465 0.002837608562400338 0.0 0.0 0.05888805035940106 0.1097294790928429 0.0 0.0 0.038427986058156255 0.0 5.617146798132459e-07 0.0 0.0 0.0 4.206629548465254e-07 0.0 0.0 0.0 3.5003692276027257e-12 0.0 0.0 0.0 2.6758236806087057e-07 0.0 0.0 0.0 0.0 0.00473806371376867 0.0 0.0 0.0 0.09179976982217879 0.0 0.0 0.0 0.02392451043059372 0.0 0.0 0.0 0.000615321597726644 0.0 0.0009131600745493018 0.0 0.0 0.02945607266836853 3.372645362507838e-07 0.0 0.0 0.1520203923954216 0.002810838135360262 0.0 0.0 0.03242557131368225 0.02556495920406202 0.0 0.0 0.003948324047477818 0.004860501212003302 0.0 0.0 0.17000024037261507 3.375503705715003e-07 0.0 0.0 0.23610697031821726 0.008182847380323299 0.0 0.0 0.14262483249252483 0.1420036063137949 0.0 0.0 0.03783612101055526 0.0 0.007557406418457684 0.0 0.0 0.0 0.006437014376815942 0.0 0.0 0.0 3.018815470959894e-08 0.0 0.0 0.0 0.002828999137169261 0.0 0.0 0.0 0.0 7.607664852036773e-09 0.0 0.0 0.0 7.114579019485081e-08 0.0 0.0 0.0 1.433428362602753e-09 0.0 0.0 0.0 1.4067728404950598e-08 0.0 6.112417328961312e-05 0.0 0.0 0.018037940559496254 1.1479087312043548e-13 0.0 0.0 0.004166838429499625 0.00032217472158109647 0.0 0.0 0.01182851494537518 0.0013089313926525693 0.0 0.0 0.0001826615079264606 0.0023011660707862214 0.0 0.0 0.062028897922870294 1.20743706168033e-07 0.0 0.0 0.1093780123074931 0.0024473587002784808 0.0 0.0 0.04539294851289208 0.0653814013667576 0.0 0.0 0.020284535280330553 0.0 0.20888921569543728 0.0 0.0 0.0 0.11064331197799683 0.0 0.0 0.0 4.8785335772035665e-08 0.0 0.0 0.0 0.11710965604890808 0.0 0.0 0.0 0.0 0.033691218475485146 0.0 0.0 0.0 0.03559639917226029 0.0 0.0 0.0 8.017476303888839e-05 0.0 0.0 0.0 0.05700741013213659 0.0 0.0011830455402111989 0.0 0.0 0.02780746502887973 1.1763844810111402e-07 0.0 0.0 0.05886198391765058 0.001509457806558505 0.0 0.0 0.027160143431438306 0.02996308853768678 0.0 0.0 0.004493233407428608 0.0009411664796227196 0.0 0.0 0.027443031288913455 4.2396258299815366e-08 0.0 0.0 0.0348622589042256 5.883295180147324e-05 0.0 0.0 0.0011868565126820052 0.04690974001279484 0.0 0.0 0.014476500118739733
0.0 0.02563794246756157 0.0 0.0 0.0 0.006106489427603074 0.0 0.0 0.0 3.2136978283029243e-07 0.0 0.0 0.0 0.005004093338453008 0.0 0.0 0.0 0.0 0.02700368516595651 0.0 0.0 0.0 0.07555516700580181 0.0 0.0 0.0 0.30095990582925086 0.0 0.0 0.0 0.023804462696817703 0.0 0.0021213185391192714 0.0 0.0 0.07250235358461579 9.685526877357474e-13 0.0 0.0 0.0397538653188691 0.010763919477803738 0.0 0.0 0.12411813718439896 6.90934243422193e-08 0.0 0.0 3.8570334329702136e-08 0.010417732705345996 0.0 0.0 0.42232670696270314 5.146785907541359e-12 0.0 0.0 0.25192430452514547 0.04341253082101051 0.0 0.0 0.5474297075974739 0.09457715542419201 0.0 0.0 0.06328409401854598 0.0 9.638478736596206e-08 0.0 0.0 0.0 1.2050541562651126e-07 0.0 0.0 0.0 1.3052921950217146e-11 0.0 0.0 0.0 3.058769756967643e-07 0.0 0.0 0.0 0.0 0.07631998276338266 0.0 0.0 0.0 0.006273519530378292 0.0 0.0 0.0 0.2782863173919394 0.0 0.0 0.0 0.017511036193042118 0.0 0.00031643331541903976 0.0 0.0 0.06997698321076534 6.000156541911575e-19 0.0 0.0 3.387018847734381e-08 0.005333881593732676 0.0 0.0 0.15638526239767508 2.682569551422533e-12 0.0 0.0 1.389234403343242e-12 0.0019088983814044198 0.0 0.0 0.038147519086008594 1.3756359968514369e-12 0.0 0.0 0.0870612826635257 0.032819266625571504 0.0 0.0 0.647194750828633 0.106806245422906 0.0 0.0 0.06235232564477181 0.0 0.07028867085239511 0.0 0.0 0.0 0.032481748166064 0.0 0.0 0.0 5.391177055687926e-07 0.0 0.0 0.0 0.04755820908331629 0.0 0.0 0.0 0.0 1.2479676707705835e-07 0.0 0.0 0.0 1.1048337563099268e-07 0.0 0.0 0.0 2.1473889433788244e-07 0.0 0.0 0.0 4.104815042751018e-07 0.0 0.005794088465666689 0.0 0.0 0.09942448476040268 1.7157718550683353e-08 0.0 0.0 0.009637954156780261 0.015074348606072574 0.0 0.0 0.26882871747231385 0.13569347677386584 0.0 0.0 0.04479335056726415 0.01247008398439312 0.0 0.0 0.558702199707445 4.0922822211109216e-07 0.0 0.0 0.42455454366225803 0.04292522009528994 0.0 0.0 0.793190438820328 0.4506085407836945 0.0 0.0 0.25469557801919207 0.0 0.33139651099308287 0.0 0.0 0.0 0.3398024977796597 0.0 0.0 0.0 2.771887056238039e-06 0.0 0.0 0.0 0.42884488614064403 0.0 0.0 0.0 0.0 0.14593590904342785 0.0 0.0 0.0 0.1501837973722967 0.0 0.0 0.0 0.010206266952084507 0.0 0.0 0.0 0.18114780554483093 0.0 0.0034404436042447827 0.0 0.0 0.10454127879700295 1.4013679509092728e-08 0.0 0.0 0.01948192159181574 6.488994709008731e-09 0.0 0.0 1.181150463645355e-07 0.09342443760952718 0.0 0.0 0.018703786423089765 0.0002798476078071567 0.0 0.0 0.06775070595062037 8.237312046512754e-08 0.0 0.0 0.1438763828656138 0.0038829836557609993 0.0 0.0 0.0792428094719409 0.1612627901986754 0.0 0.0 0.04996585979206992
0.0 0.004836535215816573 0.0 0.0 0.0 0.0011968964621270723 0.0 0.0 0.0 8.652232554214301e-08 0.0 0.0 0.0 0.0036485080483086123 0.0 0.0 0.0 0.0 0.030713885239234563 0.0 0.0 0.0 0.0022670184868755303 0.0 0.0 0.0 0.06702830904547545 0.0 0.0 0.0 0.1172632746078742 0.0 0.00014108652286186777 0.0 0.0 0.004267272841772172 4.2936559870918937e-08 0.0 0.0 0.02539925663165631 0.00020710979871060292 0.0 0.0 0.02674691068285241 0.01271169980693102 0.0 0.0 0.004138052369803266 0.00295707663921793 0.0 0.0 0.10027163786738297 1.4070185708583282e-08 0.0 0.0 0.0427305185757385 0.012566395306274063 0.0 0.0 0.17982617729693412 0.06862679953272446 0.0 0.0 0.04418978070535898 0.0 0.0 0.0 0.0 0.0 3.1646696411265037e-08 0.0 0.0 0.0 1.833521417054826e-12 0.0 0.0 0.0 2.7326312849743706e-07 0.0 0.0 0.0 0.0 0.0 0.0 0.0 0.0 0.03530374684098279 0.0 0.0 0.0 0.05024839430691123 0.0 0.0 0.0 0.027814901336161775 0.0 0.0 0.0 0.0 0.0 3.390974994200766e-08 0.0 0.0 0.022912067486755772 0.004835034044899319 0.0 0.0 0.049592898503201595 0.07541848796018082 0.0 0.0 0.018095033396746292 0.0 0.0 0.0 0.0 2.0722503934693244e-08 0.0 0.0 0.013377846556454158 0.005474876074387647 0.0 0.0 0.10463003855819578 0.12100385835192178 0.0 0.0 0.04404243434443282 0.0 0.029674080558542523 0.0 0.0 0.0 0.003434977706299202 0.0 0.0 0.0 4.257673254883021e-08 0.0 0.0 0.0 0.008753217147406216 0.0 0.0 0.0 0.0 4.101485393023862e-08 0.0 0.0 0.0 8.676729053968305e-07 0.0 0.0 0.0 6.564956704561167e-09 0.0 0.0 0.0 8.1520968780288e-08 0.0 0.0007247985435148143 0.0 0.0 0.06081425855059295 1.558099647802265e-08 0.0 0.0 0.009677048853066922 0.005854455490076903 0.0 0.0 0.01883857380417374 0.016857290562000086 0.0 0.0 0.006046353688958281 0.004382231645235301 0.0 0.0 0.19077957833983267 4.420381720707066e-08 0.0 0.0 0.05848079314605785 0.011251133611209153 0.0 0.0 0.07144640869756552 0.10268968091088164 0.0 0.0 0.044637744077642566 0.0 0.18276187160510066 0.0 0.0 0.0 0.10873513666893313 0.0 0.0 0.0 8.676727931995281e-07 0.0 0.0 0.0 0.36782105660750714 0.0 0.0 0.0 0.0 0.04289750533705903 0.0 0.0 0.0 0.13328192230077002 0.0 0.0 0.0 0.0015360851560367692 0.0 0.0 0.0 0.18971807692055329 0.0 0.0006695664866978686 0.0 0.0 0.060518326198513675 1.0246364996185501e-07 0.0 0.0 0.07666311835806905 0.0006250080646011824 0.0 0.0 0.011312907577549927 0.14908405176999648 0.0 0.0 0.042979559707015974 0.0008072664110500172 0.0 0.0 0.03451732619572234 3.102419532696767e-08 0.0 0.0 0.039288425000097556 0.0010483055988216193 0.0 0.0 0.02127369951176883 0.10740471204939689 0.0 0.0 0.03791438248481795
0.0 0.02759970272555246 0.0 0.0 0.0 0.004770384700332353 0.0 0.0 0.0 7.661947847537115e-08 0.0 0.0 0.0 0.008717103934033176 0.0 0.0 0.0 0.0 0.09221111129503318 0.0 0.0 0.0 0.008676966782150812 0.0 0.0 0.0 0.051075560110405115 0.0 0.0 0.0 0.08163440840972043 0.0 0.0004759250843790759 0.0 0.0 0.014274190176592521 8.343463528950786e-08 0.0 0.0 0.06209875565888405 0.0019781723496272562 0.0 0.0 0.07817664738602485 0.007075702930092781 0.0 0.0 0.00420828109579502 0.015445835597570623 0.0 0.0 0.37517461416283543 9.646223535615029e-08 0.0 0.0 0.16317252161720006 0.015483839181441387 0.0 0.0 0.23523579820172352 0.1411121864130029 0.0 0.0 0.09145864933496861 0.0 7.275347744358981e-07 0.0 0.0 0.0 1.4763544130207685e-07 0.0 0.0 0.0 4.213015983959071e-12 0.0 0.0 0.0 2.923477911763763e-07 0.0 0.0 0.0 0.0 0.06690487940238214 0.0 0.0 0.0 0.037160480755172254 0.0 0.0 0.0 0.10403857306434565 0.0 0.0 0.0 0.007189408207936652 0.0 4.6557202645208876e-05 0.0 0.0 0.0015116435736183135 4.8467997701691575e-09 0.0 0.0 0.0018758657083804739 0.004835549654393686 0.0 0.0 0.07088535198811853 0.04109326242158465 0.0 0.0 0.015252873567327517 0.005418065892283681 0.0 0.0 0.21258069678082164 1.1545478036520717e-07 0.0 0.0 0.05645090906160094 0.005025771574967586 0.0 0.0 0.2449086092937496 0.12908437851698445 0.0 0.0 0.04609859359381339 0.0 0.03649036922704576 0.0 0.0 0.0 0.007952024604126355 0.0 0.0 0.0 1.7671292301926805e-07 0.0 0.0 0.0 0.004504149619549908 0.0 0.0 0.0 0.0 9.456076057269887e-07 0.0 0.0 0.0 2.727313466465642e-08 0.0 0.0 0.0 6.531629600618222e-08 0.0 0.0 0.0 5.6593819985856653e-08 0.0 0.0058095043084165745 0.0 0.0 0.0389665839084146 1.523007643887279e-07 0.0 0.0 0.0757384270969822 4.4267497925409605e-05 0.0 0.0 0.003149818414488647 0.02979566946620108 0.0 0.0 0.003758423190273389 0.011879945400492975 0.0 0.0 0.3365465071278125 3.5974881597454e-07 0.0 0.0 0.1550278176316143 0.015341554716642686 0.0 0.0 0.31567044945933737 0.12376238803454015 0.0 0.0 0.029154360019965773 0.0 0.15487238903395867 0.0 0.0 0.0 0.20390727889282567 0.0 0.0 0.0 8.414542418730608e-07 0.0 0.0 0.0 0.15624310484534928 0.0 0.0 0.0 0.0 0.0026283815914727193 0.0 0.0 0.0 0.09543050720710998 0.0 0.0 0.0 0.002148647692419494 0.0 0.0 0.0 0.06925711425572136 0.0 2.7431982758130922e-05 0.0 0.0 0.0005101313028105713 2.817205022174678e-07 0.0 0.0 0.14460743667462875 0.001448801248958701 0.0 0.0 0.008363459756316992 0.0022213397243729754 0.0 0.0 0.0009021050568500979 0.001012790591492776 0.0 0.0 0.03192392242185746 1.293948127373817e-07 0.0 0.0 0.08123574515208386 0.004788763939688317 0.0 0.0 0.030993247639462186 0.04087868671959645 0.0 0.0 0.016960219784635175
0.0 0.01000067719986228 0.0 0.0 0.0 0.0026415463029439696 0.0 0.0 0.0 1.2616534057357472e-07 0.0 0.0 0.0 0.00034838563840564626 0.0 0.0 0.0 0.0 0.09029814967809986 0.0 0.0 0.0 0.09906393704867338 0.0 0.0 0.0 0.10202008817174855 0.0 0.0 0.0 0.03044553198400249 0.0 0.00020230686969393836 0.0 0.0 0.021145634348004524 2.739007961732991e-13 0.0 0.0 0.020461718349673835 0.0022102269182452507 0.0 0.0 0.0961336069340794 0.012964398040324674 0.0 0.0 0.0017733274249473324 4.958230112745406e-05 0.0 0.0 0.20559699755921657 3.643571733732567e-08 0.0 0.0 0.08239110433522047 0.008099330642160285 0.0 0.0 0.3642999800914341 0.031457105868276124 0.0 0.0 0.004834588033044883 0.0 0.0 0.0 0.0 0.0 3.708130930785788e-08 0.0 0.0 0.0 4.0243286778128645e-12 0.0 0.0 0.0 5.363928825220855e-08 0.0 0.0 0.0 0.0 0.0 0.0 0.0 0.0 0.0323439809736791 0.0 0.0 0.0 0.03455297800303553 0.0 0.0 0.0 0.008383884993216179 0.0 0.0 0.0 0.0 0.0 1.0317696968139782e-09 0.0 0.0 0.0005803378514264737 0.002424972643752317 0.0 0.0 0.09791762909115227 0.04034824082007222 0.0 0.0 0.02237130326995889 0.0 0.0 0.0 0.0 1.2665878274497744e-08 0.0 0.0 0.007987298890437741 0.007575353536351781 0.0 0.0 0.18482241467768845 0.03698024462201882 0.0 0.0 0.014651278138947397 0.0 0.03049762801911189 0.0 0.0 0.0 0.005934455425012713 0.0 0.0 0.0 3.7130299165031896e-07 0.0 0.0 0.0 0.015856227507206812 0.0 0.0 0.0 0.0 1.309992904008587e-07 0.0 0.0 0.0 6.607968337993329e-08 0.0 0.0 0.0 2.4862309054253005e-07 0.0 0.0 0.0 1.2183072023305706e-07 0.0 0.001150900818972121 0.0 0.0 0.03535670055282951 2.552643621721031e-15 0.0 0.0 0.00012923831215721 0.00518732969703858 0.0 0.0 0.06705154253234892 0.02804573579056753 0.0 0.0 0.00779823818854643 0.009033629080573802 0.0 0.0 0.33307769547422805 2.8609375215802297e-12 0.0 0.0 0.11667124566378498 0.026791439108524124 0.0 0.0 0.5964674331425163 0.26225331168964555 0.0 0.0 0.09516304993831928 0.0 0.28132940166355014 0.0 0.0 0.0 0.0958162686220004 0.0 0.0 0.0 0.0 0.0 0.0 0.0 0.08973080881271085 0.0 0.0 0.0 0.0 0.06459293820785258 0.0 0.0 0.0 0.03438399125993649 0.0 0.0 0.0 0.0 0.0 0.0 0.0 0.006958546129822497 0.0 0.0013284611056828878 0.0 0.0 0.04236704170501058 1.6428342929366584e-09 0.0 0.0 0.0020924850805662558 0.0 0.0 0.0 0.0 7.858117492209323e-08 0.0 0.0 1.6822492453868934e-08 0.0012258551305022664 0.0 0.0 0.05918465562690798 5.2205659920893616e-08 0.0 0.0 0.031353875167005024 0.0 0.0 0.0 0.0 0.05482736368618149 0.0 0.0 0.01212985994562012
0.0 0.006987129530072229 0.0 0.0 0.0 0.003857767815952284 0.0 0.0 0.0 6.739024736552838e-08 0.0 0.0 0.0 0.0014631926134959286 0.0 0.0 0.0 0.0 0.0017680035014584628 0.0 0.0 0.0 0.06139869403575418 0.0 0.0 0.0 0.012900978729089733 0.0 0.0 0.0 0.02795007211781063 0.0 5.709029630763043e-10 0.0 0.0 0.0011924040636589182 1.2696745269734273e-13 0.0 0.0 0.0049251349514726215 2.8025542635306426e-08 0.0 0.0 6.143921124253744e-07 0.0008325654714421148 0.0 0.0 0.0018813068517158334 0.0014025543330550264 0.0 0.0 0.048718963217037094 3.3740895402816154e-08 0.0 0.0 0.140060062712445 0.008358405080382315 0.0 0.0 0.1589470720311796 0.005900741123517632 0.0 0.0 0.02204117703820256 0.0 3.9880994884101756e-07 0.0 0.0 0.0 3.37382457502931e-08 0.0 0.0 0.0 1.4889558415144326e-11 0.0 0.0 0.0 1.879169173591092e-07 0.0 0.0 0.0 0.0 0.005094446380753466 0.0 0.0 0.0 0.001004911127151856 0.0 0.0 0.0 0.06901176219694449 0.0 0.0 0.0 0.010663730414000675 0.0 9.033943774449342e-10 0.0 0.0 2.2926771399331718e-08 8.697260234680796e-14 0.0 0.0 0.0033874432761652282 0.0037737370295863482 0.0 0.0 0.06257085765174408 7.694291996468835e-13 0.0 0.0 8.459627769196224e-13 0.003330105686455668 0.0 0.0 0.11171313572504565 5.872164241072481e-13 0.0 0.0 0.025642139465855317 0.04168608942566479 0.0 0.0 0.6939588543158487 0.03881395677773452 0.0 0.0 0.040625707714009106 0.0 0.016792813329791705 0.0 0.0 0.0 0.03986617756291151 0.0 0.0 0.0 2.163670186707525e-08 0.0 0.0 0.0 0.0019083806612707227 0.0 0.0 0.0 0.0 5.737263187201594e-07 0.0 0.0 0.0 9.916648019838189e-07 0.0 0.0 0.0 5.408872484480695e-09 0.0 0.0 0.0 1.2439371861054046e-12 0.0 0.00033548943321650175 0.0 0.0 0.007625889875085468 3.4181125999143505e-08 0.0 0.0 0.05013202174041779 1.1017022255168228e-08 0.0 0.0 0.019626522427522615 0.0036267724648970283 0.0 0.0 0.0006519706581594364 0.006393062781646585 0.0 0.0 0.17909386411058748 5.525562267232831e-07 0.0 0.0 0.690897940104917 0.0023358394706517495 0.0 0.0 0.038106655255413714 0.06987787795586624 0.0 0.0 0.01403858108283969 0.0 0.08023740671430023 0.0 0.0 0.0 0.03881302531997156 0.0 0.0 0.0 1.4817599551665509e-06 0.0 0.0 0.0 0.0 0.0 0.0 0.0 0.0 0.00196903071844383 0.0 0.0 0.0 9.949059084251918e-08 0.0 0.0 0.0 0.0014026309826493386 0.0 0.0 0.0 0.0 0.0 0.0005752336484009793 0.0 0.0 0.02165125242555456 9.75125358011359e-14 0.0 0.0 0.004414562404965318 0.0008283953610722628 0.0 0.0 0.011144358692964616 0.0 0.0 0.0 0.0 0.0002717099926957069 0.0 0.0 0.015433476932974083 3.289445955755203e-13 0.0 0.0 0.016841368000230526 0.0029263605645723496 0.0 0.0 0.04376582785497098 0.0 0.0 0.0 0.0
0.0 0.000923707343045943 0.0 0.0 0.0 0.003051118231538332 0.0 0.0 0.0 2.591024305665917e-08 0.0 0.0 0.0 0.0020191120903597323 0.0 0.0 0.0 0.0 0.00679760318320968 0.0 0.0 0.0 0.025654813264632117 0.0 0.0 0.0 0.07600057682319154 0.0 0.0 0.0 0.05619568430110329 0.0 5.957500872656081e-05 0.0 0.0 0.002917838825076137 2.68416331193484e-08 0.0 0.0 0.010533805677551591 1.0078495229599305e-09 0.0 0.0 0.0012612899936046329 0.011023901605909379 0.0 0.0 0.0017908923214078611 0.00036463760817437264 0.0 0.0 0.02002281527017053 1.3683153547990435e-07 0.0 0.0 0.08510480810672223 0.0015609146479785188 0.0 0.0 0.07660807780914887 0.08669905064730957 0.0 0.0 0.028788422464329538 0.0 3.8787007561339717e-07 0.0 0.0 0.0 6.470323101475811e-07 0.0 0.0 0.0 2.3107237978661582e-12 0.0 0.0 0.0 2.143816726693794e-07 0.0 0.0 0.0 0.0 0.0004963617688964012 0.0 0.0 0.0 0.06192358312491536 0.0 0.0 0.0 0.08916231268365035 0.0 0.0 0.0 0.05418074276497296 0.0 7.205703041571865e-05 0.0 0.0 0.005065320306371854 6.102318543116627e-08 0.0 0.0 0.05030626894354306 0.003303996545204607 0.0 0.0 0.041632991220329846 0.0002763301281126282 0.0 0.0 0.046083799882052 0.00264515766741949 0.0 0.0 0.11606542431043378 6.38502560522835e-07 0.0 0.0 0.29188910547272734 0.006723170212996514 0.0 0.0 0.10786694724273373 0.1019136560029839 0.0 0.0 0.04623467474743162 0.0 0.012203919690735502 0.0 0.0 0.0 0.00487319589455147 0.0 0.0 0.0 1.290455662628103e-07 0.0 0.0 0.0 0.00938132281629171 0.0 0.0 0.0 0.0 1.3164962713608162e-08 0.0 0.0 0.0 5.355380010030913e-09 0.0 0.0 0.0 9.846357026072269e-07 0.0 0.0 0.0 1.516780994426291e-06 0.0 6.729342966021329e-05 0.0 0.0 0.0060547696135070765 1.2536966270293698e-07 0.0 0.0 0.062488266483158146 0.0032183755368426297 0.0 0.0 0.0702104135897933 0.01677439675931264 0.0 0.0 0.006350288650068432 0.0009953075777556933 0.0 0.0 0.07393722823858849 9.315997823717793e-08 0.0 0.0 0.08806919992928557 0.011221833647416102 0.0 0.0 0.19512385869030816 0.11137480216589339 0.0 0.0 0.04263473625785876 0.0 0.15152066266827957 0.0 0.0 0.0 0.19270079269604942 0.0 0.0 0.0 2.386399618581048e-06 0.0 0.0 0.0 0.08883142248888465 0.0 0.0 0.0 0.0 0.020293353164690008 0.0 0.0 0.0 0.052113570393785065 0.0 0.0 0.0 6.40961870737298e-08 0.0 0.0 0.0 0.027825084122546626 0.0 0.0014718645099161276 0.0 0.0 0.04300868239138285 1.9109341974581576e-08 0.0 0.0 0.004735023699175795 3.3881561427271295e-09 0.0 0.0 1.1238733527422826e-07 0.07224379329557028 0.0 0.0 0.016743529188738872 0.0003180707431188886 0.0 0.0 0.032076784429838405 1.1802765577638219e-07 0.0 0.0 0.06131224845802421 0.0018823733590784683 0.0 0.0 0.060287414846430895 0.03274933364774046 0.0 0.0 0.010296255163744916
0.0 0.022354471073412076 0.0 0.0 0.0 0.007686706567400246 0.0 0.0 0.0 7.332483439013773e-08 0.0 0.0 0.0 0.005707359648892781 0.0 0.0 0.0 0.0 0.0880423292988543 0.0 0.0 0.0 0.15293757787578238 0.0 0.0 0.0 0.013690649467005126 0.0 0.0 0.0 0.07492134658498499 0.0 0.0039424622235190885 0.0 0.0 0.08465270409690757 5.691207991063753e-08 0.0 0.0 0.027058772756503587 0.004081957358427016 0.0 0.0 0.04138668101219827 0.06647867051460672 0.0 0.0 0.024063428685880548 0.009671724860375352 0.0 0.0 0.3698966587797322 3.8264784782423185e-07 0.0 0.0 0.2330876671187866 0.01578287327661493 0.0 0.0 0.18803974298492046 0.19153023305731717 0.0 0.0 0.05807012538671834 0.0 7.22788953134544e-07 0.0 0.0 0.0 5.394569859693094e-07 0.0 0.0 0.0 2.939803266837213e-12 0.0 0.0 0.0 5.129691308788713e-07 0.0 0.0 0.0 0.0 0.1027205816915611 0.0 0.0 0.0 0.07440066592271 0.0 0.0 0.0 0.1008611784021007 0.0 0.0 0.0 0.09347430434373077 0.0 0.0048500812521558665 0.0 0.0 0.09653232145500208 1.22737614689084e-07 0.0 0.0 0.05803261176805614 0.0025466786215612995 0.0 0.0 0.05226450010660388 0.04388525011977271 0.0 0.0 0.017055744760091716 0.007442097098360452 0.0 0.0 0.261821755077168 5.482496874924873e-07 0.0 0.0 0.28833667574334654 0.01251618188231391 0.0 0.0 0.14738983389328075 0.22321184799446636 0.0 0.0 0.0957398991760081 0.0 0.017434053727131246 0.0 0.0 0.0 0.01724946980968263 0.0 0.0 0.0 2.0562949081455857e-08 0.0 0.0 0.0 0.0011322378742763214 0.0 0.0 0.0 0.0 1.4892428363450981e-08 0.0 0.0 0.0 4.28351445337686e-08 0.0 0.0 0.0 1.5600034046636795e-08 0.0 0.0 0.0 2.0563116331004045e-08 0.0 0.002277121344025308 0.0 0.0 0.044650626066428785 2.7320342319989704e-08 0.0 0.0 0.026973720577975313 4.766394699621906e-05 0.0 0.0 0.002489730153514441 0.0335145478831382 0.0 0.0 0.004598406176719277 0.005494701598778951 0.0 0.0 0.14052906431040754 2.437611688931025e-07 0.0 0.0 0.21875847311968655 0.0008404268881259036 0.0 0.0 0.04921853833318034 0.05719412359361284 0.0 0.0 0.008753454878737138 0.0 0.28980267687912714 0.0 0.0 0.0 0.3465200145260337 0.0 0.0 0.0 0.0 0.0 0.0 0.0 0.09575671782965195 0.0 0.0 0.0 0.0 0.06105712545417011 0.0 0.0 0.0 0.0478290241872215 0.0 0.0 0.0 0.0 0.0 0.0 0.0 0.0007724778021304841 0.0 0.0019117608532392158 0.0 0.0 0.06616866534430871 1.5220430068951318e-07 0.0 0.0 0.06265867651362576 0.0 0.0 0.0 0.0 0.042091103669658445 0.0 0.0 0.009001577286269427 0.0016036378190820099 0.0 0.0 0.0528236930132733 2.413849679669452e-07 0.0 0.0 0.12155224151665114 0.0 0.0 0.0 0.0 0.05051986550922656 0.0 0.0 0.012243839842263356
0.0 0.005572340546511341 0.0 0.0 0.0 0.0028743073328207146 0.0 0.0 0.0 5.6293509641090624e-08 0.0 0.0 0.0 0.0026589943145094697 0.0 0.0 0.0 0.0 0.05110036273232911 0.0 0.0 0.0 0.011472230592249198 0.0 0.0 0.0 0.10267254209235299 0.0 0.0 0.0 0.09702633320629074 0.0 3.1171197468749986e-06 0.0 0.0 0.0019011722675280765 1.0329613962928763e-13 0.0 0.0 0.004497775709596596 0.0011824969254359413 0.0 0.0 0.05143989144537413 0.024324160095899026 0.0 0.0 0.004962864485419828 0.0012909299377385156 0.0 0.0 0.09194795908785261 6.149391494837266e-08 0.0 0.0 0.10260833022468048 0.007786309812655669 0.0 0.0 0.14055046681408462 0.08608063278394411 0.0 0.0 0.02785242582066726 0.0 6.899296060780633e-08 0.0 0.0 0.0 3.731275095514868e-08 0.0 0.0 0.0 4.0302653503422356e-12 0.0 0.0 0.0 1.9193983978390372e-07 0.0 0.0 0.0 0.0 0.0013124798660093051 0.0 0.0 0.0 0.003638507430019831 0.0 0.0 0.0 0.08157734634361206 0.0 0.0 0.0 0.00862799908526847 0.0 1.1052698795385653e-09 0.0 0.0 2.2438053094922995e-08 2.8820396965839134e-15 0.0 0.0 0.00010941266649020794 0.0007484893503618566 0.0 0.0 0.010322480705693839 0.010097223485853069 0.0 0.0 0.004621590752514531 0.0012226386461530992 0.0 0.0 0.027827965289895326 6.253107596515587e-13 0.0 0.0 0.02661521892845213 0.012749040484483522 0.0 0.0 0.22859758283357287 0.06860887799667209 0.0 0.0 0.02949682209321729 0.0 0.02471119215281871 0.0 0.0 0.0 0.00741610775010553 0.0 0.0 0.0 1.8318067052258015e-07 0.0 0.0 0.0 0.004934285461857192 0.0 0.0 0.0 0.0 5.271586678386025e-08 0.0 0.0 0.0 1.0102181789363904e-07 0.0 0.0 0.0 8.722624662984501e-08 0.0 0.0 0.0 4.8103839556830007e-08 0.0 0.0007796695371694644 0.0 0.0 0.04514864777376892 4.665394710728223e-13 0.0 0.0 0.019725954545847555 0.003958703936403322 0.0 0.0 0.06719599624282696 0.03854194790834244 0.0 0.0 0.008594833788681821 0.006285452212150141 0.0 0.0 0.22670674899163903 1.603691920074405e-07 0.0 0.0 0.12467355800427703 0.010572339904552254 0.0 0.0 0.3129939819077373 0.09993018981603057 0.0 0.0 0.030177752951296256 0.0 0.22285123530294487 0.0 0.0 0.0 0.08486588032923248 0.0 0.0 0.0 5.256874734607559e-08 0.0 0.0 0.0 0.05514278242031792 0.0 0.0 0.0 0.0 0.03169681171266419 0.0 0.0 0.0 0.010788381460152437 0.0 0.0 0.0 8.097043040098188e-05 0.0 0.0 0.0 0.020170090533306765 0.0 0.00016571750571124232 0.0 0.0 0.007805498501992853 7.394300737119635e-08 0.0 0.0 0.08191907069248948 0.001518584331732348 0.0 0.0 0.027430033035518445 0.0052083421378866235 0.0 0.0 0.0017771507803671768 0.0007563291704733726 0.0 0.0 0.04035617118962649 2.442269256789514e-09 0.0 0.0 0.03496882550123814 6.275065657644684e-05 0.0 0.0 0.0012707853153657333 0.030068576396614713 0.0 0.0 0.009085763084872007
0.0 0.004318908899545881 0.0 0.0 0.0 0.002951221377078933 0.0 0.0 0.0 4.4529676598507483e-08 0.0 0.0 0.0 0.0021164148549264396 0.0 0.0 0.0 0.0 0.0057919154115567886 0.0 0.0 0.0 0.01669681599413313 0.0 0.0 0.0 0.055570992760369274 0.0 0.0 0.0 0.08433449620524498 0.0 5.8475407309622125e-05 0.0 0.0 0.002181097680536569 4.207507231444365e-09 0.0 0.0 0.015203565622805242 0.0002070056068568991 0.0 0.0 0.028391879531113356 0.010978189246651173 0.0 0.0 0.0032509856090952045 0.0024459874532578984 0.0 0.0 0.07845373636214965 4.42325640342495e-08 0.0 0.0 0.05839846978026788 0.0017769460400164844 0.0 0.0 0.13163674769879907 0.02688269003096222 0.0 0.0 0.0278540927437141 0.0 1.1449887276306078e-07 0.0 0.0 0.0 1.4407099846075428e-07 0.0 0.0 0.0 4.500399256629849e-12 0.0 0.0 0.0 2.2311203397285814e-07 0.0 0.0 0.0 0.0 0.001195311277364331 0.0 0.0 0.0 0.048190577224091875 0.0 0.0 0.0 0.006680451774068354 0.0 0.0 0.0 0.0246784174176242 0.0 1.0689783127840537e-09 0.0 0.0 1.161201903810133e-08 1.1245638637771709e-07 0.0 0.0 0.04744967887421513 0.0001510744788398786 0.0 0.0 0.003923474202649572 0.015914612772534843 0.0 0.0 0.0008872268016770313 0.002267875802915658 0.0 0.0 0.02762005947796871 9.18010949974842e-08 0.0 0.0 0.05977626426380726 0.008911569189753343 0.0 0.0 0.19791704651702013 0.059155516194369165 0.0 0.0 0.054780872392354935 0.0 0.022205311834081348 0.0 0.0 0.0 0.008306757234975055 0.0 0.0 0.0 4.5556815793718164e-07 0.0 0.0 0.0 0.012865855567908582 0.0 0.0 0.0 0.0 8.598454218333396e-08 0.0 0.0 0.0 8.609014253282839e-08 0.0 0.0 0.0 2.005135515537275e-06 0.0 0.0 0.0 2.6471163090276093e-06 0.0 3.6203236482993925e-05 0.0 0.0 0.007379583077550621 1.0772723727053054e-08 0.0 0.0 0.025645762553131616 0.0009147959097942648 0.0 0.0 0.029811455821889196 0.00936414990929471 0.0 0.0 0.00427160591545996 0.004234516803769046 0.0 0.0 0.15264454149228668 1.8135950532893527e-07 0.0 0.0 0.15254744441823465 0.02921662063716989 0.0 0.0 0.5617221416898497 0.1032189612112559 0.0 0.0 0.08786039644660361 0.0 0.1358698851388042 0.0 0.0 0.0 0.0694866350100963 0.0 0.0 0.0 4.299932595844454e-06 0.0 0.0 0.0 0.09535822589846049 0.0 0.0 0.0 0.0 0.053283890238411985 0.0 0.0 0.0 0.0034387129589326455 0.0 0.0 0.0 0.009464669459830407 0.0 0.0 0.0 0.04415344677615444 0.0 1.0772153820606474e-05 0.0 0.0 0.03892051115140499 4.098923576699731e-09 0.0 0.0 0.028751601443232803 3.7285349702361746e-08 0.0 0.0 0.052913961035827045 0.0121190573031132 0.0 0.0 0.02045306304366072 0.00033275773469371476 0.0 0.0 0.020249173487815075 3.275770032234668e-08 0.0 0.0 0.02265650868358964 0.0013611958712014774 0.0 0.0 0.09167270510578969 0.06308586931177564 0.0 0.0 0.013497327571786132
0.0 0.009338115131495498 0.0 0.0 0.0 0.01142058074763968 0.0 0.0 0.0 9.42826377388844e-08 0.0 0.0 0.0 0.003413837125603304 0.0 0.0 0.0 0.0 0.03983073780018951 0.0 0.0 0.0 0.10997530666989698 0.0 0.0 0.0 0.12698250219233856 0.0 0.0 0.0 0.08099007271770917 0.0 0.00014162036114894597 0.0 0.0 0.006242968826980015 3.9291310885862563e-10 0.0 0.0 0.002036184503424359 0.0005011450743529012 0.0 0.0 0.00638093004283494 0.05795392882629879 0.0 0.0 0.00947040916083366 0.004081290980553146 0.0 0.0 0.18291337024157645 2.9324575795080356e-07 0.0 0.0 0.2161349791190889 0.013969143440497917 0.0 0.0 0.24024315031444765 0.1507976552671179 0.0 0.0 0.036941441581158016 0.0 4.476900705091323e-07 0.0 0.0 0.0 5.027790582893241e-07 0.0 0.0 0.0 9.828318769992537e-12 0.0 0.0 0.0 1.521628198740885e-07 0.0 0.0 0.0 0.0 0.03484622007846797 0.0 0.0 0.0 0.10266531883041093 0.0 0.0 0.0 0.007502938350152988 0.0 0.0 0.0 0.005281731881864043 0.0 0.00033364529483739623 0.0 0.0 0.050900072312869256 2.27119209504364e-07 0.0 0.0 0.12196780201627028 0.0010544658417914311 0.0 0.0 0.06139045795263058 0.0032468612825306605 0.0 0.0 0.010441562645048868 0.004128737316882461 0.0 0.0 0.15233898064881593 1.5169332032303428e-07 0.0 0.0 0.35748144558239525 0.02715215756735588 0.0 0.0 0.4850154282989053 0.038747731804406695 0.0 0.0 0.039301201560107295 0.0 0.027939469375241468 0.0 0.0 0.0 0.023799988689984564 0.0 0.0 0.0 1.3401409334057767e-07 0.0 0.0 0.0 0.009146716717669845 0.0 0.0 0.0 0.0 5.814050071447915e-08 0.0 0.0 0.0 1.0822009828035385e-07 0.0 0.0 0.0 1.075705372240144e-06 0.0 0.0 0.0 4.7636442071491585e-08 0.0 0.0016904383988940192 0.0 0.0 0.04326893923390217 9.008945033485766e-09 0.0 0.0 0.04186746218992257 0.0019263850543264347 0.0 0.0 0.042165582066684804 0.0028299035262540516 0.0 0.0 0.0007379273719926027 0.007223699389057945 0.0 0.0 0.2594447401411247 4.155793959458528e-07 0.0 0.0 0.370918602327152 0.016282989123560132 0.0 0.0 0.1821719373779066 0.1744072619291281 0.0 0.0 0.05542624616045689 0.0 0.3205005871833268 0.0 0.0 0.0 0.11781875723066626 0.0 0.0 0.0 1.0613958539082368e-06 0.0 0.0 0.0 0.031686703310475364 0.0 0.0 0.0 0.0 0.008050171169628544 0.0 0.0 0.0 0.036694360745848 0.0 0.0 0.0 1.3060305791090039e-07 0.0 0.0 0.0 0.00238894039551125 0.0 0.005498597511967351 0.0 0.0 0.08411776133748954 3.7635560587206605e-09 0.0 0.0 0.0023892452721514753 2.7344016134674075e-09 0.0 0.0 0.0052816825055440044 1.024667612102772e-12 0.0 0.0 2.563152506325963e-13 0.00107459803403496 0.0 0.0 0.0658544914474399 6.507927844431287e-08 0.0 0.0 0.037136050582054596 1.9960702916130835e-08 0.0 0.0 0.04322672346882835 0.011272567321863882 0.0 0.0 0.0031614096392572487
0.0 0.002061597278600121 0.0 0.0 0.0 0.0017139273070774842 0.0 0.0 0.0 1.425000446385024e-07 0.0 0.0 0.0 0.002161784295808534 0.0 0.0 0.0 0.0 0.0037465961079739467 0.0 0.0 0.0 0.07388662867435236 0.0 0.0 0.0 0.022450371811508343 0.0 0.0 0.0 0.10673626777409986 0.0 2.701744673860453e-19 0.0 0.0 4.978650392791106e-13 5.1961429961280313e-08 0.0 0.0 0.05670618931672362 0.0007208128665414676 0.0 0.0 0.007743164602700467 0.0177567615261695 0.0 0.0 0.005378138920875 2.0428048803178817e-08 0.0 0.0 0.042204689618509844 2.4646147757765692e-08 0.0 0.0 0.05974479182879112 0.015972482600827505 0.0 0.0 0.2892033496537916 0.032257771950371585 0.0 0.0 0.02776088926719777 0.0 2.2970654050851542e-07 0.0 0.0 0.0 7.617387399933903e-08 0.0 0.0 0.0 5.400404291027965e-12 0.0 0.0 0.0 2.8795666415435123e-07 0.0 0.0 0.0 0.0 0.03558702175138937 0.0 0.0 0.0 0.05132023351032795 0.0 0.0 0.0 0.052788025742293444 0.0 0.0 0.0 0.12413215302351267 0.0 0.00010382335070205022 0.0 0.0 0.027646576685714193 9.67842233548295e-10 0.0 0.0 0.0335824196291006 0.0029575538194705664 0.0 0.0 0.13250056816562408 0.034458246422981995 0.0 0.0 0.005507087458733196 0.00045948576408904576 0.0 0.0 0.08024157304245655 1.1927515319714558e-07 0.0 0.0 0.059135860744593725 0.011238873966609735 0.0 0.0 0.2806440126369074 0.13945020258291657 0.0 0.0 0.032542346590605384 0.0 0.01618648959281371 0.0 0.0 0.0 0.010783505369817011 0.0 0.0 0.0 2.886902636745429e-07 0.0 0.0 0.0 0.02467087228857522 0.0 0.0 0.0 0.0 3.6158054056025673e-08 0.0 0.0 0.0 1.0077875143183744e-06 0.0 0.0 0.0 1.6685036891294693e-07 0.0 0.0 0.0 1.3642299971696504e-06 0.0 4.3688274014486346e-05 0.0 0.0 0.005909816973459432 3.581721731787051e-09 0.0 0.0 0.011686369443756733 2.7951854954124343e-05 0.0 0.0 0.002561536196555091 0.06165863960206996 0.0 0.0 0.028488791972713274 0.002017950020807584 0.0 0.0 0.16789363271537297 7.54850526944832e-08 0.0 0.0 0.21759355550029041 0.01744774826586009 0.0 0.0 0.3160526321774121 0.2793980702472536 0.0 0.0 0.13392419942932698 0.0 0.18857154778998017 0.0 0.0 0.0 0.25500556185085244 0.0 0.0 0.0 2.143830225739661e-06 0.0 0.0 0.0 0.266774285784674 0.0 0.0 0.0 0.0 0.04897146517752048 0.0 0.0 0.0 0.09980393187086378 0.0 0.0 0.0 0.035138233495074125 0.0 0.0 0.0 0.10969359978226349 0.0 0.0027278414742686087 0.0 0.0 0.09628952995640518 2.3734874558066853e-07 0.0 0.0 0.09921716022536611 0.001161766179089068 0.0 0.0 0.06491370503928662 0.05453026686743648 0.0 0.0 0.02172287771927553 0.000584642069600199 0.0 0.0 0.04695820100126984 1.4052037886573346e-07 0.0 0.0 0.07411490595372948 0.0021139663881170573 0.0 0.0 0.04070889536909908 0.0908435800565326 0.0 0.0 0.03259023099338468
0.0 0.006766163059283177 0.0 0.0 0.0 0.003028509538384494 0.0 0.0 0.0 5.746344202185663e-08 0.0 0.0 0.0 0.004543335122292446 0.0 0.0 0.0 0.0 0.0855441463071801 0.0 0.0 0.0 0.03256760247031797 0.0 0.0 0.0 0.12352281930995548 0.0 0.0 0.0 0.09071725290393493 0.0 0.002160159375232122 0.0 0.0 0.08697152436617911 5.1233213557099695e-08 0.0 0.0 0.06254240912322015 0.004687997169172332 0.0 0.0 0.04417110323799861 0.009843391606451443 0.0 0.0 0.0018067075336192916 0.0031585884024560307 0.0 0.0 0.125949135199256 1.3721722816481404e-07 0.0 0.0 0.10889443489069338 0.011949016434021895 0.0 0.0 0.17797700921326065 0.16528632355811035 0.0 0.0 0.038352705985178044 0.0 3.0649474460078103e-07 0.0 0.0 0.0 3.528324556191358e-07 0.0 0.0 0.0 5.731896209758054e-12 0.0 0.0 0.0 1.605108624907798e-07 0.0 0.0 0.0 0.0 0.0368297351211807 0.0 0.0 0.0 0.03648139904645274 0.0 0.0 0.0 0.05152337686586448 0.0 0.0 0.0 0.13166659794352115 0.0 0.00015737356253813905 0.0 0.0 0.008029261222499428 6.44027958878142e-08 0.0 0.0 0.03055464597540522 0.004568342381764846 0.0 0.0 0.040393755470094155 0.05950330712002308 0.0 0.0 0.014692798353345249 0.001355964975546483 0.0 0.0 0.10890221697828391 3.0815444260954533e-07 0.0 0.0 0.1399963740615056 0.009604216373439042 0.0 0.0 0.25621831173095655 0.07226308220735575 0.0 0.0 0.0324237705744788 0.0 0.012492725268078623 0.0 0.0 0.0 0.0076298911678296215 0.0 0.0 0.0 8.549101952522375e-08 0.0 0.0 0.0 0.01829738846688571 0.0 0.0 0.0 0.0 8.611588905322203e-09 0.0 0.0 0.0 2.6987182229643693e-07 0.0 0.0 0.0 1.468434547091852e-08 0.0 0.0 0.0 9.865616661560797e-08 0.0 0.0023065933271757292 0.0 0.0 0.08818642064913519 5.9280582703388085e-09 0.0 0.0 0.04484665759874933 0.002603872823933571 0.0 0.0 0.07302930930360536 0.0035216559748266828 0.0 0.0 0.0010459160392241459 0.002080505878780621 0.0 0.0 0.10196689073829866 1.40164741244127e-07 0.0 0.0 0.15455617974185695 0.00445086051290228 0.0 0.0 0.1269490016572515 0.255442087481037 0.0 0.0 0.0840008562097109 0.0 0.30433095106579394 0.0 0.0 0.0 0.24584235543834937 0.0 0.0 0.0 2.488637298449955e-07 0.0 0.0 0.0 0.3547930193285343 0.0 0.0 0.0 0.0 0.0821085671526876 0.0 0.0 0.0 0.088850277099873 0.0 0.0 0.0 0.0404942207845428 0.0 0.0 0.0 0.1661808383914715 0.0 0.0012196699236939306 0.0 0.0 0.06520342952692218 1.5295870544031258e-08 0.0 0.0 0.00865129731041005 0.0002547749415512176 0.0 0.0 0.004606363660323273 0.22548147359834803 0.0 0.0 0.08314776363797499 0.001666690838119398 0.0 0.0 0.06305355267542724 9.744744432913605e-08 0.0 0.0 0.07072224635416813 0.00030100975702829615 0.0 0.0 0.006101668111089001 0.11362525315025504 0.0 0.0 0.04017908814044016
0.0 0.02126760322373927 0.0 0.0 0.0 0.0034690615647782145 0.0 0.0 0.0 8.115506318681921e-08 0.0 0.0 0.0 0.0042069134754475455 0.0 0.0 0.0 0.0 0.047112933589021085 0.0 0.0 0.0 0.10319577882996742 0.0 0.0 0.0 0.03218067133445383 0.0 0.0 0.0 0.04457310877274872 0.0 0.002099293756536577 0.0 0.0 0.04427795995776769 1.5761592538433766e-08 0.0 0.0 0.028464277416783895 0.0003367983914169987 0.0 0.0 0.0055763511005714325 0.031901226959747314 0.0 0.0 0.006723146055498937 0.01103266819576556 0.0 0.0 0.417136800160204 1.0644450474009903e-07 0.0 0.0 0.11545257177454278 0.009407233063516053 0.0 0.0 0.244844312045843 0.12404542086249551 0.0 0.0 0.03913199566623154 0.0 3.8310523228501606e-07 0.0 0.0 0.0 4.143316265161172e-07 0.0 0.0 0.0 3.815451301221693e-12 0.0 0.0 0.0 1.6186672797809384e-07 0.0 0.0 0.0 0.0 0.03868057360578432 0.0 0.0 0.0 0.03670009550243757 0.0 0.0 0.0 0.052538995862154804 0.0 0.0 0.0 0.026873357034223003 0.0 0.0014156065310357458 0.0 0.0 0.09621145793519367 1.1137409443804377e-08 0.0 0.0 0.006983727739731324 1.2563646700751813e-07 0.0 0.0 0.03199241872588258 0.0020397183135889433 0.0 0.0 0.0007295881935232569 0.007552185756401405 0.0 0.0 0.1484852401572171 2.825031563875007e-07 0.0 0.0 0.20689728057780832 0.0070296503361470175 0.0 0.0 0.2007842565263977 0.1050635693202997 0.0 0.0 0.03234814646641686 0.0 0.014848177122233328 0.0 0.0 0.0 0.013689120147675194 0.0 0.0 0.0 4.484376940253555e-07 0.0 0.0 0.0 0.01579657040177535 0.0 0.0 0.0 0.0 3.9664364669943015e-08 0.0 0.0 0.0 1.5421315922369228e-06 0.0 0.0 0.0 1.0976861606704552e-06 0.0 0.0 0.0 3.1933887939230094e-07 0.0 0.0001630436763693283 0.0 0.0 0.0050143767015088155 7.961579917497254e-08 0.0 0.0 0.02816113174389221 0.0010568559777657698 0.0 0.0 0.060315314873820226 7.974044761922726e-07 0.0 0.0 2.696668422902006e-07 0.004328969366468479 0.0 0.0 0.14269993466383507 3.6760014616845223e-07 0.0 0.0 0.25049320585175955 0.02487058632789504 0.0 0.0 0.3731556849823084 0.08954663804572878 0.0 0.0 0.10347358163577267 0.0 0.1783791672366756 0.0 0.0 0.0 0.13780797660137675 0.0 0.0 0.0 2.4692244243061466e-06 0.0 0.0 0.0 0.05548163621936549 0.0 0.0 0.0 0.0 0.027806112947860534 0.0 0.0 0.0 0.03539188195712895 0.0 0.0 0.0 0.009991104777704719 0.0 0.0 0.0 0.002296182280622152 0.0 0.0007171302308464896 0.0 0.0 0.0504328939777322 1.902234189537407e-08 0.0 0.0 0.02259253258828743 5.460885082488941e-09 0.0 0.0 2.19956722574883e-07 1.2867927842059443e-07 0.0 0.0 3.751037916206317e-08 0.0008069446191712533 0.0 0.0 0.03420319807857845 8.50838665774731e-08 0.0 0.0 0.054789316539167965 0.0016330609152849231 0.0 0.0 0.07190041026236829 0.01907374969622728 0.0 0.0 0.006675536211517344
0.0 0.012206471739980816 0.0 0.0 0.0 0.0072939413352567095 0.0 0.0 0.0 1.4156943087675744e-07 0.0 0.0 0.0 0.001130986745715323 0.0 0.0 0.0 0.0 0.025053414181273527 0.0 0.0 0.0 0.013572621746450688 0.0 0.0 0.0 0.1167739409562321 0.0 0.0 0.0 0.0018452445816428845 0.0 1.2505312240157326e-09 0.0 0.0 7.272213432037621e-08 7.632637588625204e-09 0.0 0.0 0.005349747656377207 0.003929726120442643 0.0 0.0 0.03529603629268489 0.020597300029515635 0.0 0.0 0.008375412748636143 0.003170306767670864 0.0 0.0 0.21889633003103434 2.82983646431512e-07 0.0 0.0 0.19606333866788145 0.02398831207520169 0.0 0.0 0.375711693041633 0.03181414199699691 0.0 0.0 0.010330227238243143 0.0 1.6487952052127253e-07 0.0 0.0 0.0 4.991038993162989e-07 0.0 0.0 0.0 4.586737331713808e-12 0.0 0.0 0.0 2.6445575012076415e-07 0.0 0.0 0.0 0.0 0.026829841225214462 0.0 0.0 0.0 0.07818688149365148 0.0 0.0 0.0 0.051425071022128455 0.0 0.0 0.0 0.02975989457510675 0.0 0.0012274829034817738 0.0 0.0 0.03023216528944474 5.860771816133105e-09 0.0 0.0 0.01498738502514712 0.002152317893431457 0.0 0.0 0.044125021289916744 0.006575191272634933 0.0 0.0 0.0019737749972163522 0.0007907843759429601 0.0 0.0 0.052059531337520594 2.258852357206089e-07 0.0 0.0 0.3143382260054197 0.015342565802701316 0.0 0.0 0.25742159069098547 0.13652492892185605 0.0 0.0 0.04744588579968591 0.0 0.03696579286157895 0.0 0.0 0.0 0.015137580024865992 0.0 0.0 0.0 7.890683811930017e-08 0.0 0.0 0.0 0.004262468193283801 0.0 0.0 0.0 0.0 9.886081347332787e-08 0.0 0.0 0.0 7.177372857867468e-08 0.0 0.0 0.0 1.827368745109902e-08 0.0 0.0 0.0 2.912554338532553e-08 0.0 0.0017523218235878865 0.0 0.0 0.12507108489306293 7.104872654925451e-09 0.0 0.0 0.004135578701548371 0.0006104893474558822 0.0 0.0 0.006757851710795582 0.00036720461775088825 0.0 0.0 0.0002497458124275192 0.012331952378394144 0.0 0.0 0.3795785992381879 2.8784606592818844e-07 0.0 0.0 0.2030064145711686 0.010711780818599572 0.0 0.0 0.13010640762412348 0.0775576395099576 0.0 0.0 0.02870288275216187 0.0 0.10807279198451894 0.0 0.0 0.0 0.15758168697294014 0.0 0.0 0.0 0.0 0.0 0.0 0.0 0.019720296971030362 0.0 0.0 0.0 0.0 0.02166495018565819 0.0 0.0 0.0 0.0011312177614861954 0.0 0.0 0.0 0.0 0.0 0.0 0.0 0.0023178484186352206 0.0 0.001272446166178766 0.0 0.0 0.027846225604565875 2.6085698658823183e-09 0.0 0.0 0.004804313196784439 0.0 0.0 0.0 0.0 2.369075166921483e-08 0.0 0.0 5.4340776182488575e-09 8.624572459610798e-05 0.0 0.0 0.026290623686357196 7.76478596774698e-08 0.0 0.0 0.05876264183460979 0.0 0.0 0.0 0.0 0.011938345889025785 0.0 0.0 0.0030701362668543526
0.0 0.006117351726218952 0.0 0.0 0.0 0.0014327217940767645 0.0 0.0 0.0 3.799728974882256e-08 0.0 0.0 0.0 0.001944464764486035 0.0 0.0 0.0 0.0 0.03217595885922644 0.0 0.0 0.0 0.033203228312734534 0.0 0.0 0.0 0.10100395245280952 0.0 0.0 0.0 0.07418792303032155 0.0 7.308549275889662e-05 0.0 0.0 0.0065013171049750525 1.0279430074368262e-15 0.0 0.0 6.308860339384242e-05 0.0013350506294910968 0.0 0.0 0.05114824249739302 0.0027658950633369706 0.0 0.0 0.0010147969137724007 0.003786448803265795 0.0 0.0 0.08861092053807175 2.239555414332109e-08 0.0 0.0 0.04765998840894989 0.0014592896188625087 0.0 0.0 0.11958359185318798 0.0618687160334675 0.0 0.0 0.02293630322403593 0.0 0.0 0.0 0.0 0.0 1.022973622246298e-07 0.0 0.0 0.0 3.841106992274089e-12 0.0 0.0 0.0 9.269924187783555e-08 0.0 0.0 0.0 0.0 0.0 0.0 0.0 0.0 0.021726588449995816 0.0 0.0 0.0 0.0372877469066872 0.0 0.0 0.0 0.016991033678478665 0.0 0.0 0.0 0.0 0.0 1.8397497010278572e-14 0.0 0.0 0.0005793329404277106 0.001294898501564063 0.0 0.0 0.0474202209411507 0.026238699278425162 0.0 0.0 0.01315157857334677 0.0 0.0 0.0 0.0 5.970674376158465e-08 0.0 0.0 0.06005296612016228 0.012194971493904985 0.0 0.0 0.1214262941920791 0.061733159311273836 0.0 0.0 0.019150518983750663 0.0 0.014200120764895798 0.0 0.0 0.0 0.005793992494912288 0.0 0.0 0.0 1.5857410044533484e-07 0.0 0.0 0.0 0.011265127599910617 0.0 0.0 0.0 0.0 4.162565375739602e-08 0.0 0.0 0.0 1.0111563848084306e-06 0.0 0.0 0.0 1.492530829030538e-07 0.0 0.0 0.0 8.98120016231402e-08 0.0 6.003277138168108e-05 0.0 0.0 0.012338083741235524 2.1727595612030715e-08 0.0 0.0 0.03693510956056854 0.0032270286493732646 0.0 0.0 0.10202963320789755 0.006824408482331781 0.0 0.0 0.0018574061221879453 0.0035523182617391157 0.0 0.0 0.13456750186451444 6.895684289248977e-08 0.0 0.0 0.09453487862821283 0.009350691447952699 0.0 0.0 0.24228155343133725 0.18420219285050807 0.0 0.0 0.07038094018209393 0.0 0.2375554457943694 0.0 0.0 0.0 0.0687785524488104 0.0 0.0 0.0 1.095271891790871e-06 0.0 0.0 0.0 0.078448517425112 0.0 0.0 0.0 0.0 0.027252601674132047 0.0 0.0 0.0 0.033753902315817645 0.0 0.0 0.0 0.024979875649992284 0.0 0.0 0.0 0.005671822848808556 0.0 0.0005415288729536501 0.0 0.0 0.04366117700508577 9.227560013947225e-09 0.0 0.0 0.011787636901142382 0.001204445988412672 0.0 0.0 0.027375693577091912 0.010181329259474183 0.0 0.0 0.0020990485378898165 0.0006542318777323977 0.0 0.0 0.04722422933947088 1.2986129360644149e-08 0.0 0.0 0.02294496864505717 0.0011930231042578607 0.0 0.0 0.027604915923063657 0.03096921066136612 0.0 0.0 0.009895153791866269
0.0 0.0036599004188793394 0.0 0.0 0.0 0.001182118724742267 0.0 0.0 0.0 5.007414764200197e-08 0.0 0.0 0.0 0.0033929204087015954 0.0 0.0 0.0 0.0 0.03068983448756292 0.0 0.0 0.0 0.04205210515873361 0.0 0.0 0.0 0.03179430414148366 0.0 0.0 0.0 0.03144634724010448 0.0 0.000741633511428684 0.0 0.0 0.02051518702633537 2.686758623665392e-13 0.0 0.0 0.014761191367122893 0.0011712425117040512 0.0 0.0 0.023148479728993053 0.05150329310915665 0.0 0.0 0.01838909036226575 0.0007759669873483844 0.0 0.0 0.06470293776816816 3.55977902971821e-08 0.0 0.0 0.0328186443011344 0.006537310981083072 0.0 0.0 0.11897680286217288 0.10294156062487421 0.0 0.0 0.034497708654343054 0.0 1.9772747189111068e-07 0.0 0.0 0.0 1.5015023766974553e-07 0.0 0.0 0.0 4.61344983691852e-12 0.0 0.0 0.0 1.0229982535580328e-07 0.0 0.0 0.0 0.0 0.08402144469786953 0.0 0.0 0.0 0.026317894040816813 0.0 0.0 0.0 0.07060197681767139 0.0 0.0 0.0 0.029202647719501026 0.0 5.573027300542117e-05 0.0 0.0 0.0029143959161327198 4.192749170575631e-09 0.0 0.0 0.007075264689652401 0.0020969399161250147 0.0 0.0 0.07051232480778466 0.01670714469236956 0.0 0.0 0.0063439026367517895 0.0015666360505695992 0.0 0.0 0.06279842058460446 6.652209799737077e-08 0.0 0.0 0.08769208060416879 0.007904863732702185 0.0 0.0 0.24241164037020266 0.0787594407920657 0.0 0.0 0.020343587109140113 0.0 0.017147698377529413 0.0 0.0 0.0 0.01192336264829309 0.0 0.0 0.0 1.806560064644121e-07 0.0 0.0 0.0 0.006504841838253827 0.0 0.0 0.0 0.0 5.1517906848621354e-08 0.0 0.0 0.0 5.547886270361842e-08 0.0 0.0 0.0 9.587358464383246e-08 0.0 0.0 0.0 7.484150271487202e-08 0.0 3.4172133927135243e-09 0.0 0.0 0.004319461104725851 5.055579271698395e-09 0.0 0.0 0.04357912069353949 0.0031302184429495487 0.0 0.0 0.054975776597377186 0.0017140600889758056 0.0 0.0 0.000676268636095135 0.0031375628467648765 0.0 0.0 0.15702341303544395 2.0179217577150422e-07 0.0 0.0 0.21693953978092612 0.016256202192717936 0.0 0.0 0.25862254178660204 0.07380492406070718 0.0 0.0 0.038385290734188254 0.0 0.11517479450400399 0.0 0.0 0.0 0.19703833175258573 0.0 0.0 0.0 0.0 0.0 0.0 0.0 0.06563335113596785 0.0 0.0 0.0 0.0 0.015518786913935836 0.0 0.0 0.0 0.03733565244615761 0.0 0.0 0.0 0.0 0.0 0.0 0.0 0.022676776322655176 0.0 0.0012935931292138824 0.0 0.0 0.02681764104833826 4.398808276468103e-09 0.0 0.0 0.026884257843628107 0.0 0.0 0.0 0.0 0.024702451256263136 0.0 0.0 0.0036278984475117252 0.0006638634109266039 0.0 0.0 0.022159511293165682 1.3262267890583485e-07 0.0 0.0 0.07172663648537929 0.0 0.0 0.0 0.0 0.027713602768145336 0.0 0.0 0.0070027453191103565
0.0 0.0037186937131200586 0.0 0.0 0.0 0.0049258943474155496 0.0 0.0 0.0 7.618196620564964e-08 0.0 0.0 0.0 0.0007258101632010727 0.0 0.0 0.0 0.0 0.05640132683683827 0.0 0.0 0.0 0.07611016875151776 0.0 0.0 0.0 0.03640921357233839 0.0 0.0 0.0 0.026710498196499257 0.0 4.5276725735843096e-05 0.0 0.0 0.0380763137092317 1.1101909006825726e-07 0.0 0.0 0.05910259057272988 0.0006444075765155661 0.0 0.0 0.010658258709719693 0.0001883431425913791 0.0 0.0 2.3952816915028164e-05 0.0016205944963210198 0.0 0.0 0.055554662741378484 1.827123733716466e-07 0.0 0.0 0.13961141539759908 0.006023005549335974 0.0 0.0 0.1949320275663248 0.027884748837762388 0.0 0.0 0.006633394132081015 0.0 1.7566153903374889e-07 0.0 0.0 0.0 4.3407147718853644e-07 0.0 0.0 0.0 3.2137917762902774e-12 0.0 0.0 0.0 1.610961847663197e-07 0.0 0.0 0.0 0.0 0.021200202521039064 0.0 0.0 0.0 0.051247264579835326 0.0 0.0 0.0 0.06682791730472731 0.0 0.0 0.0 0.029063680867810367 0.0 7.5978890730519e-09 0.0 0.0 0.0010844706367305482 7.315041159062638e-08 0.0 0.0 0.037998691468575464 0.006664909385221372 0.0 0.0 0.07988378854059146 0.011196014857124691 0.0 0.0 0.004273558979871386 0.002477313701080013 0.0 0.0 0.06848795081529749 3.307995642060972e-07 0.0 0.0 0.2526703160199121 0.010724656597666192 0.0 0.0 0.14673246461383063 0.08385167940698064 0.0 0.0 0.02703177301465346 0.0 0.022400136596261482 0.0 0.0 0.0 0.0 0.0 0.0 0.0 1.370415424887513e-07 0.0 0.0 0.0 0.012148188859567897 0.0 0.0 0.0 0.0 2.685418440344625e-08 0.0 0.0 0.0 0.0 0.0 0.0 0.0 6.76621680458207e-08 0.0 0.0 0.0 7.803298993548845e-07 0.0 0.0006080788211894374 0.0 0.0 0.02230875363194552 0.0 0.0 0.0 0.0 0.0027160134743888587 0.0 0.0 0.049201779135645676 0.02711870783179699 0.0 0.0 0.007617036430103194 0.002568154738243695 0.0 0.0 0.20078183851437603 0.0 0.0 0.0 0.0 0.008299000175907435 0.0 0.0 0.21953336531107323 0.18888406842120864 0.0 0.0 0.07506495457267467 0.0 0.16951220138627307 0.0 0.0 0.0 0.1598063150678482 0.0 0.0 0.0 6.829969974453787e-07 0.0 0.0 0.0 0.03493523211113385 0.0 0.0 0.0 0.0 0.03113769806046742 0.0 0.0 0.0 0.006280144355821089 0.0 0.0 0.0 0.006333189270095021 0.0 0.0 0.0 0.004058360543704053 0.0 0.0005215721663867499 0.0 0.0 0.010272809492783625 1.3434639723566776e-08 0.0 0.0 0.025188817920621193 1.4767829365615082e-05 0.0 0.0 0.0003385362353289549 6.795378200830568e-07 0.0 0.0 0.023496123320967083 0.0015294761588570565 0.0 0.0 0.03569323189143265 5.971594801708405e-08 0.0 0.0 0.05739163866132234 0.0009136709696682574 0.0 0.0 0.02348252634306977 0.02513018952696775 0.0 0.0 0.005629535892982386
0.0 0.0012774072426576162 0.0 0.0 0.0 0.00247935017375068 0.0 0.0 0.0 5.30903873159457e-08 0.0 0.0 0.0 0.0006115902463604898 0.0 0.0 0.0 0.0 0.07464839953956233 0.0 0.0 0.0 0.011997202928869646 0.0 0.0 0.0 0.12262279123364951 0.0 0.0 0.0 0.059022959916023125 0.0 6.664687518630349e-05 0.0 0.0 0.0023576683361433955 9.19320151614682e-13 0.0 0.0 0.03695305286068931 0.0001773449753478586 0.0 0.0 0.003364351025766014 0.0555587240925222 0.0 0.0 0.013012817043859315 0.00043093229894029523 0.0 0.0 0.01704740005778339 1.0356557567238188e-12 0.0 0.0 0.09231307556014536 0.0049953880340407285 0.0 0.0 0.10841120751649184 0.010649457568462277 0.0 0.0 0.004887132658182533 0.0 0.0 0.0 0.0 0.0 9.900340882698607e-08 0.0 0.0 0.0 7.345096427178491e-12 0.0 0.0 0.0 2.505464119082356e-07 0.0 0.0 0.0 0.0 0.0 0.0 0.0 0.0 0.019109966636974455 0.0 0.0 0.0 0.08337799395295545 0.0 0.0 0.0 0.03992748855558216 0.0 0.0 0.0 0.0 0.0 7.94914212960729e-14 0.0 0.0 2.496406411831102e-08 0.0015188497361015448 0.0 0.0 0.06221054153763925 0.03968264909640016 0.0 0.0 0.010517083061742904 0.0 0.0 0.0 0.0 9.122814839735232e-08 0.0 0.0 0.07671827251759801 0.016486738934859725 0.0 0.0 0.3634623747576021 0.08651604800740406 0.0 0.0 0.015013389433005382 0.0 0.020046332471077403 0.0 0.0 0.0 0.011658959504185268 0.0 0.0 0.0 4.1834891758778896e-07 0.0 0.0 0.0 0.02485626836448762 0.0 0.0 0.0 0.0 5.2294124866983496e-08 0.0 0.0 0.0 1.1844958366880332e-07 0.0 0.0 0.0 3.2418488652778155e-06 0.0 0.0 0.0 1.0118146432489162e-06 0.0 5.8696718847559835e-05 0.0 0.0 0.002038258935940892 6.798528506230101e-09 0.0 0.0 0.004639435992832695 0.007752294902026772 0.0 0.0 0.15745721695186227 0.09881937536683078 0.0 0.0 0.07174732361062545 0.0021762115247867357 0.0 0.0 0.16733735675576916 1.8523667522101177e-07 0.0 0.0 0.22327242989387786 0.02233443791502043 0.0 0.0 0.4353373433100841 0.3606651427295198 0.0 0.0 0.1626242857409428 0.0 0.2663331523733883 0.0 0.0 0.0 0.1282770404641673 0.0 0.0 0.0 3.877336645002387e-06 0.0 0.0 0.0 0.32580289201901 0.0 0.0 0.0 0.0 0.05910993088405538 0.0 0.0 0.0 0.08282186038059969 0.0 0.0 0.0 0.12697264858824772 0.0 0.0 0.0 0.08236656132336723 0.0 9.971968354320949e-05 0.0 0.0 0.003065067030684573 4.5937171108662496e-08 0.0 0.0 0.07677502580302875 0.0024344114492767842 0.0 0.0 0.08365749820120426 0.0006777412315453934 0.0 0.0 0.014608512273161671 0.001701206593311272 0.0 0.0 0.05300474083611044 2.035460813106253e-08 0.0 0.0 0.04752559728638157 0.0008624773636047832 0.0 0.0 0.121468677286978 0.06784782410052584 0.0 0.0 0.03575296797889299
0.0 0.0 0.0 0.0 0.0 0.0017641126821335493 0.0 0.0 0.0 3.2847343562709454e-08 0.0 0.0 0.0 0.0005920960881662936 0.0 0.0 0.0 0.0 0.0 0.0 0.0 0.0 0.03720821422469844 0.0 0.0 0.0 0.018589565749470318 0.0 0.0 0.0 0.1482735748197704 0.0 0.0 0.0 0.0 0.0 6.286013850783215e-08 0.0 0.0 0.03484501350921883 0.0006897046675156374 0.0 0.0 0.02263988973775742 0.006693174600305568 0.0 0.0 0.009417347992555898 0.0 0.0 0.0 0.0 1.0937413789250691e-07 0.0 0.0 0.04932515376668249 0.0032884822688782887 0.0 0.0 0.10872065775029689 0.012022256052020048 0.0 0.0 0.00771555007269638 0.0 1.6423765448355378e-07 0.0 0.0 0.0 5.530795967939503e-07 0.0 0.0 0.0 2.6843571585310146e-12 0.0 0.0 0.0 2.774773798011808e-07 0.0 0.0 0.0 0.0 0.020895500822281678 0.0 0.0 0.0 0.0076605649701842705 0.0 0.0 0.0 0.026672276782015277 0.0 0.0 0.0 0.029094478163699065 0.0 7.018120389465123e-09 0.0 0.0 0.019782969242343164 4.222908831071811e-08 0.0 0.0 0.026941026298621606 1.1431983282597935e-05 0.0 0.0 0.013929898237653927 4.963210848218027e-07 0.0 0.0 0.004218009043968316 0.0003458736662162531 0.0 0.0 0.0513324848261413 3.535178894953426e-07 0.0 0.0 0.18089712613438652 0.005687325909341403 0.0 0.0 0.13841306671053696 0.06629512991460676 0.0 0.0 0.05431994210052338 0.0 0.003797540582072381 0.0 0.0 0.0 0.0049540089778937835 0.0 0.0 0.0 1.83891861893319e-07 0.0 0.0 0.0 0.011243406547321722 0.0 0.0 0.0 0.0 7.47133138061381e-09 0.0 0.0 0.0 6.769567039000296e-08 0.0 0.0 0.0 5.0792319225996465e-08 0.0 0.0 0.0 2.7732971956219313e-06 0.0 0.0008670346180678741 0.0 0.0 0.01995040407969053 1.8466076734014282e-13 0.0 0.0 0.004181816126054724 0.00031616594454976455 0.0 0.0 0.00980369900243905 0.01761012494738047 0.0 0.0 0.0032127579604401203 0.000328244362728118 0.0 0.0 0.03662810209461457 6.446152482805133e-08 0.0 0.0 0.0832210425514289 0.0047773771354195265 0.0 0.0 0.2006021894631775 0.18510495099774082 0.0 0.0 0.0906826522924455 0.0 0.2227592496448373 0.0 0.0 0.0 0.07760414599855617 0.0 0.0 0.0 2.6419256875867166e-06 0.0 0.0 0.0 0.21685777926067598 0.0 0.0 0.0 0.0 0.05450787432655492 0.0 0.0 0.0 0.020015033483610042 0.0 0.0 0.0 0.004259951318037658 0.0 0.0 0.0 0.1499107002453412 0.0 0.0002929210585294277 0.0 0.0 0.03347275397252107 3.069204070051392e-07 0.0 0.0 0.08589921007032103 0.0024174887662092963 0.0 0.0 0.051535754604829564 0.12397270568797658 0.0 0.0 0.02969038544521231 0.0007119090304017195 0.0 0.0 0.026897624613932254 5.5433944735485703e-08 0.0 0.0 0.031980914322927996 0.001964902089456559 0.0 0.0 0.032176261108536636 0.10552497830864199 0.0 0.0 0.020542449741452876
0.0 0.0039145756828168595 0.0 0.0 0.0 0.0026290588025987965 0.0 0.0 0.0 6.781703732301254e-08 0.0 0.0 0.0 0.002086259043799874 0.0 0.0 0.0 0.0 0.005400657166729398 0.0 0.0 0.0 0.05640568539324127 0.0 0.0 0.0 0.09051719482939752 0.0 0.0 0.0 0.09229059881707777 0.0 3.2255998858756726e-10 0.0 0.0 2.3497892328797694e-08 1.6198576342485797e-08 0.0 0.0 0.006403419252862256 0.0002870312725576221 0.0 0.0 0.008030240819811758 0.0306846791473147 0.0 0.0 0.017501144169059624 0.0005889485855072134 0.0 0.0 0.06137194705769139 1.583498148515973e-07 0.0 0.0 0.07711396662930084 0.00929117561588318 0.0 0.0 0.1769788988981013 0.08447272461316628 0.0 0.0 0.02243112730577187 0.0 1.9334277547199113e-07 0.0 0.0 0.0 2.5023548869075935e-08 0.0 0.0 0.0 5.3582853025700464e-12 0.0 0.0 0.0 2.702500718396209e-07 0.0 0.0 0.0 0.0 0.040889317158583634 0.0 0.0 0.0 0.0008085226379030233 0.0 0.0 0.0 0.10946533533370412 0.0 0.0 0.0 0.03279373361607142 0.0 0.00015262698520300536 0.0 0.0 0.0053393429755340385 4.273361806726109e-08 0.0 0.0 0.015965635109230623 0.00037218624242439375 0.0 0.0 0.030804264929992643 0.047810019504702435 0.0 0.0 0.014984887838753654 0.0007780386711636659 0.0 0.0 0.05975470933653597 4.503459692833542e-08 0.0 0.0 0.01886380561770109 0.006444739061511736 0.0 0.0 0.13801808367979762 0.15105992980383515 0.0 0.0 0.03845576823935423 0.0 0.011696762126501564 0.0 0.0 0.0 0.007729313373485237 0.0 0.0 0.0 1.1897258869207407e-07 0.0 0.0 0.0 0.013710386591957845 0.0 0.0 0.0 0.0 3.644156094236176e-08 0.0 0.0 0.0 2.210067378799181e-06 0.0 0.0 0.0 3.0019046542380594e-08 0.0 0.0 0.0 8.031232562505515e-08 0.0 3.5362426432275475e-05 0.0 0.0 0.02631134277009851 2.7575817527762717e-08 0.0 0.0 0.031246172909868884 0.004472713383356087 0.0 0.0 0.08254442154107465 0.04323636314086277 0.0 0.0 0.043382356920083784 0.004187159411103187 0.0 0.0 0.1359597176072965 7.499852948060727e-08 0.0 0.0 0.139212581857913 0.007517400911360767 0.0 0.0 0.1549318482687633 0.13680539664877797 0.0 0.0 0.08360810179537938 0.0 0.22900260505435202 0.0 0.0 0.0 0.1735985115466293 0.0 0.0 0.0 2.170045327608589e-06 0.0 0.0 0.0 0.16968753845302334 0.0 0.0 0.0 0.0 0.01661654391376066 0.0 0.0 0.0 0.05821258822093577 0.0 0.0 0.0 0.031246200485446286 0.0 0.0 0.0 0.05853468267986418 0.0 0.0023401939055526354 0.0 0.0 0.10368399339784247 4.9942166835540435e-08 0.0 0.0 0.05307591088944595 0.001435887821282421 0.0 0.0 0.02528389019505277 0.00426425667755021 0.0 0.0 0.0011995497495219736 0.000547631038730881 0.0 0.0 0.03982787041234573 7.378863443240057e-08 0.0 0.0 0.0714936271781737 0.0033154467561571322 0.0 0.0 0.045630633166529544 0.06407669610277723 0.0 0.0 0.02297996174665047
0.0 0.0 0.0 0.0 0.0 0.0012965698797656638 0.0 0.0 0.0 1.1630220218220496e-08 0.0 0.0 0.0 0.005262097599712076 0.0 0.0 0.0 0.0 0.0 0.0 0.0 0.0 0.08351181916477525 0.0 0.0 0.0 3.9283364996335645e-08 0.0 0.0 0.0 0.07161043344865035 0.0 0.0 0.0 0.0 0.0 3.3311189217645265e-08 0.0 0.0 0.013916431092108257 3.049738617821162e-06 0.0 0.0 5.551245368463072e-05 0.013583760241433035 0.0 0.0 0.004319013717837156 0.0 0.0 0.0 0.0 5.975050433318848e-09 0.0 0.0 0.053470964803984444 0.0014191405750102431 0.0 0.0 0.02896141116447675 0.049604637379232264 0.0 0.0 0.0686942115307577 0.0 9.97367463331984e-07 0.0 0.0 0.0 8.356759501408686e-09 0.0 0.0 0.0 1.764857357112963e-11 0.0 0.0 0.0 4.1436111441509776e-08 0.0 0.0 0.0 0.0 0.005150392476485455 0.0 0.0 0.0 0.02282476040028963 0.0 0.0 0.0 0.031834755228845844 0.0 0.0 0.0 0.004281016745131722 0.0 8.279424222918281e-08 0.0 0.0 0.01618451356794285 3.247558149434648e-14 0.0 0.0 0.001264091592976376 0.004535031005640516 0.0 0.0 0.10086971701055786 3.4277214814529925e-13 0.0 0.0 3.708093601429357e-13 0.004906764716840654 0.0 0.0 0.12595307330389877 1.4551455845508048e-13 0.0 0.0 0.0063503044951711595 0.03591421372652377 0.0 0.0 0.5573862392997752 0.01182093494797568 0.0 0.0 0.014337171715442236 0.0 0.0 0.0 0.0 0.0 0.031786138088468224 0.0 0.0 0.0 9.324920852727414e-09 0.0 0.0 0.0 0.019174153402992396 0.0 0.0 0.0 0.0 0.0 0.0 0.0 0.0 4.664257133569619e-06 0.0 0.0 0.0 1.1791880422338492e-13 0.0 0.0 0.0 5.703249881781688e-07 0.0 0.0 0.0 0.0 0.0 7.573579940332741e-08 0.0 0.0 0.07480010211209906 0.0008645815049151734 0.0 0.0 0.007318866620554461 0.00674497014865654 0.0 0.0 0.0041547208240411485 0.0 0.0 0.0 0.0 9.237988883838293e-07 0.0 0.0 0.5935088874512284 0.002121443047646282 0.0 0.0 0.020134264347219957 0.13905301135281464 0.0 0.0 0.10482505755487899 0.0 0.15512129452932727 0.0 0.0 0.0 0.031008208525759265 0.0 0.0 0.0 5.2252396702402944e-06 0.0 0.0 0.0 0.08740584809953669 0.0 0.0 0.0 0.0 0.026727408078384664 0.0 0.0 0.0 0.01651219214990746 0.0 0.0 0.0 0.06204856171710201 0.0 0.0 0.0 0.010352906835794033 0.0 0.0011459381486001881 0.0 0.0 0.03307282111595331 6.725401579790503e-14 0.0 0.0 0.003798928243304053 0.0017248463028845373 0.0 0.0 0.03304622660013415 0.015916976203562746 0.0 0.0 0.004358404256263085 0.0005058934500148883 0.0 0.0 0.026939963440716936 8.356810166197111e-09 0.0 0.0 0.009558992414901107 0.0058001852287711975 0.0 0.0 0.14088827367443513 0.02156818556337716 0.0 0.0 0.012593503268339556
0.0 0.024586036681341107 0.0 0.0 0.0 0.0024237453217489445 0.0 0.0 0.0 2.777929860816501e-07 0.0 0.0 0.0 0.015040046171131947 0.0 0.0 0.0 0.0 0.005831185463145734 0.0 0.0 0.0 0.09173573760122278 0.0 0.0 0.0 0.09765767782848757 0.0 0.0 0.0 0.21227245306588668 0.0 5.6423096409818644e-05 0.0 0.0 0.0017708284812511792 1.7312808766792963e-13 0.0 0.0 8.699161595409023e-08 0.011644860942223011 0.0 0.0 0.09282911750632261 0.012535138549170734 0.0 0.0 0.008182357492431755 0.007041128053624402 0.0 0.0 0.15198281811375872 5.161855946122621e-08 0.0 0.0 0.09710879835621072 0.0318628572569934 0.0 0.0 0.5310788882311115 0.27023639385713016 0.0 0.0 0.15117308047760744 0.0 5.304501447755284e-07 0.0 0.0 0.0 1.452139911488155e-07 0.0 0.0 0.0 1.5164956761627903e-11 0.0 0.0 0.0 1.0544007180575048e-07 0.0 0.0 0.0 0.0 0.07147776362309914 0.0 0.0 0.0 0.08857827754214118 0.0 0.0 0.0 0.20437609083407624 0.0 0.0 0.0 0.09427030065578083 0.0 0.0033334768898402017 0.0 0.0 0.10494622532561353 6.112964128091206e-09 0.0 0.0 0.025688306383584485 0.004098045994070361 0.0 0.0 0.0699622991892501 0.10215521577553478 0.0 0.0 0.04087498285290289 0.007099388456686402 0.0 0.0 0.19567945503367795 2.5649323681323115e-08 0.0 0.0 0.07700165898752621 0.034205206066836864 0.0 0.0 0.7393346672930221 0.1189605087713579 0.0 0.0 0.02627572628341362 0.0 0.061253103834038564 0.0 0.0 0.0 0.025789162951794963 0.0 0.0 0.0 4.5008430705191917e-07 0.0 0.0 0.0 0.029546871771665647 0.0 0.0 0.0 0.0 1.1346825947279891e-07 0.0 0.0 0.0 3.004978545781077e-06 0.0 0.0 0.0 3.8697465535360336e-07 0.0 0.0 0.0 2.235235559476884e-07 0.0 0.000444926449292767 0.0 0.0 0.012655251316917136 1.4555803497835273e-07 0.0 0.0 0.07739533956146602 0.006402653021533472 0.0 0.0 0.07774340079792055 0.07742056495431825 0.0 0.0 0.05487052761215771 0.022001008477930656 0.0 0.0 0.5730850660669201 1.4142429376373016e-07 0.0 0.0 0.5662516751392231 0.024204188316958426 0.0 0.0 0.7523568103075151 0.34173442133131227 0.0 0.0 0.16586686042034882 0.0 0.3216573829932182 0.0 0.0 0.0 0.4146392740567398 0.0 0.0 0.0 5.952665358614348e-06 0.0 0.0 0.0 0.46598397696487937 0.0 0.0 0.0 0.0 0.049709750505093846 0.0 0.0 0.0 0.14906872697512327 0.0 0.0 0.0 0.013682994557687756 0.0 0.0 0.0 0.2981095283098439 0.0 0.0011431459082318868 0.0 0.0 0.15603097004524213 1.6822866020980747e-07 0.0 0.0 0.14597288717347784 0.0009019525981031747 0.0 0.0 0.10828729793790731 0.1341904536141315 0.0 0.0 0.05812563004931324 0.0009306086351919519 0.0 0.0 0.0443334015816151 1.4757280474685894e-07 0.0 0.0 0.15102668549608347 0.007326630417682997 0.0 0.0 0.15669780165755676 0.14505388982724043 0.0 0.0 0.04614704057177768
0.0 0.0015799731632253266 0.0 0.0 0.0 0.0021812272803426293 0.0 0.0 0.0 3.032960532984637e-08 0.0 0.0 0.0 0.0016904265850151807 0.0 0.0 0.0 0.0 0.0027554734327645946 0.0 0.0 0.0 0.05345430271732815 0.0 0.0 0.0 0.007525133795493384 0.0 0.0 0.0 0.06765353316302355 0.0 6.0984213004772474e-15 0.0 0.0 1.6909173504780327e-08 5.060697766987964e-13 0.0 0.0 0.03165476318391654 0.00012580852966753695 0.0 0.0 0.0026296836748876153 0.0005805595070644772 0.0 0.0 9.304581745416866e-05 1.0077278053285206e-08 0.0 0.0 0.03132670345440032 8.040372056814981e-08 0.0 0.0 0.05535833456157759 0.0026560925626964633 0.0 0.0 0.09404978221819332 0.05579769034733276 0.0 0.0 0.016833452727501454 0.0 0.0 0.0 0.0 0.0 2.166798225124932e-07 0.0 0.0 0.0 4.422505400698858e-12 0.0 0.0 0.0 2.601913229571267e-07 0.0 0.0 0.0 0.0 0.0 0.0 0.0 0.0 0.11788470268265894 0.0 0.0 0.0 0.055717153779746974 0.0 0.0 0.0 0.13675611497915136 0.0 0.0 0.0 0.0 0.0 4.809533640382639e-08 0.0 0.0 0.07843520188103129 0.008777258678897067 0.0 0.0 0.11718135486897635 0.05287419661190881 0.0 0.0 0.015747119627869736 0.0 0.0 0.0 0.0 8.161987539257706e-08 0.0 0.0 0.12463934237290636 0.009664825604088169 0.0 0.0 0.20094335446919562 0.14386903781942423 0.0 0.0 0.04303721817564957 0.0 0.017077046440274083 0.0 0.0 0.0 0.0018981864327670198 0.0 0.0 0.0 1.1878827898858774e-07 0.0 0.0 0.0 0.01152885907239639 0.0 0.0 0.0 0.0 3.568155160587755e-08 0.0 0.0 0.0 9.453981468002995e-13 0.0 0.0 0.0 1.0311018973031184e-08 0.0 0.0 0.0 1.0312879084677928e-07 0.0 4.879362061401965e-06 0.0 0.0 0.005595540886342857 2.695475638868205e-14 0.0 0.0 1.998619851481594e-08 0.0004747293664047442 0.0 0.0 0.008216669600367418 0.03133331202866835 0.0 0.0 0.017617146656189093 0.0033034840978722825 0.0 0.0 0.15232989871613717 4.061549104150276e-08 0.0 0.0 0.03376393000141895 0.008805495991962497 0.0 0.0 0.12515168408935892 0.15882881134398935 0.0 0.0 0.06598918406474899 0.0 0.11273142350511024 0.0 0.0 0.0 0.3062783410486251 0.0 0.0 0.0 0.0 0.0 0.0 0.0 0.2189136297507645 0.0 0.0 0.0 0.0 0.03232836850835981 0.0 0.0 0.0 0.10167617436308717 0.0 0.0 0.0 0.0 0.0 0.0 0.0 0.09778329252685608 0.0 0.0016778875637516982 0.0 0.0 0.0467272398622138 1.1495118848975255e-07 0.0 0.0 0.10404454231242631 0.0 0.0 0.0 0.0 0.12097502596900284 0.0 0.0 0.03541154883695987 0.0004653962572189321 0.0 0.0 0.020042746524432848 1.1118942305467902e-07 0.0 0.0 0.0942577257616638 0.0 0.0 0.0 0.0 0.07630069763239468 0.0 0.0 0.021210637873588137
0.0 0.0015053564812035852 0.0 0.0 0.0 0.001272353503556035 0.0 0.0 0.0 4.932229116377782e-08 0.0 0.0 0.0 0.002122101918141584 0.0 0.0 0.0 0.0 0.018762350805856653 0.0 0.0 0.0 0.07947378909639893 0.0 0.0 0.0 0.02765734196286404 0.0 0.0 0.0 0.05541784757092492 0.0 1.7870221774484056e-06 0.0 0.0 5.7851444135398935e-05 2.4109436240101433e-08 0.0 0.0 0.01621373809494646 0.0027435666495102006 0.0 0.0 0.037911016442676054 0.028453303562526688 0.0 0.0 0.008927749144351287 0.0004148038067629848 0.0 0.0 0.015055441410379707 5.9754517259091784e-09 0.0 0.0 0.04623045310227357 0.002623560580822114 0.0 0.0 0.17964760183544673 0.06369221945029352 0.0 0.0 0.020374733206340857 0.0 4.242454207218552e-08 0.0 0.0 0.0 1.5405245135318352e-07 0.0 0.0 0.0 5.355181802792184e-12 0.0 0.0 0.0 1.9836280750639762e-07 0.0 0.0 0.0 0.0 0.020226082952339977 0.0 0.0 0.0 0.012009152553379056 0.0 0.0 0.0 0.039241233251812134 0.0 0.0 0.0 0.0953942580292227 0.0 4.613485981665931e-15 0.0 0.0 1.285468511008483e-08 2.0888876118411632e-08 0.0 0.0 0.03973390922836669 0.005108983317475621 0.0 0.0 0.06953670976906896 0.028167548930384832 0.0 0.0 0.011196231167736983 4.9845993708375334e-09 0.0 0.0 0.015571447754344608 8.598743405349049e-08 0.0 0.0 0.05564945020103998 0.008456304718886415 0.0 0.0 0.23563267864255916 0.08113987364966299 0.0 0.0 0.03468502665379516 0.0 0.026370336682616454 0.0 0.0 0.0 0.009324124602321819 0.0 0.0 0.0 2.0018190084504816e-07 0.0 0.0 0.0 0.010914183311092252 0.0 0.0 0.0 0.0 1.263284085322744e-07 0.0 0.0 0.0 5.226852112843614e-08 0.0 0.0 0.0 1.0858265458475783e-06 0.0 0.0 0.0 1.7462066786688904e-07 0.0 0.00020486956028097815 0.0 0.0 0.010588695275217625 6.366339019502135e-14 0.0 0.0 0.0017665231681805406 0.001564733380608785 0.0 0.0 0.021932628487939157 0.026466735709404565 0.0 0.0 0.0191707676649125 0.002154543029546241 0.0 0.0 0.24706215688805622 1.200328331561046e-07 0.0 0.0 0.1678971347806585 0.020255580706793386 0.0 0.0 0.31422168112136956 0.15419156014818672 0.0 0.0 0.07563730630986214 0.0 0.15343559384768246 0.0 0.0 0.0 0.15627409462842465 0.0 0.0 0.0 1.1405072922006097e-06 0.0 0.0 0.0 0.19645166734340663 0.0 0.0 0.0 0.0 0.05532047638315462 0.0 0.0 0.0 0.06226042223829982 0.0 0.0 0.0 0.008462663869844055 0.0 0.0 0.0 0.0607456543326034 0.0 0.00132791251951968 0.0 0.0 0.017367776637416878 7.465108423745035e-08 0.0 0.0 0.058571965615817734 0.0018584565556768403 0.0 0.0 0.06145598994035456 0.05320835175421185 0.0 0.0 0.017767361600925926 0.0007959403023010514 0.0 0.0 0.02233543710353566 6.319997691871154e-08 0.0 0.0 0.04507169840103829 7.996095437967979e-05 0.0 0.0 0.03553456108399998 0.08013537609861529 0.0 0.0 0.021262680516426023
0.0 0.019563115901515323 0.0 0.0 0.0 0.0016342687161098582 0.0 0.0 0.0 1.7517893164090962e-07 0.0 0.0 0.0 0.0014724139327401862 0.0 0.0 0.0 0.0 0.10075988818302475 0.0 0.0 0.0 0.04447213024998607 0.0 0.0 0.0 0.044750653536905126 0.0 0.0 0.0 0.04225547290444591 0.0 0.000908571386969447 0.0 0.0 0.05066350893594215 5.918824662171387e-08 0.0 0.0 0.03998300956288167 0.000798188291905679 0.0 0.0 0.0169934346539245 0.002654459388378203 0.0 0.0 0.0005109532440040213 0.009021198511818807 0.0 0.0 0.4168968328175927 1.4199148622684573e-08 0.0 0.0 0.06336379701784298 0.016773559427740347 0.0 0.0 0.5184971046474559 0.08321993261293643 0.0 0.0 0.019340046851711038 0.0 1.0870392086491101e-07 0.0 0.0 0.0 3.494502909483125e-07 0.0 0.0 0.0 3.957061909993852e-12 0.0 0.0 0.0 1.9601675388598058e-08 0.0 0.0 0.0 0.0 0.0019752428221945363 0.0 0.0 0.0 0.08643018426114324 0.0 0.0 0.0 0.046613858811569694 0.0 0.0 0.0 1.9328338373593713e-08 0.0 1.0041922598556658e-09 0.0 0.0 1.8741440510288795e-08 8.59345087422643e-09 0.0 0.0 0.007897154654477349 0.008019311004928942 0.0 0.0 0.12208655483642727 0.029707938104050542 0.0 0.0 0.008287767944560463 0.0021821546873271 0.0 0.0 0.045660233685663326 1.716541712168995e-07 0.0 0.0 0.20457868925489792 0.01230756814034227 0.0 0.0 0.2593325440054221 0.009005364720794109 0.0 0.0 0.002816649945319726 0.0 0.04968488299195457 0.0 0.0 0.0 0.009961764446299266 0.0 0.0 0.0 4.1002499428875456e-07 0.0 0.0 0.0 0.013955159402159436 0.0 0.0 0.0 0.0 1.909516198799165e-07 0.0 0.0 0.0 1.1367371378172168e-07 0.0 0.0 0.0 1.9371587689364857e-07 0.0 0.0 0.0 1.5747612143402462e-07 0.0 0.000464048067630934 0.0 0.0 0.021186406272462443 9.843978627191946e-09 0.0 0.0 0.007907325920014228 0.001095374168754247 0.0 0.0 0.05754927809477981 0.009682258396893184 0.0 0.0 0.0027157505770100715 0.008423917323972208 0.0 0.0 0.5180536701292232 1.9523574963048549e-07 0.0 0.0 0.18140162945919885 0.031216297461856116 0.0 0.0 0.6574048412048177 0.21310349988422744 0.0 0.0 0.05944973213202004 0.0 0.16299003727697112 0.0 0.0 0.0 0.12376547358590123 0.0 0.0 0.0 0.0 0.0 0.0 0.0 0.12677623437310778 0.0 0.0 0.0 0.0 0.009776862695413106 0.0 0.0 0.0 0.045816778041470184 0.0 0.0 0.0 0.0 0.0 0.0 0.0 0.08661018657279952 0.0 0.00023503409785553597 0.0 0.0 0.04147997485046798 5.7111027676092334e-08 0.0 0.0 0.03973693553182254 0.0 0.0 0.0 0.0 0.040898985430561724 0.0 0.0 0.006514849259969788 0.001435048649530714 0.0 0.0 0.03317184065345456 3.5320702413433936e-08 0.0 0.0 0.03976951863276893 0.0 0.0 0.0 0.0 0.02525930669813852 0.0 0.0 0.012846995533854266
0.0 0.0038966157213266 0.0 0.0 0.0 0.0007239670794831363 0.0 0.0 0.0 4.6917007948406196e-08 0.0 0.0 0.0 0.007417079200697038 0.0 0.0 0.0 0.0 0.045172979219951656 0.0 0.0 0.0 0.08353515438088442 0.0 0.0 0.0 0.0496282526570156 0.0 0.0 0.0 0.5021642053602333 0.0 0.00011348188985662593 0.0 0.0 0.03513925401989619 1.5409056488784623e-14 0.0 0.0 0.0009287453818121878 0.00028116559725609104 0.0 0.0 0.009889729954437702 0.012384204794694476 0.0 0.0 0.002634388179595362 0.0004930317795352155 0.0 0.0 0.0984365662813038 3.658298860613718e-13 0.0 0.0 0.024763290504561095 0.011659638398232466 0.0 0.0 0.14844348117029427 0.3364805454215719 0.0 0.0 0.09182960738493257 0.0 0.0 0.0 0.0 0.0 0.0 0.0 0.0 0.0 9.024446218362387e-13 0.0 0.0 0.0 0.0 0.0 0.0 0.0 0.0 0.0 0.0 0.0 0.0 0.0 0.0 0.0 0.0 0.0027535261711614167 0.0 0.0 0.0 0.0 0.0 0.0 0.0 0.0 0.0 0.0 0.0 0.0 0.0 0.0022407121342953203 0.0 0.0 0.08129450785377516 0.0 0.0 0.0 0.0 0.0 0.0 0.0 0.0 0.0 0.0 0.0 0.0 0.0014590806467177963 0.0 0.0 0.05885371632264394 0.0 0.0 0.0 0.0 0.0 0.01110022188371716 0.0 0.0 0.0 0.0020295590916782806 0.0 0.0 0.0 0.0 0.0 0.0 0.0 0.01785168014753791 0.0 0.0 0.0 0.0 3.9894878016471815e-08 0.0 0.0 0.0 6.560718606784204e-08 0.0 0.0 0.0 0.0 0.0 0.0 0.0 2.0484718686419785e-06 0.0 0.00034183390238676274 0.0 0.0 0.04779168848336637 1.8363549739413457e-15 0.0 0.0 0.00010883861215038803 0.0 0.0 0.0 0.0 0.010750784026714342 0.0 0.0 0.002141996737050971 0.0013503711272467589 0.0 0.0 0.12266777362027506 5.193693243121408e-13 0.0 0.0 0.03451192247083808 0.0 0.0 0.0 0.0 0.2950365024888712 0.0 0.0 0.11402161751644523 0.0 0.6655037540130411 0.0 0.0 0.0 0.0 0.0 0.0 0.0 2.107056022333264e-06 0.0 0.0 0.0 0.0 0.0 0.0 0.0 0.0 0.016197950702734373 0.0 0.0 0.0 0.0 0.0 0.0 0.0 0.008753362933493648 0.0 0.0 0.0 0.0 0.0 0.007470527272720737 0.0 0.0 0.28277553933567473 0.0 0.0 0.0 0.0 0.013442897450921103 0.0 0.0 0.19611026978006493 0.0 0.0 0.0 0.0 0.002268462946768623 0.0 0.0 0.12529533920028105 0.0 0.0 0.0 0.0 0.0018979668955105716 0.0 0.0 0.07299648214297964 0.0 0.0 0.0 0.0
0.0 0.00379559433348574 0.0 0.0 0.0 0.003487585732357369 0.0 0.0 0.0 5.2126172518511e-08 0.0 0.0 0.0 0.0012329418199596475 0.0 0.0 0.0 0.0 0.0040283429726976575 0.0 0.0 0.0 0.07377415211659043 0.0 0.0 0.0 0.025591232830228156 0.0 0.0 0.0 0.11575014492272319 0.0 3.730837077393802e-09 0.0 0.0 0.007838065069890463 1.1731526853657818e-08 0.0 0.0 0.012830622571723047 0.0003936048374632821 0.0 0.0 0.006354157837535954 0.000824764299103895 0.0 0.0 0.0006699475189245815 3.2898851934404897e-08 0.0 0.0 0.0775924335700627 1.8018230671336206e-07 0.0 0.0 0.09641639281714667 0.008228913567399267 0.0 0.0 0.14594098395285193 0.02484549268471492 0.0 0.0 0.012100829714283012 0.0 4.6412441673939325e-07 0.0 0.0 0.0 8.553304117398636e-08 0.0 0.0 0.0 8.37127707301787e-12 0.0 0.0 0.0 1.2048835255652195e-07 0.0 0.0 0.0 0.0 0.00500793341054134 0.0 0.0 0.0 0.030743247079652845 0.0 0.0 0.0 0.03762662878194617 0.0 0.0 0.0 0.017182485700275283 0.0 0.002246261953662657 0.0 0.0 0.054341348089279415 2.9412151586596383e-08 0.0 0.0 0.007044689397616473 8.574512074362995e-09 0.0 0.0 0.005539092587730031 0.05357149666843268 0.0 0.0 0.03657682714266628 0.0035197873134712094 0.0 0.0 0.15247797445222155 1.3421377708466129e-07 0.0 0.0 0.05546628693958637 0.01625564386731354 0.0 0.0 0.37576616486731285 0.07880580237182429 0.0 0.0 0.03145703697204182 0.0 0.003713075207394887 0.0 0.0 0.0 0.024835721594971726 0.0 0.0 0.0 5.259023852026507e-08 0.0 0.0 0.0 0.0029069031808661196 0.0 0.0 0.0 0.0 7.179529487920794e-09 0.0 0.0 0.0 1.467336932263104e-06 0.0 0.0 0.0 1.5707305810640906e-12 0.0 0.0 0.0 3.9693338997150775e-08 0.0 1.9128921293870804e-09 0.0 0.0 6.605112266925972e-08 8.594778317948503e-09 0.0 0.0 0.01756423997918463 0.0002522291083889254 0.0 0.0 0.023771957760276918 0.016214918692089287 0.0 0.0 0.005580651841797101 0.0006892380610566953 0.0 0.0 0.026682435779945973 2.5433703326631507e-07 0.0 0.0 0.45495549522816936 0.00336046991189745 0.0 0.0 0.09695458739539488 0.11467079551926113 0.0 0.0 0.01605081203235664 0.0 0.2116347391769421 0.0 0.0 0.0 0.05708527603049175 0.0 0.0 0.0 1.4307004427048138e-06 0.0 0.0 0.0 0.08467811634372178 0.0 0.0 0.0 0.0 0.01987489403423667 0.0 0.0 0.0 0.047756306362917327 0.0 0.0 0.0 0.00016621232719688704 0.0 0.0 0.0 0.021020669108549227 0.0 0.0010160244261215338 0.0 0.0 0.024881186891137722 9.669315321514773e-09 0.0 0.0 0.029755182835884707 0.00298635783355584 0.0 0.0 0.05678889370253785 0.03169735287320641 0.0 0.0 0.006828331193127329 0.0010448237150820397 0.0 0.0 0.02131174948395663 1.5135159600704295e-08 0.0 0.0 0.02082733092594055 0.001434260151374386 0.0 0.0 0.03187731786071789 0.03276893914296568 0.0 0.0 0.009515536490080662
0.0 0.003067471830908243 0.0 0.0 0.0 0.0008816917457781579 0.0 0.0 0.0 1.0175713891711418e-07 0.0 0.0 0.0 0.006019772646690925 0.0 0.0 0.0 0.0 0.0062337001041430536 0.0 0.0 0.0 0.029937147376342135 0.0 0.0 0.0 0.06823129784835931 0.0 0.0 0.0 0.0692508166309779 0.0 1.8605023279173178e-09 0.0 0.0 0.003906930435871751 4.507335982932473e-19 0.0 0.0 2.0635719397123708e-08 0.0002241858110584638 0.0 0.0 0.010977045980859561 0.025280859169880578 0.0 0.0 0.008206727790112863 0.0013210290680518246 0.0 0.0 0.050558016401394956 5.923858658903712e-13 0.0 0.0 0.03426828994244008 0.015106654888907332 0.0 0.0 0.26344003706847324 0.16109559860158001 0.0 0.0 0.05558197366511867 0.0 3.377889861056235e-07 0.0 0.0 0.0 2.836294805537911e-07 0.0 0.0 0.0 2.2426570861879163e-12 0.0 0.0 0.0 1.2555518855061243e-07 0.0 0.0 0.0 0.0 0.0031175865652013374 0.0 0.0 0.0 0.029581527812886414 0.0 0.0 0.0 0.050952943436981715 0.0 0.0 0.0 0.013067105503242133 0.0 0.0008959710425737382 0.0 0.0 0.026250730491743524 6.392167110973216e-09 0.0 0.0 0.0007200101015528655 0.0019908272130281486 0.0 0.0 0.032966303392940634 0.02192353550256408 0.0 0.0 0.008198031397995124 0.0022698412715010485 0.0 0.0 0.09763983224173862 2.6513160012808877e-07 0.0 0.0 0.06732863148362117 0.0040363201806718615 0.0 0.0 0.1378586297271876 0.020656382885010306 0.0 0.0 0.033785543707308005 0.0 0.027407644983755766 0.0 0.0 0.0 0.01100686977515103 0.0 0.0 0.0 1.7677061193777792e-07 0.0 0.0 0.0 0.0041151063666342025 0.0 0.0 0.0 0.0 9.297043683921838e-08 0.0 0.0 0.0 1.3606439422007533e-06 0.0 0.0 0.0 8.308686198102214e-08 0.0 0.0 0.0 5.6691110511250105e-08 0.0 0.00021072448759785312 0.0 0.0 0.045192824335915545 4.89634105046531e-09 0.0 0.0 0.0014884087261522706 0.003357447677467783 0.0 0.0 0.0646586889076087 0.0026737598665139473 0.0 0.0 0.0017189142728122457 0.0035666439990192484 0.0 0.0 0.2816013925780716 4.4411916880306557e-07 0.0 0.0 0.18276436094186113 0.013989015387072708 0.0 0.0 0.2759739115251739 0.05881981184025041 0.0 0.0 0.030303075513986963 0.0 0.1431775073561723 0.0 0.0 0.0 0.08202916436554024 0.0 0.0 0.0 1.3148623580202658e-06 0.0 0.0 0.0 0.16244939605684933 0.0 0.0 0.0 0.0 0.039244392044223704 0.0 0.0 0.0 0.024744813656523274 0.0 0.0 0.0 0.00011644879820638325 0.0 0.0 0.0 0.09518157356127613 0.0 0.0013573562345525854 0.0 0.0 0.05354288676036858 1.3447037010382958e-09 0.0 0.0 0.027538654614242146 0.0014928936999601566 0.0 0.0 0.02920689326563483 0.0371944874172168 0.0 0.0 0.012827906401820402 0.00034747001671761715 0.0 0.0 0.022678986391453892 1.3713792793170739e-08 0.0 0.0 0.028405226557378333 0.0023324530379864815 0.0 0.0 0.031937146036726274 0.06345817619224113 0.0 0.0 0.01941135857582938
0.0 0.004016322751032865 0.0 0.0 0.0 0.0001905769318205514 0.0 0.0 0.0 1.1812942099387977e-07 0.0 0.0 0.0 0.0037192008879855785 0.0 0.0 0.0 0.0 0.027619184323953844 0.0 0.0 0.0 0.05254338295297166 0.0 0.0 0.0 0.09669443142357519 0.0 0.0 0.0 0.05549779444599077 0.0 8.024368179383921e-05 0.0 0.0 0.032021779889207035 8.291695873314297e-15 0.0 0.0 0.0005080256007746708 0.0045627118823186935 0.0 0.0 0.06347556585246857 0.013526692330192429 0.0 0.0 0.002932754694248415 0.002380150885743516 0.0 0.0 0.08587475402516916 1.398601410419522e-13 0.0 0.0 0.00755498873704508 0.015061021996608425 0.0 0.0 0.24578497027492882 0.06340484043557675 0.0 0.0 0.04330963987428638 0.0 0.0 0.0 0.0 0.0 6.042291114297249e-09 0.0 0.0 0.0 2.5199361085361534e-12 0.0 0.0 0.0 1.1832393629920561e-08 0.0 0.0 0.0 0.0 0.0 0.0 0.0 0.0 0.023239660553944105 0.0 0.0 0.0 0.046754603132153516 0.0 0.0 0.0 0.01861224526123593 0.0 0.0 0.0 0.0 0.0 6.69052075390891e-10 0.0 0.0 0.0012440769291327456 0.001510104897142781 0.0 0.0 0.05331241685071319 0.02115241143086233 0.0 0.0 0.0029521083853997175 0.0 0.0 0.0 0.0 2.8371470962030385e-09 0.0 0.0 0.005914740079812913 0.002850483654592623 0.0 0.0 0.1387602883539184 0.01498242561498239 0.0 0.0 0.0030977716978861027 0.0 0.027605300054605215 0.0 0.0 0.0 0.004846031251056134 0.0 0.0 0.0 2.0898686235101016e-07 0.0 0.0 0.0 0.014012122469670651 0.0 0.0 0.0 0.0 7.702245543564792e-07 0.0 0.0 0.0 3.495379226071944e-08 0.0 0.0 0.0 3.743259780664899e-07 0.0 0.0 0.0 1.7000679983106342e-07 0.0 0.0005610843082983637 0.0 0.0 0.03032815902595914 3.1556801681737253e-13 0.0 0.0 0.024168382477150314 0.0005424867268044371 0.0 0.0 0.0317436026979972 0.0319718584412005 0.0 0.0 0.031939235607771385 0.0032919086836312524 0.0 0.0 0.21179916170537216 1.7145605350542556e-12 0.0 0.0 0.09257949976149138 0.015377978732998095 0.0 0.0 0.2563202196431604 0.16471080442013603 0.0 0.0 0.09174916727960217 0.0 0.20073317034085342 0.0 0.0 0.0 0.08356989472216575 0.0 0.0 0.0 9.847419186792708e-07 0.0 0.0 0.0 0.11688674387786298 0.0 0.0 0.0 0.0 0.08948781938250373 0.0 0.0 0.0 0.004388040701594819 0.0 0.0 0.0 0.002431757704137577 0.0 0.0 0.0 0.03831046127967669 0.0 0.001053548799841704 0.0 0.0 0.05605570979982559 3.0289695564583475e-09 0.0 0.0 0.0036887256379056644 1.5266288234145713e-08 0.0 0.0 0.017425498161388598 0.02337507633886084 0.0 0.0 0.010822093960623027 0.000559282340951314 0.0 0.0 0.04729080178396496 1.1339857671885281e-08 0.0 0.0 0.029947273015026737 0.005700943094753194 0.0 0.0 0.03523777525427382 0.06806668467098947 0.0 0.0 0.016125323874407464
0.0 0.005064489490081625 0.0 0.0 0.0 0.002554667500607514 0.0 0.0 0.0 9.348338484700918e-08 0.0 0.0 0.0 0.0032485505852216812 0.0 0.0 0.0 0.0 0.016772810485148816 0.0 0.0 0.0 0.04583826400127345 0.0 0.0 0.0 0.12725352386227326 0.0 0.0 0.0 0.14135031826088434 0.0 0.001855733230392999 0.0 0.0 0.03195564651267839 2.614474804904579e-11 0.0 0.0 0.004115317097649871 0.0013372037789828703 0.0 0.0 0.028869886718675478 0.024139616566782027 0.0 0.0 0.01107025220011441 0.0024851630040262566 0.0 0.0 0.08936198082645276 5.875282562255471e-09 0.0 0.0 0.09498756904782267 0.013064444336710604 0.0 0.0 0.1982144066919251 0.07032312189479326 0.0 0.0 0.04485978758976593 0.0 0.0 0.0 0.0 0.0 2.6489551986254214e-08 0.0 0.0 0.0 3.6150839397194365e-12 0.0 0.0 0.0 1.0807607906321198e-07 0.0 0.0 0.0 0.0 0.0 0.0 0.0 0.0 0.02938623760410285 0.0 0.0 0.0 0.028974010914379275 0.0 0.0 0.0 0.06469481894803938 0.0 0.0 0.0 0.0 0.0 8.574916580064945e-10 0.0 0.0 0.00038828038469906705 0.001427295335356219 0.0 0.0 0.02713881111740192 0.06244602795641962 0.0 0.0 0.02156249457069245 0.0 0.0 0.0 0.0 1.3984256827339746e-08 0.0 0.0 0.007099396567092826 0.005708086749613435 0.0 0.0 0.15799553120280532 0.04880034803563818 0.0 0.0 0.023739937736302567 0.0 0.029995358662298535 0.0 0.0 0.0 0.006494878596007593 0.0 0.0 0.0 1.749828785695357e-07 0.0 0.0 0.0 0.01314754023199844 0.0 0.0 0.0 0.0 3.124693766404984e-07 0.0 0.0 0.0 3.360340079199094e-08 0.0 0.0 0.0 8.934098993870479e-08 0.0 0.0 0.0 9.645393778250385e-07 0.0 9.976711795260261e-05 0.0 0.0 0.016854159880928456 3.5926190146812266e-15 0.0 0.0 1.1185561412626809e-08 0.004315070770586866 0.0 0.0 0.04367807350680259 0.04451881788495464 0.0 0.0 0.020210080987418125 0.003976215283299523 0.0 0.0 0.20719187779651072 6.015915229646473e-08 0.0 0.0 0.06725292823026476 0.016762450625900583 0.0 0.0 0.30398369964479355 0.14594279880175465 0.0 0.0 0.07117144465205802 0.0 0.2961550684571997 0.0 0.0 0.0 0.11400549488035441 0.0 0.0 0.0 1.1344748515740436e-06 0.0 0.0 0.0 0.1634512027541514 0.0 0.0 0.0 0.0 0.08657053317689532 0.0 0.0 0.0 0.03773837501328384 0.0 0.0 0.0 0.0017816175669607781 0.0 0.0 0.0 0.05485579307386762 0.0 0.0018283235842613183 0.0 0.0 0.1152849380168437 2.236507931436607e-09 0.0 0.0 0.03313982932704982 0.0040149665223956545 0.0 0.0 0.03524092386254886 0.05752146537256156 0.0 0.0 0.01692318523286253 0.000622598839362968 0.0 0.0 0.05264787623336519 5.143040651723482e-08 0.0 0.0 0.03635998243556875 0.003409617051411526 0.0 0.0 0.029299652296222042 0.0894098457404056 0.0 0.0 0.02345202258529861
0.0 0.0 0.0 0.0 0.0 0.00224342309194432 0.0 0.0 0.0 3.420545343501413e-08 0.0 0.0 0.0 0.005893238867167572 0.0 0.0 0.0 0.0 0.0 0.0 0.0 0.0 0.06319876210528155 0.0 0.0 0.0 0.050550234066956294 0.0 0.0 0.0 0.44564800549682937 0.0 0.0 0.0 0.0 0.0 1.6301088333070084e-09 0.0 0.0 0.007428331322758577 5.48756460694399e-10 0.0 0.0 0.0008319435451625215 0.010129123144476046 0.0 0.0 0.0023656468004844135 0.0 0.0 0.0 0.0 1.4491352066085034e-07 0.0 0.0 0.07958101037292901 6.676454881982944e-08 0.0 0.0 0.10106939430566544 0.2984690108400636 0.0 0.0 0.06073401140831106 0.0 2.0821432664016244e-07 0.0 0.0 0.0 0.0 0.0 0.0 0.0 8.709895718917643e-13 0.0 0.0 0.0 2.244611072766071e-08 0.0 0.0 0.0 0.0 0.0029221763423734858 0.0 0.0 0.0 0.0 0.0 0.0 0.0 0.002506400232489045 0.0 0.0 0.0 0.0029678608415373243 0.0 0.0002005251608095388 0.0 0.0 0.00667864835073255 0.0 0.0 0.0 0.0 0.0011073662952953123 0.0 0.0 0.055212339396942166 0.0001067910471708432 0.0 0.0 2.1363088419164533e-05 0.0012231103161992243 0.0 0.0 0.08044633567748433 0.0 0.0 0.0 0.0 0.0013514543860657475 0.0 0.0 0.06178377843757112 0.022375794619566115 0.0 0.0 0.005018502644504425 0.0 0.0 0.0 0.0 0.0 0.003185153482918211 0.0 0.0 0.0 6.731330528052384e-08 0.0 0.0 0.0 0.00625665760684351 0.0 0.0 0.0 0.0 0.0 0.0 0.0 0.0 1.1709849800153751e-07 0.0 0.0 0.0 3.420545343501413e-08 0.0 0.0 0.0 7.602603217366012e-08 0.0 0.0 0.0 0.0 0.0 2.2048730522473744e-14 0.0 0.0 0.00017393985922752405 0.0015894571328105192 0.0 0.0 0.04896077693414577 0.002309736930061689 0.0 0.0 0.0003987239925719919 0.0 0.0 0.0 0.0 6.167154608684648e-08 0.0 0.0 0.05762139726240532 0.0033650659539675443 0.0 0.0 0.09853627189686044 0.22307476590632816 0.0 0.0 0.04237305172393982 0.0 0.5593967934547405 0.0 0.0 0.0 0.0029678608415373243 0.0 0.0 0.0 1.2581035390510187e-07 0.0 0.0 0.0 0.02206012924555451 0.0 0.0 0.0 0.0 0.017832870649373368 0.0 0.0 0.0 0.00012815413559000776 0.0 0.0 0.0 0.00037596634394077374 0.0 0.0 0.0 0.017695925084243523 0.0 0.005027883167499205 0.0 0.0 0.3526276870594514 2.15523236244924e-08 0.0 0.0 0.02617718825341 0.0018788881668707533 0.0 0.0 0.05377645836134298 0.004704922243095145 0.0 0.0 0.0037651943965931246 0.0016851775200573593 0.0 0.0 0.10010096751737034 8.937871031683089e-10 0.0 0.0 0.001217109010660542 0.00014957915475184534 0.0 0.0 0.004799651537356914 0.00858771894051488 0.0 0.0 0.00416677946461601
0.0 0.00254476563144617 0.0 0.0 0.0 0.0016126019294957228 0.0 0.0 0.0 7.916735092089689e-08 0.0 0.0 0.0 0.0027327293200444325 0.0 0.0 0.0 0.0 0.03278786113375518 0.0 0.0 0.0 0.025935630743693393 0.0 0.0 0.0 0.039675230616764465 0.0 0.0 0.0 0.020005799462943116 0.0 2.203454807151252e-10 0.0 0.0 0.0006670333410140078 7.85171451264367e-16 0.0 0.0 4.2973203240917704e-05 0.0005515229030751334 0.0 0.0 0.032578633990024024 0.015138498596592255 0.0 0.0 0.0020861551804783073 1.7732394885364576e-08 0.0 0.0 0.05369054017985135 1.0805506863444716e-12 0.0 0.0 0.06209901236129571 0.01247504138574039 0.0 0.0 0.24358362547933773 0.04688697692054575 0.0 0.0 0.03273679817113893 0.0 1.144716552235312e-07 0.0 0.0 0.0 1.0554858138945968e-07 0.0 0.0 0.0 4.107199626396447e-12 0.0 0.0 0.0 1.9208896518381116e-08 0.0 0.0 0.0 0.0 4.5108730883142634e-08 0.0 0.0 0.0 0.04667164559213296 0.0 0.0 0.0 0.035562377065721316 0.0 0.0 0.0 0.0392577577388917 0.0 5.775215383033887e-10 0.0 0.0 1.5578330859159023e-08 4.895826864631287e-08 0.0 0.0 0.06856747079948101 0.0014714962126411088 0.0 0.0 0.07569470827226256 0.0029086368649102047 0.0 0.0 0.0010370829441625378 0.0009569164014847825 0.0 0.0 0.028939647275212435 1.4364787840890105e-07 0.0 0.0 0.06414102193127177 0.018090118068818193 0.0 0.0 0.22794217333167807 0.012312221627574388 0.0 0.0 0.004277760441436046 0.0 0.036034097766731506 0.0 0.0 0.0 0.004931231258826772 0.0 0.0 0.0 2.8699312741257156e-07 0.0 0.0 0.0 0.010615870921260403 0.0 0.0 0.0 0.0 8.607104402737726e-08 0.0 0.0 0.0 4.399418948370745e-08 0.0 0.0 0.0 6.430380457358155e-07 0.0 0.0 0.0 1.1575211731213129e-07 0.0 0.0002357843720529242 0.0 0.0 0.02917451901742838 1.8095894270254177e-13 0.0 0.0 0.00811819588433925 0.0022279373753987743 0.0 0.0 0.032233155586033395 0.0031124603516673633 0.0 0.0 0.0008698898249271197 0.003991802506847148 0.0 0.0 0.2893245832211243 1.7294960396363545e-12 0.0 0.0 0.10653748651247685 0.018149013513300814 0.0 0.0 0.4257367941010649 0.14110951573861247 0.0 0.0 0.053569323301965246 0.0 0.07982554408732326 0.0 0.0 0.0 0.11494788676857298 0.0 0.0 0.0 5.226913109182836e-07 0.0 0.0 0.0 0.08725598800048578 0.0 0.0 0.0 0.0 0.01827682512124081 0.0 0.0 0.0 0.07707213987756263 0.0 0.0 0.0 0.001390607957344332 0.0 0.0 0.0 0.006853837324605796 0.0 0.0012731811341302704 0.0 0.0 0.032403862435915504 1.0564582855102504e-08 0.0 0.0 0.009739494351323482 5.442634997478983e-09 0.0 0.0 0.009347285184460331 0.014648079328374761 0.0 0.0 0.00367451199093271 0.0004324731035602174 0.0 0.0 0.01727181118250842 3.605951862984183e-08 0.0 0.0 0.037414347681925024 9.949800538653636e-09 0.0 0.0 0.019158308187384565 0.02759104815277975 0.0 0.0 0.009460232267499664
0.0 0.002256865575043682 0.0 0.0 0.0 0.0020755978085158803 0.0 0.0 0.0 5.7784868832182734e-08 0.0 0.0 0.0 0.004564789148674177 0.0 0.0 0.0 0.0 0.014731785751312145 0.0 0.0 0.0 0.020547455891415618 0.0 0.0 0.0 0.018087929492290704 0.0 0.0 0.0 0.04091680568730807 0.0 2.6623235044787054e-08 0.0 0.0 0.016202092449474893 1.661996722099267e-13 0.0 0.0 0.010623361762161294 0.004242845320688132 0.0 0.0 0.03233323532559064 0.002663139189675651 0.0 0.0 0.0008806076664570883 0.0008614562134199929 0.0 0.0 0.029222769981147256 5.2060871193871774e-08 0.0 0.0 0.030028529070502824 0.0034958731000043104 0.0 0.0 0.10002755046063994 0.09854174304295507 0.0 0.0 0.042257905045829054 0.0 8.61925917622528e-08 0.0 0.0 0.0 4.2796615799934416e-07 0.0 0.0 0.0 3.987984577879918e-12 0.0 0.0 0.0 1.4706125057416896e-07 0.0 0.0 0.0 0.0 0.0005924390084343746 0.0 0.0 0.0 0.0766321606705812 0.0 0.0 0.0 0.050406642475817914 0.0 0.0 0.0 0.025129592990307262 0.0 9.870344798144228e-20 0.0 0.0 2.8942696189007766e-13 3.284119628995562e-08 0.0 0.0 0.06276428149031053 0.005155951894290414 0.0 0.0 0.06833998392937989 0.02822336430035123 0.0 0.0 0.009837906346892952 9.443174096779996e-09 0.0 0.0 0.03104496365232685 2.073347970740476e-07 0.0 0.0 0.24025286925875522 0.008837307566330093 0.0 0.0 0.21527259539517535 0.06728812990125041 0.0 0.0 0.027708350884030147 0.0 0.025426164698555628 0.0 0.0 0.0 0.008381880018838328 0.0 0.0 0.0 1.924715897371155e-07 0.0 0.0 0.0 0.008929904807367904 0.0 0.0 0.0 0.0 4.70597477134621e-08 0.0 0.0 0.0 1.1054886349796035e-06 0.0 0.0 0.0 1.3365693573305965e-07 0.0 0.0 0.0 9.73978318009531e-08 0.0 0.0011956466083562214 0.0 0.0 0.015316458917160512 6.229684955534568e-08 0.0 0.0 0.022228516754841058 2.9141052297740772e-08 0.0 0.0 0.024469309308430894 0.015947021000638387 0.0 0.0 0.009286469645554457 0.006412569500703763 0.0 0.0 0.17311160129319178 1.8444402770395468e-07 0.0 0.0 0.12757574248089093 0.02026926833564784 0.0 0.0 0.27163605005450875 0.0689051760875656 0.0 0.0 0.055118822545124416 0.0 0.06660086035613548 0.0 0.0 0.0 0.1370811768448413 0.0 0.0 0.0 1.1333427491109926e-06 0.0 0.0 0.0 0.19654127619734296 0.0 0.0 0.0 0.0 0.05162103651795471 0.0 0.0 0.0 0.06996514010881143 0.0 0.0 0.0 0.02537287893652353 0.0 0.0 0.0 0.06307706165134595 0.0 0.00016031954847252198 0.0 0.0 0.02689840628782704 5.2369249492030825e-08 0.0 0.0 0.03070719467367151 7.141812015574681e-09 0.0 0.0 0.007047137349520351 0.05422238955823423 0.0 0.0 0.010088050798005956 0.0002672823797409314 0.0 0.0 0.0126395863939519 3.9556908127041295e-08 0.0 0.0 0.04698388111786679 0.002089334031560926 0.0 0.0 0.028764505791467096 0.06443348366039828 0.0 0.0 0.022925215993287326
0.0 0.003172533231294939 0.0 0.0 0.0 0.002304977067907182 0.0 0.0 0.0 5.809326505773871e-08 0.0 0.0 0.0 0.003984587144701589 0.0 0.0 0.0 0.0 0.03369644988232026 0.0 0.0 0.0 0.07055594763716655 0.0 0.0 0.0 0.02764916727140765 0.0 0.0 0.0 0.26575089411017383 0.0 4.0705141645623904e-06 0.0 0.0 0.0055007779060415865 7.481748662546266e-08 0.0 0.0 0.04978344244694673 0.0008220949194194788 0.0 0.0 0.02833626020767628 0.05972707683367805 0.0 0.0 0.03726563631001374 0.00142889409680374 0.0 0.0 0.062283268079631034 5.1431146260787e-08 0.0 0.0 0.08952749401985872 0.003272152500962706 0.0 0.0 0.11673025652436236 0.055585230784212535 0.0 0.0 0.037392547561663096 0.0 8.704457330617498e-08 0.0 0.0 0.0 0.0 0.0 0.0 0.0 4.0023543304042976e-12 0.0 0.0 0.0 6.742886948557078e-08 0.0 0.0 0.0 0.0 7.319108114864721e-05 0.0 0.0 0.0 0.0 0.0 0.0 0.0 0.02765046776842691 0.0 0.0 0.0 0.024013803865128285 0.0 0.000628989213054398 0.0 0.0 0.015314714504634447 0.0 0.0 0.0 0.0 0.0015882552947261309 0.0 0.0 0.046236714108560485 0.008483949911566424 0.0 0.0 0.0003680573427560166 0.000683615695557485 0.0 0.0 0.018661400364450388 0.0 0.0 0.0 0.0 0.004960146067230334 0.0 0.0 0.13173640417756596 0.05709899145822733 0.0 0.0 0.01612112370370843 0.0 0.006027392461254736 0.0 0.0 0.0 0.0034406137410651115 0.0 0.0 0.0 6.312129669573771e-08 0.0 0.0 0.0 0.018834723717465952 0.0 0.0 0.0 0.0 3.2614887704220716e-08 0.0 0.0 0.0 6.207422346042257e-07 0.0 0.0 0.0 8.72702475091626e-09 0.0 0.0 0.0 2.5252100822210294e-06 0.0 7.140765539079422e-15 0.0 0.0 8.726778358722701e-09 1.8751291376407543e-14 0.0 0.0 0.0006782122685142285 0.0004489270633342906 0.0 0.0 0.004410801818421419 0.03368314275440837 0.0 0.0 0.018300149896742775 3.233674010745849e-08 0.0 0.0 0.06469652966716938 1.298873960840078e-12 0.0 0.0 0.06660454905370583 0.00725138248967615 0.0 0.0 0.09397481049050285 0.1875564703293675 0.0 0.0 0.16596696293295743 0.0 0.3884524461639453 0.0 0.0 0.0 0.04599187190573155 0.0 0.0 0.0 3.066075665172586e-06 0.0 0.0 0.0 0.20190216622303844 0.0 0.0 0.0 0.0 0.1476697603770704 0.0 0.0 0.0 0.0020641119958967422 0.0 0.0 0.0 0.002221598761366025 0.0 0.0 0.0 0.05250460395307121 0.0 0.00479370597735517 0.0 0.0 0.14102414738629357 2.176667917038994e-08 0.0 0.0 0.009567657084351824 0.007424534686109266 0.0 0.0 0.12085647065816157 0.029610673895037326 0.0 0.0 0.04078152760125585 0.0019228477034861646 0.0 0.0 0.058739048363641716 6.4608154641844e-09 0.0 0.0 0.013100326593362594 0.0025353000196241394 0.0 0.0 0.04376901931616722 0.20257604103133667 0.0 0.0 0.03841695375095937
0.0 0.0017294309871155713 0.0 0.0 0.0 0.0013592254934517254 0.0 0.0 0.0 9.286416785430032e-08 0.0 0.0 0.0 0.004958749131442778 0.0 0.0 0.0 0.0 0.0033948729543034828 0.0 0.0 0.0 0.004978975665755849 0.0 0.0 0.0 0.18283663910245793 0.0 0.0 0.0 0.10742810723628571 0.0 2.746730926655822e-10 0.0 0.0 1.9354588901000164e-08 9.019467459417776e-19 0.0 0.0 4.997586846024605e-13 0.002449019935736873 0.0 0.0 0.021228019601967563 0.04080936983406005 0.0 0.0 0.01986524211799309 0.0004467857404782822 0.0 0.0 0.035296661896242705 5.558332470046381e-08 0.0 0.0 0.034529514464370026 0.012127043723433149 0.0 0.0 0.19003689684625713 0.12877166354370156 0.0 0.0 0.0659768090031352 0.0 2.8094414214932926e-08 0.0 0.0 0.0 1.2121576880805944e-08 0.0 0.0 0.0 3.942974204716709e-12 0.0 0.0 0.0 1.285761951854502e-07 0.0 0.0 0.0 0.0 0.01668946811651751 0.0 0.0 0.0 0.03139800237194356 0.0 0.0 0.0 0.07579191263323576 0.0 0.0 0.0 0.026861874437723 0.0 0.0005390276715466467 0.0 0.0 0.017080447804120304 1.2547393670895861e-09 0.0 0.0 0.0015082851217927886 3.807581358715222e-05 0.0 0.0 0.09381320554834549 0.032412526892484916 0.0 0.0 0.007229941896196707 0.0001795618590518628 0.0 0.0 0.006379237661751512 5.90740217790849e-09 0.0 0.0 0.007961464429947275 0.010877490159738889 0.0 0.0 0.18728925670776816 0.07748466675642925 0.0 0.0 0.019481946270579153 0.0 0.025984079192879487 0.0 0.0 0.0 0.008823927572516434 0.0 0.0 0.0 2.3199808043263268e-07 0.0 0.0 0.0 0.019163733635118595 0.0 0.0 0.0 0.0 2.710685596996947e-07 0.0 0.0 0.0 6.256958534792314e-08 0.0 0.0 0.0 9.493590928046978e-07 0.0 0.0 0.0 2.598047844356864e-06 0.0 0.0007000518864126126 0.0 0.0 0.07768393991637386 2.6852685043964613e-09 0.0 0.0 0.010627358146510944 0.009082134340845994 0.0 0.0 0.10685726988392347 0.05276952219049546 0.0 0.0 0.02101693476796486 0.0034319858952155126 0.0 0.0 0.21914184169977521 2.3876065855824546e-08 0.0 0.0 0.18488748118706316 0.014171052736131609 0.0 0.0 0.19683053134114206 0.1607047915939704 0.0 0.0 0.11415236063122478 0.0 0.2709250566843937 0.0 0.0 0.0 0.14876749288507785 0.0 0.0 0.0 3.556178890948042e-06 0.0 0.0 0.0 0.22752128338145247 0.0 0.0 0.0 0.0 0.06426705898013864 0.0 0.0 0.0 0.14546276858316287 0.0 0.0 0.0 0.020107712723009236 0.0 0.0 0.0 0.025168145033318344 0.0 0.0023316255810673925 0.0 0.0 0.055810284004379734 1.6958888314909426e-09 0.0 0.0 0.014281975425574864 0.0030959822372961508 0.0 0.0 0.028622332507481824 0.026533039590068527 0.0 0.0 0.03753303752448846 0.0004184595677325261 0.0 0.0 0.055792998463710504 8.263983014361093e-08 0.0 0.0 0.05929761963708387 0.002131173451825133 0.0 0.0 0.06864255652370285 0.10533324790472991 0.0 0.0 0.02745672984736478
0.0 0.006949263491564879 0.0 0.0 0.0 0.0034457121377691243 0.0 0.0 0.0 6.546899776398251e-08 0.0 0.0 0.0 0.001635519907121638 0.0 0.0 0.0 0.0 0.07333667337133642 0.0 0.0 0.0 0.04967382155283989 0.0 0.0 0.0 0.02846804156999821 0.0 0.0 0.0 0.0450512803732453 0.0 0.0010726979868221124 0.0 0.0 0.024742912057458336 8.935947268479319e-08 0.0 0.0 0.03961190033605366 0.0010279690531589385 0.0 0.0 0.040682708341542674 0.010358054191092118 0.0 0.0 0.0031213005631059764 0.004079442167456503 0.0 0.0 0.13208121792384478 2.5566332457623804e-07 0.0 0.0 0.11924765207421263 0.006274901477694757 0.0 0.0 0.1658085210870906 0.07244542774422671 0.0 0.0 0.0188022965952601 0.0 3.7117460852551586e-07 0.0 0.0 0.0 1.7563652175703796e-07 0.0 0.0 0.0 4.126326215634285e-12 0.0 0.0 0.0 9.847862434883862e-08 0.0 0.0 0.0 0.0 0.019174840393227876 0.0 0.0 0.0 0.003235091251933249 0.0 0.0 0.0 0.09770079338769558 0.0 0.0 0.0 0.003880555170461776 0.0 9.324658264320633e-05 0.0 0.0 0.004787179727212657 4.412977397678621e-08 0.0 0.0 0.016367605958793 0.0019022529315262204 0.0 0.0 0.04899560436753669 8.095941840349194e-08 0.0 0.0 2.229960909594897e-08 0.0006280498432274008 0.0 0.0 0.12673019165313215 1.2063783691543915e-07 0.0 0.0 0.10152806588438264 0.01176043207258427 0.0 0.0 0.2030342277342554 0.06564294452021567 0.0 0.0 0.02132462619610182 0.0 0.016826716702526435 0.0 0.0 0.0 0.010301145484471735 0.0 0.0 0.0 1.7948947339379212e-07 0.0 0.0 0.0 0.00967718238770416 0.0 0.0 0.0 0.0 5.944999738876899e-08 0.0 0.0 0.0 9.092069394642155e-08 0.0 0.0 0.0 4.264129645307846e-08 0.0 0.0 0.0 9.186963842211433e-08 0.0 3.889568094353963e-05 0.0 0.0 0.006919461184799251 6.145912762770105e-13 0.0 0.0 0.02821793056694826 0.004816091607241212 0.0 0.0 0.07068481842885574 0.017145248320543174 0.0 0.0 0.003904940356850709 0.0038716151561404896 0.0 0.0 0.15403990707445503 1.0472974951371439e-07 0.0 0.0 0.17346015942119453 0.010300962578483808 0.0 0.0 0.21702566400275308 0.11781744702273068 0.0 0.0 0.06343452116620543 0.0 0.17275346549871998 0.0 0.0 0.0 0.11024424694455584 0.0 0.0 0.0 0.0 0.0 0.0 0.0 0.03946097013925028 0.0 0.0 0.0 0.0 0.028106058674144813 0.0 0.0 0.0 0.019237033231046162 0.0 0.0 0.0 0.0 0.0 0.0 0.0 0.0034306790075094473 0.0 0.0010408576418745703 0.0 0.0 0.031876909547013714 1.1131510434375963e-08 0.0 0.0 0.006332452295990007 0.0 0.0 0.0 0.0 0.009534550839901332 0.0 0.0 0.0035778249645648935 0.0012057559463455833 0.0 0.0 0.03756193556519468 1.9641598264984747e-08 0.0 0.0 0.0458828920041615 0.0 0.0 0.0 0.0 0.029514928984398007 0.0 0.0 0.005329373688807137
0.0 0.0 0.0 0.0 0.0 0.0010448598938693967 0.0 0.0 0.0 5.9361324875649984e-08 0.0 0.0 0.0 0.0032847861860074014 0.0 0.0 0.0 0.0 0.0 0.0 0.0 0.0 0.019278882563188455 0.0 0.0 0.0 0.03911305822299209 0.0 0.0 0.0 0.023819938605994708 0.0 0.0 0.0 0.0 0.0 1.2964616104153102e-12 0.0 0.0 0.014941164827827352 4.245688796749496e-08 0.0 0.0 7.054845792868347e-07 7.925590764443312e-08 0.0 0.0 6.530582988646089e-08 0.0 0.0 0.0 0.0 8.00433632122426e-13 0.0 0.0 0.03786507297563543 0.015017740676505693 0.0 0.0 0.16525833458556272 0.07808604611506281 0.0 0.0 0.0410690450564326 0.0 0.0 0.0 0.0 0.0 2.1138591115233353e-07 0.0 0.0 0.0 5.553217507933637e-12 0.0 0.0 0.0 2.6275988322434367e-07 0.0 0.0 0.0 0.0 0.0 0.0 0.0 0.0 0.02180686394938239 0.0 0.0 0.0 0.03610527281329326 0.0 0.0 0.0 0.0347457094021008 0.0 0.0 0.0 0.0 0.0 1.2103094265454904e-08 0.0 0.0 0.00458935378288841 0.003037161762801624 0.0 0.0 0.03210468621853901 0.03256075433430797 0.0 0.0 0.015753263253464808 0.0 0.0 0.0 0.0 1.957669264078162e-07 0.0 0.0 0.0832983334057237 0.007165984612288049 0.0 0.0 0.2506718057693037 0.05027050325432162 0.0 0.0 0.04949445765246543 0.0 0.026993391587119674 0.0 0.0 0.0 0.013324882215106162 0.0 0.0 0.0 5.031565265454755e-07 0.0 0.0 0.0 0.03332310073609349 0.0 0.0 0.0 0.0 1.0570740843973699e-06 0.0 0.0 0.0 1.117011325150266e-06 0.0 0.0 0.0 2.1891078375803974e-06 0.0 0.0 0.0 3.025103801960678e-06 0.0 0.0016601691134037508 0.0 0.0 0.05797651458842938 7.788600958672058e-08 0.0 0.0 0.05814944821690913 0.003795707279966135 0.0 0.0 0.030355954493185632 0.011816584954496992 0.0 0.0 0.0036908390306811777 0.0023457854049663434 0.0 0.0 0.2401079934137754 1.166791147724212e-07 0.0 0.0 0.1479142987793878 0.027506182057252748 0.0 0.0 0.3405543553496279 0.11703213880461365 0.0 0.0 0.19978421268340035 0.0 0.05521848780505559 0.0 0.0 0.0 0.07828789266988974 0.0 0.0 0.0 6.825773644450077e-06 0.0 0.0 0.0 0.26514406665469353 0.0 0.0 0.0 0.0 0.0149410002582442 0.0 0.0 0.0 0.0469583679312001 0.0 0.0 0.0 0.09222477541895885 0.0 0.0 0.0 0.1505422869092242 0.0 0.00024110716104104235 0.0 0.0 0.028446564127709593 4.050488875355852e-08 0.0 0.0 0.06469368069592275 0.0021063769225357397 0.0 0.0 0.04848381998077547 0.03996355214532258 0.0 0.0 0.027533400196108285 8.264376179053671e-05 0.0 0.0 0.010765167280085322 3.1209216912971214e-08 0.0 0.0 0.02944992777673431 0.015012681926607912 0.0 0.0 0.20781542129056527 0.06983709436329995 0.0 0.0 0.03201944183229173
0.0 0.01508107382297112 0.0 0.0 0.0 0.004183843246287734 0.0 0.0 0.0 9.192652748793488e-08 0.0 0.0 0.0 0.003473838213310347 0.0 0.0 0.0 0.0 0.10826697846278854 0.0 0.0 0.0 0.09001612910770108 0.0 0.0 0.0 0.11207757934391646 0.0 0.0 0.0 0.010685856053722895 0.0 0.0021010943257081045 0.0 0.0 0.06856419837168234 8.858878506381015e-09 0.0 0.0 0.004141565170056065 0.012697147717369872 0.0 0.0 0.08211122269221584 0.022207296088888287 0.0 0.0 0.00466821963637069 0.01137085680443351 0.0 0.0 0.27885646540528325 2.1613323929219255e-07 0.0 0.0 0.14377857108027073 0.011470789006658638 0.0 0.0 0.2658838365061784 0.11005525376083317 0.0 0.0 0.042605803124021326 0.0 4.763724293133651e-07 0.0 0.0 0.0 2.0841727876764125e-07 0.0 0.0 0.0 2.3894989931871447e-12 0.0 0.0 0.0 1.6634578551185776e-07 0.0 0.0 0.0 0.0 0.042351296983124155 0.0 0.0 0.0 0.00523397934308929 0.0 0.0 0.0 0.044300112794533136 0.0 0.0 0.0 0.04235580072427439 0.0 4.2419772062079614e-05 0.0 0.0 0.005698511676117595 6.686639246658053e-08 0.0 0.0 0.04432286020019642 1.0549232840082225e-07 0.0 0.0 0.08006623599786651 0.004024187840783694 0.0 0.0 0.000769620160432761 0.00189075393797635 0.0 0.0 0.14371280813543727 1.5527489087287925e-07 0.0 0.0 0.14413899677529887 0.007509805296787777 0.0 0.0 0.15866814073181476 0.15860502665989115 0.0 0.0 0.03636553186526586 0.0 0.030990452782755192 0.0 0.0 0.0 0.01512727227499381 0.0 0.0 0.0 5.28321228469387e-07 0.0 0.0 0.0 0.021083576369933202 0.0 0.0 0.0 0.0 4.660689008369174e-07 0.0 0.0 0.0 1.8854289125520057e-06 0.0 0.0 0.0 1.2135483051580471e-06 0.0 0.0 0.0 4.0583128429945767e-07 0.0 0.0009071619202813909 0.0 0.0 0.04678754017905731 1.6637015698276836e-08 0.0 0.0 0.01645569828404254 0.0046752164585018175 0.0 0.0 0.08881291950215534 0.019284694808419944 0.0 0.0 0.005577940987681211 0.0049866883543374825 0.0 0.0 0.25529615772967446 2.059992437778963e-07 0.0 0.0 0.25895932169151176 0.022714758873978686 0.0 0.0 0.36803603048869726 0.14947772144565005 0.0 0.0 0.14354412759203808 0.0 0.2749745399899733 0.0 0.0 0.0 0.11780873329479397 0.0 0.0 0.0 3.3506272573901127e-06 0.0 0.0 0.0 0.12573771649031237 0.0 0.0 0.0 0.0 0.045872011346356184 0.0 0.0 0.0 0.039672052183185896 0.0 0.0 0.0 0.026122283090400527 0.0 0.0 0.0 0.04648539303316865 0.0 0.00016593544279107096 0.0 0.0 0.0077297289698140485 1.7855984387332603e-07 0.0 0.0 0.04055726566994521 0.004571797737304108 0.0 0.0 0.058857681914292206 0.008719243670230957 0.0 0.0 0.0025057837010171334 0.001273936651506703 0.0 0.0 0.05737638135385208 6.53887983247681e-08 0.0 0.0 0.04408203849986616 0.003562209165981377 0.0 0.0 0.10057894434191109 0.04615046383915648 0.0 0.0 0.012521732862547864
0.0 0.0020107182666169576 0.0 0.0 0.0 0.002512760777090248 0.0 0.0 0.0 9.707438580990074e-08 0.0 0.0 0.0 0.0020708128312715334 0.0 0.0 0.0 0.0 0.03198353997312044 0.0 0.0 0.0 0.031851225646759754 0.0 0.0 0.0 0.1323798225954798 0.0 0.0 0.0 0.07998755690190766 0.0 4.683406036706375e-10 0.0 0.0 0.0009076939479667898 1.3694454108622192e-10 0.0 0.0 5.2183493089504e-05 0.00022963109837827598 0.0 0.0 0.032166368367378434 0.02191753258251079 0.0 0.0 0.003346076560131803 0.00043788390970207096 0.0 0.0 0.03875613483676522 1.0507712083745707e-07 0.0 0.0 0.07672768197276326 0.011070491037483074 0.0 0.0 0.30577740394322317 0.091348022570084 0.0 0.0 0.023617912761630517 0.0 1.3450999751078995e-07 0.0 0.0 0.0 1.0030911110120533e-07 0.0 0.0 0.0 2.956923839075793e-12 0.0 0.0 0.0 1.5770353307776807e-07 0.0 0.0 0.0 0.0 0.0007190014827353473 0.0 0.0 0.0 0.021069523691169018 0.0 0.0 0.0 0.05572073698536812 0.0 0.0 0.0 0.017183893362703238 0.0 6.492942820298493e-09 0.0 0.0 0.02358451332624335 8.82346471911647e-09 0.0 0.0 0.004344848038007388 1.7199064804253794e-08 0.0 0.0 0.025780224606305465 0.01694305544165213 0.0 0.0 0.004388444547745572 1.4059270710065823e-08 0.0 0.0 0.04979230153132235 5.684802287522914e-08 0.0 0.0 0.04868143369273703 0.0005384740597799525 0.0 0.0 0.1772964470553171 0.07892324985264736 0.0 0.0 0.03075314189674286 0.0 0.02889464218293744 0.0 0.0 0.0 0.006233978734468713 0.0 0.0 0.0 5.170721183388338e-07 0.0 0.0 0.0 0.01174858222729083 0.0 0.0 0.0 0.0 8.302235672610217e-07 0.0 0.0 0.0 1.330080901940815e-07 0.0 0.0 0.0 2.4932594272528675e-07 0.0 0.0 0.0 2.2733711267561794e-07 0.0 0.0005407290560706758 0.0 0.0 0.06132748201957204 9.10473675762089e-08 0.0 0.0 0.09068272002249475 0.0034033313405626812 0.0 0.0 0.036688773335470215 0.00498837715157172 0.0 0.0 0.0014635440486312004 0.0038215492118618 0.0 0.0 0.2758946243185512 9.806465807044233e-08 0.0 0.0 0.08832290762920096 0.02561542798968156 0.0 0.0 0.7122994006626012 0.16027962292864611 0.0 0.0 0.08085554621553977 0.0 0.24529665015771573 0.0 0.0 0.0 0.08594631570130566 0.0 0.0 0.0 7.304964390135579e-07 0.0 0.0 0.0 0.041486169119864094 0.0 0.0 0.0 0.0 0.0259161149753177 0.0 0.0 0.0 0.02212023612940728 0.0 0.0 0.0 0.004068667463615861 0.0 0.0 0.0 0.003200652717129876 0.0 0.0010983674272943935 0.0 0.0 0.042336278986244064 2.032724293137128e-08 0.0 0.0 0.04494727010071703 1.2532408256602577e-08 0.0 0.0 8.28176665833584e-08 0.006970940212006762 0.0 0.0 0.002162419580164066 0.0006958383238814735 0.0 0.0 0.05513660714210709 1.2200777062691065e-08 0.0 0.0 0.03222607404683033 0.003921845990751755 0.0 0.0 0.029056646400374576 0.015344381920087309 0.0 0.0 0.004931407853259992
0.0 0.014674135077511611 0.0 0.0 0.0 0.006465481253383452 0.0 0.0 0.0 7.96507778929404e-08 0.0 0.0 0.0 0.0060726256124294005 0.0 0.0 0.0 0.0 0.03939106969865716 0.0 0.0 0.0 0.08137787830138318 0.0 0.0 0.0 0.03913139012929774 0.0 0.0 0.0 0.22711557342892555 0.0 0.0029428366462225307 0.0 0.0 0.052677648639944695 1.9812141294408024e-08 0.0 0.0 0.007513770087665287 0.0003301112963258269 0.0 0.0 0.004284269312678666 0.006856783020487863 0.0 0.0 0.0013687460200147961 0.005064710818274036 0.0 0.0 0.22345997795326375 4.268808698742228e-07 0.0 0.0 0.24285280249843053 0.016329016447518815 0.0 0.0 0.24055658101573335 0.14237482627065157 0.0 0.0 0.06715861742598894 0.0 4.7166499010732635e-07 0.0 0.0 0.0 0.0 0.0 0.0 0.0 5.448558395268826e-12 0.0 0.0 0.0 4.694340365112924e-08 0.0 0.0 0.0 0.0 0.028572626437421887 0.0 0.0 0.0 0.0 0.0 0.0 0.0 0.03962697868326878 0.0 0.0 0.0 0.014906520336728563 0.0 0.0009243400150652019 0.0 0.0 0.033563577390600216 0.0 0.0 0.0 0.0 0.0022141362430381202 0.0 0.0 0.06586634043794802 0.004502057688395151 0.0 0.0 0.0001743990826371897 0.00347125669512017 0.0 0.0 0.15894131368605152 0.0 0.0 0.0 0.0 0.010833599369362141 0.0 0.0 0.1820903931132665 0.08037922708540758 0.0 0.0 0.01277454180805242 0.0 0.01686869377101553 0.0 0.0 0.0 0.006892884102363859 0.0 0.0 0.0 4.836133846845235e-08 0.0 0.0 0.0 0.013355119341255573 0.0 0.0 0.0 0.0 5.4207417545076436e-08 0.0 0.0 0.0 5.114342519913598e-07 0.0 0.0 0.0 5.693748944791456e-13 0.0 0.0 0.0 1.7332753287585605e-07 0.0 0.001858609257991068 0.0 0.0 0.05210810431737523 1.2454386577024707e-09 0.0 0.0 0.0025610470038348564 0.0009025527853910156 0.0 0.0 0.010002233994403227 0.010285751577578798 0.0 0.0 0.0035946403730027316 0.006858891663561362 0.0 0.0 0.18535816365343 4.2651451124362136e-08 0.0 0.0 0.1408612374888256 0.0034287744002982744 0.0 0.0 0.0608242524210827 0.19583632582046498 0.0 0.0 0.0775594374124971 0.0 0.35547261104474637 0.0 0.0 0.0 0.06974776010167191 0.0 0.0 0.0 6.109522068673989e-07 0.0 0.0 0.0 0.01883536612512346 0.0 0.0 0.0 0.0 0.00801043449198438 0.0 0.0 0.0 0.02586646112204873 0.0 0.0 0.0 0.0025545717418796955 0.0 0.0 0.0 0.004692663411551739 0.0 0.004861990357259749 0.0 0.0 0.15474812391383755 5.05349736363885e-13 0.0 0.0 0.007661066752960461 0.0023680781215785545 0.0 0.0 0.07707567135766334 0.006116598024912637 0.0 0.0 0.0022939587025436465 0.0012296861406082453 0.0 0.0 0.07694004975622792 2.8023436016418958e-08 0.0 0.0 0.04704040792554362 0.0007104769124606848 0.0 0.0 0.030027383858835393 0.003970740162218442 0.0 0.0 0.0016696045551916133
0.0 0.0013585866057814605 0.0 0.0 0.0 0.005682243958399218 0.0 0.0 0.0 1.2215647774593274e-07 0.0 0.0 0.0 0.0029555659250447906 0.0 0.0 0.0 0.0 0.03740409453477129 0.0 0.0 0.0 0.15450563901127448 0.0 0.0 0.0 0.030644621382109948 0.0 0.0 0.0 0.05136636279825771 0.0 3.4898651593969926e-05 0.0 0.0 0.0010573855811360517 9.485395449781142e-08 0.0 0.0 0.02566392885008599 4.832608278246819e-09 0.0 0.0 0.00010846325645525781 0.01892604674841947 0.0 0.0 0.019657408133666208 0.0002473548784853345 0.0 0.0 0.008402561781280777 6.603013121431548e-08 0.0 0.0 0.20218708356054563 0.010220200702043176 0.0 0.0 0.2985607619016477 0.0709998347945003 0.0 0.0 0.03011430973230702 0.0 4.6819454646003734e-07 0.0 0.0 0.0 5.215124549736105e-08 0.0 0.0 0.0 1.640273543272328e-11 0.0 0.0 0.0 8.077732661242446e-08 0.0 0.0 0.0 0.0 0.0020413547842878725 0.0 0.0 0.0 0.0015834878215764579 0.0 0.0 0.0 0.1267536207366433 0.0 0.0 0.0 0.0037554987762563313 0.0 0.000649768516361031 0.0 0.0 0.02349343084935189 2.6349245743992374e-08 0.0 0.0 0.006211145301306375 0.007905884149409011 0.0 0.0 0.12962009260594046 2.984245667388392e-08 0.0 0.0 1.1807623374741894e-08 0.0029230953944983677 0.0 0.0 0.11640652836010101 1.5403920851686118e-07 0.0 0.0 0.040710016370466305 0.04908453164023438 0.0 0.0 0.850753039644543 0.030998316460343626 0.0 0.0 0.01375094436904223 0.0 0.040238090328269964 0.0 0.0 0.0 0.03658136210769352 0.0 0.0 0.0 1.679181825499036e-07 0.0 0.0 0.0 0.006165889950618228 0.0 0.0 0.0 0.0 9.481037230983802e-08 0.0 0.0 0.0 1.7129441577375562e-07 0.0 0.0 0.0 4.927436191106499e-08 0.0 0.0 0.0 4.602387344060085e-08 0.0 0.00014702727468254718 0.0 0.0 0.0199935523882227 1.9555733841541144e-08 0.0 0.0 0.06624740725944088 0.0004862313607874044 0.0 0.0 0.01273958731171592 0.058394273410671785 0.0 0.0 0.008295699641079136 0.0040015090682687165 0.0 0.0 0.37216366442762366 3.035134473578213e-07 0.0 0.0 0.7217537308310995 0.011724851820708622 0.0 0.0 0.21757352247948794 0.17723980301751718 0.0 0.0 0.04093358015453341 0.0 0.23232357259781553 0.0 0.0 0.0 0.09462093662096752 0.0 0.0 0.0 0.0 0.0 0.0 0.0 0.0652475625197948 0.0 0.0 0.0 0.0 0.02600268677848825 0.0 0.0 0.0 0.011791091295507523 0.0 0.0 0.0 0.0 0.0 0.0 0.0 0.036575321098788666 0.0 7.383816244794449e-06 0.0 0.0 0.03896301275256041 1.1131195340539924e-12 0.0 0.0 0.04888266408562383 0.0 0.0 0.0 0.0 0.002975156428446315 0.0 0.0 0.0008690116131876976 0.001985481045568454 0.0 0.0 0.0402520372406647 6.227317195918152e-13 0.0 0.0 0.03872483612836071 0.0 0.0 0.0 0.0 0.03265861103622249 0.0 0.0 0.007188983402706604
0.0 0.02728021772338922 0.0 0.0 0.0 0.005475583234723632 0.0 0.0 0.0 8.686904927395497e-08 0.0 0.0 0.0 0.006761336638673523 0.0 0.0 0.0 0.0 0.015483973998461718 0.0 0.0 0.0 0.16609755003086057 0.0 0.0 0.0 0.1212990119800807 0.0 0.0 0.0 0.07854912936608698 0.0 0.001356667510087066 0.0 0.0 0.044880596341559 2.1482147080627303e-08 0.0 0.0 0.02598304697192565 0.0006052055361319515 0.0 0.0 0.010871867392474706 0.033140703186105604 0.0 0.0 0.005672302489809779 0.014947905117690253 0.0 0.0 0.4930860660494879 1.5862720535805195e-07 0.0 0.0 0.20046725748025446 0.01179542443169946 0.0 0.0 0.20369906938929117 0.21585363071967792 0.0 0.0 0.05804651542676299 0.0 5.139495214869027e-07 0.0 0.0 0.0 1.429048233653877e-07 0.0 0.0 0.0 5.142071811223852e-12 0.0 0.0 0.0 2.444295542309894e-07 0.0 0.0 0.0 0.0 0.045532655511501964 0.0 0.0 0.0 0.03163890581785429 0.0 0.0 0.0 0.012491535470401502 0.0 0.0 0.0 0.06891278566163712 0.0 0.004701875670088336 0.0 0.0 0.07988520312787668 2.418453759400167e-14 0.0 0.0 0.0009401500942892551 0.004045544456808148 0.0 0.0 0.07373392429590218 0.06450496469243376 0.0 0.0 0.01453299873344189 0.007389172825182332 0.0 0.0 0.16100829228616678 9.484685675753798e-08 0.0 0.0 0.06692661079293134 0.008806870568469663 0.0 0.0 0.24919279080200363 0.1405127802248434 0.0 0.0 0.059806891856816806 0.0 0.017320114548198193 0.0 0.0 0.0 0.015814042490269936 0.0 0.0 0.0 1.6283418697488227e-07 0.0 0.0 0.0 0.0059707625789891215 0.0 0.0 0.0 0.0 7.906471520724159e-08 0.0 0.0 0.0 8.938970150571102e-08 0.0 0.0 0.0 5.9074314474642864e-08 0.0 0.0 0.0 2.2179647133053008e-08 0.0 0.0028995112910008437 0.0 0.0 0.07558303650498126 5.1029465163780166e-08 0.0 0.0 0.03425309985660811 0.0006950360716730674 0.0 0.0 0.01478710004670431 0.0038606725840551383 0.0 0.0 0.0017120991403087814 0.00626532557552743 0.0 0.0 0.19644964638591467 4.850754964809336e-07 0.0 0.0 0.24844994552879643 0.013157001386861933 0.0 0.0 0.2698783539565968 0.057263886962035375 0.0 0.0 0.03069846101174365 0.0 0.3398842271163176 0.0 0.0 0.0 0.13728611383157796 0.0 0.0 0.0 0.0 0.0 0.0 0.0 0.12909716963379472 0.0 0.0 0.0 0.0 0.0614937243652372 0.0 0.0 0.0 0.044608115832448086 0.0 0.0 0.0 0.0 0.0 0.0 0.0 0.03916708387308314 0.0 0.0022626086241598 0.0 0.0 0.13064322635192196 1.9724283572601567e-08 0.0 0.0 0.05509452879030393 0.0 0.0 0.0 0.0 0.0062337635738710755 0.0 0.0 0.0020206308075735027 0.0008613798416988831 0.0 0.0 0.06189026044133969 7.050356255702078e-08 0.0 0.0 0.06152886468816149 0.0 0.0 0.0 0.0 0.05521520713663208 0.0 0.0 0.017030906116993528
0.0 0.007284228189546602 0.0 0.0 0.0 0.0030648266697257762 0.0 0.0 0.0 1.1801858333721941e-07 0.0 0.0 0.0 0.0029411537627523597 0.0 0.0 0.0 0.0 0.01519694774647722 0.0 0.0 0.0 0.10530138085883141 0.0 0.0 0.0 0.16561633205360846 0.0 0.0 0.0 0.13969431603473345 0.0 1.0305950562084276e-08 0.0 0.0 0.012714217947878808 4.836265253449742e-08 0.0 0.0 0.021161643058726004 0.0009352253935665986 0.0 0.0 0.02203503106854638 0.02643664817199719 0.0 0.0 0.00360839219910694 0.0018852202312692851 0.0 0.0 0.15675114676236163 2.0788404577016344e-08 0.0 0.0 0.11276179424101476 0.01792423078723238 0.0 0.0 0.27806849063717304 0.13518254245599498 0.0 0.0 0.0313425469465121 0.0 3.931516032180099e-07 0.0 0.0 0.0 3.778726286389988e-07 0.0 0.0 0.0 4.549666589119453e-12 0.0 0.0 0.0 3.3419998876558197e-07 0.0 0.0 0.0 0.0 0.004203019487476255 0.0 0.0 0.0 0.07526465341563555 0.0 0.0 0.0 0.022128921023640884 0.0 0.0 0.0 0.011587862069484908 0.0 0.00010033762073258366 0.0 0.0 0.003254211895930399 6.015229297225577e-08 0.0 0.0 0.06645196617805875 0.009789661570463517 0.0 0.0 0.06967220870857385 0.056738363431993226 0.0 0.0 0.014673390351058297 0.0030937351187554445 0.0 0.0 0.13472213111311515 4.788693352321664e-07 0.0 0.0 0.19748806308314595 0.012108114764008188 0.0 0.0 0.22550669349986094 0.09811147621692866 0.0 0.0 0.06117828770990125 0.0 0.021371769134386275 0.0 0.0 0.0 0.022439113155562476 0.0 0.0 0.0 1.24334840656505e-07 0.0 0.0 0.0 0.013400716595051196 0.0 0.0 0.0 0.0 5.5341514733854255e-08 0.0 0.0 0.0 7.144585005564681e-08 0.0 0.0 0.0 1.8570646439080049e-07 0.0 0.0 0.0 1.1911992428328468e-06 0.0 0.00013964011061742097 0.0 0.0 0.005895577542419903 2.6725791274554652e-08 0.0 0.0 0.07660864026566856 0.002360074368985421 0.0 0.0 0.12949046016621454 0.009255599271726015 0.0 0.0 0.0022062357941272743 0.004313851514993539 0.0 0.0 0.21056882033542318 4.933382954203382e-07 0.0 0.0 0.2401572546399293 0.01205470625414306 0.0 0.0 0.19530004874044898 0.24449341689636925 0.0 0.0 0.06984843981458048 0.0 0.38745919776294657 0.0 0.0 0.0 0.09052469847308905 0.0 0.0 0.0 1.2613350983528351e-06 0.0 0.0 0.0 0.17222112768502554 0.0 0.0 0.0 0.0 0.06040452813112445 0.0 0.0 0.0 0.04011409418974916 0.0 0.0 0.0 0.038210815461836654 0.0 0.0 0.0 0.049833894460107594 0.0 0.001103021776879798 0.0 0.0 0.10641794790986868 6.5720949778648095e-09 0.0 0.0 0.037043638713753865 0.0005083416371861872 0.0 0.0 0.015081496647824601 0.026977234879701818 0.0 0.0 0.013985575626258843 0.0010313251772027963 0.0 0.0 0.07353723558830079 3.326336002976902e-08 0.0 0.0 0.026149299971436942 0.001531368444255246 0.0 0.0 0.041582602065540965 0.05301100393144839 0.0 0.0 0.023176762988554835
0.0 0.0 0.0 0.0 0.0 0.0009126524358184103 0.0 0.0 0.0 2.5558843270307375e-08 0.0 0.0 0.0 0.002973840150340344 0.0 0.0 0.0 0.0 0.0 0.0 0.0 0.0 0.03807724556826106 0.0 0.0 0.0 0.0971668908816667 0.0 0.0 0.0 0.054544752859709826 0.0 0.0 0.0 0.0 0.0 2.4755669332511486e-08 0.0 0.0 0.021922815271905618 0.0006431124659233753 0.0 0.0 0.007711147024037778 0.00450543679497625 0.0 0.0 0.0006351335310705364 0.0 0.0 0.0 0.0 2.4969373386536243e-08 0.0 0.0 0.029682175814793887 0.003073515671159583 0.0 0.0 0.04239687309140544 0.04718687974042634 0.0 0.0 0.01094720867790559 0.0 2.128111769365207e-08 0.0 0.0 0.0 7.148805992123327e-08 0.0 0.0 0.0 1.0265769808231794e-12 0.0 0.0 0.0 2.3591843749444734e-07 0.0 0.0 0.0 0.0 0.007121268799627077 0.0 0.0 0.0 0.0262405729217476 0.0 0.0 0.0 0.04555358934413485 0.0 0.0 0.0 0.019242505723177462 0.0 0.0005099515182353164 0.0 0.0 0.017672564185754622 2.606076413650006e-10 0.0 0.0 0.0003421700658433897 9.205303335970187e-06 0.0 0.0 0.000102022062166255 0.06714235853753912 0.0 0.0 0.023262517038922535 0.00012281054176280253 0.0 0.0 0.004771696612109722 5.214477764207717e-08 0.0 0.0 0.03381375899617828 0.002899295287752996 0.0 0.0 0.04203082681740506 0.12509516047871247 0.0 0.0 0.03704203875067593 0.0 0.0011837884373782617 0.0 0.0 0.0 0.006006543788682863 0.0 0.0 0.0 4.423818403438719e-09 0.0 0.0 0.0 0.005244947545478407 0.0 0.0 0.0 0.0 3.0370684175087497e-09 0.0 0.0 0.0 1.3487990291688401e-08 0.0 0.0 0.0 1.4077077433867284e-09 0.0 0.0 0.0 2.176970507079058e-06 0.0 0.0008908586867592036 0.0 0.0 0.016629429854565066 1.9403821234974168e-08 0.0 0.0 0.00842726804745053 0.00202619714176105 0.0 0.0 0.02301926274809353 0.1095300968625429 0.0 0.0 0.05827335778866655 0.0005241722113077063 0.0 0.0 0.010970060711528585 1.6581343943266838e-07 0.0 0.0 0.07616092827443736 0.0003750999159008758 0.0 0.0 0.004777747301325638 0.07198417252643197 0.0 0.0 0.026750064753838104 0.0 0.1886050795911416 0.0 0.0 0.0 0.09123866907612581 0.0 0.0 0.0 2.164919585280915e-06 0.0 0.0 0.0 0.4301211909372658 0.0 0.0 0.0 0.0 0.02829639800688739 0.0 0.0 0.0 0.04472295699440591 0.0 0.0 0.0 0.07607600890015079 0.0 0.0 0.0 0.29458091415107845 0.0 0.0014309266563885489 0.0 0.0 0.04958182758128188 1.763158632103747e-08 0.0 0.0 0.0456884375771584 0.0009214126275376231 0.0 0.0 0.019457665616553935 0.18088061277344622 0.0 0.0 0.06030829260723889 0.0004077985305484471 0.0 0.0 0.033661099019824385 2.3709366695143557e-08 0.0 0.0 0.029738085581607447 0.0024874457819864604 0.0 0.0 0.05204686684722203 0.10757600521497444 0.0 0.0 0.04387056304446367
0.0 0.033047407524198665 0.0 0.0 0.0 0.00716161377755976 0.0 0.0 0.0 6.739561371972885e-08 0.0 0.0 0.0 0.004004779062506023 0.0 0.0 0.0 0.0 0.058370396095515205 0.0 0.0 0.0 0.06333583612780551 0.0 0.0 0.0 0.05412249024526914 0.0 0.0 0.0 0.04166713508841211 0.0 0.003703841512874249 0.0 0.0 0.08074210667381468 1.9620488300247696e-08 0.0 0.0 0.00900338232882441 0.00048388838833174434 0.0 0.0 0.008912245422320879 0.03494907433312883 0.0 0.0 0.010253419162074402 0.026847848924342985 0.0 0.0 0.5215643769345875 3.486866744887168e-07 0.0 0.0 0.21020919052478088 0.010801692019572156 0.0 0.0 0.21539000759502588 0.10269589516581112 0.0 0.0 0.04785502307651188 0.0 6.002906947785937e-07 0.0 0.0 0.0 1.481293110598875e-07 0.0 0.0 0.0 2.3801918507709243e-12 0.0 0.0 0.0 2.213579619654435e-07 0.0 0.0 0.0 0.0 0.0793086036226135 0.0 0.0 0.0 0.07734380412626521 0.0 0.0 0.0 0.03986719448603988 0.0 0.0 0.0 0.04200711816265345 0.0 0.0006550914398558684 0.0 0.0 0.019534055180551273 8.655444747585783e-09 0.0 0.0 0.008433065685356827 0.007912535129101473 0.0 0.0 0.15689560666939986 0.0023799754711552657 0.0 0.0 0.0006836353625423065 0.003994891017945802 0.0 0.0 0.18621714951447202 1.1282585613140488e-07 0.0 0.0 0.10736312128852171 0.00679488331283154 0.0 0.0 0.12652523664406942 0.11831469388710092 0.0 0.0 0.029754616469341588 0.0 0.02141413956003015 0.0 0.0 0.0 0.003916735912586999 0.0 0.0 0.0 2.868405454363472e-07 0.0 0.0 0.0 0.023096255537886797 0.0 0.0 0.0 0.0 3.948674885920992e-08 0.0 0.0 0.0 2.7672811268259974e-06 0.0 0.0 0.0 2.0591580818236513e-07 0.0 0.0 0.0 2.6657042287361293e-07 0.0 0.0023261548209454926 0.0 0.0 0.04041706059393807 1.0705849399106527e-08 0.0 0.0 0.010948319701030171 0.003669909045947816 0.0 0.0 0.07729357734574645 0.0064328262466319015 0.0 0.0 0.0019629800153696405 0.005991405074278993 0.0 0.0 0.219561591530192 7.227556013575096e-08 0.0 0.0 0.0817022244792242 0.014847768718277999 0.0 0.0 0.2421837083774965 0.2402125247029506 0.0 0.0 0.11457566834824945 0.0 0.16839368400955293 0.0 0.0 0.0 0.2222446452292586 0.0 0.0 0.0 2.925015567393259e-06 0.0 0.0 0.0 0.1626131402444611 0.0 0.0 0.0 0.0 0.010368938237147496 0.0 0.0 0.0 0.044070740704143435 0.0 0.0 0.0 0.04906094782834173 0.0 0.0 0.0 0.08621376943318325 0.0 0.0010723340676021178 0.0 0.0 0.07150865223361916 1.8348980362903789e-07 0.0 0.0 0.04158376041608465 0.0013896313235802098 0.0 0.0 0.026686098142667217 0.007343491841799377 0.0 0.0 0.020304137739515327 0.0006946382752524596 0.0 0.0 0.03767214424295915 1.3183889958224743e-07 0.0 0.0 0.07838105974332125 0.002527109913406446 0.0 0.0 0.06518848330950364 0.04092591285026208 0.0 0.0 0.020595004134600973
0.0 0.0022169841037792916 0.0 0.0 0.0 0.0027891946391250754 0.0 0.0 0.0 5.014955986254281e-08 0.0 0.0 0.0 0.001879802155409874 0.0 0.0 0.0 0.0 0.028938312310528774 0.0 0.0 0.0 0.07333999954277023 0.0 0.0 0.0 0.014117247721855939 0.0 0.0 0.0 0.17058131659248815 0.0 2.994498664978832e-05 0.0 0.0 0.0021291604863152673 1.4970867411528162e-10 0.0 0.0 0.030949553999846235 4.9961807559271555e-09 0.0 0.0 8.444302671823717e-08 0.0028426893642651513 0.0 0.0 0.00079137930936769 0.00018428908547396425 0.0 0.0 0.041588692313784904 4.952531559401135e-08 0.0 0.0 0.08063966035956409 0.0019708773629938587 0.0 0.0 0.17163019354271275 0.0669815308714582 0.0 0.0 0.019729123209872804 0.0 2.3901861307161926e-07 0.0 0.0 0.0 0.0 0.0 0.0 0.0 9.857927109769523e-12 0.0 0.0 0.0 6.259779492986455e-08 0.0 0.0 0.0 0.0 0.0018674325460795716 0.0 0.0 0.0 0.0 0.0 0.0 0.0 0.08501846785719469 0.0 0.0 0.0 0.02909144173528388 0.0 1.3400434198854389e-14 0.0 0.0 3.280728799074538e-13 0.0 0.0 0.0 0.0 0.003647428632296826 0.0 0.0 0.09558732803130413 0.007684961918253606 0.0 0.0 0.0029000213561053245 0.0026856921710586078 0.0 0.0 0.07053401955043925 0.0 0.0 0.0 0.0 0.02566976376920739 0.0 0.0 0.5409508445654585 0.025008190545352634 0.0 0.0 0.01040270513374159 0.0 0.012401991577903504 0.0 0.0 0.0 0.021297977371866877 0.0 0.0 0.0 2.61469547564724e-07 0.0 0.0 0.0 0.008662129615346782 0.0 0.0 0.0 0.0 1.996525480516937e-12 0.0 0.0 0.0 2.508952253955489e-07 0.0 0.0 0.0 1.7014464210662656e-07 0.0 0.0 0.0 1.947855627914012e-08 0.0 1.6348990700126492e-09 0.0 0.0 0.006179475063202421 1.263476524476761e-07 0.0 0.0 0.07127052192974485 9.311933241022814e-09 0.0 0.0 0.009654764744064747 0.010790562284606791 0.0 0.0 0.001439794796944473 3.1393379916541444e-08 0.0 0.0 0.13159326690168244 1.1267785043722682e-07 0.0 0.0 0.4330426937833836 0.00734858739338112 0.0 0.0 0.39597681501235693 0.262744234735517 0.0 0.0 0.05425648387842248 0.0 0.27235766146734725 0.0 0.0 0.0 0.0877136355097163 0.0 0.0 0.0 1.288914549524196e-07 0.0 0.0 0.0 0.025571603824591324 0.0 0.0 0.0 0.0 0.005937072876755405 0.0 0.0 0.0 0.027381124690984655 0.0 0.0 0.0 0.00019937038935532837 0.0 0.0 0.0 0.0008000126684974482 0.0 0.0026614448686438975 0.0 0.0 0.08354262847857673 5.4809595204169823e-14 0.0 0.0 0.0021427981144396344 0.0035801575509856864 0.0 0.0 0.06806039133050498 0.029006622676451568 0.0 0.0 0.01147873033388757 0.0013246269077554587 0.0 0.0 0.047157173476847045 1.2925052567934921e-08 0.0 0.0 0.032937195332815986 0.00014553101768584849 0.0 0.0 0.003101804106545123 0.005701672516746423 0.0 0.0 0.002528741266357657
0.0 0.0023066507644356653 0.0 0.0 0.0 0.0013455120717768988 0.0 0.0 0.0 3.0657478519967806e-08 0.0 0.0 0.0 0.0034870489320330844 0.0 0.0 0.0 0.0 0.004353344015720074 0.0 0.0 0.0 0.028287993613527476 0.0 0.0 0.0 0.07787616852228797 0.0 0.0 0.0 0.05979112729859343 0.0 5.272252548963217e-09 0.0 0.0 3.819923913128408e-07 2.3487866080078847e-15 0.0 0.0 0.00021967826546969886 0.00010369309154431598 0.0 0.0 0.0035271694765454244 0.003042312204152299 0.0 0.0 0.0008577818032955376 0.0002971599183221077 0.0 0.0 0.04724071538717821 7.417385703646182e-13 0.0 0.0 0.0514442020739317 0.0016932717702593631 0.0 0.0 0.10649356720793407 0.07884329159994173 0.0 0.0 0.04367233888803366 0.0 0.0 0.0 0.0 0.0 5.715406014046591e-09 0.0 0.0 0.0 2.763143456788184e-12 0.0 0.0 0.0 1.574717697349799e-08 0.0 0.0 0.0 0.0 0.0 0.0 0.0 0.0 0.01720349667487999 0.0 0.0 0.0 0.04362384816869481 0.0 0.0 0.0 0.043115945094779715 0.0 0.0 0.0 0.0 0.0 8.329623245202557e-14 0.0 0.0 0.005384386351140604 0.010598799665854634 0.0 0.0 0.061623185763270846 0.01877142245454405 0.0 0.0 0.0027989391187461356 0.0 0.0 0.0 0.0 6.224702105834857e-14 0.0 0.0 0.004511239933577804 0.0045245708890595815 0.0 0.0 0.1777200109370065 0.013414175426683439 0.0 0.0 0.003196888183519573 0.0 0.035554066002623445 0.0 0.0 0.0 0.004068537561448184 0.0 0.0 0.0 1.7741146428958353e-07 0.0 0.0 0.0 0.008261480747863698 0.0 0.0 0.0 0.0 6.830608974905644e-07 0.0 0.0 0.0 1.0867608265323125e-06 0.0 0.0 0.0 2.1623461821007247e-08 0.0 0.0 0.0 9.032638039606079e-08 0.0 0.00014426541963145808 0.0 0.0 0.003906317412714136 4.2372318113235704e-13 0.0 0.0 0.02636619016210577 0.00370010387499634 0.0 0.0 0.05562502210163008 0.05056988421521257 0.0 0.0 0.01151763349428425 0.006189585435179351 0.0 0.0 0.22519636942045365 1.155724812738445e-12 0.0 0.0 0.0779607002146399 0.020631326982534635 0.0 0.0 0.19103463475741245 0.09734805030350957 0.0 0.0 0.04909589031394913 0.0 0.1551524953353107 0.0 0.0 0.0 0.09852923458972342 0.0 0.0 0.0 1.673699860286937e-06 0.0 0.0 0.0 0.15237113950812212 0.0 0.0 0.0 0.0 0.0037855442624322587 0.0 0.0 0.0 0.053684156304405574 0.0 0.0 0.0 0.03032937836655373 0.0 0.0 0.0 0.07842921587182211 0.0 0.0003164691490710303 0.0 0.0 0.029558069633829807 6.615446914918493e-10 0.0 0.0 0.002598402503176128 0.002812039409665254 0.0 0.0 0.02170322746830275 0.09208603282002457 0.0 0.0 0.03580373372405563 0.0002918335447358821 0.0 0.0 0.02768861747581995 2.080133236090517e-08 0.0 0.0 0.034882085865867545 0.003820456039485493 0.0 0.0 0.04972973971673231 0.03290671501287126 0.0 0.0 0.01489009319035367
0.0 0.015382911497882061 0.0 0.0 0.0 0.0135403409264561 0.0 0.0 0.0 1.1499495215287275e-07 0.0 0.0 0.0 0.00384984187905791 0.0 0.0 0.0 0.0 0.06791323783187886 0.0 0.0 0.0 0.0691893247076548 0.0 0.0 0.0 0.052745081681655565 0.0 0.0 0.0 0.14199835621958834 0.0 0.001779600179317198 0.0 0.0 0.07072908067999212 1.1828951970256281e-07 0.0 0.0 0.042268411811411395 0.0032786765895005173 0.0 0.0 0.037298249235204584 0.005694438904814857 0.0 0.0 0.0014340601186453603 0.005011693310689934 0.0 0.0 0.27902897567258217 6.661909748815659e-07 0.0 0.0 0.31484663724632544 0.021713532100783386 0.0 0.0 0.37368156670050645 0.1913669794441074 0.0 0.0 0.04663010047586822 0.0 9.234471752664422e-07 0.0 0.0 0.0 1.9767522458562036e-07 0.0 0.0 0.0 3.955655301482667e-12 0.0 0.0 0.0 2.837878553660804e-07 0.0 0.0 0.0 0.0 0.07494444208001406 0.0 0.0 0.0 0.03277973866884464 0.0 0.0 0.0 0.008972952329599385 0.0 0.0 0.0 0.03925539495977519 0.0 0.0011764223676039426 0.0 0.0 0.0377923978477028 3.952851744029478e-09 0.0 0.0 0.006670735191187459 0.003562460134650163 0.0 0.0 0.05593989782519126 0.002784328947206388 0.0 0.0 0.0011785187210373365 0.011749963576068098 0.0 0.0 0.3141813498537782 1.7214842549329157e-07 0.0 0.0 0.10716431875424685 0.00662413133284565 0.0 0.0 0.21813089115531953 0.04358051229002584 0.0 0.0 0.05981612768488069 0.0 0.04266199687091646 0.0 0.0 0.0 0.008388277210675343 0.0 0.0 0.0 2.2731351501176042e-07 0.0 0.0 0.0 0.007347719480681704 0.0 0.0 0.0 0.0 1.2958040209407275e-07 0.0 0.0 0.0 7.784146695634052e-08 0.0 0.0 0.0 1.0301103218791309e-07 0.0 0.0 0.0 8.73513487890473e-07 0.0 0.00048597039228669663 0.0 0.0 0.011822458458539901 4.0870682803521084e-10 0.0 0.0 0.00014792141415714442 0.003201410539402199 0.0 0.0 0.04101958551874053 0.003720519089102742 0.0 0.0 0.0013204520416781338 0.009672923472959066 0.0 0.0 0.42407374252749847 2.1569255756631575e-07 0.0 0.0 0.13807867382321695 0.01918629293278375 0.0 0.0 0.3764378798568687 0.1436977929928187 0.0 0.0 0.039399531403271876 0.0 0.2784076000011316 0.0 0.0 0.0 0.13402371222587728 0.0 0.0 0.0 8.416339663088647e-07 0.0 0.0 0.0 0.015562797082119204 0.0 0.0 0.0 0.0 0.019624837619922498 0.0 0.0 0.0 0.007135623769464646 0.0 0.0 0.0 1.808403270362451e-07 0.0 0.0 0.0 0.006368412280739755 0.0 0.0024600053704445604 0.0 0.0 0.08351079155776762 1.346614333074404e-07 0.0 0.0 0.09563820898213209 0.00011286529920263397 0.0 0.0 0.00590103110261096 0.013089931174527288 0.0 0.0 0.0030980713254737595 0.0015542797773857528 0.0 0.0 0.05428798484569031 9.35697413502032e-08 0.0 0.0 0.05643255957291295 0.0007188519466202152 0.0 0.0 0.0421379513075331 0.008497651018371948 0.0 0.0 0.0022548592490283037
0.0 0.0019488408291669142 0.0 0.0 0.0 0.006685647104186684 0.0 0.0 0.0 7.20732667291865e-08 0.0 0.0 0.0 0.0031887563823287286 0.0 0.0 0.0 0.0 0.0035710858411619746 0.0 0.0 0.0 0.05158474474933399 0.0 0.0 0.0 0.07875781977496021 0.0 0.0 0.0 0.06963192369101527 0.0 6.241738418821799e-15 0.0 0.0 1.9864288545439347e-08 5.945299924134971e-08 0.0 0.0 0.014176754996691441 0.00020365022816569406 0.0 0.0 0.008867658058680674 0.04630797105951992 0.0 0.0 0.017675751663229697 1.131821680576475e-08 0.0 0.0 0.04038424398890264 3.6428314051572764e-07 0.0 0.0 0.11116923678062057 0.00399349906926286 0.0 0.0 0.22950671368786568 0.07120730888767397 0.0 0.0 0.0674134993666911 0.0 6.419069740743234e-07 0.0 0.0 0.0 0.0 0.0 0.0 0.0 6.157579528675515e-12 0.0 0.0 0.0 2.4649637393642236e-07 0.0 0.0 0.0 0.0 0.06924947936466047 0.0 0.0 0.0 0.0 0.0 0.0 0.0 0.08620407809108757 0.0 0.0 0.0 0.15507873475748563 0.0 0.00017471949123733888 0.0 0.0 0.01102495958415803 0.0 0.0 0.0 0.0 0.00024800383984786416 0.0 0.0 0.007620902639566726 0.0017540786003874462 0.0 0.0 0.055542911504942255 0.0024666504620312673 0.0 0.0 0.19250876024139754 0.0 0.0 0.0 0.0 0.010338601923018564 0.0 0.0 0.17101362455078045 0.05163693970554517 0.0 0.0 0.057316501827467385 0.0 0.04337027205986596 0.0 0.0 0.0 0.009659523996560053 0.0 0.0 0.0 3.0975782430819594e-07 0.0 0.0 0.0 0.021134365011343536 0.0 0.0 0.0 0.0 1.4232250138714503e-06 0.0 0.0 0.0 2.1376331264614976e-06 0.0 0.0 0.0 2.186031505187356e-06 0.0 0.0 0.0 3.3556475055731173e-07 0.0 2.1644016587725484e-05 0.0 0.0 0.0014277200125102057 8.127571432814148e-09 0.0 0.0 0.02992867996882709 0.0009509549567192896 0.0 0.0 0.03547145232194957 0.08726714495489776 0.0 0.0 0.022140496842303462 0.00431756838879212 0.0 0.0 0.22628658334768878 1.6646501234527932e-07 0.0 0.0 0.18993049301761822 0.022365191223604204 0.0 0.0 0.30844352044234236 0.1568743878561266 0.0 0.0 0.12572108634626616 0.0 0.14600540608960078 0.0 0.0 0.0 0.29418712111248696 0.0 0.0 0.0 5.884046640481113e-06 0.0 0.0 0.0 0.19177011873489952 0.0 0.0 0.0 0.0 0.008724419921163587 0.0 0.0 0.0 0.024778693277679197 0.0 0.0 0.0 0.05128918414425019 0.0 0.0 0.0 0.13130118928185278 0.0 3.06562993271083e-05 0.0 0.0 0.006258213917851483 1.5631340170530515e-07 0.0 0.0 0.057037011470965474 0.009171004462893139 0.0 0.0 0.09006349202114325 0.15574741527371253 0.0 0.0 0.037704233535809525 0.0009258727175318971 0.0 0.0 0.021672238421497604 1.3376738034979836e-07 0.0 0.0 0.08303890247551758 0.02722092015153627 0.0 0.0 0.18948312990748156 0.06117328364576432 0.0 0.0 0.019058383470621915
0.0 0.01109227387785909 0.0 0.0 0.0 0.004538645377133584 0.0 0.0 0.0 1.0341412241637512e-07 0.0 0.0 0.0 0.0008794967304918635 0.0 0.0 0.0 0.0 0.007776137895156682 0.0 0.0 0.0 0.0765482686327501 0.0 0.0 0.0 0.21444097322650868 0.0 0.0 0.0 0.0027896255689252316 0.0 2.022920882169026e-05 0.0 0.0 0.0014314481975879084 5.962283865564865e-09 0.0 0.0 0.003901592928605725 0.00046407933348594546 0.0 0.0 0.01948438334812699 0.024710920517542267 0.0 0.0 0.0051833142264800765 0.005002845859404299 0.0 0.0 0.1982076925665692 9.890249895342837e-08 0.0 0.0 0.1385420158021266 0.02188916628874841 0.0 0.0 0.3398029680034046 0.06544344519655042 0.0 0.0 0.012758511562709587 0.0 2.1537811513954786e-07 0.0 0.0 0.0 9.692599209656931e-08 0.0 0.0 0.0 2.041959136487752e-12 0.0 0.0 0.0 1.832134383230004e-07 0.0 0.0 0.0 0.0 0.028289528848037843 0.0 0.0 0.0 0.015743846538630032 0.0 0.0 0.0 0.060024198900192324 0.0 0.0 0.0 0.05144653193408466 0.0 6.420726549220474e-05 0.0 0.0 0.03346273648764724 4.687047639340204e-08 0.0 0.0 0.024876755973790216 0.006258870655896841 0.0 0.0 0.06591163201142995 0.02312254082920271 0.0 0.0 0.012892654832176371 0.0032780934888822976 0.0 0.0 0.08392563693542457 8.04749431259497e-08 0.0 0.0 0.07114448701886757 0.005899418099412721 0.0 0.0 0.12269161253732488 0.09873957281209127 0.0 0.0 0.037329143984405525 0.0 0.03129824118925127 0.0 0.0 0.0 0.009509409713176598 0.0 0.0 0.0 5.452641929125554e-08 0.0 0.0 0.0 0.006124496025090196 0.0 0.0 0.0 0.0 8.65539200951887e-08 0.0 0.0 0.0 1.1232087361897737e-07 0.0 0.0 0.0 1.279889718700822e-08 0.0 0.0 0.0 3.6138821919110094e-08 0.0 0.0026277004699201485 0.0 0.0 0.09705359418348034 2.254805974629413e-08 0.0 0.0 0.010003121019330081 0.003699972756019315 0.0 0.0 0.056053024327372976 0.08422770401829599 0.0 0.0 0.027894864270030975 0.005263188987379237 0.0 0.0 0.3108184438268466 1.9166410467544021e-07 0.0 0.0 0.12950756113805453 0.007269168592073894 0.0 0.0 0.08199818540281659 0.13838895629292522 0.0 0.0 0.0414047800620342 0.0 0.25916427487811516 0.0 0.0 0.0 0.14145595420464255 0.0 0.0 0.0 0.0 0.0 0.0 0.0 0.08804238140379703 0.0 0.0 0.0 0.0 0.01913022042581986 0.0 0.0 0.0 0.07429721743385814 0.0 0.0 0.0 0.0 0.0 0.0 0.0 0.0016190705373995387 0.0 2.950400750876501e-05 0.0 0.0 0.004392200979952924 3.2442660237124148e-09 0.0 0.0 0.001619066532253235 0.0 0.0 0.0 0.0 0.04031445686277328 0.0 0.0 0.008080171380709256 0.00022475011219831218 0.0 0.0 0.052354991004503304 4.5852954734462373e-08 0.0 0.0 0.043413444938323956 0.0 0.0 0.0 0.0 0.0389193165297039 0.0 0.0 0.009300126290116034
0.0 0.011553932890475339 0.0 0.0 0.0 0.0017479906846648344 0.0 0.0 0.0 7.37905468518063e-08 0.0 0.0 0.0 0.003423309610308156 0.0 0.0 0.0 0.0 0.0029215200211340224 0.0 0.0 0.0 0.017040195279182956 0.0 0.0 0.0 0.06115356717785553 0.0 0.0 0.0 0.0843384868097575 0.0 7.428221258629535e-05 0.0 0.0 0.021256329067213312 2.620478217283794e-13 0.0 0.0 0.00400084126738724 2.5583236401891053e-05 0.0 0.0 0.005815990393270885 0.003425587590065936 0.0 0.0 0.006500990146496223 0.007966335583509336 0.0 0.0 0.13401640053470096 6.05345338601149e-08 0.0 0.0 0.06610531238877869 0.0051885063919342765 0.0 0.0 0.22413094619268933 0.0931303047341828 0.0 0.0 0.046233054855348454 0.0 2.6959390476785066e-07 0.0 0.0 0.0 1.4174178227636168e-07 0.0 0.0 0.0 4.242722681471356e-12 0.0 0.0 0.0 4.757448921250624e-08 0.0 0.0 0.0 0.0 0.022193433357679617 0.0 0.0 0.0 0.04811187163991132 0.0 0.0 0.0 0.06048252081299322 0.0 0.0 0.0 6.269440681109912e-08 0.0 0.0001849541283770858 0.0 0.0 0.0035462974260819197 5.195358921609949e-09 0.0 0.0 0.047521502915633194 0.0010250112148725988 0.0 0.0 0.020147833192454122 0.001536425227159047 0.0 0.0 0.0005757307067936624 0.004444326607425213 0.0 0.0 0.0881565857596109 6.288408377622239e-08 0.0 0.0 0.08215521593284976 0.013546120573124196 0.0 0.0 0.23074464810328177 0.019378066509563047 0.0 0.0 0.00814113400585809 0.0 0.018594451880337183 0.0 0.0 0.0 0.010913972074771558 0.0 0.0 0.0 1.6582050397566134e-07 0.0 0.0 0.0 0.006198155287437486 0.0 0.0 0.0 0.0 1.9381194666011861e-07 0.0 0.0 0.0 8.10879714171167e-08 0.0 0.0 0.0 4.6759768024513334e-08 0.0 0.0 0.0 8.514932584806087e-08 0.0 0.0009061895472287361 0.0 0.0 0.05830883469046668 1.090705677803328e-08 0.0 0.0 0.003538233418761337 0.0027277905006845926 0.0 0.0 0.052108165112194876 0.003457992121426987 0.0 0.0 0.0006717789739635765 0.00181482285478815 0.0 0.0 0.18705870767966154 2.739571995473878e-07 0.0 0.0 0.1929676955821285 0.011836550174684648 0.0 0.0 0.20001048209659283 0.10564383051308962 0.0 0.0 0.032185491546105865 0.0 0.12679156799982266 0.0 0.0 0.0 0.11812578400377229 0.0 0.0 0.0 1.6719434183748133e-07 0.0 0.0 0.0 0.06006092648326658 0.0 0.0 0.0 0.0 0.012043666914971685 0.0 0.0 0.0 0.009385611999664865 0.0 0.0 0.0 8.287064474494828e-05 0.0 0.0 0.0 0.048170289396119934 0.0 0.0006379234918157235 0.0 0.0 0.04471982347512968 2.008808470815453e-10 0.0 0.0 0.0059175891348187595 0.0022329583233945067 0.0 0.0 0.02135595260392179 0.044359262766197956 0.0 0.0 0.013285414053450812 0.00023231972679392434 0.0 0.0 0.02299496541935546 4.523504320112845e-08 0.0 0.0 0.04435976973543932 0.0005083734554169376 0.0 0.0 0.0054511444964498645 0.03404697621951798 0.0 0.0 0.007497398109335953
0.0 0.00631384743889892 0.0 0.0 0.0 0.0011807849298699456 0.0 0.0 0.0 1.1169732857628316e-07 0.0 0.0 0.0 0.001962740739661138 0.0 0.0 0.0 0.0 0.07215766406166887 0.0 0.0 0.0 0.04142575152231383 0.0 0.0 0.0 0.09352983726183814 0.0 0.0 0.0 0.1135462033541643 0.0 0.00020203804071535048 0.0 0.0 0.03527988642420781 3.189857597591776e-08 0.0 0.0 0.06433920461862577 0.00036629561369477316 0.0 0.0 0.006754866700579143 0.01267605994594623 0.0 0.0 0.0026989458900231245 0.0015739556546093749 0.0 0.0 0.11776698098037407 2.2571326378748204e-08 0.0 0.0 0.033030828019572744 0.007272801147793084 0.0 0.0 0.3120059582596202 0.0826472345083081 0.0 0.0 0.019763188162371482 0.0 6.987617118878033e-08 0.0 0.0 0.0 1.1662035294978126e-07 0.0 0.0 0.0 5.379193800570796e-12 0.0 0.0 0.0 8.362538140337234e-08 0.0 0.0 0.0 0.0 0.03783298978360795 0.0 0.0 0.0 0.017801940556520873 0.0 0.0 0.0 0.02428475547829174 0.0 0.0 0.0 0.10490145590359204 0.0 0.0008449480554748244 0.0 0.0 0.03498216393432578 5.757655819366043e-13 0.0 0.0 0.030745455061724186 3.241323865684914e-05 0.0 0.0 0.017604514780347844 0.038084646318132374 0.0 0.0 0.009681351311252563 0.0006820369628545426 0.0 0.0 0.018975540427755493 2.0434928794136042e-08 0.0 0.0 0.0914290908861821 0.00880896772542214 0.0 0.0 0.2758814704125664 0.06396073012502214 0.0 0.0 0.016666105317093872 0.0 0.02207678816068346 0.0 0.0 0.0 0.004616818108138836 0.0 0.0 0.0 3.8774885470204604e-07 0.0 0.0 0.0 0.015365714973471929 0.0 0.0 0.0 0.0 1.2291032252971406e-06 0.0 0.0 0.0 7.148778411305646e-08 0.0 0.0 0.0 2.2454764089218457e-07 0.0 0.0 0.0 1.2367968125959518e-07 0.0 7.907310805293614e-09 0.0 0.0 0.01552734659379706 6.693378575731176e-19 0.0 0.0 2.0878375203017185e-08 0.0014093265994247048 0.0 0.0 0.060295509189442084 0.009260639745326983 0.0 0.0 0.03308730342366559 0.004389758265132686 0.0 0.0 0.23795811709042 1.7775830461811203e-12 0.0 0.0 0.08870083856411405 0.020397767715284593 0.0 0.0 0.6177799020007763 0.27190319652926637 0.0 0.0 0.09031289232944177 0.0 0.301448849204497 0.0 0.0 0.0 0.17902342206365088 0.0 0.0 0.0 1.1493667690898471e-06 0.0 0.0 0.0 0.15828099295311315 0.0 0.0 0.0 0.0 0.01242571436371107 0.0 0.0 0.0 0.07274772913387136 0.0 0.0 0.0 0.0017653370495716353 0.0 0.0 0.0 0.09356138272243435 0.0 0.0013940248918200423 0.0 0.0 0.08653541201466038 8.862671104996086e-08 0.0 0.0 0.11692291537840827 2.0136840307686216e-09 0.0 0.0 1.9579119650363836e-08 0.0932374278510441 0.0 0.0 0.022053253467615015 0.0014096149969757912 0.0 0.0 0.06337512972928444 1.0659338918767421e-07 0.0 0.0 0.05123560888482322 0.003772134937188751 0.0 0.0 0.04112023157376173 0.03927033890689853 0.0 0.0 0.013526474779748832
0.0 0.002051944641915883 0.0 0.0 0.0 0.0008336480185788378 0.0 0.0 0.0 1.2457725026084477e-07 0.0 0.0 0.0 0.0032863149911802948 0.0 0.0 0.0 0.0 0.0024348698559791375 0.0 0.0 0.0 0.010211580891375622 0.0 0.0 0.0 0.04860676444486474 0.0 0.0 0.0 0.08225618183475744 0.0 3.469326468835385e-16 0.0 0.0 1.2017244472297724e-09 8.050370060971017e-08 0.0 0.0 0.0052987725995533655 0.002569361823778268 0.0 0.0 0.03617721976416086 0.0001533714237954595 0.0 0.0 0.010432720409451656 1.1422799633058637e-08 0.0 0.0 0.04436074008945509 4.4045151797192997e-07 0.0 0.0 0.03250304474714816 0.017817554383983112 0.0 0.0 0.3344570799128336 0.0011701900692685395 0.0 0.0 0.049243922907170265 0.0 6.316479324917641e-07 0.0 0.0 0.0 0.0 0.0 0.0 0.0 6.187118454544736e-12 0.0 0.0 0.0 5.323565720887825e-07 0.0 0.0 0.0 0.0 0.0030945204519337442 0.0 0.0 0.0 0.0 0.0 0.0 0.0 0.008776803927328351 0.0 0.0 0.0 0.11881398742218881 0.0 0.0007046436682251131 0.0 0.0 0.00950842965079916 0.0 0.0 0.0 0.0 1.0016477437124877e-08 0.0 0.0 2.317372052097533e-06 0.025457747367993954 0.0 0.0 0.028634655997668904 0.0023440974079118907 0.0 0.0 0.0820428115969467 0.0 0.0 0.0 0.0 0.010926737298879658 0.0 0.0 0.17568440022657353 0.027785362505351543 0.0 0.0 0.14124068483334642 0.0 0.025872648578597068 0.0 0.0 0.0 0.049244405417753975 0.0 0.0 0.0 5.491716224753746e-07 0.0 0.0 0.0 0.03240816443378741 0.0 0.0 0.0 0.0 2.173198503472532e-06 0.0 0.0 0.0 5.112902049359814e-06 0.0 0.0 0.0 9.521507892807173e-07 0.0 0.0 0.0 5.62677538128476e-06 0.0 0.001057031605803782 0.0 0.0 0.0369502689127511 3.2059877699405184e-12 0.0 0.0 0.005273490892594854 0.0056867403476418355 0.0 0.0 0.04916048271792743 0.08712508032650686 0.0 0.0 0.02306847968411839 0.0021105436996178535 0.0 0.0 0.2759403044878485 6.009533874068849e-07 0.0 0.0 0.3851044947378794 0.032784849974509346 0.0 0.0 0.49853723218000423 0.17625892998738643 0.0 0.0 0.21845695812343957 0.0 0.12021846677137046 0.0 0.0 0.0 0.0806072583651181 0.0 0.0 0.0 1.3191271663543152e-05 0.0 0.0 0.0 0.2879321366829663 0.0 0.0 0.0 0.0 0.0490999755894681 0.0 0.0 0.0 0.05409111027979169 0.0 0.0 0.0 0.15093705396756787 0.0 0.0 0.0 0.07718242900257395 0.0 0.0008884553358155737 0.0 0.0 0.06171380420721616 1.396069541203248e-08 0.0 0.0 0.0038182442254477565 0.009110127032887383 0.0 0.0 0.15909935512397166 0.05819325677531247 0.0 0.0 0.0093979714527802 0.00018278343128181476 0.0 0.0 0.012134350724220595 2.813818431067344e-08 0.0 0.0 0.008026046666386337 0.02863038672360388 0.0 0.0 0.3360758268465493 0.11262452269771783 0.0 0.0 0.04084048993114376
0.0 0.0008191689023455158 0.0 0.0 0.0 0.0015174051348848298 0.0 0.0 0.0 1.86125820873578e-08 0.0 0.0 0.0 0.0024834697348875058 0.0 0.0 0.0 0.0 0.05435581504912104 0.0 0.0 0.0 0.09055476506506555 0.0 0.0 0.0 0.09767235896898971 0.0 0.0 0.0 0.12163670929191825 0.0 2.3438368561744656e-05 0.0 0.0 0.0015840740710484416 1.6507245829569105e-09 0.0 0.0 0.0026145749980504484 0.001955668259551683 0.0 0.0 0.04996430918838792 0.05709812681739808 0.0 0.0 0.018001205657679386 0.00021265079790290804 0.0 0.0 0.011083662557711515 1.605916790269418e-08 0.0 0.0 0.04147085658548887 0.00485123414583034 0.0 0.0 0.04979284006473159 0.0798496707859297 0.0 0.0 0.02728546157229713 0.0 1.361843184260833e-07 0.0 0.0 0.0 1.0365492955193856e-07 0.0 0.0 0.0 2.11856403538985e-12 0.0 0.0 0.0 2.012420170339579e-07 0.0 0.0 0.0 0.0 0.020364013071699116 0.0 0.0 0.0 0.016097730741431143 0.0 0.0 0.0 0.020297471877568304 0.0 0.0 0.0 0.10076448035325684 0.0 6.328470808605527e-05 0.0 0.0 0.0032446998085408235 1.7668114153498013e-08 0.0 0.0 0.016509059467677938 0.0018658624592648037 0.0 0.0 0.04019180115203789 0.10785221645794961 0.0 0.0 0.03746418207165434 0.0007611058307621793 0.0 0.0 0.043645570143284546 1.1032610822650816e-07 0.0 0.0 0.06951119276177564 0.0039040643373756878 0.0 0.0 0.10393782453836256 0.15153500586645 0.0 0.0 0.04489617736216425 0.0 0.005519300677904134 0.0 0.0 0.0 0.006833763155364072 0.0 0.0 0.0 3.771013693635986e-08 0.0 0.0 0.0 0.005390828640631769 0.0 0.0 0.0 0.0 8.92567488404607e-09 0.0 0.0 0.0 2.731624189117274e-08 0.0 0.0 0.0 3.027275771038603e-09 0.0 0.0 0.0 1.34233886747264e-07 0.0 4.722736064638801e-05 0.0 0.0 0.017206415321958136 1.99545075422044e-08 0.0 0.0 0.013554538168974036 0.0006761804065746866 0.0 0.0 0.040524188078258 0.03227955004407206 0.0 0.0 0.013881563163153483 0.0008942133298039131 0.0 0.0 0.04441164413070367 9.508367314373609e-08 0.0 0.0 0.11576917581462155 0.002666439078746339 0.0 0.0 0.05825136631904497 0.12554210633597496 0.0 0.0 0.027142246822354266 0.0 0.35788104261052645 0.0 0.0 0.0 0.1398844719451079 0.0 0.0 0.0 1.1717824170576836e-07 0.0 0.0 0.0 0.2051039072670813 0.0 0.0 0.0 0.0 0.05652156196490723 0.0 0.0 0.0 0.09350966518716827 0.0 0.0 0.0 0.0001998486243105761 0.0 0.0 0.0 0.06274732779991968 0.0 0.0011924141130160984 0.0 0.0 0.03130915293778536 7.442921637799101e-08 0.0 0.0 0.10468669165887536 0.001701213274559189 0.0 0.0 0.029609539755972865 0.08828195890491038 0.0 0.0 0.02002859756001173 0.001625727875920652 0.0 0.0 0.06206117359802746 7.033244514803691e-08 0.0 0.0 0.03635248005398803 0.00012326822213418445 0.0 0.0 0.0024054178181270093 0.07900905896065147 0.0 0.0 0.021380817734263174
0.0 0.0021746589438704366 0.0 0.0 0.0 0.002556562147526626 0.0 0.0 0.0 5.123884144244837e-08 0.0 0.0 0.0 0.0071541049904278835 0.0 0.0 0.0 0.0 0.0038154946123537857 0.0 0.0 0.0 0.09608082620662305 0.0 0.0 0.0 0.09329967190474492 0.0 0.0 0.0 0.38354931815064824 0.0 9.714583279380044e-15 0.0 0.0 5.989274984039118e-13 4.977373366964164e-09 0.0 0.0 0.004057663727056211 0.0034416455626090138 0.0 0.0 0.031382183529885296 0.014993425645001454 0.0 0.0 0.00278848806866267 0.0006055830904046066 0.0 0.0 0.041859141285862905 8.75850887087003e-08 0.0 0.0 0.09112436708873373 0.002281215368610774 0.0 0.0 0.16032449999391088 0.32664437374935623 0.0 0.0 0.08860321425860977 0.0 2.538752054826274e-07 0.0 0.0 0.0 0.0 0.0 0.0 0.0 6.198499415791829e-12 0.0 0.0 0.0 6.457943359534302e-08 0.0 0.0 0.0 0.0 0.010952143340445374 0.0 0.0 0.0 0.0 0.0 0.0 0.0 0.024709630460609387 0.0 0.0 0.0 0.08329199411525458 0.0 4.206291346468896e-05 0.0 0.0 0.03910100456657184 0.0 0.0 0.0 0.0 0.004875340387836965 0.0 0.0 0.08200111611415464 0.04451383618747795 0.0 0.0 0.00848787305394608 0.0011943138280731363 0.0 0.0 0.09407485527554073 0.0 0.0 0.0 0.0 0.013883870814917145 0.0 0.0 0.2621690656810866 0.044961425795038465 0.0 0.0 0.012564318001251155 0.0 0.009538146036466195 0.0 0.0 0.0 0.01404208127404167 0.0 0.0 0.0 2.0950710737804138e-07 0.0 0.0 0.0 0.021127967648132122 0.0 0.0 0.0 0.0 6.495571500248154e-09 0.0 0.0 0.0 2.6940453735939646e-06 0.0 0.0 0.0 4.474387858428189e-08 0.0 0.0 0.0 1.8182218832545837e-06 0.0 0.0005797553998455273 0.0 0.0 0.048096375173951954 2.356464797756507e-08 0.0 0.0 0.016351127449781892 0.0019174341949234769 0.0 0.0 0.04500880705110581 0.019049756855998475 0.0 0.0 0.005737242132037409 0.0027988514231442286 0.0 0.0 0.08435149927032178 1.9574261301581385e-07 0.0 0.0 0.26033314552214415 0.008937780096297874 0.0 0.0 0.1379552361390884 0.2556064633587132 0.0 0.0 0.13457065318113912 0.0 0.5650322520188278 0.0 0.0 0.0 0.10183849237596121 0.0 0.0 0.0 4.302754559613173e-06 0.0 0.0 0.0 0.11022538846848182 0.0 0.0 0.0 0.0 0.041895767062825995 0.0 0.0 0.0 0.06977845793725054 0.0 0.0 0.0 0.01873117471305965 0.0 0.0 0.0 0.008102125973339227 0.0 0.004751428356883362 0.0 0.0 0.2779267484087906 1.3241685823381747e-08 0.0 0.0 0.04745734710369061 0.003854087369546305 0.0 0.0 0.06556155371580404 0.035769350482815085 0.0 0.0 0.039624727781909584 0.0019133823088411236 0.0 0.0 0.12603285843893902 3.223494412875596e-08 0.0 0.0 0.0232000467719699 0.005517030671005807 0.0 0.0 0.10015136250842616 0.0355618035434296 0.0 0.0 0.012990993415526843
0.0 0.0 0.0 0.0 0.0 0.011045166148426972 0.0 0.0 0.0 2.3290637243151025e-08 0.0 0.0 0.0 9.779766587541355e-05 0.0 0.0 0.0 0.0 0.0 0.0 0.0 0.0 0.021831196097481985 0.0 0.0 0.0 0.04156573616374634 0.0 0.0 0.0 0.03587280526165523 0.0 0.0 0.0 0.0 0.0 1.1523856766235434e-08 0.0 0.0 0.00951068336342289 9.038470482639558e-05 0.0 0.0 0.00108160199526579 0.0013371693118563006 0.0 0.0 0.00018303646274804043 0.0 0.0 0.0 0.0 2.833176890418224e-07 0.0 0.0 0.39341103749831363 0.002753034952730571 0.0 0.0 0.05135330288150278 0.009476841753022517 0.0 0.0 0.0014543915391970804 0.0 1.0618794099414156e-06 0.0 0.0 0.0 3.0183566540618047e-07 0.0 0.0 0.0 3.165301359297113e-11 0.0 0.0 0.0 0.0 0.0 0.0 0.0 0.0 0.009412897220204636 0.0 0.0 0.0 0.01067711943469007 0.0 0.0 0.0 0.055576006484642705 0.0 0.0 0.0 0.0 0.0 4.6467978741494996e-05 0.0 0.0 0.0016893050793189575 8.844452516335751e-13 0.0 0.0 0.005466355060231296 0.001308728749424941 0.0 0.0 0.023997669982588007 0.0 0.0 0.0 0.0 0.007347626452248989 0.0 0.0 0.27203489335620346 1.778580165341062e-07 0.0 0.0 0.22596625578228507 0.06490546365744297 0.0 0.0 1.4521395169079492 0.0 0.0 0.0 0.0 0.0 0.014566034428168794 0.0 0.0 0.0 0.06750838386480332 0.0 0.0 0.0 1.8800417081105356e-07 0.0 0.0 0.0 0.0026921212527282745 0.0 0.0 0.0 0.0 7.122316785786954e-08 0.0 0.0 0.0 2.1132005299808975e-07 0.0 0.0 0.0 3.497967767277619e-12 0.0 0.0 0.0 1.710496604483805e-12 0.0 0.00013502127624736622 0.0 0.0 0.012711116479588249 7.30352053550729e-08 0.0 0.0 0.07857980222414875 0.0005354121410082725 0.0 0.0 0.009471019570047671 0.003692922955092589 0.0 0.0 0.0009082195557263673 0.0025165144477519497 0.0 0.0 0.11533736812813951 8.805764627904033e-07 0.0 0.0 1.3549939508043187 0.011623792069462464 0.0 0.0 0.2204797981835857 0.07019570719533343 0.0 0.0 0.019355113028117994 0.0 0.08470264121530482 0.0 0.0 0.0 0.0 0.0 0.0 0.0 0.0 0.0 0.0 0.0 0.0 0.0 0.0 0.0 0.0 0.0027899189186036876 0.0 0.0 0.0 0.0 0.0 0.0 0.0 0.0 0.0 0.0 0.0 0.0 0.0 0.0009603437935470906 0.0 0.0 0.03491246146981864 0.0 0.0 0.0 0.0 0.0 0.0 0.0 0.0 0.0 0.0 0.0 0.0 0.00013701315640273978 0.0 0.0 0.02176374742938674 0.0 0.0 0.0 0.0 0.0 0.0 0.0 0.0 0.0 0.0 0.0 0.0
0.0 0.001778048614083791 0.0 0.0 0.0 0.005109019287476346 0.0 0.0 0.0 1.0337825952347328e-07 0.0 0.0 0.0 0.0006693672680113215 0.0 0.0 0.0 0.0 0.041127343136237525 0.0 0.0 0.0 0.0878483685651401 0.0 0.0 0.0 0.11004905482157733 0.0 0.0 0.0 0.014166872125912233 0.0 0.0009017346042582827 0.0 0.0 0.03139096434848357 3.531070382140356e-07 0.0 0.0 0.06527489106897776 0.00429738784119851 0.0 0.0 0.03877828720107195 0.050526728018239826 0.0 0.0 0.015981097694823584 0.0008228436005591452 0.0 0.0 0.027261923664747747 2.0824895266181253e-07 0.0 0.0 0.15161573362752528 0.010388085688674583 0.0 0.0 0.3012599419268838 0.01480390488668253 0.0 0.0 0.007134887974700708 0.0 1.646073863849741e-07 0.0 0.0 0.0 5.542322680676912e-07 0.0 0.0 0.0 4.300074264188561e-12 0.0 0.0 0.0 5.182195193261697e-07 0.0 0.0 0.0 0.0 0.09998873208319191 0.0 0.0 0.0 0.050701727343320485 0.0 0.0 0.0 0.04393343792510688 0.0 0.0 0.0 0.04241966403935998 0.0 0.00011825935822905595 0.0 0.0 0.00605572219454939 3.2715013380239614e-08 0.0 0.0 0.05255256965393729 0.003536410455601593 0.0 0.0 0.06739272097578494 0.04194490619297962 0.0 0.0 0.02337824360323868 0.0015992129385401551 0.0 0.0 0.04716219577065834 2.2462062520768883e-07 0.0 0.0 0.10331060737157573 0.00806078057114421 0.0 0.0 0.23856665295735777 0.18524262353442453 0.0 0.0 0.1201454762839582 0.0 0.031053832541550253 0.0 0.0 0.0 0.013695103079904769 0.0 0.0 0.0 5.609191000879566e-07 0.0 0.0 0.0 0.016903962516627413 0.0 0.0 0.0 0.0 9.731881853433385e-08 0.0 0.0 0.0 1.2156044040805346e-07 0.0 0.0 0.0 1.639892260953069e-06 0.0 0.0 0.0 2.1034550887776638e-07 0.0 0.00035470005299130286 0.0 0.0 0.05012895759230944 6.550392562645083e-14 0.0 0.0 8.132747945282392e-08 0.002046388302434352 0.0 0.0 0.09713403982351668 0.0028784247958923287 0.0 0.0 0.0014417396052133003 0.002388075034390263 0.0 0.0 0.27756434034923566 1.5725771024163118e-07 0.0 0.0 0.19287025271113978 0.033324378474641425 0.0 0.0 0.797038714303378 0.20670160337097354 0.0 0.0 0.08192263327089495 0.0 0.21155264552338507 0.0 0.0 0.0 0.21823888479133002 0.0 0.0 0.0 1.4048153690875286e-06 0.0 0.0 0.0 0.1843018663818227 0.0 0.0 0.0 0.0 0.057971288858093814 0.0 0.0 0.0 0.05642864768043296 0.0 0.0 0.0 1.9886095720287111e-07 0.0 0.0 0.0 0.08747557898649681 0.0 0.0017056173793393323 0.0 0.0 0.04518496470116652 5.597676590216786e-08 0.0 0.0 0.0486746381561075 2.561526413351502e-13 0.0 0.0 4.2556846496161793e-07 0.03887402004928356 0.0 0.0 0.00962260366589396 0.0010238743204842252 0.0 0.0 0.044051612106826496 2.05137302741598e-07 0.0 0.0 0.0897890001315413 2.772323169013852e-08 0.0 0.0 0.05163937201590593 0.07312259066343099 0.0 0.0 0.019734772126552485
0.0 0.008931389794054626 0.0 0.0 0.0 0.008466336828394833 0.0 0.0 0.0 1.3516839101913135e-07 0.0 0.0 0.0 0.0005289268064668195 0.0 0.0 0.0 0.0 0.025149138314148254 0.0 0.0 0.0 0.1011169316873853 0.0 0.0 0.0 0.05675793856419212 0.0 0.0 0.0 0.042874020808744036 0.0 0.0006143487578825613 0.0 0.0 0.02380953723386853 1.2262399943622694e-07 0.0 0.0 0.04362575478814915 0.0004738398804174705 0.0 0.0 0.009677070604814816 2.5155365108164393e-08 0.0 0.0 4.395000520311305e-09 0.001048038979227604 0.0 0.0 0.1669979950520023 3.532464222103167e-07 0.0 0.0 0.16396112820930647 0.017829075731751725 0.0 0.0 0.3683628363128007 0.040211356886982054 0.0 0.0 0.007005845199915062 0.0 5.089302133099337e-07 0.0 0.0 0.0 1.029395223076189e-07 0.0 0.0 0.0 5.030484206492298e-12 0.0 0.0 0.0 4.069903041977917e-07 0.0 0.0 0.0 0.0 0.008095488528346852 0.0 0.0 0.0 0.03595073032167584 0.0 0.0 0.0 0.11259829209935857 0.0 0.0 0.0 0.08168602364783896 0.0 0.001703517546700958 0.0 0.0 0.012812267802671291 2.933172666984092e-09 0.0 0.0 0.005285965794786654 0.004048224669596965 0.0 0.0 0.10838412809834544 0.031690074663627284 0.0 0.0 0.004830338434151267 0.006591556039601052 0.0 0.0 0.1520370196574136 7.670697536204109e-08 0.0 0.0 0.049383300556340784 0.01070998727470384 0.0 0.0 0.2626703537415693 0.10658627550612851 0.0 0.0 0.0923775081416073 0.0 0.028710609003204005 0.0 0.0 0.0 0.015996850415742284 0.0 0.0 0.0 2.736378248167162e-07 0.0 0.0 0.0 0.010892172059034765 0.0 0.0 0.0 0.0 1.0293264297768547e-07 0.0 0.0 0.0 1.1249222787326094e-07 0.0 0.0 0.0 7.799350970657979e-08 0.0 0.0 0.0 1.2751900517621235e-06 0.0 0.00029367664396274097 0.0 0.0 0.043008430285793445 5.613124476464841e-08 0.0 0.0 0.0372176117755056 0.0010400984723052157 0.0 0.0 0.05349024963438717 0.02788149159372895 0.0 0.0 0.006424862111197052 0.006589118189518227 0.0 0.0 0.3291888695810097 2.9012906336146994e-07 0.0 0.0 0.26395570643987365 0.020321081199893766 0.0 0.0 0.3782491153244473 0.1659118032034806 0.0 0.0 0.06074893359992762 0.0 0.1882555216469978 0.0 0.0 0.0 0.20952762032655842 0.0 0.0 0.0 1.1597971859995958e-06 0.0 0.0 0.0 0.08352363899136832 0.0 0.0 0.0 0.0 0.04495597366435952 0.0 0.0 0.0 0.043239155653523466 0.0 0.0 0.0 1.6799106454321671e-07 0.0 0.0 0.0 0.0067498475382265655 0.0 0.00028752770318623015 0.0 0.0 0.005408654743775362 4.463185836550104e-09 0.0 0.0 0.040308235512883275 0.00015092285226908997 0.0 0.0 0.005115566836627913 0.06356922575160112 0.0 0.0 0.0164710293213325 0.000799004737227922 0.0 0.0 0.03215385526187392 3.303641829153605e-08 0.0 0.0 0.06940566801732512 0.0010266750348678002 0.0 0.0 0.039015597114221444 0.04545768800119685 0.0 0.0 0.010779018527458615
0.0 0.002038334714555196 0.0 0.0 0.0 0.005117016720299395 0.0 0.0 0.0 1.313811462446331e-07 0.0 0.0 0.0 0.0016474172985627917 0.0 0.0 0.0 0.0 0.031741865331905476 0.0 0.0 0.0 0.05664594939317119 0.0 0.0 0.0 0.07221675568951548 0.0 0.0 0.0 0.006479929872838897 0.0 0.0013582433730473925 0.0 0.0 0.0344682084436278 1.0396341691363397e-13 0.0 0.0 0.0009518604974667351 0.003149125301656752 0.0 0.0 0.06176124168672808 0.025773227980565618 0.0 0.0 0.005214215882374673 0.0006600658129312008 0.0 0.0 0.03285202915679404 1.7326070353365322e-07 0.0 0.0 0.1435224937939774 0.01792699774968391 0.0 0.0 0.3605394823555752 0.04754324172094734 0.0 0.0 0.01646071407757183 0.0 7.615011724755309e-07 0.0 0.0 0.0 1.2110955021214666e-06 0.0 0.0 0.0 7.362545739356666e-12 0.0 0.0 0.0 1.7969537364909074e-07 0.0 0.0 0.0 0.0 0.06976062658344144 0.0 0.0 0.0 0.022638538826680443 0.0 0.0 0.0 0.1214403270228583 0.0 0.0 0.0 0.05514434063316037 0.0 0.00027316017665816297 0.0 0.0 0.004613702000062206 2.9811132406744557e-08 0.0 0.0 0.051506057305474966 0.006126828910454079 0.0 0.0 0.09825363092499396 0.02886835941546635 0.0 0.0 0.008028335447461364 0.002535774387702378 0.0 0.0 0.2837315892659774 1.1632248935843252e-06 0.0 0.0 0.6476842275663444 0.019696191249341986 0.0 0.0 0.3216361294657253 0.08510405173347334 0.0 0.0 0.029092226740787163 0.0 0.029516020131672746 0.0 0.0 0.0 0.024188933086232448 0.0 0.0 0.0 1.88296059403e-07 0.0 0.0 0.0 0.014041353613797183 0.0 0.0 0.0 0.0 5.206444378218005e-08 0.0 0.0 0.0 1.362968356723035e-07 0.0 0.0 0.0 3.8295025869887654e-08 0.0 0.0 0.0 9.302826286900126e-08 0.0 0.00020292234792869748 0.0 0.0 0.020876403637267837 6.619841643050888e-08 0.0 0.0 0.024094652756485514 0.0034905203237830702 0.0 0.0 0.1107993746144919 0.02395872440121352 0.0 0.0 0.010234456727812685 0.004121567690220708 0.0 0.0 0.2546392746270496 5.998465307598913e-07 0.0 0.0 0.41574997256337426 0.017356831592841977 0.0 0.0 0.2292686607928117 0.18382066532099167 0.0 0.0 0.07730094740650545 0.0 0.13552954950093865 0.0 0.0 0.0 0.23967667216410657 0.0 0.0 0.0 0.0 0.0 0.0 0.0 0.13721567747702523 0.0 0.0 0.0 0.0 0.031173647478625124 0.0 0.0 0.0 0.11838547947501614 0.0 0.0 0.0 0.0 0.0 0.0 0.0 0.006560701153674497 0.0 0.00047194668125944144 0.0 0.0 0.012205678867410884 2.5082672272434474e-08 0.0 0.0 0.013854186795068366 0.0 0.0 0.0 0.0 0.03724357196832657 0.0 0.0 0.01403993881772411 0.0004672495892684474 0.0 0.0 0.02638942154821971 9.487495784085307e-08 0.0 0.0 0.09211790235605381 0.0 0.0 0.0 0.0 0.04836822539054796 0.0 0.0 0.014368752274854384
0.0 0.01605875740857059 0.0 0.0 0.0 0.01561232914654501 0.0 0.0 0.0 5.021073991910349e-08 0.0 0.0 0.0 0.004990096172476849 0.0 0.0 0.0 0.0 0.018834201831594663 0.0 0.0 0.0 0.09164559705146491 0.0 0.0 0.0 0.010286159997250709 0.0 0.0 0.0 0.0718017591697646 0.0 0.0009559564198741677 0.0 0.0 0.019736584005897482 4.0330431269225484e-08 0.0 0.0 0.02388151313908162 0.00019328584888926679 0.0 0.0 0.005936316328253646 0.016921960583419337 0.0 0.0 0.007763829543301381 0.0102256573087865 0.0 0.0 0.2841388434917725 1.1290612557630696e-06 0.0 0.0 0.418780820575715 0.011161454325360858 0.0 0.0 0.17239416212750322 0.039062952310277406 0.0 0.0 0.05943083105875799 0.0 1.4295255939476814e-06 0.0 0.0 0.0 3.351685961032085e-07 0.0 0.0 0.0 7.755398893530143e-12 0.0 0.0 0.0 2.2032808604136978e-07 0.0 0.0 0.0 0.0 0.02616681621183812 0.0 0.0 0.0 0.044246319992202875 0.0 0.0 0.0 0.030697443059591947 0.0 0.0 0.0 0.07381531255976617 0.0 0.00046565171519138575 0.0 0.0 0.009889051223942109 1.5116174144230332e-08 0.0 0.0 0.009533079895758705 0.002888978558717483 0.0 0.0 0.12911551315897243 0.008851667053651018 0.0 0.0 0.018944458136944585 0.011547489665507348 0.0 0.0 0.30187956212442296 1.8563595010353163e-07 0.0 0.0 0.14619149302931567 0.006192825200018026 0.0 0.0 0.4310195265289377 0.08230662597443185 0.0 0.0 0.0660460019946173 0.0 0.04145573921922626 0.0 0.0 0.0 0.017311296889194597 0.0 0.0 0.0 3.6563780524246907e-07 0.0 0.0 0.0 0.006432733246797052 0.0 0.0 0.0 0.0 1.5937474439671885e-07 0.0 0.0 0.0 1.9429262630582993e-06 0.0 0.0 0.0 1.2054674900941947e-06 0.0 0.0 0.0 8.200031290113528e-08 0.0 9.824849933453349e-05 0.0 0.0 0.0036688108755572237 2.0700924775661548e-08 0.0 0.0 0.01023554459750139 0.0016401185737960385 0.0 0.0 0.024317113473032958 0.003594653923149283 0.0 0.0 0.0007969756954737446 0.007934156857620995 0.0 0.0 0.34678574284951197 4.2415283495195185e-07 0.0 0.0 0.32240077119977706 0.04094644794520574 0.0 0.0 0.5830018926261623 0.10823212904114499 0.0 0.0 0.030921997721620284 0.0 0.1283264429015479 0.0 0.0 0.0 0.14200193061906338 0.0 0.0 0.0 2.973912509889882e-06 0.0 0.0 0.0 0.06016305310305315 0.0 0.0 0.0 0.0 0.02291121561000216 0.0 0.0 0.0 0.043794554889421 0.0 0.0 0.0 0.003366677814437189 0.0 0.0 0.0 0.0015136545365527412 0.0 0.004251340716699642 0.0 0.0 0.026416861637663467 1.0462251743152413e-07 0.0 0.0 0.06466291371471933 0.00022114779642513322 0.0 0.0 0.004380926594082512 0.03753801338552801 0.0 0.0 0.009659499798760891 0.0007616709695449556 0.0 0.0 0.017303897002539467 6.540994305195834e-08 0.0 0.0 0.0494975740013322 0.0019558767446105994 0.0 0.0 0.09005811155693348 0.033986398264572434 0.0 0.0 0.007117952540030919
0.0 0.0040121863439831745 0.0 0.0 0.0 0.0019527200661209256 0.0 0.0 0.0 8.326953769114627e-08 0.0 0.0 0.0 0.007745286310289541 0.0 0.0 0.0 0.0 0.15264869203942324 0.0 0.0 0.0 0.027776896555196863 0.0 0.0 0.0 0.19453076713398518 0.0 0.0 0.0 0.09447865998494881 0.0 0.0035918379334700717 0.0 0.0 0.07679276126287085 3.755100546820992e-13 0.0 0.0 0.023054719027642702 7.293684811945833e-06 0.0 0.0 0.03421936986883424 0.06353856551268684 0.0 0.0 0.014137219865282007 0.0028277748098813438 0.0 0.0 0.05935694109350395 6.592059942158755e-08 0.0 0.0 0.04695899625777542 0.005666595057940157 0.0 0.0 0.21442118120958967 0.16618238569535815 0.0 0.0 0.052891473942278076 0.0 9.39931308157091e-08 0.0 0.0 0.0 3.116233412362949e-07 0.0 0.0 0.0 4.506482478614645e-12 0.0 0.0 0.0 1.211748756114895e-07 0.0 0.0 0.0 0.0 0.0023309823085361794 0.0 0.0 0.0 0.037936649235180954 0.0 0.0 0.0 0.04428481318505139 0.0 0.0 0.0 0.011335811222740935 0.0 1.2428643127054875e-14 0.0 0.0 1.0847786445285403e-12 5.906938231163689e-08 0.0 0.0 0.041446411904057984 0.00020035540757234804 0.0 0.0 0.025360556417278395 0.03141680719154181 0.0 0.0 0.0078059572591895 0.0004809117061842515 0.0 0.0 0.04705971090490696 2.0086440460561913e-07 0.0 0.0 0.16997486187291017 0.00840324922750852 0.0 0.0 0.22098121924121536 0.12053325843888932 0.0 0.0 0.028394840368184637 0.0 0.01435208295711864 0.0 0.0 0.0 0.01514554424081617 0.0 0.0 0.0 3.575809767906146e-07 0.0 0.0 0.0 0.007802876119106329 0.0 0.0 0.0 0.0 5.3210358009016996e-08 0.0 0.0 0.0 1.3000109896344943e-07 0.0 0.0 0.0 2.1723315376608944e-07 0.0 0.0 0.0 4.670365296209625e-07 0.0 0.00019419296439675843 0.0 0.0 0.04405565056683331 5.100984771430962e-09 0.0 0.0 0.006859641861171293 0.0025382699938093873 0.0 0.0 0.1211284491919344 0.07689360809646319 0.0 0.0 0.03399381967381831 0.0016448781676852997 0.0 0.0 0.13923993778902966 2.2618978702815727e-07 0.0 0.0 0.27722464608927433 0.0201446503100127 0.0 0.0 0.5543918404840887 0.17913142798126 0.0 0.0 0.051279693489810506 0.0 0.4510706524193215 0.0 0.0 0.0 0.07878971038354886 0.0 0.0 0.0 3.441326243044952e-07 0.0 0.0 0.0 0.21345928392104394 0.0 0.0 0.0 0.0 0.06036203959765676 0.0 0.0 0.0 0.04051651045002603 0.0 0.0 0.0 0.036965288418102114 0.0 0.0 0.0 0.09116372905953052 0.0 0.002866267610986259 0.0 0.0 0.08861961443369969 2.198869730102132e-08 0.0 0.0 0.05278430281179964 6.761780986943317e-05 0.0 0.0 0.0022750236432317224 0.03712808399098185 0.0 0.0 0.013237735014483993 0.0021044127973149198 0.0 0.0 0.09318079793499696 2.1623006743545817e-08 0.0 0.0 0.027396228398343197 0.00027280371485573966 0.0 0.0 0.010290621195172107 0.06849585394935737 0.0 0.0 0.025360604289301272
0.0 0.01152114490054401 0.0 0.0 0.0 0.0 0.0 0.0 0.0 3.905753076327114e-08 0.0 0.0 0.0 0.006553681969613621 0.0 0.0 0.0 0.0 0.0027226582657454736 0.0 0.0 0.0 0.0 0.0 0.0 0.0 0.16453707248503618 0.0 0.0 0.0 0.07967952320309221 0.0 6.956198043453786e-05 0.0 0.0 0.0008443230296162588 0.0 0.0 0.0 0.0 0.00030383121074193374 0.0 0.0 0.0032381498433742316 0.0012186363083765337 0.0 0.0 0.03809432816605284 0.012378997962993172 0.0 0.0 0.0752437315410699 0.0 0.0 0.0 0.0 0.0026258077930792333 0.0 0.0 0.08624614381124587 0.04491998159566446 0.0 0.0 0.08648489295820865 0.0 2.072828723302796e-07 0.0 0.0 0.0 2.0712534384511807e-07 0.0 0.0 0.0 2.556157459959191e-12 0.0 0.0 0.0 4.617967833852817e-07 0.0 0.0 0.0 0.0 0.03258356621905548 0.0 0.0 0.0 0.0586071436396537 0.0 0.0 0.0 0.14319336616652367 0.0 0.0 0.0 0.11274169182420513 0.0 0.0002445295663441861 0.0 0.0 0.0030206781153801414 7.248313132165946e-08 0.0 0.0 0.03512000935187743 0.0005130523317521757 0.0 0.0 0.007296673501653663 0.03994493168115198 0.0 0.0 0.03831537178156368 0.0010465702518173215 0.0 0.0 0.014494657404732172 1.779824978706367e-07 0.0 0.0 0.1118332247783026 0.006257212241786895 0.0 0.0 0.15108094879693743 0.16052578307460597 0.0 0.0 0.0595934305633035 0.0 0.009853259194643945 0.0 0.0 0.0 0.007203779974595458 0.0 0.0 0.0 4.2046872225155494e-07 0.0 0.0 0.0 0.03586207494074947 0.0 0.0 0.0 0.0 2.96877137481042e-08 0.0 0.0 0.0 3.664007439807128e-06 0.0 0.0 0.0 3.8016307782850204e-06 0.0 0.0 0.0 5.768971932211751e-06 0.0 0.0013696116194413092 0.0 0.0 0.03579822933006556 1.2378939336200703e-07 0.0 0.0 0.0832201808932087 0.00023402551971662231 0.0 0.0 0.08961691008315416 0.06990258523364848 0.0 0.0 0.10064871762924105 0.0010632380030151838 0.0 0.0 0.10608625868572524 1.1074688725470938e-07 0.0 0.0 0.11513297594928212 0.03059994229502832 0.0 0.0 0.5990078237654235 0.3124043576149252 0.0 0.0 0.14924921053212514 0.0 0.23121422382402199 0.0 0.0 0.0 0.3399217807494987 0.0 0.0 0.0 1.2667176419901473e-05 0.0 0.0 0.0 0.1800753635902372 0.0 0.0 0.0 0.0 0.014958696911304139 0.0 0.0 0.0 0.06584451116576108 0.0 0.0 0.0 0.06280525031711144 0.0 0.0 0.0 0.078883123903207 0.0 0.002704931273068501 0.0 0.0 0.061990697218206915 7.405900609544817e-08 0.0 0.0 0.042726156235328334 0.0018114586467800513 0.0 0.0 0.06522558309356723 0.052645449509543724 0.0 0.0 0.04420575786693568 0.00029025384746649946 0.0 0.0 0.048572658807343655 3.171466398136785e-07 0.0 0.0 0.11679945788598452 0.007728527802348277 0.0 0.0 0.27353818368538646 0.06966231032226138 0.0 0.0 0.03703987436963024
0.0 0.013678280942813837 0.0 0.0 0.0 0.0028411170448338087 0.0 0.0 0.0 5.227294325308746e-08 0.0 0.0 0.0 0.004122242047129024 0.0 0.0 0.0 0.0 0.04387931861288207 0.0 0.0 0.0 0.045446756189052945 0.0 0.0 0.0 0.09465292215730141 0.0 0.0 0.0 0.10000313256291639 0.0 0.0002655906696305382 0.0 0.0 0.005097549264798069 1.2983748495477097e-09 0.0 0.0 0.030164361164128427 0.0004670710666093226 0.0 0.0 0.006404465112843717 0.023263115308359793 0.0 0.0 0.0037138090150000223 0.0070285343404422876 0.0 0.0 0.25042251997881365 7.060942409170207e-08 0.0 0.0 0.09953202358828608 0.006152726317624626 0.0 0.0 0.14150082492441796 0.14801957585089506 0.0 0.0 0.04124991902508003 0.0 4.798262237599085e-08 0.0 0.0 0.0 1.4029836351610994e-08 0.0 0.0 0.0 3.4830404568750526e-12 0.0 0.0 0.0 8.079670239680485e-08 0.0 0.0 0.0 0.0 0.0003540334153744359 0.0 0.0 0.0 0.025604382183981898 0.0 0.0 0.0 0.06828946684388026 0.0 0.0 0.0 0.0035631076581243235 0.0 0.0007378562045821834 0.0 0.0 0.02194999607276319 1.2952595503803364e-14 0.0 0.0 0.0007672594483778262 0.0011884080714955976 0.0 0.0 0.10627584693338923 0.001951653558230783 0.0 0.0 0.00042787485639557405 0.00036547294519406233 0.0 0.0 0.012189459358283783 1.3890706547036272e-13 0.0 0.0 0.009225210316472127 0.0035116194194160684 0.0 0.0 0.17670331851653626 0.04913807856026363 0.0 0.0 0.016112936527923397 0.0 0.02555605008088572 0.0 0.0 0.0 0.002685047961745505 0.0 0.0 0.0 1.7729565576133327e-07 0.0 0.0 0.0 0.00871849528863385 0.0 0.0 0.0 0.0 1.3289076503574864e-07 0.0 0.0 0.0 2.7823420608581124e-08 0.0 0.0 0.0 5.374978755444728e-08 0.0 0.0 0.0 4.7708331837814994e-08 0.0 0.002105631026678273 0.0 0.0 0.034296848466905006 1.7208612852215092e-14 0.0 0.0 8.882249410382672e-09 0.004371449494941873 0.0 0.0 0.06271139093690577 0.053152114748276344 0.0 0.0 0.013397602513307629 0.007506397100818757 0.0 0.0 0.2509067342433276 5.68731183379255e-08 0.0 0.0 0.032911724438268966 0.018823187077518663 0.0 0.0 0.30565926721221076 0.16114799786450662 0.0 0.0 0.04835866970750402 0.0 0.24474775051583092 0.0 0.0 0.0 0.08812772850958198 0.0 0.0 0.0 3.26002229817145e-08 0.0 0.0 0.0 0.16207153709321523 0.0 0.0 0.0 0.0 0.025142477980723187 0.0 0.0 0.0 0.05370731430944471 0.0 0.0 0.0 0.007092603318312285 0.0 0.0 0.0 0.06761286488717387 0.0 0.0017364194070701262 0.0 0.0 0.06647055991515942 3.4192332832674872e-09 0.0 0.0 0.03838076678052192 0.0023365445968162803 0.0 0.0 0.024766385193303736 0.02831950870556517 0.0 0.0 0.008132637318500977 0.0008957906133036936 0.0 0.0 0.05257252733493312 1.0611946041501668e-08 0.0 0.0 0.03336537224219229 0.00010876458249840878 0.0 0.0 0.0012925356876663458 0.039328780878701425 0.0 0.0 0.01490646492622358
0.0 0.002315602156489957 0.0 0.0 0.0 0.0029876960067842513 0.0 0.0 0.0 2.7201517077434676e-08 0.0 0.0 0.0 0.00402207169368676 0.0 0.0 0.0 0.0 0.0026550924831316184 0.0 0.0 0.0 0.04975791362748556 0.0 0.0 0.0 0.1944851292011721 0.0 0.0 0.0 0.06278776134604594 0.0 1.3224023276488664e-14 0.0 0.0 4.578811122285473e-13 1.7844328702867556e-10 0.0 0.0 0.002804523944458297 0.00017596116554812957 0.0 0.0 0.029420834162241758 0.0036789438588877145 0.0 0.0 0.0010249468768939135 0.000819433720717362 0.0 0.0 0.03181042365935932 5.9291214624924266e-08 0.0 0.0 0.09485201503229146 0.0011967593050985536 0.0 0.0 0.07552570512577723 0.10689833998084457 0.0 0.0 0.04719124836465725 0.0 5.345515299425325e-07 0.0 0.0 0.0 1.0999700065872215e-07 0.0 0.0 0.0 1.0057256660744372e-11 0.0 0.0 0.0 1.932850124003454e-08 0.0 0.0 0.0 0.0 0.003747014458727337 0.0 0.0 0.0 0.001229119112068492 0.0 0.0 0.0 0.11074188992306755 0.0 0.0 0.0 0.00047102055429188155 0.0 2.3017644644615084e-09 0.0 0.0 6.267264983549513e-08 2.1639132338850136e-08 0.0 0.0 0.009116371041794297 0.0006030171430646365 0.0 0.0 0.04708931806724452 2.4121992282854503e-13 0.0 0.0 3.323562386710511e-14 0.002820103458646442 0.0 0.0 0.10623393861719005 2.9376209021114537e-07 0.0 0.0 0.06485518848825271 0.017292343649567797 0.0 0.0 0.3882817115095387 0.03216139292374163 0.0 0.0 0.004968119213360169 0.0 0.008025658603499292 0.0 0.0 0.0 0.014406933318508397 0.0 0.0 0.0 2.274565706341883e-07 0.0 0.0 0.0 0.018876826731494583 0.0 0.0 0.0 0.0 3.772209581961838e-09 0.0 0.0 0.0 1.373079334243292e-06 0.0 0.0 0.0 6.333641963247761e-08 0.0 0.0 0.0 2.3409779479099608e-07 0.0 0.00011972860527125556 0.0 0.0 0.0015132696547744751 1.7090400040969397e-08 0.0 0.0 0.1052345916312912 0.007079825263856595 0.0 0.0 0.10759876941143515 0.09253010017793838 0.0 0.0 0.025427348810184606 0.0032484271732258307 0.0 0.0 0.06229401623135826 2.719248162444665e-07 0.0 0.0 0.2939628851775128 0.013106269455592462 0.0 0.0 0.32342146931815785 0.22147017475538516 0.0 0.0 0.09290193966923481 0.0 0.299344101346316 0.0 0.0 0.0 0.09879430472586194 0.0 0.0 0.0 1.419617613280444e-06 0.0 0.0 0.0 0.08025706779462954 0.0 0.0 0.0 0.0 0.030703099472875667 0.0 0.0 0.0 0.005820387047036265 0.0 0.0 0.0 0.034276568184492436 0.0 0.0 0.0 0.033792403484726674 0.0 0.001971176863446536 0.0 0.0 0.09006849089443554 1.3830177328633601e-13 0.0 0.0 0.005370633134273399 8.570433769468739e-05 0.0 0.0 0.0031748339562059063 0.002643333615598988 0.0 0.0 0.0005322722881067222 0.00034652493539293213 0.0 0.0 0.06637378274973499 8.540487924041104e-13 0.0 0.0 0.04041688317251347 0.001769765789650043 0.0 0.0 0.03589281215468239 0.021297129183373613 0.0 0.0 0.011880001714241866
0.0 0.002417398733468517 0.0 0.0 0.0 0.0007028001436133645 0.0 0.0 0.0 4.461208414224926e-08 0.0 0.0 0.0 0.002940111021540885 0.0 0.0 0.0 0.0 0.0034816859862175126 0.0 0.0 0.0 0.0032765285773344436 0.0 0.0 0.0 0.08930863652006123 0.0 0.0 0.0 0.07827606453936861 0.0 1.6488756740494866e-09 0.0 0.0 0.002283987352713637 1.0160000105874567e-17 0.0 0.0 6.163062535918027e-07 0.0001040073109195348 0.0 0.0 0.019223671322530875 0.016766664625625705 0.0 0.0 0.006332914554553869 0.0012196957963083457 0.0 0.0 0.05204708284129502 3.93253808059461e-13 0.0 0.0 0.026744981151844708 0.0035476813723491728 0.0 0.0 0.13361536829756995 0.07813505902116459 0.0 0.0 0.03262366949382185 0.0 2.774291659889523e-07 0.0 0.0 0.0 2.1805178007127013e-09 0.0 0.0 0.0 5.368176921159149e-12 0.0 0.0 0.0 1.565963854600203e-07 0.0 0.0 0.0 0.0 0.023420128280073112 0.0 0.0 0.0 0.007727711297016167 0.0 0.0 0.0 0.05863631357693679 0.0 0.0 0.0 0.03746322663770061 0.0 6.468733107815728e-05 0.0 0.0 0.0017820416478840433 1.025684481963897e-08 0.0 0.0 0.01954119410150835 0.000788493555687862 0.0 0.0 0.02467391202459364 0.007183786477815185 0.0 0.0 0.0005441741385174262 0.0006543562025740205 0.0 0.0 0.09697821382698214 1.6179711295568337e-09 0.0 0.0 0.0034560067255810984 0.007585093610052912 0.0 0.0 0.18484052284231484 0.0690084635105034 0.0 0.0 0.03942482353627475 0.0 0.00807208538798597 0.0 0.0 0.0 0.016616759934633744 0.0 0.0 0.0 2.1070129531322832e-07 0.0 0.0 0.0 0.014387400570548055 0.0 0.0 0.0 0.0 6.325020268557462e-07 0.0 0.0 0.0 1.3428043214092008e-06 0.0 0.0 0.0 4.189158712312135e-07 0.0 0.0 0.0 1.0783238781235028e-06 0.0 0.0014501243808931388 0.0 0.0 0.04628359169611678 9.876320223879401e-08 0.0 0.0 0.08023660215903272 0.0016820038515182223 0.0 0.0 0.027579603377871242 0.01755081301515428 0.0 0.0 0.009274379402630529 0.002151995962815309 0.0 0.0 0.06494127478791939 2.8666188679506754e-07 0.0 0.0 0.2103941714713167 0.01284380670778066 0.0 0.0 0.23441829206061762 0.127029458289302 0.0 0.0 0.0775562798340019 0.0 0.1638531540723613 0.0 0.0 0.0 0.10992781753296178 0.0 0.0 0.0 3.2275064964092667e-06 0.0 0.0 0.0 0.1390565436097697 0.0 0.0 0.0 0.0 0.017809416353155413 0.0 0.0 0.0 0.04357271685525745 0.0 0.0 0.0 0.0373315347995875 0.0 0.0 0.0 0.0615049884778537 0.0 2.0659065489646665e-05 0.0 0.0 0.028517527153096058 1.0151935865336e-09 0.0 0.0 0.0269026650422749 0.007560964873089037 0.0 0.0 0.0462112910422265 0.03590271179156701 0.0 0.0 0.03901322241787084 0.0004988341226726166 0.0 0.0 0.03509981866873986 3.789594559304743e-08 0.0 0.0 0.034671244914442206 0.006349083137423636 0.0 0.0 0.08689345571781307 0.04587312987139496 0.0 0.0 0.016623591805376713
0.0 0.003649886073859275 0.0 0.0 0.0 0.00155506288212943 0.0 0.0 0.0 1.0284893804403786e-07 0.0 0.0 0.0 0.0010233638519857881 0.0 0.0 0.0 0.0 0.058268184592040695 0.0 0.0 0.0 0.08872960904756746 0.0 0.0 0.0 0.04628072416872439 0.0 0.0 0.0 0.10738727584750178 0.0 7.47333422195346e-05 0.0 0.0 0.025702331016197236 2.197962194314787e-09 0.0 0.0 0.006145070511216905 0.0011631639445921606 0.0 0.0 0.02841638566653039 0.02008643509273238 0.0 0.0 0.011874466887053216 0.0005417643206209149 0.0 0.0 0.06852420406519757 8.314837043671587e-09 0.0 0.0 0.060331350456422184 0.007051500993362762 0.0 0.0 0.1679058878340686 0.037618624453215566 0.0 0.0 0.010123157959673522 0.0 1.1441970728600409e-07 0.0 0.0 0.0 0.0 0.0 0.0 0.0 3.448315734173843e-12 0.0 0.0 0.0 1.619685198683433e-08 0.0 0.0 0.0 0.0 0.0013008181188570596 0.0 0.0 0.0 0.0 0.0 0.0 0.0 0.06753806317104619 0.0 0.0 0.0 0.021623718127095425 0.0 2.07163944911369e-14 0.0 0.0 6.621141921754525e-13 0.0 0.0 0.0 0.0 0.0049568809653185684 0.0 0.0 0.14012733399276603 0.01015045958815132 0.0 0.0 0.0015398191635445282 0.000815875709042293 0.0 0.0 0.029235412433737572 0.0 0.0 0.0 0.0 0.006728561478699412 0.0 0.0 0.18822802925507304 0.024924540039708554 0.0 0.0 0.004465888248702283 0.0 0.006497151307368618 0.0 0.0 0.0 0.00440834455409236 0.0 0.0 0.0 9.645235654033548e-08 0.0 0.0 0.0 0.015324574948420393 0.0 0.0 0.0 0.0 1.6949218976106146e-08 0.0 0.0 0.0 3.5495858696256385e-07 0.0 0.0 0.0 2.46497568895919e-08 0.0 0.0 0.0 1.3472303470320217e-07 0.0 0.001068754617863035 0.0 0.0 0.0416546404674996 6.4613081181364475e-09 0.0 0.0 0.0016409999430890944 0.00035844352485451083 0.0 0.0 0.016932500754398207 0.03831007970229059 0.0 0.0 0.00944648188829914 0.0007172946613346802 0.0 0.0 0.07547102472482325 1.0795958613830377e-07 0.0 0.0 0.08800684816941846 0.0058180786044909096 0.0 0.0 0.1650041801063052 0.27279578349548766 0.0 0.0 0.10305403479084617 0.0 0.28085813493673834 0.0 0.0 0.0 0.08449919198077689 0.0 0.0 0.0 3.3197596168655223e-07 0.0 0.0 0.0 0.14519167354450416 0.0 0.0 0.0 0.0 0.029825955802559815 0.0 0.0 0.0 0.06804452970430885 0.0 0.0 0.0 0.00011808945555202639 0.0 0.0 0.0 0.06355105357934161 0.0 0.0012013379307442436 0.0 0.0 0.04882115148857864 1.0812895526159678e-12 0.0 0.0 0.06205234363980841 0.0011757243402355246 0.0 0.0 0.022320903043458237 0.043638550372857694 0.0 0.0 0.013352171460209498 0.001435391469974674 0.0 0.0 0.04543689723775585 5.685232804593432e-09 0.0 0.0 0.0362216944450081 0.0003471926081368179 0.0 0.0 0.007389979258682752 0.06302485969353734 0.0 0.0 0.01611611885184712
0.0 0.003006346912761131 0.0 0.0 0.0 0.00016835641549153043 0.0 0.0 0.0 6.00990991157933e-08 0.0 0.0 0.0 8.74020215465859e-05 0.0 0.0 0.0 0.0 0.041632386178175676 0.0 0.0 0.0 0.05403802411617274 0.0 0.0 0.0 0.038405249307307626 0.0 0.0 0.0 0.02960884551454597 0.0 5.530404330044289e-09 0.0 0.0 0.0157465494887509 2.634272563825081e-10 0.0 0.0 0.0004875152023561518 0.0004450597444975568 0.0 0.0 0.041855615658770565 4.884956645633182e-09 0.0 0.0 0.0001594849149610456 1.8266794676134105e-08 0.0 0.0 0.06387959999194823 1.7638167686282203e-09 0.0 0.0 0.00743855542315301 0.006813359553565511 0.0 0.0 0.19207669496663818 3.306919931571353e-08 0.0 0.0 0.0012104561869991657 0.0 0.0 0.0 0.0 0.0 8.86726372496942e-08 0.0 0.0 0.0 1.3786048234931693e-12 0.0 0.0 0.0 2.2149823781854514e-07 0.0 0.0 0.0 0.0 0.0 0.0 0.0 0.0 0.0008155979466698811 0.0 0.0 0.0 0.05656432123317197 0.0 0.0 0.0 0.050878482854079185 0.0 0.0 0.0 0.0 0.0 7.309715689119285e-19 0.0 0.0 2.0030354467643218e-13 0.000573541453383686 0.0 0.0 0.07888245925243495 0.029738443839215797 0.0 0.0 0.006751136831639184 0.0 0.0 0.0 0.0 9.846390846260474e-08 0.0 0.0 0.030250441508792837 0.0013419483965081732 0.0 0.0 0.08010131580858375 0.06736921353163598 0.0 0.0 0.03165986099844443 0.0 0.014893843000000741 0.0 0.0 0.0 0.002621933499960201 0.0 0.0 0.0 3.64006938939458e-07 0.0 0.0 0.0 0.02263325391629385 0.0 0.0 0.0 0.0 6.745797908290835e-07 0.0 0.0 0.0 1.2527390510187366e-06 0.0 0.0 0.0 1.5625762687715007e-07 0.0 0.0 0.0 1.04780120142828e-06 0.0 0.0002964024425696916 0.0 0.0 0.00691073245314765 1.0513190567270694e-07 0.0 0.0 0.04820445718259945 0.0026161882244224765 0.0 0.0 0.051543056424454135 0.02362155323176656 0.0 0.0 0.009500505614326402 0.0022819503150765643 0.0 0.0 0.16201375676266688 3.6744924471202633e-08 0.0 0.0 0.04237089447818538 0.016563682139056166 0.0 0.0 0.3952699518306324 0.24659723636956424 0.0 0.0 0.13257357535776976 0.0 0.14578431520344015 0.0 0.0 0.0 0.10546802344583206 0.0 0.0 0.0 2.634165545003442e-06 0.0 0.0 0.0 0.17670976088663692 0.0 0.0 0.0 0.0 0.017061174930157946 0.0 0.0 0.0 0.061090706574980294 0.0 0.0 0.0 0.04400319309360621 0.0 0.0 0.0 0.07727556372397068 0.0 1.984990092060837e-06 0.0 0.0 6.824018742813669e-05 4.592275492152536e-08 0.0 0.0 0.04602197792931939 0.004831280244699565 0.0 0.0 0.07853025027349564 0.020145367481316113 0.0 0.0 0.008164792864691456 0.0006818039039610405 0.0 0.0 0.02279984033817306 2.1881516119281527e-08 0.0 0.0 0.035949036983267096 0.006573265024193122 0.0 0.0 0.08352296334392159 0.0404928812937994 0.0 0.0 0.018940126263881522
0.0 0.009053915102929338 0.0 0.0 0.0 0.00266538896702614 0.0 0.0 0.0 3.189001895481915e-08 0.0 0.0 0.0 0.011131585068919815 0.0 0.0 0.0 0.0 0.009415137301167376 0.0 0.0 0.0 0.13023332885424008 0.0 0.0 0.0 0.04156016080113003 0.0 0.0 0.0 0.48070408515060253 0.0 2.8895849375694314e-05 0.0 0.0 0.0015907416065687966 1.050863673744122e-08 0.0 0.0 0.0017167109152552784 0.0005622021134137034 0.0 0.0 0.00700522389544493 0.016629451953944756 0.0 0.0 0.0035098874627389597 0.003365852660892504 0.0 0.0 0.16396945772802415 1.1545660658969379e-07 0.0 0.0 0.09029324559698461 0.005883035266450104 0.0 0.0 0.09492854623270856 0.4751800804618432 0.0 0.0 0.13738891139569784 0.0 1.8059595127706301e-07 0.0 0.0 0.0 0.0 0.0 0.0 0.0 1.2397078116807335e-12 0.0 0.0 0.0 0.0 0.0 0.0 0.0 0.0 0.0029384118747590145 0.0 0.0 0.0 0.0 0.0 0.0 0.0 0.017274409954054486 0.0 0.0 0.0 0.0 0.0 0.0025501183559163334 0.0 0.0 0.03862726147619277 0.0 0.0 0.0 0.0 0.003152465780099607 0.0 0.0 0.08676277688368714 0.0 0.0 0.0 0.0 0.000896371361606306 0.0 0.0 0.067442056484949 0.0 0.0 0.0 0.0 0.0031113103902690614 0.0 0.0 0.07712303723960787 0.0 0.0 0.0 0.0 0.0 0.00969664769163391 0.0 0.0 0.0 0.002012038516211068 0.0 0.0 0.0 0.0 0.0 0.0 0.0 0.00551358132055688 0.0 0.0 0.0 0.0 7.144143352793907e-08 0.0 0.0 0.0 1.1775236657599692e-13 0.0 0.0 0.0 0.0 0.0 0.0 0.0 1.5255876981330662e-06 0.0 0.002951110233344366 0.0 0.0 0.05932503562334983 2.0289322845970778e-10 0.0 0.0 0.00011755076713327326 0.0 0.0 0.0 0.0 0.004791410102006784 0.0 0.0 0.001401877958470104 0.00459285563187102 0.0 0.0 0.11085827962732515 5.4428748335017614e-08 0.0 0.0 0.0353551561346879 0.0 0.0 0.0 0.0 0.1400982686484559 0.0 0.0 0.0356173366317701 0.0 0.6431619687166256 0.0 0.0 0.0 0.015535394345576293 0.0 0.0 0.0 1.5135049059058328e-06 0.0 0.0 0.0 0.007989989121535231 0.0 0.0 0.0 0.0 0.01868950368801893 0.0 0.0 0.0 0.000859293641538031 0.0 0.0 0.0 0.0028358670599417392 0.0 0.0 0.0 0.0005136750871576274 0.0 0.006568468035855427 0.0 0.0 0.40061627211020395 2.1108298984994207e-13 0.0 0.0 0.014016643552900374 4.140658272954572e-09 0.0 0.0 6.998178731830575e-08 0.049899665653291535 0.0 0.0 0.010116648845644435 0.0018972489000326001 0.0 0.0 0.1285801401425938 9.501127253332013e-14 0.0 0.0 0.007073468509470781 0.0017368118936973206 0.0 0.0 0.03291053346880104 0.005232794178639584 0.0 0.0 0.00121682721331473
0.0 0.007457207396152367 0.0 0.0 0.0 0.0018753941010794194 0.0 0.0 0.0 9.959587489721618e-08 0.0 0.0 0.0 0.0020274308750526443 0.0 0.0 0.0 0.0 0.03831814382308639 0.0 0.0 0.0 0.06728010226725681 0.0 0.0 0.0 0.08782836953628204 0.0 0.0 0.0 0.0901671521174695 0.0 0.0006364670375115089 0.0 0.0 0.03497165796301234 1.9503913408904982e-14 0.0 0.0 0.0003489675491035304 0.00048641762073428207 0.0 0.0 0.02325003280887458 0.0012929537257991561 0.0 0.0 0.00685133510302 0.002130651991554539 0.0 0.0 0.15348768796538134 3.8175376639267285e-09 0.0 0.0 0.06592514150883079 0.010886188163683617 0.0 0.0 0.18226551307316288 0.11113725177449232 0.0 0.0 0.025525692580864855 0.0 3.89928142971438e-08 0.0 0.0 0.0 3.4760676578874463e-07 0.0 0.0 0.0 2.547862010944874e-12 0.0 0.0 0.0 1.5825518749287217e-07 0.0 0.0 0.0 0.0 0.015139505787931742 0.0 0.0 0.0 0.011974986128054534 0.0 0.0 0.0 0.04228756629111616 0.0 0.0 0.0 0.04784055932352924 0.0 1.5038388592049867e-09 0.0 0.0 0.004552456121627685 1.1124172802714355e-08 0.0 0.0 0.02266643635515887 0.0016320303456574276 0.0 0.0 0.04694462157568577 0.0359211026206203 0.0 0.0 0.011217433980398966 4.173666548589738e-09 0.0 0.0 0.01416539573107779 1.4234374800393482e-07 0.0 0.0 0.10078768568592773 0.007297981891342984 0.0 0.0 0.10498221375939139 0.06634733315458752 0.0 0.0 0.041817826531418086 0.0 0.020885815379929867 0.0 0.0 0.0 0.004941089561677788 0.0 0.0 0.0 1.25950521757459e-07 0.0 0.0 0.0 0.010466852103853994 0.0 0.0 0.0 0.0 8.693123419885684e-07 0.0 0.0 0.0 3.966914944496791e-08 0.0 0.0 0.0 1.0160152546484452e-06 0.0 0.0 0.0 5.37406436849975e-07 0.0 0.0012060942301389116 0.0 0.0 0.0271831082223186 4.555845561055091e-08 0.0 0.0 0.018962223942918664 0.003419747557199177 0.0 0.0 0.05213887960507142 0.003955854210820607 0.0 0.0 0.024906492759993116 0.004464419357410972 0.0 0.0 0.21711891198551506 2.78727691922778e-07 0.0 0.0 0.0776685294729774 0.007903873836320774 0.0 0.0 0.2073955755232876 0.12288897329521546 0.0 0.0 0.0747831064003785 0.0 0.2552507059751982 0.0 0.0 0.0 0.11042578626110869 0.0 0.0 0.0 2.2748379390443323e-06 0.0 0.0 0.0 0.10517584813215955 0.0 0.0 0.0 0.0 0.014379312884714774 0.0 0.0 0.0 0.04367896556269991 0.0 0.0 0.0 0.006783844092351478 0.0 0.0 0.0 0.05738062445195405 0.0 0.0020669618100134114 0.0 0.0 0.05488642828237396 2.7736474645687147e-08 0.0 0.0 0.011365758917811962 0.0028218091280110607 0.0 0.0 0.05017413983639671 0.0644566648909736 0.0 0.0 0.017815497605163173 0.0008555318640245776 0.0 0.0 0.04499248460420131 3.5549215287266183e-08 0.0 0.0 0.03767383983843114 0.0033359865564756967 0.0 0.0 0.07231155479265373 0.04971497574596477 0.0 0.0 0.010173009972397293
0.0 0.0 0.0 0.0 0.0 0.003133083445427935 0.0 0.0 0.0 3.3566259492246114e-08 0.0 0.0 0.0 0.002120404746939102 0.0 0.0 0.0 0.0 0.0 0.0 0.0 0.0 0.05228142687062369 0.0 0.0 0.0 0.0731535271106908 0.0 0.0 0.0 0.07901922341696385 0.0 0.0 0.0 0.0 0.0 1.2803837953905572e-13 0.0 0.0 0.0008660009596689438 9.273901143201619e-05 0.0 0.0 0.001646568151324922 0.0013382633982531558 0.0 0.0 0.00018318466947837408 0.0 0.0 0.0 0.0 6.786601374513556e-08 0.0 0.0 0.08924432429139419 0.00144953132656513 0.0 0.0 0.06918250426698415 0.04710137867175985 0.0 0.0 0.01576244852986215 0.0 1.7595567275435848e-07 0.0 0.0 0.0 5.90660058097204e-07 0.0 0.0 0.0 1.7476375443626105e-11 0.0 0.0 0.0 5.468576180894665e-07 0.0 0.0 0.0 0.0 6.422192170660344e-08 0.0 0.0 0.0 0.011477181714537685 0.0 0.0 0.0 0.2179013530619464 0.0 0.0 0.0 0.049244365952927464 0.0 5.70316210963307e-05 0.0 0.0 0.0011950790004584344 8.387198659858859e-09 0.0 0.0 0.0047171265190658505 0.005443739046441374 0.0 0.0 0.0657492104368998 0.0047478025000723505 0.0 0.0 0.0007603656719537501 0.0019293275487407666 0.0 0.0 0.04532662279652887 6.833852365614345e-07 0.0 0.0 0.32336251734483495 0.042006045799180096 0.0 0.0 0.6390656745264329 0.2527750542372013 0.0 0.0 0.08053827393557776 0.0 0.007512438288670071 0.0 0.0 0.0 0.04087210500882219 0.0 0.0 0.0 1.2793339704796252e-07 0.0 0.0 0.0 0.014397857294733609 0.0 0.0 0.0 0.0 8.483122190396128e-13 0.0 0.0 0.0 5.486491556933976e-06 0.0 0.0 0.0 2.1150487283616628e-07 0.0 0.0 0.0 6.585590788070301e-08 0.0 7.383759437093552e-05 0.0 0.0 0.03506199059411363 1.3469302708301417e-07 0.0 0.0 0.15279975788358266 0.0023841056362575806 0.0 0.0 0.07332643420032027 0.0325790787921758 0.0 0.0 0.052626920430799196 0.0013404691688711965 0.0 0.0 0.05302786664196347 4.646828406896138e-07 0.0 0.0 0.6794714718397096 0.005243813280994855 0.0 0.0 0.16158681316625162 0.1474105781488662 0.0 0.0 0.09254360748844931 0.0 0.1969415631539355 0.0 0.0 0.0 0.2321447980236755 0.0 0.0 0.0 5.602336053047413e-06 0.0 0.0 0.0 0.09907664724646267 0.0 0.0 0.0 0.0 0.0041266919675154315 0.0 0.0 0.0 0.0070665564877844915 0.0 0.0 0.0 0.05779716814713714 0.0 0.0 0.0 0.046605039543316414 0.0 0.000962053233531965 0.0 0.0 0.04285473145329445 3.934664227850954e-12 0.0 0.0 0.05315040520425028 3.0252580401902095e-05 0.0 0.0 0.0005780336023288555 0.0338283665615699 0.0 0.0 0.04346485212980358 0.0008908025920153347 0.0 0.0 0.04527396446622034 1.770198885080347e-08 0.0 0.0 0.09570463173371696 0.006132301844349961 0.0 0.0 0.12948984606740446 0.00838808845022819 0.0 0.0 0.011178511790713448
0.0 0.004660155292045182 0.0 0.0 0.0 0.004288421365877583 0.0 0.0 0.0 3.6610389450989276e-08 0.0 0.0 0.0 0.003995318697802035 0.0 0.0 0.0 0.0 0.036276540884613774 0.0 0.0 0.0 0.13133738635682424 0.0 0.0 0.0 0.013690910006938754 0.0 0.0 0.0 0.055517403187773956 0.0 0.0009120162063102816 0.0 0.0 0.031094244772416797 3.2930757981095352e-09 0.0 0.0 0.0032224800424449553 0.004204490504672167 0.0 0.0 0.06319893671755067 0.003592808196563851 0.0 0.0 0.0012912566912476305 0.0026554875931817756 0.0 0.0 0.06991981463265434 1.8321486351918492e-07 0.0 0.0 0.15218804448935833 0.007736034653108063 0.0 0.0 0.10519393734897048 0.09355433826616576 0.0 0.0 0.036073220802076346 0.0 2.6735884001224556e-07 0.0 0.0 0.0 7.762147835559326e-08 0.0 0.0 0.0 2.0716202823936154e-11 0.0 0.0 0.0 6.436876252522617e-08 0.0 0.0 0.0 0.0 0.06121543066269152 0.0 0.0 0.0 0.03934143125789844 0.0 0.0 0.0 0.08047711367772599 0.0 0.0 0.0 0.01106652637111201 0.0 0.0014651137230151496 0.0 0.0 0.05028387276595375 9.413491187668736e-19 0.0 0.0 6.089588217724614e-08 0.006421389805316411 0.0 0.0 0.15328497219344223 0.02846156134342991 0.0 0.0 0.006725920585593295 0.0012899546183415159 0.0 0.0 0.07976970671278762 1.2082250871747764e-12 0.0 0.0 0.05767060314434762 0.03966924353764341 0.0 0.0 0.9327994422753414 0.03966133634848193 0.0 0.0 0.011096763903435114 0.0 0.01985557570976376 0.0 0.0 0.0 0.04526080322035424 0.0 0.0 0.0 1.0898573100005225e-07 0.0 0.0 0.0 0.01053996477209141 0.0 0.0 0.0 0.0 6.787573782859367e-08 0.0 0.0 0.0 2.1019653344268853e-06 0.0 0.0 0.0 4.678881695995094e-09 0.0 0.0 0.0 1.904519420660704e-08 0.0 0.0002715211720840076 0.0 0.0 0.003531226710254139 2.0355849580841434e-08 0.0 0.0 0.04776195716796271 0.00015024818452356883 0.0 0.0 0.004213931059451166 0.008011845672852442 0.0 0.0 0.03245511663590405 0.005069458219097007 0.0 0.0 0.16529649615469283 1.6367551929448852e-07 0.0 0.0 0.8770966828231284 0.013002150050581552 0.0 0.0 0.17665790288246072 0.2248403645759442 0.0 0.0 0.06369529452086557 0.0 0.2024181116923861 0.0 0.0 0.0 0.1453000502586054 0.0 0.0 0.0 2.047948311504216e-06 0.0 0.0 0.0 0.06877994401406624 0.0 0.0 0.0 0.0 0.002614993812158475 0.0 0.0 0.0 0.07596197173364988 0.0 0.0 0.0 0.0022278385953352193 0.0 0.0 0.0 0.0025104877115786463 0.0 0.00039405150848316944 0.0 0.0 0.008440728303600544 2.0739703346540347e-08 0.0 0.0 0.011086376140029284 0.00229860283591723 0.0 0.0 0.0439629800610544 0.0020854017089429796 0.0 0.0 0.0008262750179278512 0.0008863127517986598 0.0 0.0 0.027776234233610066 8.130283135195311e-08 0.0 0.0 0.05868801858762515 0.002174293116178 0.0 0.0 0.04634641036401846 0.01629249780098816 0.0 0.0 0.00651756666731091
0.0 0.0003294121796695921 0.0 0.0 0.0 0.0 0.0 0.0 0.0 7.891061504595744e-08 0.0 0.0 0.0 0.0024011454565624184 0.0 0.0 0.0 0.0 0.03037275070730183 0.0 0.0 0.0 0.0 0.0 0.0 0.0 0.028600331173865144 0.0 0.0 0.0 0.04288895490619225 0.0 7.672913720902681e-11 0.0 0.0 0.00016099353225468248 0.0 0.0 0.0 0.0 0.0019808904335301865 0.0 0.0 0.049098230490773574 0.021111227769434374 0.0 0.0 0.0046726396359872795 2.8306797702311502e-09 0.0 0.0 0.006658943850516135 0.0 0.0 0.0 0.0 0.008136152327426016 0.0 0.0 0.17483903890384792 0.04517903920252606 0.0 0.0 0.033835405737902134 0.0 1.1054468064571865e-07 0.0 0.0 0.0 7.742583372881625e-08 0.0 0.0 0.0 3.1088062840367768e-12 0.0 0.0 0.0 9.050114390791193e-08 0.0 0.0 0.0 0.0 0.02695900613684971 0.0 0.0 0.0 0.002701936916232406 0.0 0.0 0.0 0.06697863289901287 0.0 0.0 0.0 0.022565639402763824 0.0 2.8469505763733206e-05 0.0 0.0 0.009387908085936397 1.3916477734067603e-18 0.0 0.0 8.150668350041316e-13 0.0022468567471831593 0.0 0.0 0.05536160845766495 0.004493688403782143 0.0 0.0 0.0010179473631760224 0.00013254359086173993 0.0 0.0 0.03853616849021004 5.302721555308867e-08 0.0 0.0 0.03482003580705436 0.008094148601190359 0.0 0.0 0.1299734755318978 0.036023251294396985 0.0 0.0 0.010943589389039334 0.0 0.02192933222437967 0.0 0.0 0.0 0.007288928227525475 0.0 0.0 0.0 1.6142612562656693e-07 0.0 0.0 0.0 0.03743004865802153 0.0 0.0 0.0 0.0 6.762810883611347e-07 0.0 0.0 0.0 1.0243722109090663e-06 0.0 0.0 0.0 1.3018773436266878e-06 0.0 0.0 0.0 7.559105442510827e-06 0.0 0.0003562930733668356 0.0 0.0 0.0383270249881005 3.3609102209793755e-09 0.0 0.0 0.01650811273553687 0.004189692365178331 0.0 0.0 0.06004615894822668 0.07806545337166716 0.0 0.0 0.08010930883558252 0.0017840985679046367 0.0 0.0 0.12521309075091563 7.406681348371928e-08 0.0 0.0 0.12629026994560755 0.028038415337002607 0.0 0.0 0.24542319864048343 0.29589554012479685 0.0 0.0 0.14636784391605875 0.0 0.07960318183862931 0.0 0.0 0.0 0.11191620970149958 0.0 0.0 0.0 1.0230352493463812e-05 0.0 0.0 0.0 0.37435178486701587 0.0 0.0 0.0 0.0 0.01969154881346934 0.0 0.0 0.0 0.06983351727587815 0.0 0.0 0.0 0.1748768013029478 0.0 0.0 0.0 0.14800700583209217 0.0 1.6197845472811503e-05 0.0 0.0 0.032917682246807044 7.959561493497536e-08 0.0 0.0 0.030295281033392945 0.0019826067777016054 0.0 0.0 0.05479356153577978 0.05721966695960196 0.0 0.0 0.03624406566109841 0.00041303105606839164 0.0 0.0 0.017446770908157595 6.842421289457652e-08 0.0 0.0 0.05060956620945938 0.010514331305979839 0.0 0.0 0.17056560367376009 0.0530208130710246 0.0 0.0 0.04407662397503871
0.0 0.01186039252698015 0.0 0.0 0.0 0.004426251678657036 0.0 0.0 0.0 3.8146398564895415e-08 0.0 0.0 0.0 0.0038828672952344405 0.0 0.0 0.0 0.0 0.07450321400786944 0.0 0.0 0.0 0.04869050175550098 0.0 0.0 0.0 0.005238802410392064 0.0 0.0 0.0 0.03825777893672856 0.0 0.0017295296108461122 0.0 0.0 0.04635459898154695 7.39992858080136e-10 0.0 0.0 0.0032619261154081913 0.0013080330659056827 0.0 0.0 0.036402721239431314 0.033953137095689215 0.0 0.0 0.006460949737759085 0.007856398573177034 0.0 0.0 0.20970191738350077 1.824593103336423e-07 0.0 0.0 0.16024024561046626 0.005182746974942689 0.0 0.0 0.11433198943243143 0.10331508064200307 0.0 0.0 0.030749294651921284 0.0 4.26547797218246e-07 0.0 0.0 0.0 2.0197932664342542e-07 0.0 0.0 0.0 2.0230144167764394e-12 0.0 0.0 0.0 5.6607829560443944e-08 0.0 0.0 0.0 0.0 0.037899073353701046 0.0 0.0 0.0 0.01610973538264943 0.0 0.0 0.0 0.0028284109570980744 0.0 0.0 0.0 0.022613093844067865 0.0 0.0005773427215300043 0.0 0.0 0.017493819742227038 1.0421189767233681e-07 0.0 0.0 0.03182943087336171 0.0010058027932860428 0.0 0.0 0.01929137798465983 0.025934671209056192 0.0 0.0 0.006510490752242058 0.0029904572583105077 0.0 0.0 0.13058060019085294 2.0082617870576483e-07 0.0 0.0 0.11452465799608758 0.003851311150675746 0.0 0.0 0.10841003983684208 0.06662307067393063 0.0 0.0 0.013705559637458493 0.0 0.016835566076243143 0.0 0.0 0.0 0.0025842962774780304 0.0 0.0 0.0 7.585979008519575e-08 0.0 0.0 0.0 0.005968514541057962 0.0 0.0 0.0 0.0 8.237029625731145e-08 0.0 0.0 0.0 2.1527381004235082e-08 0.0 0.0 0.0 1.0581103806215185e-07 0.0 0.0 0.0 4.0647122643234325e-08 0.0 0.00027626137687039126 0.0 0.0 0.009331843680741669 7.389356516984398e-10 0.0 0.0 0.0002537968601588461 0.0031544508249625462 0.0 0.0 0.01940836088889752 0.001818439683081437 0.0 0.0 0.0006361984124567811 0.004656078980654214 0.0 0.0 0.15844188732961303 6.630821131881435e-08 0.0 0.0 0.051316595377669055 0.008943833010014807 0.0 0.0 0.10388011632988178 0.06875449454901177 0.0 0.0 0.031131866346937268 0.0 0.16048758369071753 0.0 0.0 0.0 0.07243956360205471 0.0 0.0 0.0 9.632360993453706e-08 0.0 0.0 0.0 0.1028319512272754 0.0 0.0 0.0 0.0 0.017068540978961752 0.0 0.0 0.0 0.03784278162272913 0.0 0.0 0.0 0.021831268182782644 0.0 0.0 0.0 0.035940798886923836 0.0 0.0011197564257686065 0.0 0.0 0.02992566621704465 7.422905534464087e-08 0.0 0.0 0.0520432588090747 7.014560244364231e-10 0.0 0.0 0.0012558570737526537 0.008794965438904394 0.0 0.0 0.0036721334197865386 0.0010797622410748885 0.0 0.0 0.034015187350685226 5.5623394551554346e-08 0.0 0.0 0.027215985928110274 1.987854128057406e-09 0.0 0.0 0.003990164275461572 0.026565335551980866 0.0 0.0 0.011736535289547642
0.0 0.005772366738313659 0.0 0.0 0.0 0.0007070835594539065 0.0 0.0 0.0 8.576849151105584e-08 0.0 0.0 0.0 0.0021163964177484283 0.0 0.0 0.0 0.0 0.02404831345615009 0.0 0.0 0.0 0.00599854618747502 0.0 0.0 0.0 0.07198238910610522 0.0 0.0 0.0 0.11261238188641824 0.0 0.00013129450513842459 0.0 0.0 0.016681572654464735 9.460585321873043e-16 0.0 0.0 6.0226067958819455e-05 0.0017623598156256267 0.0 0.0 0.023914318552502128 0.004774169655805538 0.0 0.0 0.0008658812800927099 0.003074173575240698 0.0 0.0 0.13679724500902293 3.407220999973458e-13 0.0 0.0 0.024318305174492353 0.009196944426161362 0.0 0.0 0.23506967321805347 0.06591161451307519 0.0 0.0 0.031308683174912116 0.0 2.285026085004584e-07 0.0 0.0 0.0 1.80052152442737e-07 0.0 0.0 0.0 2.296182463230654e-12 0.0 0.0 0.0 1.4073698954134115e-07 0.0 0.0 0.0 0.0 0.00397918458666003 0.0 0.0 0.0 0.03230909584507894 0.0 0.0 0.0 0.033255937268338254 0.0 0.0 0.0 0.05858720636883001 0.0 1.432021367369564e-14 0.0 0.0 1.2736462176611509e-08 9.63802361767099e-08 0.0 0.0 0.05336484266806688 0.0013238708256905181 0.0 0.0 0.030111253367232683 0.015289184323559746 0.0 0.0 0.009536441555067797 0.0003666531331605096 0.0 0.0 0.08890640401025976 8.951419395987684e-08 0.0 0.0 0.06974650048888041 0.013216535611986784 0.0 0.0 0.10859736886278615 0.07337476030663184 0.0 0.0 0.029717232647251707 0.0 0.019183320328482217 0.0 0.0 0.0 0.007875675101141889 0.0 0.0 0.0 1.8026279420098366e-07 0.0 0.0 0.0 0.012659531023354107 0.0 0.0 0.0 0.0 4.975065170859613e-07 0.0 0.0 0.0 1.052398907881928e-06 0.0 0.0 0.0 9.70064537722084e-07 0.0 0.0 0.0 3.007220147204057e-07 0.0 0.00025386720551336285 0.0 0.0 0.010910661728410953 3.4350770805866604e-08 0.0 0.0 0.03607852785409376 0.0004998788335261185 0.0 0.0 0.01127247943876092 0.03743698223352039 0.0 0.0 0.03663678806163697 0.00360434964274619 0.0 0.0 0.12146810853693896 2.8840157059166294e-07 0.0 0.0 0.14254938783184568 0.010227282561164154 0.0 0.0 0.16450417477754745 0.1255736282007615 0.0 0.0 0.0674502186662081 0.0 0.18302816526657828 0.0 0.0 0.0 0.11954848535615901 0.0 0.0 0.0 2.5649791522026613e-06 0.0 0.0 0.0 0.10569327877449176 0.0 0.0 0.0 0.0 0.01550117027100931 0.0 0.0 0.0 0.07131700742486843 0.0 0.0 0.0 0.030391472597293218 0.0 0.0 0.0 0.0032596966594128566 0.0 0.0007042388111866611 0.0 0.0 0.07383826069007862 2.7801049595589044e-09 0.0 0.0 0.023308886566955223 0.0010297346206186537 0.0 0.0 0.011965881202695516 0.05277859753004253 0.0 0.0 0.010833983434993644 0.0004613485555487051 0.0 0.0 0.03730842630281589 3.786682850516611e-08 0.0 0.0 0.03449886792285799 0.0037953885098986036 0.0 0.0 0.07715160204922887 0.03313355761298448 0.0 0.0 0.011890012916127042
0.0 0.013452866446685342 0.0 0.0 0.0 0.001586410092706576 0.0 0.0 0.0 3.6618797458840656e-08 0.0 0.0 0.0 0.006575669708462637 0.0 0.0 0.0 0.0 0.036435735532444904 0.0 0.0 0.0 0.0082031245563277 0.0 0.0 0.0 0.06160299840955133 0.0 0.0 0.0 0.1021429536115905 0.0 0.0014136561783342255 0.0 0.0 0.03872983026972317 1.609556069908368e-08 0.0 0.0 0.015183267198566634 0.004087687212972597 0.0 0.0 0.05279334285222223 0.042464704803018984 0.0 0.0 0.012627155565439975 0.008012477396692452 0.0 0.0 0.1597674931462216 1.9669148369293276e-08 0.0 0.0 0.04868775066486194 0.004378300435997182 0.0 0.0 0.09811939930197491 0.1265722682998102 0.0 0.0 0.07792018939753723 0.0 2.0807375095061585e-07 0.0 0.0 0.0 3.98725768907906e-07 0.0 0.0 0.0 3.0846250404363206e-12 0.0 0.0 0.0 3.258747949393557e-07 0.0 0.0 0.0 0.0 0.023155710810484512 0.0 0.0 0.0 0.05857311347031832 0.0 0.0 0.0 0.030960735847141478 0.0 0.0 0.0 0.012176121602784664 0.0 1.1195608773481899e-09 0.0 0.0 0.0009942717500615054 7.531681627587663e-08 0.0 0.0 0.0405242596035055 0.0033647983462305043 0.0 0.0 0.057914715811809715 0.03478213961700941 0.0 0.0 0.012688278389031667 0.001384233202250644 0.0 0.0 0.08495645745964939 3.250746123930262e-07 0.0 0.0 0.19554418091766623 0.007612338448608146 0.0 0.0 0.15795947051322723 0.13660245111465244 0.0 0.0 0.06156274237182864 0.0 0.013420045005535263 0.0 0.0 0.0 0.01603273678942507 0.0 0.0 0.0 1.2820877915215083e-07 0.0 0.0 0.0 0.004511356236957586 0.0 0.0 0.0 0.0 1.9480670000019592e-08 0.0 0.0 0.0 7.028520521596231e-08 0.0 0.0 0.0 5.150275422559715e-08 0.0 0.0 0.0 2.3562031794452887e-08 0.0 0.002986156514467573 0.0 0.0 0.04104790198200579 5.715899698075776e-08 0.0 0.0 0.025350693897241018 0.002382465227492476 0.0 0.0 0.01665395828091777 0.0028830140788010427 0.0 0.0 0.0012595386195243935 0.004684221050112004 0.0 0.0 0.08518283252155318 2.7892704194699187e-07 0.0 0.0 0.2164282219121915 0.012138676569396167 0.0 0.0 0.1898064850421759 0.047500557940090775 0.0 0.0 0.017506097839766296 0.0 0.18151169258394287 0.0 0.0 0.0 0.10310358342509239 0.0 0.0 0.0 0.0 0.0 0.0 0.0 0.22904445523676334 0.0 0.0 0.0 0.0 0.10770819435223909 0.0 0.0 0.0 0.07453297339232103 0.0 0.0 0.0 0.0 0.0 0.0 0.0 0.05723256591508617 0.0 0.0022792134294580928 0.0 0.0 0.07090079031397349 1.067062433358118e-07 0.0 0.0 0.04715216947164338 0.0 0.0 0.0 0.0 0.04042893427669397 0.0 0.0 0.010429901215050824 0.0008550239757761427 0.0 0.0 0.04187832086905581 5.372823524004313e-08 0.0 0.0 0.03302317224656636 0.0 0.0 0.0 0.0 0.10787709581899035 0.0 0.0 0.03378087133903284
0.0 0.001521368144165073 0.0 0.0 0.0 0.0008594015470147812 0.0 0.0 0.0 2.7784753831570547e-08 0.0 0.0 0.0 0.00013129962498491495 0.0 0.0 0.0 0.0 0.009978280293123108 0.0 0.0 0.0 0.0671219821293873 0.0 0.0 0.0 0.020175887861685872 0.0 0.0 0.0 0.04509617585407902 0.0 4.607314393662295e-09 0.0 0.0 0.013996176916778574 1.4524709164032932e-09 0.0 0.0 0.0009105253021520627 8.67557955913224e-05 0.0 0.0 0.011021170104508564 3.5834943287716067e-07 0.0 0.0 0.007833315139899958 8.678378650199738e-09 0.0 0.0 0.02932185363598407 2.4262172192259185e-08 0.0 0.0 0.01333460372041855 0.0021470025442802527 0.0 0.0 0.0762045404606679 7.085298741179637e-08 0.0 0.0 0.0017564724543596797 0.0 7.068850965475025e-08 0.0 0.0 0.0 2.3073446636225895e-07 0.0 0.0 0.0 2.829810636327979e-12 0.0 0.0 0.0 1.884377133978008e-07 0.0 0.0 0.0 0.0 0.00044046254393009744 0.0 0.0 0.0 0.022384889253339462 0.0 0.0 0.0 0.025259124067749283 0.0 0.0 0.0 0.06877351869929217 0.0 9.287593739598369e-20 0.0 0.0 1.8041195351840128e-13 7.724795858418609e-08 0.0 0.0 0.04591391265690151 0.0006045220072832962 0.0 0.0 0.04775837456366073 0.026463042793792604 0.0 0.0 0.027777832870898415 1.2382974618789372e-08 0.0 0.0 0.026968300522277167 1.4380029558374286e-07 0.0 0.0 0.12356266927214204 0.0039392254036104985 0.0 0.0 0.11430067691996997 0.11494738593965187 0.0 0.0 0.036126492637370874 0.0 0.0006806860606352926 0.0 0.0 0.0 0.005544814592373354 0.0 0.0 0.0 1.3812420292372177e-07 0.0 0.0 0.0 0.010358352034025147 0.0 0.0 0.0 0.0 2.1160861688262675e-09 0.0 0.0 0.0 2.4145008574532263e-07 0.0 0.0 0.0 5.8704709959634475e-08 0.0 0.0 0.0 4.973671847429016e-07 0.0 0.0009519922998073142 0.0 0.0 0.017702456729203835 5.362445197056703e-08 0.0 0.0 0.03792520933162841 1.9973451744097706e-05 0.0 0.0 0.0053528949827324115 0.001290536417259775 0.0 0.0 0.00022457157029063442 0.0003695381645332244 0.0 0.0 0.0077041707676061 1.3422291279151086e-07 0.0 0.0 0.0935737774679074 0.006323637496702261 0.0 0.0 0.20757406634288383 0.1576888970280281 0.0 0.0 0.04970791468618712 0.0 0.16292865191157666 0.0 0.0 0.0 0.11045354769045651 0.0 0.0 0.0 6.337262800507563e-07 0.0 0.0 0.0 0.21784374715758578 0.0 0.0 0.0 0.0 0.023959729223676132 0.0 0.0 0.0 0.05901064930786304 0.0 0.0 0.0 0.01803261777297333 0.0 0.0 0.0 0.12898581811192097 0.0 0.00025205845332649005 0.0 0.0 0.009052988567521942 2.673671853598099e-08 0.0 0.0 0.07400505167194128 0.0027494443911089826 0.0 0.0 0.04688702321331697 0.09930151449049975 0.0 0.0 0.02206047911233324 0.0010414124143931997 0.0 0.0 0.02203592853248102 2.851653865079609e-08 0.0 0.0 0.030619157455201357 0.0007134297209160062 0.0 0.0 0.013843389589020472 0.08473209485865578 0.0 0.0 0.022662115164315048
0.0 0.008298843650868188 0.0 0.0 0.0 0.002219809599734426 0.0 0.0 0.0 4.347054874936553e-08 0.0 0.0 0.0 0.0018188737835063444 0.0 0.0 0.0 0.0 0.024219139077645543 0.0 0.0 0.0 0.05487289712627927 0.0 0.0 0.0 0.05942877329888576 0.0 0.0 0.0 0.009066373153520246 0.0 7.612973531046288e-10 0.0 0.0 0.0007763592946410489 3.855338010294181e-09 0.0 0.0 0.0021146957376846154 7.528985702916422e-05 0.0 0.0 0.042343838551084645 0.003613404734953007 0.0 0.0 0.0004979305905018183 0.0015754424134775443 0.0 0.0 0.05825706254492733 6.468405849794634e-08 0.0 0.0 0.06496165932071449 0.003408371197368486 0.0 0.0 0.1120396616917495 0.021038183715975642 0.0 0.0 0.026049799183447596 0.0 2.7431396023456877e-07 0.0 0.0 0.0 9.764549686991876e-08 0.0 0.0 0.0 2.7523198380650654e-12 0.0 0.0 0.0 1.3171886821113632e-07 0.0 0.0 0.0 0.0 0.003084255760371864 0.0 0.0 0.0 0.07161653939620705 0.0 0.0 0.0 0.08667654421386523 0.0 0.0 0.0 0.029885109942529627 0.0 0.005138733636803478 0.0 0.0 0.024162132612145882 7.50575079118795e-08 0.0 0.0 0.029002755031458802 0.0009021888994003058 0.0 0.0 0.06260793829583579 0.05920323907694614 0.0 0.0 0.013944243319884664 0.004088953148179126 0.0 0.0 0.08769478085234873 1.047999385236548e-07 0.0 0.0 0.05459184097415251 0.0041319570470105624 0.0 0.0 0.15610419735065903 0.06438446212316232 0.0 0.0 0.018836509304323016 0.0 0.004197715230586117 0.0 0.0 0.0 0.007509527380772648 0.0 0.0 0.0 1.6485881556241574e-07 0.0 0.0 0.0 0.012277005000760309 0.0 0.0 0.0 0.0 1.0494813178818723e-07 0.0 0.0 0.0 9.501802425172317e-07 0.0 0.0 0.0 1.0924720828800964e-07 0.0 0.0 0.0 1.0876165030531167e-07 0.0 1.2814175976309403e-08 0.0 0.0 0.026974222837586295 6.578702139165513e-09 0.0 0.0 0.0032575986575007375 0.0054250421920810175 0.0 0.0 0.07636208052306391 0.0721561083183485 0.0 0.0 0.01727185563027353 0.0006843660371158092 0.0 0.0 0.03022814329430866 1.396034875166801e-07 0.0 0.0 0.14444319050405607 0.00987124389052884 0.0 0.0 0.18772190251687337 0.20673364939240993 0.0 0.0 0.06406866386798535 0.0 0.13509034946091628 0.0 0.0 0.0 0.18153301468696983 0.0 0.0 0.0 1.0851598921342115e-06 0.0 0.0 0.0 0.17860977351274335 0.0 0.0 0.0 0.0 0.022118023596380466 0.0 0.0 0.0 0.06847091922725415 0.0 0.0 0.0 0.055341500792230394 0.0 0.0 0.0 0.05083458738172426 0.0 0.0003098261313982597 0.0 0.0 0.03262827468000309 6.86123354387698e-08 0.0 0.0 0.032363802287514815 0.0003199613827642241 0.0 0.0 0.006930392431185433 0.017983761797989172 0.0 0.0 0.006560274032744938 0.0005402355622101591 0.0 0.0 0.026609268635758042 4.048970959707169e-08 0.0 0.0 0.05909726308669178 0.001308165719623126 0.0 0.0 0.029225742257161694 0.035769106422998916 0.0 0.0 0.020665322661322597
0.0 0.02757193298800612 0.0 0.0 0.0 0.008347035436258095 0.0 0.0 0.0 9.232460658163181e-08 0.0 0.0 0.0 0.010800899931880693 0.0 0.0 0.0 0.0 0.1472012937289408 0.0 0.0 0.0 0.27561430579466245 0.0 0.0 0.0 0.027670029748551282 0.0 0.0 0.0 0.3728245514917935 0.0 0.0029635782864953055 0.0 0.0 0.06821086732803257 1.0288972345887762e-08 0.0 0.0 0.07777713940182174 8.882108543075354e-09 0.0 0.0 0.01204311059728131 0.023591054987789985 0.0 0.0 0.004640145082592412 0.00885165771205483 0.0 0.0 0.48355750819360743 1.0983999959322494e-07 0.0 0.0 0.284323632695781 0.006920169615808161 0.0 0.0 0.32254500795021274 0.49468504469655444 0.0 0.0 0.10869895638545266 0.0 2.2705317288726725e-07 0.0 0.0 0.0 2.1876324576682134e-07 0.0 0.0 0.0 1.1988529265647286e-11 0.0 0.0 0.0 2.9867031405077686e-07 0.0 0.0 0.0 0.0 0.004523338345545279 0.0 0.0 0.0 0.01061834051893374 0.0 0.0 0.0 0.024122240783956042 0.0 0.0 0.0 0.16037235153354218 0.0 2.0197281650177316e-13 0.0 0.0 6.414517755053531e-07 8.205070329528681e-14 0.0 0.0 0.005571792388518581 0.011118289292730722 0.0 0.0 0.24978833054241403 0.0684681037981131 0.0 0.0 0.01779165156105174 2.464962735684869e-08 0.0 0.0 0.08777037327931911 9.134698346672996e-08 0.0 0.0 0.16839876654152064 0.025213773538956624 0.0 0.0 0.42811420406709133 0.2399402621928237 0.0 0.0 0.06719496092200808 0.0 0.05472672763354851 0.0 0.0 0.0 0.023886478077416406 0.0 0.0 0.0 6.836717370808751e-07 0.0 0.0 0.0 0.01709046343652438 0.0 0.0 0.0 0.0 1.867497465268374e-07 0.0 0.0 0.0 7.995487293731747e-07 0.0 0.0 0.0 2.176108613634485e-06 0.0 0.0 0.0 1.5558165757498396e-06 0.0 0.00046514709254702566 0.0 0.0 0.007235756027018585 8.45387062406291e-09 0.0 0.0 0.015173012407628781 0.0015235739473082473 0.0 0.0 0.05557694281495912 0.020544301888914443 0.0 0.0 0.004595590774868492 0.02291001901725223 0.0 0.0 0.5607243969373823 4.3850956020797747e-07 0.0 0.0 0.4224122869010053 0.04524631677739434 0.0 0.0 1.0974801688153357 0.12461463757899198 0.0 0.0 0.11003726484305147 0.0 0.7410112930892205 0.0 0.0 0.0 0.167402538905057 0.0 0.0 0.0 6.634213850635162e-06 0.0 0.0 0.0 0.14844219071823872 0.0 0.0 0.0 0.0 0.037501096030861616 0.0 0.0 0.0 0.06650536317256223 0.0 0.0 0.0 0.06421846799438322 0.0 0.0 0.0 0.020161162515925896 0.0 0.006247210505253897 0.0 0.0 0.3327041739514709 4.1124673306373396e-08 0.0 0.0 0.01495013897332282 0.003813246253729546 0.0 0.0 0.07517685365886696 0.0247430804242338 0.0 0.0 0.12632529661238298 0.005282323417318868 0.0 0.0 0.16937836992086436 4.493457963917141e-08 0.0 0.0 0.02802568722873143 0.005671031179984115 0.0 0.0 0.22029218581775414 0.030960181202330725 0.0 0.0 0.01854650764545651
0.0 0.0003008254664667771 0.0 0.0 0.0 0.0016411508536127478 0.0 0.0 0.0 7.312583135107316e-08 0.0 0.0 0.0 0.003821199346778104 0.0 0.0 0.0 0.0 0.02829718728722568 0.0 0.0 0.0 0.06296938434787436 0.0 0.0 0.0 0.08440027194032408 0.0 0.0 0.0 0.07281565160250898 0.0 2.849134711488786e-10 0.0 0.0 0.0008813679881438736 1.674373955450436e-09 0.0 0.0 0.0005814784145357421 0.0021266389121887067 0.0 0.0 0.050689150791892706 0.0021908938169702004 0.0 0.0 0.00048771679894683845 1.9287458336119017e-09 0.0 0.0 0.006689378762651058 9.650511573994885e-08 0.0 0.0 0.0433141733589275 0.0031415059775949366 0.0 0.0 0.22132997643363503 0.16974985811677137 0.0 0.0 0.04028477406319795 0.0 1.2906273719445536e-07 0.0 0.0 0.0 2.4688604329478536e-07 0.0 0.0 0.0 4.335845153163128e-12 0.0 0.0 0.0 8.104082058285541e-08 0.0 0.0 0.0 0.0 0.001911112854504573 0.0 0.0 0.0 0.08422050938001126 0.0 0.0 0.0 0.062135231937156934 0.0 0.0 0.0 0.0015301137991528563 0.0 0.0005639158739352025 0.0 0.0 0.028364694753346322 9.621262883284536e-08 0.0 0.0 0.06281478956739646 0.003792938310086273 0.0 0.0 0.0472964491021784 0.0212164457019493 0.0 0.0 0.008219934529567515 0.0009275294151365782 0.0 0.0 0.04057014147663348 9.471332117796514e-08 0.0 0.0 0.1423143569857724 0.006916053329928185 0.0 0.0 0.16920942106148779 0.06274861229376166 0.0 0.0 0.014791097789188114 0.0 0.023326543346208397 0.0 0.0 0.0 0.005401098102769904 0.0 0.0 0.0 3.827839030310967e-07 0.0 0.0 0.0 0.012578007131103432 0.0 0.0 0.0 0.0 9.040675645293281e-08 0.0 0.0 0.0 6.79815876136751e-08 0.0 0.0 0.0 1.3688555365456402e-06 0.0 0.0 0.0 1.547004465014087e-07 0.0 3.014114013059076e-06 0.0 0.0 0.054490135683942474 1.834458703835808e-09 0.0 0.0 0.026495884168850715 0.00253546592629676 0.0 0.0 0.044386588026891494 0.0017493021309427812 0.0 0.0 0.0006739769018645341 0.002204689259080538 0.0 0.0 0.24549438265331924 1.2312637620555253e-07 0.0 0.0 0.1127778716585436 0.023281653098664794 0.0 0.0 0.4723259670809075 0.12058410304185131 0.0 0.0 0.08142702640267158 0.0 0.21706454261212899 0.0 0.0 0.0 0.14275447212839967 0.0 0.0 0.0 1.2260304591108828e-06 0.0 0.0 0.0 0.07825116486507365 0.0 0.0 0.0 0.0 0.02133420805581193 0.0 0.0 0.0 0.025079302341615088 0.0 0.0 0.0 0.009513812507962887 0.0 0.0 0.0 0.038723129478385875 0.0 0.001122703298571402 0.0 0.0 0.039753889278270796 3.11497204354166e-13 0.0 0.0 0.0011977435180539793 8.437840872722106e-09 0.0 0.0 0.015164675954635363 0.025161163310909656 0.0 0.0 0.03066886578190065 0.0009413876234528205 0.0 0.0 0.045302124595084266 4.292735080444681e-08 0.0 0.0 0.04798100939314901 2.351603336087176e-08 0.0 0.0 0.04765777698936179 0.034671027222905125 0.0 0.0 0.009537219649705159
0.0 0.006364702590929067 0.0 0.0 0.0 0.002007422640256072 0.0 0.0 0.0 1.3535643640824074e-07 0.0 0.0 0.0 0.0008239308925106489 0.0 0.0 0.0 0.0 0.04728949350426912 0.0 0.0 0.0 0.006245079339818624 0.0 0.0 0.0 0.11214449857948255 0.0 0.0 0.0 0.08210195112483305 0.0 1.0990282590943426e-05 0.0 0.0 0.006856733905579069 9.44642290911319e-13 0.0 0.0 0.03903299265157768 0.0005316257051607712 0.0 0.0 0.029702708327990424 0.004686212836919346 0.0 0.0 0.0009758438383655574 0.0007500575789053502 0.0 0.0 0.13427234144951036 5.504931512450755e-08 0.0 0.0 0.05048660997397981 0.014140972899610497 0.0 0.0 0.23456869775488717 0.047067988842140994 0.0 0.0 0.011002311949068285 0.0 1.1140974897497069e-07 0.0 0.0 0.0 2.8688750270846777e-07 0.0 0.0 0.0 6.773486388750407e-12 0.0 0.0 0.0 2.2054798193569187e-07 0.0 0.0 0.0 0.0 0.006468001236197926 0.0 0.0 0.0 0.04541675752939461 0.0 0.0 0.0 0.08280045158959089 0.0 0.0 0.0 0.06578859187655314 0.0 8.608270925917963e-10 0.0 0.0 1.681381593461203e-08 7.104108437053243e-08 0.0 0.0 0.044451213952069295 0.0023219586976029943 0.0 0.0 0.03269794597298853 0.03609786745085586 0.0 0.0 0.011994228032497946 0.0018524233808142091 0.0 0.0 0.04056552612654186 1.9016521770118812e-07 0.0 0.0 0.15456187956446127 0.017372157030938116 0.0 0.0 0.3536682849815658 0.1380837730753372 0.0 0.0 0.04135179798444973 0.0 0.02146662283420402 0.0 0.0 0.0 0.011074452824271205 0.0 0.0 0.0 4.7301021898165573e-07 0.0 0.0 0.0 0.030230464803041632 0.0 0.0 0.0 0.0 4.012452180681004e-08 0.0 0.0 0.0 1.078984328425103e-07 0.0 0.0 0.0 2.348851157168369e-06 0.0 0.0 0.0 3.214687867138127e-07 0.0 9.203614274031539e-05 0.0 0.0 0.010607291342594383 1.7081145537374814e-13 0.0 0.0 0.009217560840874488 0.00825125024413155 0.0 0.0 0.1369824435766253 0.032231373787184735 0.0 0.0 0.009442550011910755 0.005569274819123485 0.0 0.0 0.2066951338765458 3.811360692778245e-12 0.0 0.0 0.22413827757216914 0.02015389297246663 0.0 0.0 0.5190147089366441 0.24476327792836913 0.0 0.0 0.1721928102801669 0.0 0.2289804779889746 0.0 0.0 0.0 0.17797512628020903 0.0 0.0 0.0 2.2099694696552165e-06 0.0 0.0 0.0 0.17971536332623989 0.0 0.0 0.0 0.0 0.03362855697526387 0.0 0.0 0.0 0.06453755751023885 0.0 0.0 0.0 0.01187720692600175 0.0 0.0 0.0 0.10072665815826964 0.0 0.0009132335717339568 0.0 0.0 0.0773124496116652 2.0246126482978305e-07 0.0 0.0 0.1391646765127229 3.0775972880609906e-13 0.0 0.0 1.8050471397226092e-07 0.024954363121968973 0.0 0.0 0.006272416844064996 0.0009604204495136826 0.0 0.0 0.04929350002641644 5.65749902968903e-08 0.0 0.0 0.05829709911208789 1.559215175171763e-07 0.0 0.0 0.08589240633388132 0.05878832052211703 0.0 0.0 0.020631516650907223
0.0 0.004021629339026733 0.0 0.0 0.0 0.010047004045918677 0.0 0.0 0.0 0.0 0.0 0.0 0.0 0.006919234977935991 0.0 0.0 0.0 0.0 0.00876556790575699 0.0 0.0 0.0 0.22120443656315744 0.0 0.0 0.0 0.0 0.0 0.0 0.0 0.5706243669389751 0.0 0.00012725144870945486 0.0 0.0 0.006762683106138842 1.719270287426108e-08 0.0 0.0 0.007908111628930231 0.0 0.0 0.0 0.0 0.02108790804479078 0.0 0.0 0.0038273608739522653 0.0026120472111398774 0.0 0.0 0.07142763933639029 1.4100451150014655e-07 0.0 0.0 0.3231411996477523 0.0 0.0 0.0 0.0 0.38674603084464465 0.0 0.0 0.08853850931206604 0.0 1.1014520232563969e-07 0.0 0.0 0.0 0.0 0.0 0.0 0.0 4.544928378532867e-12 0.0 0.0 0.0 0.0 0.0 0.0 0.0 0.0 0.0009024186054618391 0.0 0.0 0.0 0.0 0.0 0.0 0.0 0.01355824150852648 0.0 0.0 0.0 0.0 0.0 0.0001840477559178981 0.0 0.0 0.010129801866824271 0.0 0.0 0.0 0.0 0.008767817490426684 0.0 0.0 0.20271570973260084 0.0 0.0 0.0 0.0 0.0005683867797897828 0.0 0.0 0.035073644020384945 0.0 0.0 0.0 0.0 0.007423909957959327 0.0 0.0 0.2829768222153337 0.0 0.0 0.0 0.0 0.0 0.0 0.0 0.0 0.0 0.0 0.0 0.0 0.0 0.0 0.0 0.0 0.0 0.02193167746775178 0.0 0.0 0.0 0.0 0.0 0.0 0.0 0.0 0.0 0.0 0.0 0.0 0.0 0.0 0.0 0.0 7.841567495811302e-08 0.0 0.0 0.0 0.0 0.0 0.0 0.0 0.0 0.0 0.0 0.0 0.0 0.0 0.011203569139439812 0.0 0.0 0.0024802424679510795 0.0 0.0 0.0 0.0 0.0 0.0 0.0 0.0 0.0 0.0 0.0 0.0 0.4230361464005057 0.0 0.0 0.10364919619164967 0.0 0.7965726319236605 0.0 0.0 0.0 0.0 0.0 0.0 0.0 7.84111300297345e-08 0.0 0.0 0.0 0.07357378185531621 0.0 0.0 0.0 0.0 0.030045345784005608 0.0 0.0 0.0 0.0 0.0 0.0 0.0 0.00012557009886441595 0.0 0.0 0.0 0.07225377841813396 0.0 0.014903740777063927 0.0 0.0 0.5735370169554908 0.0 0.0 0.0 0.0 0.005512908735553604 0.0 0.0 0.03918357718911096 0.008303101003094997 0.0 0.0 0.001437879112469749 0.0025923943902604607 0.0 0.0 0.17553478207127565 0.0 0.0 0.0 0.0 0.00022704128381216315 0.0 0.0 0.0018092334551098963 0.01976973675763064 0.0 0.0 0.012095359547678796
0.0 0.0046446752655316835 0.0 0.0 0.0 0.004216701678720338 0.0 0.0 0.0 1.0868731883797465e-07 0.0 0.0 0.0 0.0026125828525137406 0.0 0.0 0.0 0.0 0.006384593867856666 0.0 0.0 0.0 0.005629106548047205 0.0 0.0 0.0 0.12215980372332591 0.0 0.0 0.0 0.009079285013608232 0.0 2.0826964008402094e-08 0.0 0.0 5.985434606243422e-07 3.526689029726344e-09 0.0 0.0 0.0022751018229624945 0.0018597744560075252 0.0 0.0 0.031542705323351815 0.0015543565553087805 0.0 0.0 0.00031353276749752695 0.001141476129535713 0.0 0.0 0.0800967821304952 1.2140935430760447e-07 0.0 0.0 0.0493910628567892 0.011575503567637757 0.0 0.0 0.1404225934551712 0.05904900414349244 0.0 0.0 0.019659385431423176 0.0 0.0 0.0 0.0 0.0 0.0 0.0 0.0 0.0 3.0322924639628406e-12 0.0 0.0 0.0 1.8068777679124674e-07 0.0 0.0 0.0 0.0 0.0 0.0 0.0 0.0 0.0 0.0 0.0 0.0 0.09266955207524866 0.0 0.0 0.0 0.03458196237879611 0.0 0.0 0.0 0.0 0.0 0.0 0.0 0.0 0.0 0.0023988221611337584 0.0 0.0 0.02815277004038373 0.0016291502247902643 0.0 0.0 0.004000032906205522 0.0 0.0 0.0 0.0 0.0 0.0 0.0 0.0 0.00772670439406661 0.0 0.0 0.17661264053894793 0.07087443228800812 0.0 0.0 0.04269448612082966 0.0 0.021742334064560023 0.0 0.0 0.0 0.007956989443744457 0.0 0.0 0.0 1.8843659664279514e-07 0.0 0.0 0.0 0.018233042803226063 0.0 0.0 0.0 0.0 1.3149256768141076e-06 0.0 0.0 0.0 1.1048105710018652e-07 0.0 0.0 0.0 1.0404953977032876e-06 0.0 0.0 0.0 2.662334903112139e-07 0.0 0.0008594239345966759 0.0 0.0 0.06072999403967444 4.416515430202269e-13 0.0 0.0 0.024132721681512447 0.005496991068921019 0.0 0.0 0.09236316104565442 0.07411419761444452 0.0 0.0 0.04488471136640611 0.00947312117299402 0.0 0.0 0.18399825215402973 2.142719339302814e-08 0.0 0.0 0.15244645049373873 0.010409989305896563 0.0 0.0 0.2608012167029091 0.14872749121896248 0.0 0.0 0.08311287781884617 0.0 0.11686577982274635 0.0 0.0 0.0 0.11507782333158 0.0 0.0 0.0 2.399401595339066e-06 0.0 0.0 0.0 0.1569453683501124 0.0 0.0 0.0 0.0 0.031160185028708324 0.0 0.0 0.0 0.03055155830340897 0.0 0.0 0.0 0.08162598695064553 0.0 0.0 0.0 0.0344534444108662 0.0 1.0210229512651902e-08 0.0 0.0 0.00944909654548916 2.1417319282628592e-08 0.0 0.0 0.024634337431555228 0.0017964042118774853 0.0 0.0 0.03437734389939807 0.004951072195499588 0.0 0.0 0.0029066721253925383 1.6209764669453024e-08 0.0 0.0 0.02706120571074982 1.2909811419180134e-08 0.0 0.0 0.04502858905529421 0.00818005738620901 0.0 0.0 0.08931015059924366 0.02799166666552789 0.0 0.0 0.018800167622851777
0.0 0.006156584006949446 0.0 0.0 0.0 0.0001678959464774965 0.0 0.0 0.0 8.6233637588494e-08 0.0 0.0 0.0 0.007952544209681223 0.0 0.0 0.0 0.0 0.08156533458256232 0.0 0.0 0.0 0.02855296791926876 0.0 0.0 0.0 0.13268210616650863 0.0 0.0 0.0 0.09658282204425438 0.0 0.00036540554726039213 0.0 0.0 0.03143254159373109 4.57900928755243e-13 0.0 0.0 0.027528798825890752 0.0063463653593850925 0.0 0.0 0.09142412009039895 0.03087144043637307 0.0 0.0 0.006910774692173229 0.0026556695164855755 0.0 0.0 0.1302847143058309 1.0185529042108568e-13 0.0 0.0 0.006865399696008228 0.006269919091767768 0.0 0.0 0.2681979021639418 0.2176969240731393 0.0 0.0 0.08179093126181368 0.0 2.621723730446605e-07 0.0 0.0 0.0 1.54738588836107e-07 0.0 0.0 0.0 1.1446657845486209e-11 0.0 0.0 0.0 4.5388194048097944e-07 0.0 0.0 0.0 0.0 0.08762928683187686 0.0 0.0 0.0 0.020110189590992616 0.0 0.0 0.0 0.12008835109674398 0.0 0.0 0.0 0.07643564230288388 0.0 0.00010660766441259333 0.0 0.0 0.0037113064104789028 1.504299670769472e-07 0.0 0.0 0.04035093541196197 0.009104034601441865 0.0 0.0 0.07493681085471886 0.023353458073426894 0.0 0.0 0.00705574641118715 0.0004562964110199957 0.0 0.0 0.09744142767445334 1.2857997488375758e-07 0.0 0.0 0.06576856602492462 0.039880832368610175 0.0 0.0 0.3871405949490881 0.14843953865848042 0.0 0.0 0.060290472613106216 0.0 0.037619935418891276 0.0 0.0 0.0 0.020903244684860548 0.0 0.0 0.0 2.637744992504506e-07 0.0 0.0 0.0 0.018936912704001826 0.0 0.0 0.0 0.0 7.670472044625885e-09 0.0 0.0 0.0 1.1767524433315641e-07 0.0 0.0 0.0 2.086230117222705e-06 0.0 0.0 0.0 1.5353810319351157e-07 0.0 0.0006272408513748186 0.0 0.0 0.06923845513285601 9.501262783930076e-08 0.0 0.0 0.042999048743071026 0.002867816936656434 0.0 0.0 0.09863541262292384 0.031133784657686746 0.0 0.0 0.05372399480600901 0.007564758806318288 0.0 0.0 0.2636399764493174 3.26913016089046e-07 0.0 0.0 0.37790260368861467 0.0129913260430519 0.0 0.0 0.3273085311101862 0.22767298131107105 0.0 0.0 0.1103376097005632 0.0 0.2956065077630355 0.0 0.0 0.0 0.2831921744525705 0.0 0.0 0.0 2.0150943532972083e-06 0.0 0.0 0.0 0.3547880325527128 0.0 0.0 0.0 0.0 0.06671762864564737 0.0 0.0 0.0 0.10995577467208957 0.0 0.0 0.0 0.04645330526983587 0.0 0.0 0.0 0.16744320953533218 0.0 0.001973109337315651 0.0 0.0 0.08438394312395289 2.8716912736974353e-08 0.0 0.0 0.12406403451987638 5.567910842472228e-09 0.0 0.0 0.008016637194375844 0.10943567278443228 0.0 0.0 0.027162897230664437 0.0010909033915849214 0.0 0.0 0.05514840684410368 1.4115129063734736e-07 0.0 0.0 0.11393847036931007 5.661342883499859e-08 0.0 0.0 0.07175810503650533 0.11594405446183759 0.0 0.0 0.04572194448168607
0.0 0.0006781844574117144 0.0 0.0 0.0 0.006115599427037378 0.0 0.0 0.0 2.165312168020504e-08 0.0 0.0 0.0 0.004280705167823279 0.0 0.0 0.0 0.0 0.06465823913726065 0.0 0.0 0.0 0.19114700295738937 0.0 0.0 0.0 0.03739049757720822 0.0 0.0 0.0 0.3807093140000677 0.0 5.222034408621518e-10 0.0 0.0 0.0013962864049150729 2.963125947515303e-09 0.0 0.0 0.00796296314471105 0.0032914564480841023 0.0 0.0 0.06145791049924429 0.008415748736394633 0.0 0.0 0.0016798507765998756 5.412599757846007e-09 0.0 0.0 0.014735072386003472 1.9701030020190657e-08 0.0 0.0 0.20211335340867695 0.0006770416489624907 0.0 0.0 0.06011864881416739 0.2443908752326745 0.0 0.0 0.05299970680979008 0.0 2.2660993327819493e-08 0.0 0.0 0.0 0.0 0.0 0.0 0.0 3.3482504896922014e-12 0.0 0.0 0.0 1.3160941763903956e-07 0.0 0.0 0.0 0.0 0.00012401897922838001 0.0 0.0 0.0 0.0 0.0 0.0 0.0 0.03352537658478497 0.0 0.0 0.0 0.060362664451035775 0.0 0.0010441232815033704 0.0 0.0 0.03366751152104396 0.0 0.0 0.0 0.0 0.005590467432636252 0.0 0.0 0.15312895805804175 0.0019885029442935033 0.0 0.0 0.0005353335050394379 0.00015876143547479692 0.0 0.0 0.00573945628195325 0.0 0.0 0.0 0.0 0.005351646182805142 0.0 0.0 0.20974249334035427 0.075421209690312 0.0 0.0 0.02462773444068985 0.0 0.0 0.0 0.0 0.0 0.003968443675274841 0.0 0.0 0.0 5.4421771751590895e-08 0.0 0.0 0.0 0.014670110693404 0.0 0.0 0.0 0.0 0.0 0.0 0.0 0.0 3.289123662054827e-09 0.0 0.0 0.0 1.8363998018150213e-08 0.0 0.0 0.0 5.4425120002080595e-08 0.0 0.0 0.0 0.0 0.0 8.232580310679975e-10 0.0 0.0 0.0003133628168691778 0.0007052414857601451 0.0 0.0 0.03637189245132086 0.027588622504212505 0.0 0.0 0.005936772444570494 0.0 0.0 0.0 0.0 8.541681147548072e-08 0.0 0.0 0.03645199813885987 0.003022755592202459 0.0 0.0 0.08210172016553788 0.39160089831766237 0.0 0.0 0.0897441656975924 0.0 0.6615732455220755 0.0 0.0 0.0 0.11221958863860028 0.0 0.0 0.0 0.0 0.0 0.0 0.0 0.003904594990737093 0.0 0.0 0.0 0.0 0.014011265537060263 0.0 0.0 0.0 0.008712485486782323 0.0 0.0 0.0 0.0 0.0 0.0 0.0 0.00013179143753942637 0.0 0.006547067119636208 0.0 0.0 0.36040808382370415 2.9114010978876225e-08 0.0 0.0 0.03905896822408411 0.0 0.0 0.0 0.0 0.02715914795347031 0.0 0.0 0.008030528078857312 0.002601836969801566 0.0 0.0 0.13614143167343729 2.8008556495682983e-08 0.0 0.0 0.04367837132895106 0.0 0.0 0.0 0.0 0.001132423772393065 0.0 0.0 0.0003754079271998384
0.0 0.008000485364054476 0.0 0.0 0.0 0.013028198408537951 0.0 0.0 0.0 9.836762957495304e-08 0.0 0.0 0.0 0.004846983801956422 0.0 0.0 0.0 0.0 0.009587335561085044 0.0 0.0 0.0 0.08480953510442694 0.0 0.0 0.0 0.05168823682645858 0.0 0.0 0.0 0.0308197591267489 0.0 4.263800870517576e-05 0.0 0.0 0.002053781715122165 1.6607951292430251e-07 0.0 0.0 0.06435958613341655 0.00019411462870486554 0.0 0.0 0.04953932194249731 0.00206952061715348 0.0 0.0 0.00013960458983662064 0.0027388556827229542 0.0 0.0 0.17282835717076672 3.3758043519036475e-07 0.0 0.0 0.325930810449812 0.011636820852382464 0.0 0.0 0.13100572426039786 0.04223136830252817 0.0 0.0 0.06633135368861885 0.0 6.40441538490199e-07 0.0 0.0 0.0 1.5178908472757083e-07 0.0 0.0 0.0 9.282950213322184e-12 0.0 0.0 0.0 4.162372316997819e-07 0.0 0.0 0.0 0.0 0.007120497484053742 0.0 0.0 0.0 0.0015835171939584897 0.0 0.0 0.0 0.01847663553701473 0.0 0.0 0.0 0.06319969748091694 0.0 0.00015028406676728082 0.0 0.0 0.005904814691249138 4.032738208296363e-09 0.0 0.0 0.00455719270239785 0.001831570749568775 0.0 0.0 0.041142062742573586 0.04756467320617443 0.0 0.0 0.02288583709335715 0.005015923471343947 0.0 0.0 0.177059293347504 5.353008269231651e-08 0.0 0.0 0.09148480750296628 0.03995419766550004 0.0 0.0 0.3379113036765873 0.11172189489480484 0.0 0.0 0.09631752471681398 0.0 0.05487925431296501 0.0 0.0 0.0 0.025074025544296205 0.0 0.0 0.0 1.562241491374394e-07 0.0 0.0 0.0 0.029780898305696607 0.0 0.0 0.0 0.0 1.8380063580688426e-06 0.0 0.0 0.0 1.6361431458461834e-06 0.0 0.0 0.0 9.427067903490486e-07 0.0 0.0 0.0 1.6833486775830764e-06 0.0 0.0006340864507305559 0.0 0.0 0.015929709101328546 4.391052355777819e-08 0.0 0.0 0.021458013970655297 0.009039730367216607 0.0 0.0 0.07775652573443112 0.006267464120013436 0.0 0.0 0.006907429641787639 0.011008427628635555 0.0 0.0 0.30804959150489536 5.888223545618651e-07 0.0 0.0 0.3439685986139377 0.013708174841601655 0.0 0.0 0.19237165037949602 0.09725420783184736 0.0 0.0 0.1526654970056623 0.0 0.11869732878949694 0.0 0.0 0.0 0.05227797195402501 0.0 0.0 0.0 5.727213552470286e-06 0.0 0.0 0.0 0.2785749770182273 0.0 0.0 0.0 0.0 0.10168907428280102 0.0 0.0 0.0 0.03764175084329515 0.0 0.0 0.0 0.05855376313021849 0.0 0.0 0.0 0.11531868710679741 0.0 0.006864946132264923 0.0 0.0 0.09410134704569088 3.2471732038579603e-09 0.0 0.0 0.0008518880014745457 0.006731990500505828 0.0 0.0 0.0719737306416741 0.024709889858947554 0.0 0.0 0.004106031635409798 0.0005331033206457452 0.0 0.0 0.01980424405839959 1.1274317528983602e-08 0.0 0.0 0.006854101430942854 0.024622670053092516 0.0 0.0 0.17980216209025562 0.11773698614383245 0.0 0.0 0.04530778874415533
0.0 0.01020100928291631 0.0 0.0 0.0 0.002572180413438005 0.0 0.0 0.0 7.664440625168562e-08 0.0 0.0 0.0 0.002177474008423275 0.0 0.0 0.0 0.0 0.04701088291643587 0.0 0.0 0.0 0.042928447234672526 0.0 0.0 0.0 0.14815458158514994 0.0 0.0 0.0 0.030058109012940544 0.0 1.4546115596227944e-05 0.0 0.0 0.03633205599706762 4.25283816703169e-09 0.0 0.0 0.0033380149088811906 0.004311804727290611 0.0 0.0 0.029206763134917196 0.013985344683955327 0.0 0.0 0.004825505383711966 0.0037691150893694406 0.0 0.0 0.19102009643809567 3.1289359113306024e-07 0.0 0.0 0.07473862851349938 0.010444798054956043 0.0 0.0 0.21980726990968144 0.09041160586581382 0.0 0.0 0.023312078667715702 0.0 1.532738064799281e-07 0.0 0.0 0.0 3.593860338745488e-07 0.0 0.0 0.0 2.0013012343367586e-12 0.0 0.0 0.0 3.7526801854545063e-07 0.0 0.0 0.0 0.0 0.0017967984720855437 0.0 0.0 0.0 0.07526317841665882 0.0 0.0 0.0 0.08926186460563905 0.0 0.0 0.0 0.07740619305168121 0.0 0.0001313616133675745 0.0 0.0 0.01303677866054447 8.433538845225707e-08 0.0 0.0 0.034579812834064944 0.0002599006096478702 0.0 0.0 0.06974282671705329 0.03958499948930021 0.0 0.0 0.015254652872915643 0.00024963116854276513 0.0 0.0 0.06717033562293347 1.6490688401439433e-07 0.0 0.0 0.09611904714917062 0.007334504039912633 0.0 0.0 0.12174860986522695 0.10809550548355278 0.0 0.0 0.0891985090796529 0.0 0.023624934261391582 0.0 0.0 0.0 0.009275014853017348 0.0 0.0 0.0 1.7271912895018604e-07 0.0 0.0 0.0 0.009536300429409672 0.0 0.0 0.0 0.0 6.499367815651316e-08 0.0 0.0 0.0 5.456394011787476e-08 0.0 0.0 0.0 6.988776614249125e-08 0.0 0.0 0.0 1.2935560253654295e-06 0.0 0.00037898538168494985 0.0 0.0 0.03918436384546234 6.362594395724777e-08 0.0 0.0 0.04145419241544559 0.0016058850347744043 0.0 0.0 0.06537254998871038 0.07226446216538389 0.0 0.0 0.025372969074147447 0.009829424457643217 0.0 0.0 0.2153299328996208 1.6813794464765571e-07 0.0 0.0 0.11404062402626897 0.015217536804685551 0.0 0.0 0.24734402081005577 0.17031580942022212 0.0 0.0 0.05204940059993279 0.0 0.2343259239310845 0.0 0.0 0.0 0.24014768885026858 0.0 0.0 0.0 1.1233524553472851e-06 0.0 0.0 0.0 0.13125685093072317 0.0 0.0 0.0 0.0 0.04320629282205872 0.0 0.0 0.0 0.08247707327396099 0.0 0.0 0.0 1.6787716173238097e-07 0.0 0.0 0.0 0.0172874666633932 0.0 5.8122358005106576e-09 0.0 0.0 0.0025760694434304515 3.445075381500638e-08 0.0 0.0 0.05724864516792258 7.156014310437241e-09 0.0 0.0 2.6158183087593256e-07 0.05099798905626129 0.0 0.0 0.013930049615591203 0.0005776707107438659 0.0 0.0 0.0488542725255679 6.23370665881538e-08 0.0 0.0 0.07324431938206923 0.0009811364206830698 0.0 0.0 0.0402098330174948 0.06007587090004218 0.0 0.0 0.01479947867347008
0.0 0.004165608170296604 0.0 0.0 0.0 0.006561945988512802 0.0 0.0 0.0 9.22177084597948e-08 0.0 0.0 0.0 0.002397830418365865 0.0 0.0 0.0 0.0 0.039137924794078086 0.0 0.0 0.0 0.08355619342860753 0.0 0.0 0.0 0.08768653606853608 0.0 0.0 0.0 0.06232125449542141 0.0 0.000494568382020739 0.0 0.0 0.015693363939940905 1.0740197851017751e-08 0.0 0.0 0.020081829484896997 0.0015556537234520653 0.0 0.0 0.03793938594729595 0.017976993882396593 0.0 0.0 0.005634571737284941 0.0013515782379312773 0.0 0.0 0.0851070522799626 1.8176178757454266e-07 0.0 0.0 0.13304999826971417 0.005803545984471037 0.0 0.0 0.1589149776669968 0.0823490928571512 0.0 0.0 0.023920384348353658 0.0 1.2429687951052243e-07 0.0 0.0 0.0 1.215927313381199e-07 0.0 0.0 0.0 7.355850102797436e-12 0.0 0.0 0.0 2.0406854720020693e-07 0.0 0.0 0.0 0.0 5.893005492017151e-08 0.0 0.0 0.0 0.004872423225774288 0.0 0.0 0.0 0.13269434774535613 0.0 0.0 0.0 0.11353181943325884 0.0 2.2526404269685125e-05 0.0 0.0 0.0015817836032019392 1.6700290310541658e-08 0.0 0.0 0.005720943135012392 0.0072974881572376174 0.0 0.0 0.07265418577628296 0.11458757534951737 0.0 0.0 0.026455333413922456 0.0005900855878479188 0.0 0.0 0.04645545311248941 1.0759752789876239e-07 0.0 0.0 0.08670645161815059 0.025485356251354244 0.0 0.0 0.34566900527933414 0.1362040128606613 0.0 0.0 0.047071342286783543 0.0 0.024590137339877086 0.0 0.0 0.0 0.014784487159282074 0.0 0.0 0.0 9.244126805242327e-08 0.0 0.0 0.0 0.01955271132609532 0.0 0.0 0.0 0.0 1.1796744683780552e-07 0.0 0.0 0.0 5.009434268251842e-08 0.0 0.0 0.0 2.2678649897547453e-08 0.0 0.0 0.0 8.788697171981549e-08 0.0 0.001007196953546675 0.0 0.0 0.030594304409389612 2.7025928772841484e-09 0.0 0.0 0.01535025687981732 0.0031273572050564257 0.0 0.0 0.10807028926180419 0.04608944006452912 0.0 0.0 0.016142074054094367 0.006613840159860356 0.0 0.0 0.18044456284359647 7.944201276587776e-08 0.0 0.0 0.3104153472651562 0.008853627855558623 0.0 0.0 0.12319877023137982 0.17631781241693478 0.0 0.0 0.08244809779457847 0.0 0.2532754613473314 0.0 0.0 0.0 0.22975209459391796 0.0 0.0 0.0 9.396107877536603e-08 0.0 0.0 0.0 0.29361550008542625 0.0 0.0 0.0 0.0 0.06574322308799838 0.0 0.0 0.0 0.13989118579101023 0.0 0.0 0.0 1.5038288468410644e-08 0.0 0.0 0.0 0.1121495782390171 0.0 0.0031112263969197067 0.0 0.0 0.11951732864840828 1.0188601047437456e-08 0.0 0.0 0.04192511401252799 0.006253023642881936 0.0 0.0 0.038080825341194856 0.061433042451042655 0.0 0.0 0.023730314407019754 0.0008739810750393733 0.0 0.0 0.04397909879173681 4.0832503573488226e-08 0.0 0.0 0.07493187392887334 0.0005513754465105836 0.0 0.0 0.0037646985047888144 0.1056857452090167 0.0 0.0 0.03583623476014179
0.0 0.010718338511258035 0.0 0.0 0.0 0.0018518772817584708 0.0 0.0 0.0 8.030133727324115e-08 0.0 0.0 0.0 0.0020507499459485605 0.0 0.0 0.0 0.0 0.05485240166337947 0.0 0.0 0.0 0.043149399267971573 0.0 0.0 0.0 0.03762731249381813 0.0 0.0 0.0 0.008169178896281432 0.0 0.00026244559057068495 0.0 0.0 0.03151037884803878 3.1293479559582356e-08 0.0 0.0 0.04148608060412358 0.001277347822662273 0.0 0.0 0.02242658841287279 0.0010584603625952646 0.0 0.0 0.0002264471441668286 0.00400804545998546 0.0 0.0 0.20226483745434132 4.11885991174349e-08 0.0 0.0 0.06532079412785458 0.009942159079055692 0.0 0.0 0.23234295941782757 0.08793597395750748 0.0 0.0 0.022005768704529912 0.0 1.570677467937908e-07 0.0 0.0 0.0 1.775252072212763e-07 0.0 0.0 0.0 2.5712999510751907e-12 0.0 0.0 0.0 1.6077318252314113e-07 0.0 0.0 0.0 0.0 0.027209204825732483 0.0 0.0 0.0 0.029846237178921084 0.0 0.0 0.0 0.0371004933114043 0.0 0.0 0.0 0.024003661663869972 0.0 2.8344642459650064e-05 0.0 0.0 0.0005357173703551703 7.718847548045741e-14 0.0 0.0 6.794539594772026e-08 0.0021079829542828593 0.0 0.0 0.051523321778421886 0.04556995111589732 0.0 0.0 0.02170331724352542 0.0029412581891906805 0.0 0.0 0.06037025216278733 7.532668395043938e-08 0.0 0.0 0.09160002103474409 0.007411096853629156 0.0 0.0 0.14475026312174952 0.08991992340770665 0.0 0.0 0.03133449906511973 0.0 0.028917422382716333 0.0 0.0 0.0 0.008945552183383023 0.0 0.0 0.0 9.645065466735145e-08 0.0 0.0 0.0 0.0021597462008073665 0.0 0.0 0.0 0.0 1.1303999588521103e-07 0.0 0.0 0.0 4.559077432073716e-08 0.0 0.0 0.0 2.301086746542511e-08 0.0 0.0 0.0 1.624506020932889e-08 0.0 0.000328036317543339 0.0 0.0 0.009959554220362682 1.369587923604959e-08 0.0 0.0 0.00852157554680582 0.004245528101633864 0.0 0.0 0.03320071204146104 0.016053759456109592 0.0 0.0 0.006538397666392842 0.0059785968372027135 0.0 0.0 0.28879436948251014 1.980518518195321e-07 0.0 0.0 0.1343408386950926 0.014440405973012304 0.0 0.0 0.16064474769167225 0.026694496211128637 0.0 0.0 0.009276873726016105 0.0 0.10416237435972944 0.0 0.0 0.0 0.10736198998957913 0.0 0.0 0.0 2.4085923970865035e-08 0.0 0.0 0.0 0.14255212104628914 0.0 0.0 0.0 0.0 0.016186060549401915 0.0 0.0 0.0 0.04847302101274845 0.0 0.0 0.0 0.004501060779570635 0.0 0.0 0.0 0.07891419188073011 0.0 0.00025691912558744234 0.0 0.0 0.010375732072782008 6.741952509124117e-08 0.0 0.0 0.04979642277231206 0.0020407647978128384 0.0 0.0 0.022805395962862816 0.024102747214365675 0.0 0.0 0.005562631762118055 0.0008173998777623678 0.0 0.0 0.020009737778523703 6.839261187540432e-08 0.0 0.0 0.0372615884352824 7.498044798309832e-05 0.0 0.0 0.0009394186786040251 0.04034025887742967 0.0 0.0 0.012144496746641137
0.0 0.014697009197533811 0.0 0.0 0.0 0.002336487301585838 0.0 0.0 0.0 1.607576022701164e-07 0.0 0.0 0.0 0.002729597992810171 0.0 0.0 0.0 0.0 0.15027775909424515 0.0 0.0 0.0 0.055567843203543396 0.0 0.0 0.0 0.077306356197361 0.0 0.0 0.0 0.12235745105085542 0.0 0.00052189178017437 0.0 0.0 0.04027299206440781 2.340675933714769e-14 0.0 0.0 0.0009191750441614831 0.006746308982940806 0.0 0.0 0.09737825112536914 0.04685555765328325 0.0 0.0 0.017796855076161987 0.010452415312360552 0.0 0.0 0.2908385156082124 1.4008401135184697e-12 0.0 0.0 0.09329466936636525 0.019891600574402896 0.0 0.0 0.30573790541925794 0.08408793030140245 0.0 0.0 0.030408957759647182 0.0 1.0595104227708605e-07 0.0 0.0 0.0 4.629212639674209e-08 0.0 0.0 0.0 4.753039808680104e-12 0.0 0.0 0.0 1.4380004862806907e-07 0.0 0.0 0.0 0.0 0.0024812197510775 0.0 0.0 0.0 0.06615096195868608 0.0 0.0 0.0 0.12273527583381359 0.0 0.0 0.0 0.041787466310360254 0.0 4.846784882997189e-09 0.0 0.0 0.009350557055825806 1.4525144799072667e-09 0.0 0.0 0.01868442281097503 0.006506911915795489 0.0 0.0 0.11331850146009176 0.03938732208919907 0.0 0.0 0.018240909101687706 1.797259133454494e-08 0.0 0.0 0.0388741527283716 1.9035703052526482e-08 0.0 0.0 0.016576665061381772 0.01897947404053191 0.0 0.0 0.29622647810764186 0.12354040278094552 0.0 0.0 0.030574047446225872 0.0 0.033812013752566296 0.0 0.0 0.0 0.013631575434691057 0.0 0.0 0.0 2.2220380042980346e-08 0.0 0.0 0.0 0.013255673627359655 0.0 0.0 0.0 0.0 4.2955764445006806e-08 0.0 0.0 0.0 1.7514165768136836e-07 0.0 0.0 0.0 6.69860503456664e-13 0.0 0.0 0.0 9.159711515423948e-08 0.0 0.0003860620788938264 0.0 0.0 0.01302340090683277 9.139282641856096e-10 0.0 0.0 0.004801686342329578 0.00035172926801757055 0.0 0.0 0.0022833011653618706 0.13972681447027072 0.0 0.0 0.03970213145122922 0.006928642632822718 0.0 0.0 0.30079224581297376 1.0727976672407875e-07 0.0 0.0 0.2350967464160937 0.005806972282940755 0.0 0.0 0.042264033368323316 0.23152884767194742 0.0 0.0 0.08284702423901193 0.0 0.3596700927270634 0.0 0.0 0.0 0.21572683756967664 0.0 0.0 0.0 1.2671247178821267e-07 0.0 0.0 0.0 0.19318453844772887 0.0 0.0 0.0 0.0 0.05961667919396883 0.0 0.0 0.0 0.06929555653757194 0.0 0.0 0.0 0.00023349456501939843 0.0 0.0 0.0 0.08002422357138717 0.0 0.0004281301717426738 0.0 0.0 0.12097502602255211 1.0352938532861447e-07 0.0 0.0 0.044807170367802705 0.0022773474125367273 0.0 0.0 0.04497948070197973 0.024348166530886874 0.0 0.0 0.0063538077928318604 0.0022047062954542286 0.0 0.0 0.06557806525753967 5.818391292316698e-08 0.0 0.0 0.07581874025719781 0.00013894055783090128 0.0 0.0 0.0030766683558548723 0.07910655395900534 0.0 0.0 0.022631176143707184
0.0 0.006722314236883445 0.0 0.0 0.0 0.001957957433822237 0.0 0.0 0.0 1.0880571863211063e-07 0.0 0.0 0.0 0.0024961743313232703 0.0 0.0 0.0 0.0 0.008257100106129806 0.0 0.0 0.0 0.02670520171734443 0.0 0.0 0.0 0.06336354134712241 0.0 0.0 0.0 0.011328835632763679 0.0 5.046437404189154e-10 0.0 0.0 0.0005424876233119856 1.2201930860528113e-08 0.0 0.0 0.004438475173609496 0.0002984356465246273 0.0 0.0 0.004942713426964317 0.001065543591634996 0.0 0.0 0.0012788542680621713 0.001115918204505671 0.0 0.0 0.12005338329726822 1.2216087346563314e-07 0.0 0.0 0.0762511944906138 0.016065743147441892 0.0 0.0 0.3254030695444568 0.03163508061943668 0.0 0.0 0.03421023394042496 0.0 5.597158311283098e-07 0.0 0.0 0.0 1.744834555991671e-08 0.0 0.0 0.0 1.6284387554371411e-12 0.0 0.0 0.0 1.3797749826605014e-07 0.0 0.0 0.0 0.0 0.0035435012628667046 0.0 0.0 0.0 0.012852355339368477 0.0 0.0 0.0 0.030387982786942658 0.0 0.0 0.0 0.0785907804878499 0.0 0.0007403029366738447 0.0 0.0 0.025964904926388015 1.2353310199778113e-08 0.0 0.0 0.02352277008733876 0.00014839020927674264 0.0 0.0 0.017171881311761852 0.0034578312148402773 0.0 0.0 0.004826226705388766 0.003195433313742178 0.0 0.0 0.10324650181724103 8.000607291975209e-09 0.0 0.0 0.01830131836012687 0.003271524603368224 0.0 0.0 0.11304966585431357 0.07619197946166682 0.0 0.0 0.028300729714596008 0.0 0.025402560708071995 0.0 0.0 0.0 0.007373755443806928 0.0 0.0 0.0 1.7783486513490264e-07 0.0 0.0 0.0 0.006655360511955656 0.0 0.0 0.0 0.0 1.30186089461447e-07 0.0 0.0 0.0 1.067291240991731e-06 0.0 0.0 0.0 8.433974177855617e-08 0.0 0.0 0.0 9.689614706898348e-07 0.0 0.00012275318935765536 0.0 0.0 0.04391747420529359 3.485492524481163e-08 0.0 0.0 0.008066230619156683 0.0011741813741922896 0.0 0.0 0.038306575295704706 0.0033440004665131052 0.0 0.0 0.000512279950719838 0.0054428734466218185 0.0 0.0 0.280511338593697 4.0977533362030803e-07 0.0 0.0 0.14858794678282802 0.012246189194558117 0.0 0.0 0.276331681495521 0.09404210241060675 0.0 0.0 0.03213649167147683 0.0 0.10027385388661796 0.0 0.0 0.0 0.10445403052848107 0.0 0.0 0.0 1.9641363307158003e-06 0.0 0.0 0.0 0.02627192221212753 0.0 0.0 0.0 0.0 0.0012601134849387233 0.0 0.0 0.0 0.03199546952127322 0.0 0.0 0.0 0.0016919214820562594 0.0 0.0 0.0 0.00047609054463651647 0.0 0.0004395639852222868 0.0 0.0 0.015569851828785983 3.5727045497989904e-08 0.0 0.0 0.019588507878760365 0.003500157987965196 0.0 0.0 0.03350648290700667 0.01375726902311539 0.0 0.0 0.004034806288819399 0.00022211651704912008 0.0 0.0 0.018925704270128824 3.1010465200104033e-08 0.0 0.0 0.035329610895814705 0.002727232335372631 0.0 0.0 0.040586963534914276 0.007507963975743219 0.0 0.0 0.0026284295446551047
0.0 0.0024891999307628614 0.0 0.0 0.0 0.0027693615292733037 0.0 0.0 0.0 4.703888527720461e-08 0.0 0.0 0.0 0.0014700915121124553 0.0 0.0 0.0 0.0 0.0032858612647141726 0.0 0.0 0.0 0.04496531608004159 0.0 0.0 0.0 0.05153864701422843 0.0 0.0 0.0 0.09163003259469212 0.0 2.8456785966419685e-09 0.0 0.0 0.0020644986346890905 1.4353605071964295e-08 0.0 0.0 0.0033211036251842535 7.19561544994097e-05 0.0 0.0 0.004253002708191147 0.018147260099469306 0.0 0.0 0.004107521617164205 0.0012678013102128526 0.0 0.0 0.052125550288303533 1.4845279407921437e-07 0.0 0.0 0.07140988450782389 0.005290682123021071 0.0 0.0 0.12254440778425794 0.054450595402382326 0.0 0.0 0.013893241597262873 0.0 1.2650606739178796e-07 0.0 0.0 0.0 2.419972472020121e-07 0.0 0.0 0.0 3.0946766708123186e-12 0.0 0.0 0.0 1.600847291162848e-07 0.0 0.0 0.0 0.0 0.005339255085489433 0.0 0.0 0.0 0.029812648564276074 0.0 0.0 0.0 0.05093632105142965 0.0 0.0 0.0 0.05040242802359858 0.0 6.414534809883659e-10 0.0 0.0 0.000984954411920741 3.299438865514949e-08 0.0 0.0 0.014868595697645284 0.0033959616006191506 0.0 0.0 0.07314214146529638 0.04461034687964258 0.0 0.0 0.014112669745725566 0.0003787649845458148 0.0 0.0 0.05452981264488422 1.4644664990569375e-07 0.0 0.0 0.10840061998569561 0.009940795231928475 0.0 0.0 0.16874935201943714 0.07094747197655331 0.0 0.0 0.034242123250014654 0.0 0.011222471088258558 0.0 0.0 0.0 0.008173095166379141 0.0 0.0 0.0 1.7541830621326457e-07 0.0 0.0 0.0 0.009792662649011501 0.0 0.0 0.0 0.0 4.4913077552860226e-08 0.0 0.0 0.0 1.1350237608861332e-06 0.0 0.0 0.0 3.116308919622369e-08 0.0 0.0 0.0 1.530619482245595e-07 0.0 0.0006628557444685374 0.0 0.0 0.04425307820086134 6.50220923880807e-09 0.0 0.0 0.007145554741761998 0.0004159176268684113 0.0 0.0 0.03221474051980786 0.02470929463821824 0.0 0.0 0.0018596855748000307 0.002116518963528281 0.0 0.0 0.09482731677570845 9.60362561471056e-08 0.0 0.0 0.13776239821553532 0.006839834715365204 0.0 0.0 0.17484450051682696 0.14537374751251597 0.0 0.0 0.06319611366095042 0.0 0.1777080594285875 0.0 0.0 0.0 0.1255479540318941 0.0 0.0 0.0 1.1101760512393125e-06 0.0 0.0 0.0 0.16048371149975132 0.0 0.0 0.0 0.0 0.023340198775199925 0.0 0.0 0.0 0.0763356037686133 0.0 0.0 0.0 0.0036643346806155687 0.0 0.0 0.0 0.06840648852117563 0.0 0.0017639816399528227 0.0 0.0 0.03953286748922415 4.96952378026628e-08 0.0 0.0 0.0669639946039972 0.0013501394732432011 0.0 0.0 0.028032567948709855 0.056949583882374546 0.0 0.0 0.01584591746867499 0.0005387738811935116 0.0 0.0 0.03266423302046703 3.4109997486157314e-08 0.0 0.0 0.03731693516206557 0.001222706141450766 0.0 0.0 0.026962055854290467 0.04855253474512788 0.0 0.0 0.017159249529062198
0.0 0.004373344454653634 0.0 0.0 0.0 0.0027580934878282735 0.0 0.0 0.0 6.054345487086105e-08 0.0 0.0 0.0 0.0030428125583087206 0.0 0.0 0.0 0.0 0.009592019663351598 0.0 0.0 0.0 0.007599434795506775 0.0 0.0 0.0 0.09993582701915557 0.0 0.0 0.0 0.08867309812958833 0.0 2.1613802923010774e-08 0.0 0.0 0.00426754066281475 1.2040677427622396e-09 0.0 0.0 0.000616751421705213 0.00028036445544372837 0.0 0.0 0.012416503723235463 0.016494594223186276 0.0 0.0 0.003525528074576967 0.0007569221362748978 0.0 0.0 0.07257550372228205 2.1978293763439463e-07 0.0 0.0 0.08059085156113423 0.0054908379429078535 0.0 0.0 0.15657246307534203 0.032511996004284095 0.0 0.0 0.03888267551641533 0.0 4.6207465459286017e-07 0.0 0.0 0.0 1.5667754553650634e-07 0.0 0.0 0.0 1.1158962370808304e-12 0.0 0.0 0.0 2.1661564192654087e-07 0.0 0.0 0.0 0.0 0.0006167620911322198 0.0 0.0 0.0 0.006326902291424282 0.0 0.0 0.0 0.11237854019427723 0.0 0.0 0.0 0.003599267108496294 0.0 0.0004620087038596857 0.0 0.0 0.007427403400473626 7.97682658458792e-09 0.0 0.0 0.002218045573046643 0.0007350288787173851 0.0 0.0 0.02561016832986072 0.0030996493468793173 0.0 0.0 0.0008307733614489296 0.0027227132559684707 0.0 0.0 0.049814218642698 4.861991462018101e-07 0.0 0.0 0.08301975353519067 0.0009916645899141132 0.0 0.0 0.07393708659686758 0.08715717381856361 0.0 0.0 0.027400056086543067 0.0 0.015332189070069786 0.0 0.0 0.0 0.005003219109625412 0.0 0.0 0.0 2.46779337263592e-07 0.0 0.0 0.0 0.00831090839297936 0.0 0.0 0.0 0.0 6.710437585786508e-07 0.0 0.0 0.0 8.035839048591868e-08 0.0 0.0 0.0 1.4540085782309628e-07 0.0 0.0 0.0 2.3301950278251487e-07 0.0 0.00014777587214031992 0.0 0.0 0.0028942233383552223 4.480966795188249e-14 0.0 0.0 2.6386281571754223e-08 0.004079934535364271 0.0 0.0 0.1418439881557871 0.07833154865081669 0.0 0.0 0.019054259138705506 0.0033158259286308746 0.0 0.0 0.13091823516901166 8.421189975061572e-08 0.0 0.0 0.0865619421869378 0.01607641415189654 0.0 0.0 0.3568696004114427 0.15290901188352593 0.0 0.0 0.04661187975840254 0.0 0.18609438400822426 0.0 0.0 0.0 0.1151600024103308 0.0 0.0 0.0 7.756149204149687e-07 0.0 0.0 0.0 0.11989573823853948 0.0 0.0 0.0 0.0 0.027391852580590674 0.0 0.0 0.0 0.02645666812579135 0.0 0.0 0.0 0.02797604243875592 0.0 0.0 0.0 0.04942511266033156 0.0 0.002372302924789815 0.0 0.0 0.08179191998698455 3.4563090413358185e-08 0.0 0.0 0.02713351671024181 5.8644027179478106e-05 0.0 0.0 0.000890376889370445 0.02128196170569905 0.0 0.0 0.008168954110563419 0.0003967406087785136 0.0 0.0 0.03769242481895832 1.4309448149478883e-09 0.0 0.0 0.04490226535035377 0.002466699330238891 0.0 0.0 0.02965102986832142 0.029364964639060003 0.0 0.0 0.01603754132095278
0.0 0.005812262717647998 0.0 0.0 0.0 0.004047416090605491 0.0 0.0 0.0 1.031680490829219e-07 0.0 0.0 0.0 0.003106019644300469 0.0 0.0 0.0 0.0 0.02365626927977287 0.0 0.0 0.0 0.11129628609549343 0.0 0.0 0.0 0.1589326519065317 0.0 0.0 0.0 0.059163186724051374 0.0 0.0002784389975051112 0.0 0.0 0.021865987962005007 1.2233390241768026e-09 0.0 0.0 0.001040332914006686 0.0014995229205873963 0.0 0.0 0.028387058176421683 0.020559922057549657 0.0 0.0 0.0029227162647487708 0.0016358666343039437 0.0 0.0 0.09371854869585054 1.5927870833466751e-07 0.0 0.0 0.12856142820965613 0.016224739710151478 0.0 0.0 0.28484717174187685 0.06913499832205923 0.0 0.0 0.0410696560367378 0.0 1.0561091896476892e-07 0.0 0.0 0.0 5.245943890940587e-07 0.0 0.0 0.0 3.996096782288409e-12 0.0 0.0 0.0 3.5594347948976447e-07 0.0 0.0 0.0 0.0 0.0018939396656127447 0.0 0.0 0.0 0.009923715145981823 0.0 0.0 0.0 0.05458576548252145 0.0 0.0 0.0 0.03374476974389399 0.0 1.1843458385779853e-14 0.0 0.0 1.3874788231399785e-13 2.755326707251739e-10 0.0 0.0 0.048482406857746574 0.011071379649469557 0.0 0.0 0.12201198794563929 0.01121000318831671 0.0 0.0 0.0053602379828731886 0.003331918437220229 0.0 0.0 0.043763161048459294 2.2370691499835942e-07 0.0 0.0 0.1375496284688821 0.004844327479648806 0.0 0.0 0.2483886622999811 0.11949389744758149 0.0 0.0 0.07513635950566422 0.0 0.043232434642926504 0.0 0.0 0.0 0.01224767311584996 0.0 0.0 0.0 3.971769483665585e-07 0.0 0.0 0.0 0.021962351991925835 0.0 0.0 0.0 0.0 2.4307839059604274e-06 0.0 0.0 0.0 8.852787371060807e-08 0.0 0.0 0.0 1.657607451095956e-07 0.0 0.0 0.0 2.663383706150649e-07 0.0 0.0021822130683124517 0.0 0.0 0.08511256975012733 5.727630019394127e-08 0.0 0.0 0.014283616055510349 0.006265204144187824 0.0 0.0 0.08845957267700102 0.053063998768065515 0.0 0.0 0.01713339452442862 0.00496391459947022 0.0 0.0 0.3054085600165139 4.3856989188165147e-07 0.0 0.0 0.218413750266383 0.028722862408447156 0.0 0.0 0.41543217021865053 0.24115976191162158 0.0 0.0 0.10758234932684417 0.0 0.30848045338499785 0.0 0.0 0.0 0.08385257623716544 0.0 0.0 0.0 2.3695310193000317e-06 0.0 0.0 0.0 0.19372850900641844 0.0 0.0 0.0 0.0 0.051002348261868974 0.0 0.0 0.0 0.07691592613037962 0.0 0.0 0.0 0.04327438161870023 0.0 0.0 0.0 0.0476045805751754 0.0 0.0008884308150906004 0.0 0.0 0.06979911841790433 9.41408997013604e-08 0.0 0.0 0.04472450502360203 0.00045727629656902374 0.0 0.0 0.004433411219834922 0.01639624517421996 0.0 0.0 0.003813722293370827 0.00081291940852061 0.0 0.0 0.05890797733523578 1.168119684049233e-08 0.0 0.0 0.039452510598565436 0.008357520601368226 0.0 0.0 0.09044241501959376 0.05504508129018692 0.0 0.0 0.026335734997161162
0.0 0.022464300234950992 0.0 0.0 0.0 0.0034021268911434087 0.0 0.0 0.0 9.038668651114819e-08 0.0 0.0 0.0 0.010144180083684139 0.0 0.0 0.0 0.0 0.020804621333397284 0.0 0.0 0.0 0.042051824927215965 0.0 0.0 0.0 0.13581112175146592 0.0 0.0 0.0 0.11779775460971048 0.0 0.0011851100435286666 0.0 0.0 0.023963400457882155 3.486029567829417e-08 0.0 0.0 0.015059920513770282 0.0002142141984433257 0.0 0.0 0.03579411096878251 0.0019963364671366285 0.0 0.0 0.0018822363769355414 0.018553373068238944 0.0 0.0 0.3198378275437968 7.84469450036762e-08 0.0 0.0 0.09203925161630262 0.03233051472808104 0.0 0.0 0.2535096597335598 0.20521070734506605 0.0 0.0 0.12062849688448629 0.0 4.5254941525390946e-07 0.0 0.0 0.0 8.659628327843138e-07 0.0 0.0 0.0 3.2437567784198757e-12 0.0 0.0 0.0 2.403630114816478e-07 0.0 0.0 0.0 0.0 0.03315554965619724 0.0 0.0 0.0 0.05671476423631372 0.0 0.0 0.0 0.034750265741797 0.0 0.0 0.0 0.04605721361005489 0.0 5.366112856013304e-05 0.0 0.0 0.0034615390009389967 8.841348745583691e-08 0.0 0.0 0.06900421547168514 0.0017802370027322212 0.0 0.0 0.026048408889362683 1.1493217698705985e-06 0.0 0.0 0.037376155288943176 0.0029414496804159762 0.0 0.0 0.16379166432536973 7.760029445945782e-07 0.0 0.0 0.3827900807649795 0.005578470322270132 0.0 0.0 0.13524693438149155 0.06282592674012376 0.0 0.0 0.05714363101699412 0.0 0.04309554243277489 0.0 0.0 0.0 0.012156070731079615 0.0 0.0 0.0 1.9957545637970385e-07 0.0 0.0 0.0 0.007073996150323919 0.0 0.0 0.0 0.0 9.554095386815893e-07 0.0 0.0 0.0 3.858065611778915e-07 0.0 0.0 0.0 2.4515382763388984e-06 0.0 0.0 0.0 4.406537367166438e-08 0.0 0.00193790936594854 0.0 0.0 0.08759688078801275 9.31297914628556e-08 0.0 0.0 0.03362170750531419 0.00023390327957398095 0.0 0.0 0.0025159102351814022 0.0396204467462119 0.0 0.0 0.009966198182624474 0.009303126782817146 0.0 0.0 0.31572529698792706 2.9005765740566617e-07 0.0 0.0 0.15762576911049345 0.014260324736104234 0.0 0.0 0.338944764231978 0.10601884774092561 0.0 0.0 0.04072478345543784 0.0 0.2533592849917851 0.0 0.0 0.0 0.15511872965930704 0.0 0.0 0.0 3.5468543632224127e-06 0.0 0.0 0.0 0.1405046513939708 0.0 0.0 0.0 0.0 0.027760097781994144 0.0 0.0 0.0 0.038958479547388805 0.0 0.0 0.0 0.004929210201119472 0.0 0.0 0.0 0.08822536141798007 0.0 0.0027279295777036705 0.0 0.0 0.11574622387881264 7.06685553778079e-08 0.0 0.0 0.01509540663095024 0.004669777565445364 0.0 0.0 0.06254875478353016 0.03463396618489844 0.0 0.0 0.020530261940889097 0.0004964630388877691 0.0 0.0 0.05756971249783577 1.2729882629793424e-07 0.0 0.0 0.04508258162109392 0.003258367056984517 0.0 0.0 0.12799465987945463 0.05666800853666068 0.0 0.0 0.015395304122171174
0.0 0.015546074386577412 0.0 0.0 0.0 0.003646350975497009 0.0 0.0 0.0 1.1166049419675597e-07 0.0 0.0 0.0 0.005100113182887336 0.0 0.0 0.0 0.0 0.14453412195629908 0.0 0.0 0.0 0.13728657471473882 0.0 0.0 0.0 0.0807614543139455 0.0 0.0 0.0 0.044102792281068275 0.0 0.005145013841991801 0.0 0.0 0.1007503959018424 3.135025500504915e-08 0.0 0.0 0.0066360495445406875 1.7116853550575386e-08 0.0 0.0 0.030246520120205515 0.07859553765100623 0.0 0.0 0.013855187766931547 0.010084819206696329 0.0 0.0 0.2566349150754744 5.032656831813548e-07 0.0 0.0 0.142991584895948 0.010331777028592759 0.0 0.0 0.26607491275545875 0.1405430850447203 0.0 0.0 0.05679122794449275 0.0 6.858963128232914e-07 0.0 0.0 0.0 1.5164972942618993e-07 0.0 0.0 0.0 3.606979522010971e-12 0.0 0.0 0.0 1.4388750727467056e-07 0.0 0.0 0.0 0.0 0.034028188346182424 0.0 0.0 0.0 0.04697395432631231 0.0 0.0 0.0 0.041038667559323096 0.0 0.0 0.0 0.0043708017575265 0.0 0.00020217349876125023 0.0 0.0 0.005955246986749432 1.2170409653969244e-07 0.0 0.0 0.04398989968110776 0.002181176598162856 0.0 0.0 0.1103328179422495 0.039161559814970076 0.0 0.0 0.007409368002059742 0.002939744016678429 0.0 0.0 0.15058135775309073 5.5708478480953876e-08 0.0 0.0 0.10274321342805055 0.011176187003258387 0.0 0.0 0.17425909476450566 0.11179115555154302 0.0 0.0 0.030974367484168486 0.0 0.025802999860461785 0.0 0.0 0.0 0.011660597837016635 0.0 0.0 0.0 3.297693653926609e-07 0.0 0.0 0.0 0.015872211829097337 0.0 0.0 0.0 0.0 8.797913110379228e-08 0.0 0.0 0.0 6.200895055801335e-08 0.0 0.0 0.0 1.246660434425254e-06 0.0 0.0 0.0 2.0530018089261257e-07 0.0 3.852613397111172e-09 0.0 0.0 0.00516930249106954 1.0653126976046959e-08 0.0 0.0 0.008925183651613903 0.0034456366586236055 0.0 0.0 0.06551274775483348 0.03697492142519114 0.0 0.0 0.007697668643891842 0.003914968607120652 0.0 0.0 0.25567373195626625 2.007396576029514e-07 0.0 0.0 0.17312134160740947 0.02620132298246357 0.0 0.0 0.3891072074187174 0.1395426370902123 0.0 0.0 0.09047345045808916 0.0 0.3653351831226997 0.0 0.0 0.0 0.10880193294115005 0.0 0.0 0.0 1.1605152304107338e-06 0.0 0.0 0.0 0.1329957903542205 0.0 0.0 0.0 0.0 0.05666635501201409 0.0 0.0 0.0 0.013133093596721535 0.0 0.0 0.0 0.0059241065972608685 0.0 0.0 0.0 0.07824470404771594 0.0 0.0001032264809222395 0.0 0.0 0.039803278389999176 6.762138058595117e-08 0.0 0.0 0.08167538894622214 7.099997089100048e-14 0.0 0.0 1.2285539545438352e-07 0.004124947760325623 0.0 0.0 0.0010114713321753767 0.0019027007006718563 0.0 0.0 0.06888459666257449 5.2995084209704545e-08 0.0 0.0 0.03852370952166036 2.190791542695641e-08 0.0 0.0 0.042501437248570625 0.05640022259533193 0.0 0.0 0.017783958656893296
0.0 0.011902319688178098 0.0 0.0 0.0 0.0027023502479681704 0.0 0.0 0.0 1.0745296907344188e-07 0.0 0.0 0.0 0.003635899895403517 0.0 0.0 0.0 0.0 0.0019940394233976147 0.0 0.0 0.0 0.08905744276073493 0.0 0.0 0.0 0.21771596065764456 0.0 0.0 0.0 0.016069145141180203 0.0 2.7873573392753758e-05 0.0 0.0 0.0019724142801194676 6.478018982732548e-08 0.0 0.0 0.03211546414387161 6.607147164544938e-05 0.0 0.0 0.0531861247934362 0.02873653099765822 0.0 0.0 0.008291742182703295 0.0028573049133526623 0.0 0.0 0.07893814846317027 4.61750197203836e-08 0.0 0.0 0.07150883257543741 0.020860063140052246 0.0 0.0 0.29432427453391763 0.08462600199962088 0.0 0.0 0.054024880466655635 0.0 2.4570350755833426e-07 0.0 0.0 0.0 6.290913780099817e-08 0.0 0.0 0.0 5.535563165335464e-12 0.0 0.0 0.0 3.8012411309854824e-07 0.0 0.0 0.0 0.0 0.06769380548734545 0.0 0.0 0.0 0.0036719141233850067 0.0 0.0 0.0 0.0360718002573668 0.0 0.0 0.0 0.13611939611574983 0.0 9.712206763682637e-06 0.0 0.0 0.0423519146759766 1.280259262961879e-19 0.0 0.0 7.947070398667297e-09 0.002337987772862583 0.0 0.0 0.04867016725172188 0.012267675638487751 0.0 0.0 0.01044250058770237 0.003554954276319108 0.0 0.0 0.08177356833330933 6.491028910151245e-13 0.0 0.0 0.04517406519056312 0.00711557643003961 0.0 0.0 0.29657286964891705 0.10805306989938021 0.0 0.0 0.07503932883020474 0.0 0.029371528864154887 0.0 0.0 0.0 0.018571396931269593 0.0 0.0 0.0 3.8789030580250936e-07 0.0 0.0 0.0 0.01140914839487258 0.0 0.0 0.0 0.0 9.79450187785159e-07 0.0 0.0 0.0 1.3362226840881494e-07 0.0 0.0 0.0 9.271201774683156e-07 0.0 0.0 0.0 1.3327753270380696e-07 0.0 0.003751106168777906 0.0 0.0 0.05906635641199967 1.0753053711325442e-08 0.0 0.0 0.004455774504799592 0.003509377577908904 0.0 0.0 0.1379793875444888 0.034743951656524906 0.0 0.0 0.012583635938614073 0.00884877034897113 0.0 0.0 0.2897296601223521 2.581552187867927e-07 0.0 0.0 0.3188947772290279 0.021462909396434703 0.0 0.0 0.5697377630327658 0.21698872382212298 0.0 0.0 0.06619675810597077 0.0 0.28819847451871466 0.0 0.0 0.0 0.20170100576566455 0.0 0.0 0.0 1.6781213559269803e-06 0.0 0.0 0.0 0.0603931245916068 0.0 0.0 0.0 0.0 0.05470747323593885 0.0 0.0 0.0 0.015672761876367625 0.0 0.0 0.0 0.0023009125209787302 0.0 0.0 0.0 0.002757405372710781 0.0 1.0832742552280027e-08 0.0 0.0 0.03780448351738195 8.16753707201677e-08 0.0 0.0 0.0495453529838356 0.000910353847842596 0.0 0.0 0.029434870644813805 0.02758532144758524 0.0 0.0 0.009665604957601031 0.00030634653890597663 0.0 0.0 0.058597662893564835 1.3723451118912125e-07 0.0 0.0 0.07500301165988828 0.0030901224438167774 0.0 0.0 0.061954162762803015 0.03729300753596181 0.0 0.0 0.008843686606950592
0.0 0.0 0.0 0.0 0.0 0.0025434824211409608 0.0 0.0 0.0 3.706833596590915e-08 0.0 0.0 0.0 0.0035187360723260867 0.0 0.0 0.0 0.0 0.0 0.0 0.0 0.0 0.1081076276521344 0.0 0.0 0.0 0.03993635424240984 0.0 0.0 0.0 0.0634242389283415 0.0 0.0 0.0 0.0 0.0 6.143625289865283e-08 0.0 0.0 0.027723396893424818 1.2112437370139326e-08 0.0 0.0 0.005145713285773684 0.004499446617255657 0.0 0.0 0.0014217302827912242 0.0 0.0 0.0 0.0 1.1000987815697622e-07 0.0 0.0 0.055627046211772196 0.00724086418920185 0.0 0.0 0.09317831257029394 0.13723035017877072 0.0 0.0 0.032407653701269155 0.0 8.160965309220348e-08 0.0 0.0 0.0 1.9938019378325988e-07 0.0 0.0 0.0 3.847886935301765e-12 0.0 0.0 0.0 3.222142500403024e-07 0.0 0.0 0.0 0.0 4.831946523990574e-08 0.0 0.0 0.0 0.05339544466077066 0.0 0.0 0.0 0.18100716209766154 0.0 0.0 0.0 0.10810543012674996 0.0 7.522963209595514e-09 0.0 0.0 0.015674326092251164 2.1953907184789736e-08 0.0 0.0 0.08030233025090969 0.006864951011158258 0.0 0.0 0.08133252283999758 0.05248684003634356 0.0 0.0 0.018780080657462228 1.4052413272803114e-08 0.0 0.0 0.032825953559404895 1.7748551371209767e-07 0.0 0.0 0.10880398204945937 0.007927537341914466 0.0 0.0 0.207872138266929 0.15780753430965422 0.0 0.0 0.050823241904746935 0.0 0.019686677059099652 0.0 0.0 0.0 0.0011143463710889313 0.0 0.0 0.0 1.262952409475564e-07 0.0 0.0 0.0 0.021187595018409902 0.0 0.0 0.0 0.0 6.097766229080365e-08 0.0 0.0 0.0 3.292717322142773e-13 0.0 0.0 0.0 1.2440746378253864e-08 0.0 0.0 0.0 2.1322990611817318e-07 0.0 0.00023367963842804116 0.0 0.0 0.00958016118176483 7.814034216084754e-08 0.0 0.0 0.03360772217094376 0.006176492669411055 0.0 0.0 0.12113355796042075 0.04687066403388061 0.0 0.0 0.013063208727053513 0.003180822032350459 0.0 0.0 0.2098207548914491 2.8573535434891513e-08 0.0 0.0 0.013778255899911305 0.011250539861706363 0.0 0.0 0.15244185770937976 0.21161322485738868 0.0 0.0 0.09526854338256822 0.0 0.19681124116002713 0.0 0.0 0.0 0.3388500570322238 0.0 0.0 0.0 0.0 0.0 0.0 0.0 0.4010195813194668 0.0 0.0 0.0 0.0 0.03879027321554966 0.0 0.0 0.0 0.09393800805175853 0.0 0.0 0.0 0.0 0.0 0.0 0.0 0.2929979533571446 0.0 0.00298125236475754 0.0 0.0 0.0725638624101801 6.105014838481607e-08 0.0 0.0 0.13306262068739452 0.0 0.0 0.0 0.0 0.20630582249189236 0.0 0.0 0.0496142166377693 0.0007524457208672972 0.0 0.0 0.027603943221674313 6.455836686962945e-08 0.0 0.0 0.11315522480622016 0.0 0.0 0.0 0.0 0.11986699698653192 0.0 0.0 0.045705345798664955
0.0 0.014052795235809061 0.0 0.0 0.0 0.0015283045020601418 0.0 0.0 0.0 4.731632323864793e-08 0.0 0.0 0.0 0.001271088935181315 0.0 0.0 0.0 0.0 0.06479848727731242 0.0 0.0 0.0 0.048330447187253725 0.0 0.0 0.0 0.058097962766211195 0.0 0.0 0.0 0.05836388313381061 0.0 0.000311449139843729 0.0 0.0 0.01020681373683614 2.9438856013207533e-08 0.0 0.0 0.01849448730062603 0.0036580700595132683 0.0 0.0 0.05325552696261513 0.0006411792548641228 0.0 0.0 0.007707189380865532 0.007566940000324652 0.0 0.0 0.2589590617766997 5.078298713301496e-08 0.0 0.0 0.03841534493826468 0.003100063277032421 0.0 0.0 0.13101521263508276 0.027466721144498236 0.0 0.0 0.01131860230082792 0.0 1.0230083263646143e-07 0.0 0.0 0.0 2.3592995621827107e-07 0.0 0.0 0.0 5.54095932380057e-12 0.0 0.0 0.0 6.861519740718631e-08 0.0 0.0 0.0 0.0 0.0014871287666050304 0.0 0.0 0.0 0.06938904307207971 0.0 0.0 0.0 0.014189767379507017 0.0 0.0 0.0 0.0017657215038754167 0.0 0.0011917026042608699 0.0 0.0 0.025402500590389527 3.8492972949654526e-08 0.0 0.0 0.07334589767312254 0.0014450016020755166 0.0 0.0 0.03837637496185788 0.00626272885459259 0.0 0.0 0.02214553134650821 0.002863518550915811 0.0 0.0 0.04023415662036126 2.7175895724526017e-08 0.0 0.0 0.14198119538943338 0.008374481422563333 0.0 0.0 0.32909947651196364 0.0572051661137069 0.0 0.0 0.01938944771616718 0.0 0.005815255696324972 0.0 0.0 0.0 0.016587891480271462 0.0 0.0 0.0 2.890045981265429e-07 0.0 0.0 0.0 0.009940973348835922 0.0 0.0 0.0 0.0 1.979809419555576e-09 0.0 0.0 0.0 5.278159891936353e-07 0.0 0.0 0.0 9.885845862194756e-08 0.0 0.0 0.0 7.95383951075047e-08 0.0 2.6917095778986603e-05 0.0 0.0 0.0003446956754242391 3.5653264975687688e-09 0.0 0.0 0.008785602298080453 0.001686477366593559 0.0 0.0 0.028831645907623594 0.02641963956505246 0.0 0.0 0.006267982112305457 0.002111729635070654 0.0 0.0 0.0628805093509569 1.9334523486009514e-07 0.0 0.0 0.2949317739452407 0.012263901303504047 0.0 0.0 0.38429224415941293 0.17997748488072407 0.0 0.0 0.062110278288147525 0.0 0.20972262713162126 0.0 0.0 0.0 0.06871522880977937 0.0 0.0 0.0 3.7186619001812847e-07 0.0 0.0 0.0 0.12907915991530472 0.0 0.0 0.0 0.0 0.027989127250293094 0.0 0.0 0.0 0.05044975805045745 0.0 0.0 0.0 7.513458200840661e-05 0.0 0.0 0.0 0.041047016173071 0.0 0.0017480609536898253 0.0 0.0 0.04255596805514348 2.935686364716013e-09 0.0 0.0 0.003838161547896741 0.0014092616813640429 0.0 0.0 0.02545300133397017 0.025370700573298422 0.0 0.0 0.005908898077705124 0.0010319180094892275 0.0 0.0 0.03725829104990622 6.11145676784597e-08 0.0 0.0 0.01935500640834265 0.0004071528173842922 0.0 0.0 0.008244632435765634 0.06969105654727657 0.0 0.0 0.013619606446804655
0.0 0.005814568382194329 0.0 0.0 0.0 0.002356013917580004 0.0 0.0 0.0 4.433517531988107e-08 0.0 0.0 0.0 0.0042269349825051605 0.0 0.0 0.0 0.0 0.002104930295015122 0.0 0.0 0.0 0.042803821300292616 0.0 0.0 0.0 0.05123214256100887 0.0 0.0 0.0 0.02687726118026393 0.0 4.201281013448414e-09 0.0 0.0 5.024788764198667e-08 5.052108700055463e-08 0.0 0.0 0.034971563004406174 0.00034766729630056754 0.0 0.0 0.0047562280229847655 0.0013673684964285427 0.0 0.0 0.003825007230478076 0.0016153855211946914 0.0 0.0 0.021661012909438237 1.6872675461264504e-07 0.0 0.0 0.07584814031493466 0.014016674114729916 0.0 0.0 0.1168229530118667 0.028763688441992237 0.0 0.0 0.05972354589637618 0.0 2.9472772746780736e-07 0.0 0.0 0.0 8.604325365314296e-07 0.0 0.0 0.0 2.2682753208497657e-12 0.0 0.0 0.0 2.7294596461518493e-07 0.0 0.0 0.0 0.0 0.023083098460560066 0.0 0.0 0.0 0.005935426613433973 0.0 0.0 0.0 0.026819680171372807 0.0 0.0 0.0 0.06069106995374852 0.0 6.870131005212199e-05 0.0 0.0 0.0015808887313952759 1.2890828269747946e-08 0.0 0.0 0.003680020889759117 0.006307231076421469 0.0 0.0 0.05950949510425356 0.027911284649333505 0.0 0.0 0.014419339350961607 0.0014578097022267947 0.0 0.0 0.09859301329608235 8.133104514947236e-07 0.0 0.0 0.36473428454712287 0.00737698019942915 0.0 0.0 0.1183582743453319 0.09583084321234397 0.0 0.0 0.050714802343736036 0.0 0.02057232475203081 0.0 0.0 0.0 0.010666964070815441 0.0 0.0 0.0 1.3522532733972246e-07 0.0 0.0 0.0 0.01083979981211207 0.0 0.0 0.0 0.0 6.78521712547124e-08 0.0 0.0 0.0 8.524900095567514e-08 0.0 0.0 0.0 9.141307970253942e-07 0.0 0.0 0.0 3.826855895982182e-06 0.0 0.0003115915505439827 0.0 0.0 0.007573437924619188 1.4584030504208894e-10 0.0 0.0 9.375754746085323e-05 0.0029302451449400597 0.0 0.0 0.06342232233158211 0.02171459656754724 0.0 0.0 0.011243922893207829 0.008321934295548733 0.0 0.0 0.11920040141014115 3.167841038262037e-07 0.0 0.0 0.2076105371018558 0.006166988848885815 0.0 0.0 0.1770470067745559 0.0957479199474238 0.0 0.0 0.047625643265879196 0.0 0.09663096747462792 0.0 0.0 0.0 0.10082076970413936 0.0 0.0 0.0 4.7376421637286126e-06 0.0 0.0 0.0 0.13966786487836694 0.0 0.0 0.0 0.0 0.02007984241310734 0.0 0.0 0.0 0.056416358186669714 0.0 0.0 0.0 0.029237464353902957 0.0 0.0 0.0 0.049001207665268734 0.0 0.00047142497317513707 0.0 0.0 0.052973492251845805 4.819212974766732e-09 0.0 0.0 0.003427449776484528 0.002289658798483792 0.0 0.0 0.06134349082859343 0.013544515929333159 0.0 0.0 0.0025233282780483396 0.00015071006343234008 0.0 0.0 0.016869272165877577 5.002601577250059e-08 0.0 0.0 0.02651107682954378 0.004100991705269576 0.0 0.0 0.0901993660136527 0.05224412245489551 0.0 0.0 0.023782524807186498
0.0 0.0029998132336365923 0.0 0.0 0.0 0.00023254298119346157 0.0 0.0 0.0 3.503232041792535e-08 0.0 0.0 0.0 0.0027770580281572 0.0 0.0 0.0 0.0 0.004987483494198445 0.0 0.0 0.0 0.035106887815515506 0.0 0.0 0.0 0.08318008357977613 0.0 0.0 0.0 0.009610763432116936 0.0 7.571936430792583e-10 0.0 0.0 1.8001249147557623e-08 3.2792274783683527e-08 0.0 0.0 0.019926014692891892 0.00014743082365420196 0.0 0.0 0.023289272243799255 0.006630298106164988 0.0 0.0 0.0014554207158880294 0.0012485251025140473 0.0 0.0 0.0522058844041362 8.788096453212482e-09 0.0 0.0 0.006176237922955967 0.005064908014599994 0.0 0.0 0.10336430778109822 0.05547318605729854 0.0 0.0 0.01621586114976641 0.0 0.0 0.0 0.0 0.0 1.0436411563940422e-07 0.0 0.0 0.0 2.7052656228304132e-12 0.0 0.0 0.0 2.1540865742283937e-07 0.0 0.0 0.0 0.0 0.0 0.0 0.0 0.0 0.02406600025008216 0.0 0.0 0.0 0.10634807604505443 0.0 0.0 0.0 0.04763203832088316 0.0 0.0 0.0 0.0 0.0 6.21960966214719e-08 0.0 0.0 0.024473312782947843 0.00038114339102319117 0.0 0.0 0.0075394151940583794 0.03527689011953084 0.0 0.0 0.015426171539532074 0.0 0.0 0.0 0.0 8.232233818237363e-08 0.0 0.0 0.04362302557381167 0.0012892393176035949 0.0 0.0 0.16092988851773143 0.09868676090920285 0.0 0.0 0.048744823673905875 0.0 0.009249384216974778 0.0 0.0 0.0 0.013256971591745237 0.0 0.0 0.0 2.8649417736316737e-07 0.0 0.0 0.0 0.010143450691265921 0.0 0.0 0.0 0.0 2.7124013247643465e-08 0.0 0.0 0.0 7.912911702062942e-08 0.0 0.0 0.0 1.6684482401872708e-07 0.0 0.0 0.0 1.3197086465259637e-07 0.0 4.303335010228179e-05 0.0 0.0 0.02052662119153085 2.610318838198563e-13 0.0 0.0 0.013716895681258272 0.008838279204309058 0.0 0.0 0.14780356370611095 0.01714049088038824 0.0 0.0 0.004299745961106563 0.004205353774109263 0.0 0.0 0.08885903032912572 1.0762934599922059e-07 0.0 0.0 0.1573511209470566 0.01831902650892815 0.0 0.0 0.347293339681539 0.10701251983863681 0.0 0.0 0.045728835636522025 0.0 0.12063602087099566 0.0 0.0 0.0 0.16455649567896544 0.0 0.0 0.0 9.321024457047281e-08 0.0 0.0 0.0 0.18371900401147878 0.0 0.0 0.0 0.0 0.046460977514904245 0.0 0.0 0.0 0.023924028028474275 0.0 0.0 0.0 0.024100697054459067 0.0 0.0 0.0 0.10630750137296027 0.0 0.0003405955202818829 0.0 0.0 0.05562784053734747 7.089820000634017e-13 0.0 0.0 0.030942585063912845 2.7279202220881248e-09 0.0 0.0 0.0030017653148540994 0.06720438364097037 0.0 0.0 0.013870697329181109 0.00017194077110655324 0.0 0.0 0.02252952475707646 2.6046356274020398e-08 0.0 0.0 0.05706462764975851 2.932872313319695e-09 0.0 0.0 0.003618301256113753 0.06777029692080373 0.0 0.0 0.02194105417156617
0.0 0.0008715964920887868 0.0 0.0 0.0 0.002520038396017652 0.0 0.0 0.0 5.758245494356378e-09 0.0 0.0 0.0 0.005579853064533568 0.0 0.0 0.0 0.0 0.02055284993733107 0.0 0.0 0.0 0.08528490318451924 0.0 0.0 0.0 0.05439177394406029 0.0 0.0 0.0 0.3945633126884902 0.0 7.895978702702358e-05 0.0 0.0 0.00209237505556528 2.1952560555723173e-08 0.0 0.0 0.03454451809008477 0.00012648182825401614 0.0 0.0 0.001136661450694611 0.04487450810044842 0.0 0.0 0.010944295728043847 0.0003466158215606964 0.0 0.0 0.010297894673144454 1.1805189809247679e-08 0.0 0.0 0.08309225717193168 0.0009331256908692343 0.0 0.0 0.011892534861310908 0.20619394836143465 0.0 0.0 0.05689020915811213 0.0 0.0 0.0 0.0 0.0 0.0 0.0 0.0 0.0 2.11139755266309e-12 0.0 0.0 0.0 1.607277637860531e-07 0.0 0.0 0.0 0.0 0.0 0.0 0.0 0.0 0.0 0.0 0.0 0.0 0.02687288883833149 0.0 0.0 0.0 0.009116273344131278 0.0 0.0 0.0 0.0 0.0 0.0 0.0 0.0 0.0 0.003293980490227648 0.0 0.0 0.08418977392283983 0.0007479456956021824 0.0 0.0 0.0002430894935773317 0.0 0.0 0.0 0.0 0.0 0.0 0.0 0.0 0.00347309883049767 0.0 0.0 0.12185230028301294 0.0883442126538202 0.0 0.0 0.038509485151974415 0.0 0.0 0.0 0.0 0.0 0.0029197834245491727 0.0 0.0 0.0 0.0 0.0 0.0 0.0 0.0059151720085734985 0.0 0.0 0.0 0.0 0.0 0.0 0.0 0.0 5.7584424338261745e-09 0.0 0.0 0.0 0.0 0.0 0.0 0.0 3.957262548541897e-07 0.0 0.0 0.0 0.0 0.0 5.505714133518819e-08 0.0 0.0 0.05461275517271199 0.0 0.0 0.0 0.0 0.04568853037599392 0.0 0.0 0.007794803628848798 0.0 0.0 0.0 0.0 1.2199278861396272e-08 0.0 0.0 0.04518826368802803 0.0 0.0 0.0 0.0 0.1744023674233166 0.0 0.0 0.040121064970750596 0.0 0.5539212432623121 0.0 0.0 0.0 0.03054934036189595 0.0 0.0 0.0 3.957243403961069e-07 0.0 0.0 0.0 0.16698513870897735 0.0 0.0 0.0 0.0 0.07324497205534744 0.0 0.0 0.0 0.0031898806592853086 0.0 0.0 0.0 0.02683148145230426 0.0 0.0 0.0 0.07674890485644567 0.0 0.0061832557116086265 0.0 0.0 0.2377379543776052 5.7354033967532926e-08 0.0 0.0 0.02543879430893631 0.0006327498388886776 0.0 0.0 0.024444716194742425 0.11570599864975288 0.0 0.0 0.06425441483968038 0.0023626623906891544 0.0 0.0 0.11951837343723863 2.3616706545175034e-09 0.0 0.0 0.009302508487612424 0.00037551875438542477 0.0 0.0 0.01619572156877342 0.06959897015837038 0.0 0.0 0.02031094928753252
0.0 0.009705793002329748 0.0 0.0 0.0 0.004655471356958033 0.0 0.0 0.0 9.880636255103467e-08 0.0 0.0 0.0 0.0006637192823389231 0.0 0.0 0.0 0.0 0.002547378856240671 0.0 0.0 0.0 0.06987692374259351 0.0 0.0 0.0 0.07257978352905244 0.0 0.0 0.0 0.05122767385752242 0.0 1.3298519805130038e-10 0.0 0.0 8.877962610823359e-09 1.3282885678303248e-13 0.0 0.0 0.005649498844368424 5.945304044956361e-09 0.0 0.0 0.0033797890969761196 0.000547753193448961 0.0 0.0 0.010252749695962128 0.0005245167435837802 0.0 0.0 0.03925869516231242 1.4876647548419664e-07 0.0 0.0 0.179999921166544 0.012242822502568805 0.0 0.0 0.27605224954763713 0.0077056228029049175 0.0 0.0 0.03367526671865151 0.0 1.3090154855306663e-07 0.0 0.0 0.0 7.807122106862838e-08 0.0 0.0 0.0 1.2885380302377242e-11 0.0 0.0 0.0 1.7310658603169825e-07 0.0 0.0 0.0 0.0 0.002149795166042801 0.0 0.0 0.0 0.003947877832096475 0.0 0.0 0.0 0.09199583683015987 0.0 0.0 0.0 0.03760955078636938 0.0 6.201719860597089e-15 0.0 0.0 2.050563447326875e-08 6.260084667831965e-13 0.0 0.0 0.043455891380911396 0.0008492495377101545 0.0 0.0 0.029154817348505096 0.008578270209716904 0.0 0.0 0.0014515980045187128 1.3457205536130826e-08 0.0 0.0 0.0498864327449769 1.2948204557992843e-12 0.0 0.0 0.05666893826467914 0.023903752411092043 0.0 0.0 0.6866786282662787 0.09263019009096159 0.0 0.0 0.015839396128090787 0.0 0.03642213839982172 0.0 0.0 0.0 0.028808420181122472 0.0 0.0 0.0 7.092555357143323e-07 0.0 0.0 0.0 0.01621692066410259 0.0 0.0 0.0 0.0 5.081617887026722e-07 0.0 0.0 0.0 2.600899579389985e-07 0.0 0.0 0.0 4.3544332918122555e-07 0.0 0.0 0.0 1.3534614280492232e-07 0.0 0.005011830180038015 0.0 0.0 0.08790470670942557 1.2991195260103868e-08 0.0 0.0 0.016802549192260704 0.006971591651399991 0.0 0.0 0.09800691334898275 0.00320708663818705 0.0 0.0 0.0010559886546453825 0.009427947370830072 0.0 0.0 0.329560404156826 2.1040264819187975e-07 0.0 0.0 0.5788252604477888 0.029950677214395136 0.0 0.0 1.061906706920889 0.17471581792196558 0.0 0.0 0.06498601465202873 0.0 0.15094247261996593 0.0 0.0 0.0 0.10223909100536695 0.0 0.0 0.0 4.432673241830181e-07 0.0 0.0 0.0 0.09198748349490515 0.0 0.0 0.0 0.0 0.015132314907208864 0.0 0.0 0.0 0.009664785322981026 0.0 0.0 0.0 0.044012047558295325 0.0 0.0 0.0 0.04005914875944747 0.0 0.0010678641413852676 0.0 0.0 0.07036873147235248 3.1563323946164706e-14 0.0 0.0 8.632606295008449e-08 0.0054574752019552674 0.0 0.0 0.03606454451195169 0.014026045079899747 0.0 0.0 0.001911762015843105 0.00040098582589062035 0.0 0.0 0.022269594910269027 9.929836876412164e-09 0.0 0.0 0.04420520574196395 0.0020725747231687326 0.0 0.0 0.016465700288133718 0.043758704450477415 0.0 0.0 0.016402427301084904
0.0 0.006922061578042166 0.0 0.0 0.0 0.002545148438347908 0.0 0.0 0.0 7.8565358771187e-08 0.0 0.0 0.0 0.006229935088208063 0.0 0.0 0.0 0.0 0.04873141975684711 0.0 0.0 0.0 0.059259898269562045 0.0 0.0 0.0 0.11990245669406681 0.0 0.0 0.0 0.13674723906127034 0.0 0.001209121788589968 0.0 0.0 0.04043224883112275 1.3885656412156175e-14 0.0 0.0 0.0005391149376239191 0.003284152240263736 0.0 0.0 0.08528252075781671 0.004723351128131659 0.0 0.0 0.001460716244450918 0.00230068185460228 0.0 0.0 0.10924138711669835 1.8469432782084006e-12 0.0 0.0 0.09428352904703217 0.005789183475181164 0.0 0.0 0.15120621988764216 0.17610604295538884 0.0 0.0 0.040197327142879484 0.0 3.8949325001447236e-08 0.0 0.0 0.0 6.401147562967083e-08 0.0 0.0 0.0 1.102818668877323e-11 0.0 0.0 0.0 1.0835039278190181e-07 0.0 0.0 0.0 0.0 0.03377457944157154 0.0 0.0 0.0 0.0036210599682803112 0.0 0.0 0.0 0.12869011683534473 0.0 0.0 0.0 0.04171034763322969 0.0 1.0510845047109458e-09 0.0 0.0 0.0034189969581176084 1.1499871558063362e-18 0.0 0.0 4.455692278988013e-08 0.010296490003537996 0.0 0.0 0.10543331296917292 0.0182635695877743 0.0 0.0 0.003107132287769033 4.117327315275814e-09 0.0 0.0 0.015015609714049664 1.1185125899867353e-12 0.0 0.0 0.048588061693678394 0.026232260457580026 0.0 0.0 0.5646955034269463 0.07544165056705088 0.0 0.0 0.018104882268210103 0.0 0.02422432665651901 0.0 0.0 0.0 0.01531116889541153 0.0 0.0 0.0 1.739202728838022e-07 0.0 0.0 0.0 0.02355696747665457 0.0 0.0 0.0 0.0 2.6793896232945e-08 0.0 0.0 0.0 5.169616453986228e-07 0.0 0.0 0.0 3.966528936009276e-08 0.0 0.0 0.0 3.5219690453326364e-06 0.0 0.0007383427497557371 0.0 0.0 0.01722494178235605 3.512883125211343e-12 0.0 0.0 0.19135386529200374 0.0003485360079352937 0.0 0.0 0.023047835549043702 0.03451618471882271 0.0 0.0 0.026639880910232738 0.009359699987865549 0.0 0.0 0.26170804341846116 1.4349864982366636e-07 0.0 0.0 0.2632173774320573 0.013664954530206582 0.0 0.0 0.22398461148463025 0.2946896282974075 0.0 0.0 0.14268611894259345 0.0 0.3341502387424427 0.0 0.0 0.0 0.18558597488268688 0.0 0.0 0.0 3.852893216482619e-06 0.0 0.0 0.0 0.19460561426389508 0.0 0.0 0.0 0.0 0.054862374859598724 0.0 0.0 0.0 0.06366614106500516 0.0 0.0 0.0 0.04527697381896197 0.0 0.0 0.0 0.06058713543558463 0.0 0.0023073146135908877 0.0 0.0 0.10999694640571789 2.8488165774809643e-10 0.0 0.0 0.04030349319741309 0.0001363082779707866 0.0 0.0 0.0024602265916840098 0.05606085957934723 0.0 0.0 0.027783095148524443 0.0011776465252054228 0.0 0.0 0.07180701139967628 4.833393821799164e-08 0.0 0.0 0.07590895385640438 0.0033407519561824053 0.0 0.0 0.053200346924935554 0.054544393948317886 0.0 0.0 0.024092743476135558
0.0 0.019078682093570602 0.0 0.0 0.0 0.005372019221610386 0.0 0.0 0.0 5.583785760389835e-08 0.0 0.0 0.0 0.004549962518027969 0.0 0.0 0.0 0.0 0.023798693355591212 0.0 0.0 0.0 0.05849466246996586 0.0 0.0 0.0 0.13134149589223057 0.0 0.0 0.0 0.014442125417765947 0.0 0.0013099349028425427 0.0 0.0 0.035575427378274585 2.0075527209945327e-08 0.0 0.0 0.014739895423403896 0.0006207641185942666 0.0 0.0 0.006607853047145122 0.0017318196796727177 0.0 0.0 0.0003953648273825411 0.009065023118997652 0.0 0.0 0.2721541078696702 6.906196376611341e-08 0.0 0.0 0.17923752568963366 0.01055485577747567 0.0 0.0 0.1602880056572226 0.14423592226512352 0.0 0.0 0.040920158845711235 0.0 2.5932077198404874e-07 0.0 0.0 0.0 3.217612184528488e-07 0.0 0.0 0.0 9.120565149513424e-12 0.0 0.0 0.0 3.537989706741497e-07 0.0 0.0 0.0 0.0 0.013498198393472136 0.0 0.0 0.0 0.09788457138566077 0.0 0.0 0.0 0.02499709747142048 0.0 0.0 0.0 0.047711130321554496 0.0 0.002864958173135523 0.0 0.0 0.03244943184244596 1.0242847122532159e-08 0.0 0.0 0.051355075739571834 0.008607294601839928 0.0 0.0 0.10286340224547029 0.07414810757837888 0.0 0.0 0.018201118967960353 0.0036630176237875405 0.0 0.0 0.10223064981164978 2.264598629318236e-07 0.0 0.0 0.1601728247413648 0.026616437292445724 0.0 0.0 0.40417299065233364 0.16817688006976061 0.0 0.0 0.05274427798232188 0.0 0.022071584166542 0.0 0.0 0.0 0.013348383628730564 0.0 0.0 0.0 2.667213475955146e-08 0.0 0.0 0.0 0.014576718509385108 0.0 0.0 0.0 0.0 2.3822199267394356e-08 0.0 0.0 0.0 2.750701433299992e-07 0.0 0.0 0.0 2.7488140653229776e-09 0.0 0.0 0.0 2.9073417771431265e-08 0.0 0.0003062080700992025 0.0 0.0 0.019398019104890064 1.5243095526483273e-07 0.0 0.0 0.09444271593247462 0.002011657963354355 0.0 0.0 0.04068418893944742 0.03780728498643221 0.0 0.0 0.005782167354943999 0.0046510116197836585 0.0 0.0 0.21141734515859065 2.5868005877046327e-07 0.0 0.0 0.2531900829765843 0.0012424689220018542 0.0 0.0 0.05919933153108951 0.19764126707397014 0.0 0.0 0.053605563332376566 0.0 0.17976473511366628 0.0 0.0 0.0 0.16537027296054851 0.0 0.0 0.0 2.481954615055485e-07 0.0 0.0 0.0 0.3766643109619312 0.0 0.0 0.0 0.0 0.020147524583888063 0.0 0.0 0.0 0.13410989046587996 0.0 0.0 0.0 0.04409379867013201 0.0 0.0 0.0 0.1974401320684149 0.0 0.0055008126566994785 0.0 0.0 0.11807853477633877 1.2728199483261107e-07 0.0 0.0 0.11669220717490113 5.547022656393178e-05 0.0 0.0 0.001046258029542772 0.013767195663425345 0.0 0.0 0.004452811071686866 0.0002901272501025913 0.0 0.0 0.03720013433825165 7.065687177787532e-08 0.0 0.0 0.047946976955592635 0.000287764074516698 0.0 0.0 0.006085299192204064 0.08429108991484402 0.0 0.0 0.04534819775759127
0.0 0.000852855929292975 0.0 0.0 0.0 0.0036468256402133435 0.0 0.0 0.0 6.159696641496618e-08 0.0 0.0 0.0 0.0022261957084035795 0.0 0.0 0.0 0.0 0.02140361063172903 0.0 0.0 0.0 0.028937346074360663 0.0 0.0 0.0 0.04889678472599223 0.0 0.0 0.0 0.0479385054658848 0.0 0.0007157279236019304 0.0 0.0 0.01646884465650069 2.293662983862503e-13 0.0 0.0 0.004594097323448071 0.0014021293362846813 0.0 0.0 0.026301910300238585 0.017781315124395666 0.0 0.0 0.006769294305572996 0.0003282740829838258 0.0 0.0 0.013442223755490248 1.4076440033888128e-07 0.0 0.0 0.09585043264634492 0.015069308177889519 0.0 0.0 0.14778172227082265 0.03063665138465509 0.0 0.0 0.027676880460084572 0.0 3.384211906735646e-07 0.0 0.0 0.0 6.182770937346828e-07 0.0 0.0 0.0 2.0804858680688244e-12 0.0 0.0 0.0 8.024018330791719e-08 0.0 0.0 0.0 0.0 0.03548351653730176 0.0 0.0 0.0 0.05198415782408425 0.0 0.0 0.0 0.04297160487734672 0.0 0.0 0.0 1.1438452100109668e-07 0.0 0.00011402911929530014 0.0 0.0 0.0020363023188912236 1.663321016930265e-08 0.0 0.0 0.013730816116119694 0.003930544651986262 0.0 0.0 0.04364828251250823 0.03686689892921728 0.0 0.0 0.011243788646484258 0.0016374632722209086 0.0 0.0 0.12036296126989615 5.997349388272823e-07 0.0 0.0 0.33337031876154327 0.004676422579812482 0.0 0.0 0.0644077563150619 0.06836866327878013 0.0 0.0 0.016549296969810764 0.0 0.01796622406022172 0.0 0.0 0.0 0.005349369215419889 0.0 0.0 0.0 7.224268872361362e-08 0.0 0.0 0.0 0.007901812905419891 0.0 0.0 0.0 0.0 2.564820999413814e-08 0.0 0.0 0.0 4.516586692561558e-08 0.0 0.0 0.0 5.019334924399729e-07 0.0 0.0 0.0 2.803858534145723e-08 0.0 0.00017289787600276458 0.0 0.0 0.006662812134030083 5.8933651475708915e-09 0.0 0.0 0.00222886152201635 0.0008026738614965005 0.0 0.0 0.03988934361374354 0.03502920012208428 0.0 0.0 0.00834339319671953 0.0027717059712717433 0.0 0.0 0.10545517675926039 1.8001336087859744e-07 0.0 0.0 0.09884461214916819 0.00533638485979256 0.0 0.0 0.11360563442758227 0.08847270652710897 0.0 0.0 0.04649323863867738 0.0 0.15086455260091391 0.0 0.0 0.0 0.11670095744224086 0.0 0.0 0.0 4.669444190767359e-07 0.0 0.0 0.0 0.08024034059127139 0.0 0.0 0.0 0.0 0.0171461814106872 0.0 0.0 0.0 0.024709882946360322 0.0 0.0 0.0 0.0012602966826268252 0.0 0.0 0.0 0.04725206840560382 0.0 0.0005796973767858421 0.0 0.0 0.041528390444232316 9.772101332670938e-09 0.0 0.0 0.0033437257999688395 5.139382935973962e-09 0.0 0.0 0.00806753426988654 0.035560346276756256 0.0 0.0 0.006111007215480888 0.0005085186511844499 0.0 0.0 0.028824575924390364 5.6638415006106344e-08 0.0 0.0 0.04148574682950905 9.817105279866378e-09 0.0 0.0 0.017277455636378673 0.03509053593584757 0.0 0.0 0.008591849493434826
0.0 0.0 0.0 0.0 0.0 0.006952005087138073 0.0 0.0 0.0 3.826892756044555e-08 0.0 0.0 0.0 0.0 0.0 0.0 0.0 0.0 0.0 0.0 0.0 0.0 0.08281012974574868 0.0 0.0 0.0 0.007641802128222423 0.0 0.0 0.0 0.0 0.0 0.0 0.0 0.0 0.0 1.729755906526634e-08 0.0 0.0 0.011764133416421328 6.6410499993828e-14 0.0 0.0 1.2622466815867323e-12 0.0 0.0 0.0 0.0 0.0 0.0 0.0 0.0 3.446596060243581e-07 0.0 0.0 0.28647637926069225 0.004005413281018526 0.0 0.0 0.08535349868729415 0.0 0.0 0.0 0.0 0.0 1.0769522665248552e-06 0.0 0.0 0.0 3.2127220733126164e-07 0.0 0.0 0.0 3.751227714220085e-11 0.0 0.0 0.0 0.0 0.0 0.0 0.0 0.0 0.010212747956726487 0.0 0.0 0.0 0.004253402567261875 0.0 0.0 0.0 0.12142611138541665 0.0 0.0 0.0 0.0 0.0 9.729294447671987e-09 0.0 0.0 3.45597459442008e-07 3.0715407771974657e-13 0.0 0.0 0.0042531989234811255 0.005620460252516709 0.0 0.0 0.09307692621891528 0.0 0.0 0.0 0.0 0.006638943217717668 0.0 0.0 0.27414913364690946 1.1763201689216811e-07 0.0 0.0 0.18549446433830838 0.07317307615696043 0.0 0.0 1.3072158400007357 0.0 0.0 0.0 0.0 0.0 0.007641802128222423 0.0 0.0 0.0 0.060897250817048706 0.0 0.0 0.0 6.519348388767316e-08 0.0 0.0 0.0 0.022186601272307163 0.0 0.0 0.0 0.0 1.3286571815805603e-12 0.0 0.0 0.0 5.152845781452523e-06 0.0 0.0 0.0 2.546648377437848e-08 0.0 0.0 0.0 1.2707030001917668e-11 0.0 1.0274724941871766e-09 0.0 0.0 0.0021461356434521886 1.3596672600404225e-07 0.0 0.0 0.10147721412494291 1.0872922404917092e-09 0.0 0.0 0.0011874123834210244 0.027032495333545646 0.0 0.0 0.013732869828112958 3.7241455066258377e-08 0.0 0.0 0.0872127763248605 8.458733832622854e-07 0.0 0.0 1.2441303096905922 0.002173462766233929 0.0 0.0 0.09363978546987649 0.12118996127987623 0.0 0.0 0.15536070555722067 0.0 0.08280905279348215 0.0 0.0 0.0 0.06540832899356255 0.0 0.0 0.0 5.0748263771888235e-06 0.0 0.0 0.0 0.0 0.0 0.0 0.0 0.0 0.0015514027572539064 0.0 0.0 0.0 0.004126872100210635 0.0 0.0 0.0 0.016508326414842626 0.0 0.0 0.0 0.0 0.0 2.961054553778253e-14 0.0 0.0 1.0399899920068304e-12 1.354728290325704e-23 0.0 0.0 5.164489972123881e-13 5.531869018625842e-13 0.0 0.0 1.0567793565284535e-11 0.0 0.0 0.0 0.0 0.00031305214009634633 0.0 0.0 0.012327244674889347 6.580069103983123e-13 0.0 0.0 0.02746555127184368 0.0057533058664207435 0.0 0.0 0.1232344214314255 0.0 0.0 0.0 0.0
0.0 0.0018539986115824621 0.0 0.0 0.0 0.01352291224037661 0.0 0.0 0.0 4.514621385648445e-08 0.0 0.0 0.0 0.006788491632640108 0.0 0.0 0.0 0.0 0.003857780060551708 0.0 0.0 0.0 0.23576481173604308 0.0 0.0 0.0 0.0851536910661666 0.0 0.0 0.0 0.07115636413495521 0.0 2.816877748687139e-13 0.0 0.0 9.966886036193352e-07 5.060947092088631e-08 0.0 0.0 0.07084849574984553 0.0004596144610600984 0.0 0.0 0.005151281342896893 0.0012951650287232569 0.0 0.0 0.003469457438825645 1.0826570360307391e-08 0.0 0.0 0.04294858829344947 3.9662581022813675e-07 0.0 0.0 0.16647707784884594 0.010971179780701024 0.0 0.0 0.1415710606081576 0.07280944458149148 0.0 0.0 0.08778794958856037 0.0 7.809307593325025e-07 0.0 0.0 0.0 1.292608560900158e-08 0.0 0.0 0.0 6.931291643045436e-12 0.0 0.0 0.0 5.011464403859144e-07 0.0 0.0 0.0 0.0 0.027997656561632778 0.0 0.0 0.0 0.0003995834398125738 0.0 0.0 0.0 0.03809647542968793 0.0 0.0 0.0 0.018819073755074932 0.0 6.74817081582105e-05 0.0 0.0 0.0017266782309658755 5.651619388994823e-07 0.0 0.0 0.037807199106802816 0.003738278668031356 0.0 0.0 0.06473699603099171 0.0788508541299235 0.0 0.0 0.050631028328664784 0.0037276480417599116 0.0 0.0 0.06380250348880236 1.3938280015275057e-07 0.0 0.0 0.010453874463599107 0.01759392949407271 0.0 0.0 0.16780256725652049 0.07977911572025953 0.0 0.0 0.11254904828691148 0.0 0.03851633453277995 0.0 0.0 0.0 0.010510736373394397 0.0 0.0 0.0 3.366198216629978e-07 0.0 0.0 0.0 0.044691466842955475 0.0 0.0 0.0 0.0 3.279163470298599e-06 0.0 0.0 0.0 5.564288304523259e-08 0.0 0.0 0.0 4.9037596370252e-06 0.0 0.0 0.0 1.0561861075014059e-05 0.0 0.0004091613746949144 0.0 0.0 0.008580963972112556 6.307688060357096e-09 0.0 0.0 0.0040923712142299255 0.0029302965221865364 0.0 0.0 0.054445085099770106 0.07696597994847071 0.0 0.0 0.060878336608318186 0.010754589284597963 0.0 0.0 0.33102666752065835 6.053529957740934e-08 0.0 0.0 0.13138089336962266 0.030069843908021778 0.0 0.0 0.3018405299388768 0.14692086449134187 0.0 0.0 0.25446928402030944 0.0 0.3604134841891689 0.0 0.0 0.0 0.0612791276463516 0.0 0.0 0.0 1.8013001649794235e-05 0.0 0.0 0.0 0.1546163532633784 0.0 0.0 0.0 0.0 0.04936635636090491 0.0 0.0 0.0 0.0013946305467384611 0.0 0.0 0.0 0.07639515812919866 0.0 0.0 0.0 0.07894066784857233 0.0 0.006716796589093691 0.0 0.0 0.05917123569733684 2.7788204700583815e-08 0.0 0.0 0.0066581027940106705 0.0037588028668896684 0.0 0.0 0.031102220505008448 0.054355517034651905 0.0 0.0 0.007163964324481573 0.0015896436966125074 0.0 0.0 0.05801760275831438 4.859900407945525e-08 0.0 0.0 0.02799081158776908 0.019197416023770866 0.0 0.0 0.40480350876491406 0.06535003716568644 0.0 0.0 0.028864456211543033
0.0 0.002449025673539457 0.0 0.0 0.0 0.0024981221221514888 0.0 0.0 0.0 1.101450822398425e-07 0.0 0.0 0.0 0.002658520175690537 0.0 0.0 0.0 0.0 0.040917067937361246 0.0 0.0 0.0 0.05282977831805376 0.0 0.0 0.0 0.08234692692502005 0.0 0.0 0.0 0.04996603864958776 0.0 4.0620263661171945e-10 0.0 0.0 0.0011748233472885935 5.819491423725856e-14 0.0 0.0 0.0007935910783285357 5.2127419494149994e-08 0.0 0.0 0.06978502080068848 0.001762017462705105 0.0 0.0 0.0005551195593788028 1.5982374620209542e-08 0.0 0.0 0.05088580527167269 7.527254126502739e-08 0.0 0.0 0.08701854113652555 0.006589487601610813 0.0 0.0 0.3184120954923748 0.007735454495258548 0.0 0.0 0.03274958827581843 0.0 0.0 0.0 0.0 0.0 4.1550538761230825e-07 0.0 0.0 0.0 2.4519456280258398e-12 0.0 0.0 0.0 1.8975996524124372e-07 0.0 0.0 0.0 0.0 0.0 0.0 0.0 0.0 0.04976340233449477 0.0 0.0 0.0 0.05111767874368428 0.0 0.0 0.0 0.08160991405820106 0.0 0.0 0.0 0.0 0.0 8.786197361012293e-08 0.0 0.0 0.06913196442605025 0.0031620229587149703 0.0 0.0 0.07877965456010505 0.012884070529068042 0.0 0.0 0.002792755340686442 0.0 0.0 0.0 0.0 3.07300266635706e-07 0.0 0.0 0.21509740773636438 0.0033959227374368755 0.0 0.0 0.14982493685292433 0.11099110053113632 0.0 0.0 0.03028881632704091 0.0 0.051138852083464664 0.0 0.0 0.0 0.005479992430385412 0.0 0.0 0.0 4.847835003043174e-07 0.0 0.0 0.0 0.02050260874538383 0.0 0.0 0.0 0.0 1.7683751940278747e-07 0.0 0.0 0.0 1.8197434178194894e-08 0.0 0.0 0.0 2.94175032734179e-07 0.0 0.0 0.0 2.755562115675089e-06 0.0 5.75942768552291e-09 0.0 0.0 0.0072105677934358806 5.797895227369287e-09 0.0 0.0 0.0039026854150814704 0.010247044894962141 0.0 0.0 0.11094803771173589 0.013174286029354007 0.0 0.0 0.003979889458121109 0.006725834871866409 0.0 0.0 0.3643448864372622 5.6373836999305867e-08 0.0 0.0 0.08604398040380584 0.04710354907310374 0.0 0.0 0.8336813448552765 0.23480983746370845 0.0 0.0 0.10923757721507366 0.0 0.17247193407301867 0.0 0.0 0.0 0.17584241584769755 0.0 0.0 0.0 2.6498410675004622e-06 0.0 0.0 0.0 0.1809738419548701 0.0 0.0 0.0 0.0 0.0331533800071892 0.0 0.0 0.0 0.07009936377071777 0.0 0.0 0.0 0.01599762301627634 0.0 0.0 0.0 0.08720191472491322 0.0 0.00018417569988505393 0.0 0.0 0.04716922252104159 5.553249274792378e-08 0.0 0.0 0.03120864246790587 0.003956507876118074 0.0 0.0 0.05071407130012969 0.06256426401645815 0.0 0.0 0.02922565611757484 0.0006957453967073161 0.0 0.0 0.03260575815747575 7.269645723554919e-08 0.0 0.0 0.056843034849265985 0.0026673507733680885 0.0 0.0 0.06980190512069903 0.05074412659983024 0.0 0.0 0.018710520369329683
0.0 0.00036200297902026535 0.0 0.0 0.0 0.00658325873401602 0.0 0.0 0.0 1.1359434890371297e-08 0.0 0.0 0.0 0.006125262358615923 0.0 0.0 0.0 0.0 0.029394967200301315 0.0 0.0 0.0 0.18856871374712475 0.0 0.0 0.0 0.017147618127419086 0.0 0.0 0.0 0.27646095239670376 0.0 2.0756418975222837e-10 0.0 0.0 0.0008681515998113333 9.007223429831959e-10 0.0 0.0 0.019409505667014434 0.0005498076699190515 0.0 0.0 0.028845174907711674 0.011430163947267688 0.0 0.0 0.002421405445377294 1.4810332496735796e-09 0.0 0.0 0.006945035139210282 1.2809050317441092e-07 0.0 0.0 0.1235698203230851 0.001105713134768744 0.0 0.0 0.027491992014627816 0.20535812608312956 0.0 0.0 0.06175646887301534 0.0 1.4535083482580294e-07 0.0 0.0 0.0 0.0 0.0 0.0 0.0 7.370761846212981e-12 0.0 0.0 0.0 1.9583127703889316e-07 0.0 0.0 0.0 0.0 0.0019122867974999678 0.0 0.0 0.0 0.0 0.0 0.0 0.0 0.05030212442218329 0.0 0.0 0.0 0.03477424792344951 0.0 0.0002249551549509837 0.0 0.0 0.03176454856683241 0.0 0.0 0.0 0.0 0.00931209334306428 0.0 0.0 0.14357208227214388 0.019139972283396388 0.0 0.0 0.011166622365790344 0.0008058751072346207 0.0 0.0 0.04043250623652848 0.0 0.0 0.0 0.0 0.015592321422513086 0.0 0.0 0.30720359902989375 0.03348705017356591 0.0 0.0 0.05171254585028337 0.0 0.004415644547760968 0.0 0.0 0.0 0.015007205437610614 0.0 0.0 0.0 1.513654287749936e-08 0.0 0.0 0.0 0.011476474042100858 0.0 0.0 0.0 0.0 6.491776871067453e-14 0.0 0.0 0.0 1.7351847233748088e-06 0.0 0.0 0.0 6.630281051012644e-13 0.0 0.0 0.0 6.859757093067164e-07 0.0 1.5291157985292227e-05 0.0 0.0 9.531541402646611e-05 2.3255155692790695e-09 0.0 0.0 0.03194751131716763 1.842056059106408e-05 0.0 0.0 0.0009566830290163362 0.03888511596724818 0.0 0.0 0.009467465481745074 0.004136390473704964 0.0 0.0 0.028907517013398026 1.8748988827011048e-07 0.0 0.0 0.21603446849367905 0.0006178674312940278 0.0 0.0 0.03597717244883329 0.27557676721725477 0.0 0.0 0.0778652359922889 0.0 0.49590860861919495 0.0 0.0 0.0 0.06539819497150613 0.0 0.0 0.0 2.3946578120976824e-06 0.0 0.0 0.0 0.054298071074093734 0.0 0.0 0.0 0.0 0.02691967923854019 0.0 0.0 0.0 0.026609825054330172 0.0 0.0 0.0 0.01393606270303021 0.0 0.0 0.0 0.002611626671575584 0.0 0.005022853959467762 0.0 0.0 0.18919861893349005 1.377060688342358e-08 0.0 0.0 0.03438868609041763 0.0011390283250250976 0.0 0.0 0.022714816244460735 0.031803164185525166 0.0 0.0 0.029580331457477627 0.002146299940368614 0.0 0.0 0.1073474286616327 8.61224638633507e-09 0.0 0.0 0.023883905928655372 0.002564087276839963 0.0 0.0 0.07235408661365382 0.025032253339340414 0.0 0.0 0.0069551876997500425
0.0 0.007505655347038244 0.0 0.0 0.0 0.002998806930535529 0.0 0.0 0.0 7.630686269146501e-08 0.0 0.0 0.0 0.0011574441590457634 0.0 0.0 0.0 0.0 0.007821695641131072 0.0 0.0 0.0 0.10383593780148569 0.0 0.0 0.0 0.04889362428950208 0.0 0.0 0.0 0.0424419363338703 0.0 4.9726152091165964e-09 0.0 0.0 0.0020705649079449428 7.859262856895387e-09 0.0 0.0 0.028227303093020083 0.00045896545819019437 0.0 0.0 0.019018635089091428 0.03168076626825192 0.0 0.0 0.011287913868385884 0.0042830760852436275 0.0 0.0 0.17201399058392436 1.3056378818785677e-07 0.0 0.0 0.10705654817427955 0.011906117221774627 0.0 0.0 0.21026506294142527 0.04875623261375054 0.0 0.0 0.00994694741011876 0.0 5.482196332030974e-07 0.0 0.0 0.0 1.7675204643458487e-07 0.0 0.0 0.0 9.52338038579063e-12 0.0 0.0 0.0 3.008484189613646e-07 0.0 0.0 0.0 0.0 0.0213947020934144 0.0 0.0 0.0 0.03661547663416262 0.0 0.0 0.0 0.07521501894151104 0.0 0.0 0.0 0.18502054630645076 0.0 0.001181234016145868 0.0 0.0 0.050927007247198036 7.728626682208077e-10 0.0 0.0 0.00030405030692382435 0.0034510030850099373 0.0 0.0 0.06865285888388552 0.033403218037490884 0.0 0.0 0.03938369371639571 0.0031085596283356564 0.0 0.0 0.1655066832176447 6.792212146222403e-08 0.0 0.0 0.15677521514978052 0.019891233022856808 0.0 0.0 0.46229859555538044 0.12322961671098387 0.0 0.0 0.054776346340529344 0.0 0.011376293171989942 0.0 0.0 0.0 0.03138183586864019 0.0 0.0 0.0 1.1630827135626882e-07 0.0 0.0 0.0 0.010327116978191213 0.0 0.0 0.0 0.0 7.725146156048575e-07 0.0 0.0 0.0 2.4510033652523533e-07 0.0 0.0 0.0 2.118305452500649e-12 0.0 0.0 0.0 3.5814781489773054e-07 0.0 0.0001371859817712962 0.0 0.0 0.005494569255497056 8.31316699354251e-09 0.0 0.0 0.08016694642253545 0.00026833438037943385 0.0 0.0 0.004450545997284956 0.031540122523042745 0.0 0.0 0.011587494245655406 0.0013969775830206387 0.0 0.0 0.12686544214652862 6.34004603846079e-07 0.0 0.0 0.517959039788884 0.007455397271351792 0.0 0.0 0.13309684669401733 0.17220724501347293 0.0 0.0 0.06488014439866925 0.0 0.18411069732732777 0.0 0.0 0.0 0.2867452018378768 0.0 0.0 0.0 8.897094120897591e-07 0.0 0.0 0.0 0.13420938962672324 0.0 0.0 0.0 0.0 0.06352699126760147 0.0 0.0 0.0 0.05685144441122922 0.0 0.0 0.0 7.214611707930304e-08 0.0 0.0 0.0 0.025315743787431427 0.0 0.0004847270748116754 0.0 0.0 0.012144222747880932 1.3147905862726073e-07 0.0 0.0 0.06275010074323464 0.005084725897762495 0.0 0.0 0.05839764938803077 0.0703995939691255 0.0 0.0 0.043517433275662806 0.0010702174015382565 0.0 0.0 0.029205625487686303 1.0749280041915289e-07 0.0 0.0 0.0778904828805443 0.0025936539324391554 0.0 0.0 0.03077050269518722 0.0938493833652215 0.0 0.0 0.02009843105163075
0.0 0.009604634065735368 0.0 0.0 0.0 0.005687323833716432 0.0 0.0 0.0 9.445684730823545e-08 0.0 0.0 0.0 0.0071730000207220704 0.0 0.0 0.0 0.0 0.005636819807476739 0.0 0.0 0.0 0.012452708703029409 0.0 0.0 0.0 0.07114434154316643 0.0 0.0 0.0 0.07560385308427076 0.0 3.7989491342821993e-10 0.0 0.0 0.0008738597785907596 9.644205850742377e-10 0.0 0.0 0.02659975713040104 0.0029858478423277655 0.0 0.0 0.025504348319102123 4.7639429878873116e-08 0.0 0.0 1.8705791767285062e-08 0.0016561260672015043 0.0 0.0 0.17593692090270355 4.319719096756876e-07 0.0 0.0 0.14896813839812567 0.01814394844465763 0.0 0.0 0.26963814139710435 0.09872659464370233 0.0 0.0 0.060631937158086735 0.0 2.831159032412895e-07 0.0 0.0 0.0 5.549285655856017e-07 0.0 0.0 0.0 3.3891064348575484e-12 0.0 0.0 0.0 2.8295250516005747e-07 0.0 0.0 0.0 0.0 0.03463574096388774 0.0 0.0 0.0 0.04565758474947827 0.0 0.0 0.0 0.09877528639811167 0.0 0.0 0.0 0.03343129248014517 0.0 0.00033211645750621464 0.0 0.0 0.04762135558452738 2.31629753359689e-08 0.0 0.0 0.014455251842259565 0.0006405854334768768 0.0 0.0 0.005462769519101209 0.03382947618446946 0.0 0.0 0.009666696168568774 0.0024691568339330226 0.0 0.0 0.10864970804584528 3.3613065511486675e-07 0.0 0.0 0.18202170043806962 0.017059598810419664 0.0 0.0 0.21705139158830647 0.09677999635819541 0.0 0.0 0.06842770710811955 0.0 0.04822239370643005 0.0 0.0 0.0 0.012737037982357527 0.0 0.0 0.0 4.425611681442729e-07 0.0 0.0 0.0 0.0239634677739829 0.0 0.0 0.0 0.0 1.0953669700936974e-07 0.0 0.0 0.0 2.124441561081228e-07 0.0 0.0 0.0 3.602500959852678e-06 0.0 0.0 0.0 6.649009086828727e-06 0.0 0.005383191925871249 0.0 0.0 0.09300382445981042 7.453417417596053e-08 0.0 0.0 0.03218687278256836 0.0037372986747294633 0.0 0.0 0.12562014993187373 1.1785044196131162e-06 0.0 0.0 4.79606265908836e-07 0.012459922464665006 0.0 0.0 0.3252014604105333 2.2213422240533494e-07 0.0 0.0 0.24563812162492568 0.03393626877710726 0.0 0.0 0.5146815010597716 0.14151143310914932 0.0 0.0 0.12507933349949968 0.0 0.10701041224987468 0.0 0.0 0.0 0.19694052330116257 0.0 0.0 0.0 1.0036469495239954e-05 0.0 0.0 0.0 0.13783123780099404 0.0 0.0 0.0 0.0 0.015691210451897336 0.0 0.0 0.0 0.05389781133259237 0.0 0.0 0.0 0.09000983997747497 0.0 0.0 0.0 0.01546566498880952 0.0 3.614797505936067e-05 0.0 0.0 0.006565356768229327 1.5942217410187462e-08 0.0 0.0 0.013800786920599354 0.0024336721600532367 0.0 0.0 0.06586337283509984 0.03643171657516586 0.0 0.0 0.015387403123104177 0.0001283902728899109 0.0 0.0 0.015849753033251444 7.876267588615482e-08 0.0 0.0 0.07435041549355742 0.005986121881166718 0.0 0.0 0.1746865884295149 0.018820571863847634 0.0 0.0 0.01819885690008234
0.0 0.0032123318030652104 0.0 0.0 0.0 0.003353152909655342 0.0 0.0 0.0 4.102096506071076e-08 0.0 0.0 0.0 0.0031252989626170545 0.0 0.0 0.0 0.0 0.013653213315094202 0.0 0.0 0.0 0.09066062376613003 0.0 0.0 0.0 0.03301451976042966 0.0 0.0 0.0 0.018748311942256356 0.0 3.623963409770118e-09 0.0 0.0 0.013380323243251693 2.8064521385888495e-10 0.0 0.0 0.01575854357070072 0.00218599200922778 0.0 0.0 0.014547311797279961 0.012769171505633569 0.0 0.0 0.0018391308856034261 2.1436354865810574e-08 0.0 0.0 0.07498398439021776 8.639891865686685e-08 0.0 0.0 0.10068734869784433 0.013129015918610114 0.0 0.0 0.12127540566439493 0.027183651601503676 0.0 0.0 0.04156431291433307 0.0 4.1901953807282414e-08 0.0 0.0 0.0 5.042974663060367e-08 0.0 0.0 0.0 3.914992071163853e-12 0.0 0.0 0.0 1.9815706940442282e-07 0.0 0.0 0.0 0.0 7.167255712326906e-05 0.0 0.0 0.0 0.04160989748313307 0.0 0.0 0.0 0.01234900805129926 0.0 0.0 0.0 0.04641799056816548 0.0 0.0018701115718536018 0.0 0.0 0.021211119462376127 1.4232207001241673e-14 0.0 0.0 5.8362169068640044e-08 0.000694979232206668 0.0 0.0 0.0637090225427429 0.048773698005397215 0.0 0.0 0.022358444191378307 0.00022998270724679766 0.0 0.0 0.0029245412524331825 2.774430641368823e-09 0.0 0.0 0.037312399309466705 0.008968664037272433 0.0 0.0 0.2036604901154184 0.06981149602393386 0.0 0.0 0.04940539813093681 0.0 0.026103884250154256 0.0 0.0 0.0 0.01612344538674318 0.0 0.0 0.0 1.3194652006943697e-07 0.0 0.0 0.0 0.004258622210549083 0.0 0.0 0.0 0.0 4.706474244535807e-07 0.0 0.0 0.0 4.7191708638692393e-07 0.0 0.0 0.0 2.0714907192640158e-08 0.0 0.0 0.0 4.787885142913696e-07 0.0 0.0010261256154423157 0.0 0.0 0.022673233800978118 4.7959299394000076e-09 0.0 0.0 0.010322969611164017 0.0009252953268280807 0.0 0.0 0.009113045779046385 0.002847766327422676 0.0 0.0 0.0005552681707735113 0.0047774237293563785 0.0 0.0 0.18218608703352554 1.6760492439080164e-07 0.0 0.0 0.18401269630804634 0.012361246042090308 0.0 0.0 0.1617525463615155 0.07196387162965051 0.0 0.0 0.02560387068503707 0.0 0.14175926699799102 0.0 0.0 0.0 0.08097191993357594 0.0 0.0 0.0 1.2690965322022954e-06 0.0 0.0 0.0 0.08900803898697184 0.0 0.0 0.0 0.0 0.043254104090015205 0.0 0.0 0.0 0.026346440201788626 0.0 0.0 0.0 0.002100160900948932 0.0 0.0 0.0 0.0246914531244546 0.0 0.0008828711111407736 0.0 0.0 0.025251319731306086 4.402760749300347e-09 0.0 0.0 0.003144187779650569 0.0023271438266396576 0.0 0.0 0.020048295086120813 0.03111451761115651 0.0 0.0 0.007089894874615575 0.0005656027215153717 0.0 0.0 0.02505406042491262 2.4235061010576498e-08 0.0 0.0 0.021074770712097048 0.005893747401091541 0.0 0.0 0.04855179204762718 0.047276322310372994 0.0 0.0 0.011279528716322778
0.0 0.0 0.0 0.0 0.0 0.001885406580151594 0.0 0.0 0.0 2.046418141115484e-08 0.0 0.0 0.0 0.002069578205716669 0.0 0.0 0.0 0.0 0.0 0.0 0.0 0.0 0.005143724468204729 0.0 0.0 0.0 0.09732710001832165 0.0 0.0 0.0 0.13565279862114796 0.0 0.0 0.0 0.0 0.0 7.11383838961466e-13 0.0 0.0 0.0007926310280772309 4.8259559730165225e-05 0.0 0.0 0.0018933625458081099 0.023736795007583314 0.0 0.0 0.04527333166697447 0.0 0.0 0.0 0.0 2.297160346932739e-08 0.0 0.0 0.07358394943205364 0.0016472637767571546 0.0 0.0 0.0618954625968056 0.01236189109827367 0.0 0.0 0.025122808842710027 0.0 4.807548840836352e-07 0.0 0.0 0.0 1.918988665553847e-07 0.0 0.0 0.0 5.230352276812462e-12 0.0 0.0 0.0 2.9613000945753885e-07 0.0 0.0 0.0 0.0 0.026198323394911655 0.0 0.0 0.0 0.04326750987015629 0.0 0.0 0.0 0.07835480123082002 0.0 0.0 0.0 0.08920664843939564 0.0 5.60485190072728e-09 0.0 0.0 0.0028299887863905936 2.867530086510713e-10 0.0 0.0 0.0005034769814297231 0.002271774157979544 0.0 0.0 0.08104467721338449 0.010043026423827544 0.0 0.0 0.002546672715656848 0.0019068452746651126 0.0 0.0 0.09117295790549974 1.6084198108419033e-07 0.0 0.0 0.11904012908241743 0.0077216060488887435 0.0 0.0 0.23763581374770706 0.1714668179556461 0.0 0.0 0.052359476258672516 0.0 0.00514356264469265 0.0 0.0 0.0 0.015512764701740319 0.0 0.0 0.0 3.17941129412361e-07 0.0 0.0 0.0 0.017346029834362092 0.0 0.0 0.0 0.0 9.387139169656415e-07 0.0 0.0 0.0 8.371500168506246e-08 0.0 0.0 0.0 1.4329775648859124e-07 0.0 0.0 0.0 3.156990802319964e-06 0.0 2.519411397646361e-05 0.0 0.0 0.0008821709935028625 1.2810490626952244e-07 0.0 0.0 0.07202578937775461 0.0016919798909661899 0.0 0.0 0.06780461250918902 0.03792301146591821 0.0 0.0 0.010268186309771686 0.0008607387945412871 0.0 0.0 0.0337902619797708 2.82037100053642e-07 0.0 0.0 0.23808388998670527 0.010506986809322293 0.0 0.0 0.4084303664364488 0.1758330533159283 0.0 0.0 0.12495236724682662 0.0 0.23297957970809763 0.0 0.0 0.0 0.24556282793883377 0.0 0.0 0.0 3.882680557904275e-06 0.0 0.0 0.0 0.12982127584848596 0.0 0.0 0.0 0.0 0.04554511770005604 0.0 0.0 0.0 0.0578548886800178 0.0 0.0 0.0 0.00669587297749166 0.0 0.0 0.0 0.03914130066100867 0.0 0.000404073263813716 0.0 0.0 0.008983624623347827 1.6179606413566842e-07 0.0 0.0 0.10339384348847144 0.0038223828532869754 0.0 0.0 0.02371551089092734 0.07952374801535635 0.0 0.0 0.044160559781086774 0.0007581481982011936 0.0 0.0 0.03695239442969174 2.233881286921091e-07 0.0 0.0 0.08162246159329632 0.008460502794765378 0.0 0.0 0.07941044952417381 0.09747922289344181 0.0 0.0 0.016902565204630658
0.0 0.003206323364972397 0.0 0.0 0.0 0.006968938551651602 0.0 0.0 0.0 3.1775131586634985e-08 0.0 0.0 0.0 0.006468581650688374 0.0 0.0 0.0 0.0 0.06316598242618043 0.0 0.0 0.0 0.04635742789666323 0.0 0.0 0.0 0.031011915615488342 0.0 0.0 0.0 0.05670745281532967 0.0 8.194048908432292e-06 0.0 0.0 0.00017185003495149198 5.0895232064731305e-08 0.0 0.0 0.05216681814992723 0.004052089783874988 0.0 0.0 0.02661539981723944 0.03554140834882106 0.0 0.0 0.009883373947909491 0.0012753025781874555 0.0 0.0 0.04492764182387812 1.5967908805621952e-07 0.0 0.0 0.23277248765867292 0.007653737197184498 0.0 0.0 0.08100721818051883 0.18498443191055508 0.0 0.0 0.04468063415793143 0.0 3.042737921373817e-07 0.0 0.0 0.0 2.1983257522957923e-07 0.0 0.0 0.0 4.4325451716329744e-12 0.0 0.0 0.0 2.490169587447779e-07 0.0 0.0 0.0 0.0 0.03017116880933327 0.0 0.0 0.0 0.0027941111987498874 0.0 0.0 0.0 0.030536318010665475 0.0 0.0 0.0 0.09539127139533733 0.0 4.9640029621052666e-05 0.0 0.0 0.0021844145725841537 2.544487295086126e-08 0.0 0.0 0.010251991498218928 0.004387615357101815 0.0 0.0 0.061025805774270504 0.004848037934468263 0.0 0.0 0.0014587642621608568 0.0020058963054631405 0.0 0.0 0.0783438702862846 1.9088161306954522e-07 0.0 0.0 0.13729385351340767 0.00884748524597167 0.0 0.0 0.2710537565311525 0.09196846632056242 0.0 0.0 0.03184379962466917 0.0 0.0353868097113043 0.0 0.0 0.0 0.00625630794345207 0.0 0.0 0.0 2.033569399665179e-07 0.0 0.0 0.0 0.0027754880839230317 0.0 0.0 0.0 0.0 1.5946429380012962e-07 0.0 0.0 0.0 1.1899354736671633e-07 0.0 0.0 0.0 1.1843119896243494e-07 0.0 0.0 0.0 1.9010815789169464e-08 0.0 0.00015126866861974472 0.0 0.0 0.03223460604765718 2.368261145205846e-08 0.0 0.0 0.006104281912973555 7.29873691704094e-09 0.0 0.0 0.004646502890253938 0.014910154122425204 0.0 0.0 0.003656779471127784 0.008030897252277324 0.0 0.0 0.33763233787180147 1.0326088036833988e-07 0.0 0.0 0.10039445848361352 0.012568221592194976 0.0 0.0 0.35863592735426947 0.03941727736254877 0.0 0.0 0.01441047813387831 0.0 0.15864934140359283 0.0 0.0 0.0 0.14566740308640705 0.0 0.0 0.0 1.8076335182012588e-07 0.0 0.0 0.0 0.13650803091783792 0.0 0.0 0.0 0.0 0.03510187432705671 0.0 0.0 0.0 0.03505463678433803 0.0 0.0 0.0 0.00015527203705300644 0.0 0.0 0.0 0.07847225011166413 0.0 0.004033771203426551 0.0 0.0 0.07435572554171935 1.331771206047228e-07 0.0 0.0 0.04356187151976609 0.006304712083465729 0.0 0.0 0.062317913368728564 0.024786065042971143 0.0 0.0 0.023932028334888347 0.001088905255940259 0.0 0.0 0.027451167007139916 8.610634009043201e-08 0.0 0.0 0.03881155597254441 0.000604940537088768 0.0 0.0 0.00578717739503104 0.05182092735146261 0.0 0.0 0.02274658107241103
0.0 0.006106519869627144 0.0 0.0 0.0 0.0026473120317604282 0.0 0.0 0.0 7.37443427451281e-08 0.0 0.0 0.0 0.002184577728638444 0.0 0.0 0.0 0.0 0.0632634531251361 0.0 0.0 0.0 0.10080201173765964 0.0 0.0 0.0 0.025212545288552542 0.0 0.0 0.0 0.06310717307775876 0.0 0.0010433935097332197 0.0 0.0 0.03132796576211515 3.016412249560173e-08 0.0 0.0 0.01815360291352529 0.0053433576680327 0.0 0.0 0.06958617491542361 0.008970935873154935 0.0 0.0 0.0029896348460715042 0.0023691492496678347 0.0 0.0 0.11798708337814746 9.131666563470728e-08 0.0 0.0 0.06347825591495558 0.009235808730314335 0.0 0.0 0.18675212617923667 0.08744471289321934 0.0 0.0 0.02038426965984612 0.0 1.713782025473021e-07 0.0 0.0 0.0 1.7733182114362092e-07 0.0 0.0 0.0 5.4103919427301946e-12 0.0 0.0 0.0 3.209929974707882e-07 0.0 0.0 0.0 0.0 0.02431902292147755 0.0 0.0 0.0 0.07261491640236448 0.0 0.0 0.0 0.030835039117897454 0.0 0.0 0.0 0.08846582642380392 0.0 8.345113219062589e-05 0.0 0.0 0.03601227980225854 3.9897459980536286e-08 0.0 0.0 0.06760390884608353 0.003476302985051169 0.0 0.0 0.038836642363577145 0.04558848324963011 0.0 0.0 0.029022160008011024 0.0011092154058152787 0.0 0.0 0.04952464180726895 1.5929910973860283e-07 0.0 0.0 0.11889462393332574 0.012563209416757513 0.0 0.0 0.21041889263720878 0.18094248689311299 0.0 0.0 0.06315959140556043 0.0 0.008805487716416682 0.0 0.0 0.0 0.017657463503665732 0.0 0.0 0.0 1.561079083983298e-08 0.0 0.0 0.0 0.008980597086726638 0.0 0.0 0.0 0.0 3.2838233188106245e-09 0.0 0.0 0.0 1.2759224869049196e-07 0.0 0.0 0.0 1.7068173319645312e-13 0.0 0.0 0.0 4.5056330336088654e-08 0.0 2.336055507492547e-09 0.0 0.0 0.0011399813478805353 2.282006431847484e-08 0.0 0.0 0.027490992157840455 0.0018204742440222235 0.0 0.0 0.024456438979739068 0.005998096645182773 0.0 0.0 0.0020138407909361788 0.0019595665889164423 0.0 0.0 0.09914374117412099 2.2502727173815393e-07 0.0 0.0 0.25098125542481153 0.0006686281319754172 0.0 0.0 0.010070703849039582 0.14304651310680833 0.0 0.0 0.06205847220844265 0.0 0.23747300426486062 0.0 0.0 0.0 0.19592985199829613 0.0 0.0 0.0 0.0 0.0 0.0 0.0 0.12536993321226317 0.0 0.0 0.0 0.0 0.04983261632174193 0.0 0.0 0.0 0.047206212551989306 0.0 0.0 0.0 0.0 0.0 0.0 0.0 0.039496549650490834 0.0 0.002936546300721798 0.0 0.0 0.10783750225686829 2.3210085873250352e-08 0.0 0.0 0.026494141162737912 0.0 0.0 0.0 0.0 0.04394202375666405 0.0 0.0 0.006879132243630791 0.0014371588512680539 0.0 0.0 0.044678301793393056 7.797365177432676e-08 0.0 0.0 0.06351604044487934 0.0 0.0 0.0 0.0 0.06671611142743186 0.0 0.0 0.013726336235421868
0.0 0.001499429053064891 0.0 0.0 0.0 0.0005898006418956178 0.0 0.0 0.0 1.0932022305178585e-07 0.0 0.0 0.0 0.0020339288327859153 0.0 0.0 0.0 0.0 0.0005733670844782583 0.0 0.0 0.0 0.027463220008833788 0.0 0.0 0.0 0.08753597640691069 0.0 0.0 0.0 0.041451256357146776 0.0 9.014452194511593e-16 0.0 0.0 1.756596993107626e-09 1.8637671818411465e-08 0.0 0.0 0.013007080334252567 0.0012477701600202263 0.0 0.0 0.012338662983378585 0.021710074732057046 0.0 0.0 0.006425394351261022 1.2806922162308783e-08 0.0 0.0 0.02797976499133598 6.16310971426701e-08 0.0 0.0 0.019044970131047445 0.010013815797310303 0.0 0.0 0.21944199794854818 0.05913658449888312 0.0 0.0 0.01950563968986206 0.0 1.2769107706657066e-07 0.0 0.0 0.0 1.4025619719513157e-07 0.0 0.0 0.0 5.3915023415478e-12 0.0 0.0 0.0 1.3118474974269655e-07 0.0 0.0 0.0 0.0 0.0018342127414681891 0.0 0.0 0.0 0.022860335705681672 0.0 0.0 0.0 0.03293191621839349 0.0 0.0 0.0 0.03758967981883393 0.0 0.00045759142839663585 0.0 0.0 0.013520818636378969 9.022707886664189e-13 0.0 0.0 0.04419924468061765 0.0015345148569547507 0.0 0.0 0.04457142754292129 0.011887116212996079 0.0 0.0 0.007075187718351967 0.0004579501242898222 0.0 0.0 0.0438344507631877 3.9061244266935955e-08 0.0 0.0 0.0832031187573529 0.013493771055773953 0.0 0.0 0.2680992786293553 0.026266239685143397 0.0 0.0 0.03739194814952162 0.0 0.01410154095755403 0.0 0.0 0.0 0.019533120823248158 0.0 0.0 0.0 1.5071246509187126e-07 0.0 0.0 0.0 0.008115283848266252 0.0 0.0 0.0 0.0 3.936326877872347e-08 0.0 0.0 0.0 9.858955346999614e-07 0.0 0.0 0.0 6.36763535712488e-08 0.0 0.0 0.0 8.741378338494227e-08 0.0 0.0014230107892511813 0.0 0.0 0.04071828268947224 5.6836437589991076e-08 0.0 0.0 0.031952695656406974 0.0019631412593884567 0.0 0.0 0.02580206173628132 0.008677399051428331 0.0 0.0 0.008554947902534391 0.0004892034729321849 0.0 0.0 0.15363595257431592 2.006234130631923e-07 0.0 0.0 0.24903869708895138 0.01345006553970174 0.0 0.0 0.22925769830740253 0.10060153318266271 0.0 0.0 0.05436620275572001 0.0 0.1301614977118203 0.0 0.0 0.0 0.07509308276303632 0.0 0.0 0.0 9.163114138078827e-07 0.0 0.0 0.0 0.14484360509900485 0.0 0.0 0.0 0.0 0.04864043294484761 0.0 0.0 0.0 0.07292135946746944 0.0 0.0 0.0 8.699471475092711e-08 0.0 0.0 0.0 0.03343106955777497 0.0 0.0004914692718610731 0.0 0.0 0.03357864540009891 6.749926606483674e-09 0.0 0.0 0.008132802751281828 0.00032758119091597283 0.0 0.0 0.006198750066956117 0.049812048457822417 0.0 0.0 0.013930789258676137 0.00021416410696758375 0.0 0.0 0.027334396103597974 1.559672274826708e-08 0.0 0.0 0.024168186825958157 0.0010589599238712024 0.0 0.0 0.02246628120452732 0.07200810606428222 0.0 0.0 0.016552714178830422
0.0 0.017538296632188127 0.0 0.0 0.0 0.005555080885584989 0.0 0.0 0.0 4.877419720215811e-08 0.0 0.0 0.0 0.004016169956453351 0.0 0.0 0.0 0.0 0.023696571342126115 0.0 0.0 0.0 0.1497601588715222 0.0 0.0 0.0 0.07789330301128757 0.0 0.0 0.0 0.06728778513758378 0.0 0.00034957774631370187 0.0 0.0 0.03061611644944464 5.162717757092894e-09 0.0 0.0 0.0029014764072521925 0.0008992994996204841 0.0 0.0 0.03823403068695188 0.005305572928503108 0.0 0.0 0.0030710996782122003 0.013709130064063248 0.0 0.0 0.29599776658188887 2.8593676209982663e-07 0.0 0.0 0.1759520192001823 0.0018132149057271364 0.0 0.0 0.1675906972342344 0.11887077247871738 0.0 0.0 0.040140761580545574 0.0 3.0740676161394523e-07 0.0 0.0 0.0 7.938298242066951e-07 0.0 0.0 0.0 4.342594635187607e-12 0.0 0.0 0.0 3.4187859687526024e-07 0.0 0.0 0.0 0.0 0.002846229255815232 0.0 0.0 0.0 0.04506683093190353 0.0 0.0 0.0 0.04141538782408312 0.0 0.0 0.0 0.029642850153077407 0.0 0.00013910794125325757 0.0 0.0 0.0028062721094619736 1.1767763615688164e-07 0.0 0.0 0.12809779524530954 0.002790546195895818 0.0 0.0 0.0885093128598498 0.005986661745959326 0.0 0.0 0.0012114950364406393 0.007048798643842686 0.0 0.0 0.1303745816988745 7.665935998969336e-07 0.0 0.0 0.3042180192417576 0.006787038156453445 0.0 0.0 0.24240517377539988 0.08723089356616219 0.0 0.0 0.06688148702777591 0.0 0.01869298953901799 0.0 0.0 0.0 0.008564204081609048 0.0 0.0 0.0 5.096672537041102e-07 0.0 0.0 0.0 0.023594420907527277 0.0 0.0 0.0 0.0 1.1852720860814486e-06 0.0 0.0 0.0 1.0876322510591892e-08 0.0 0.0 0.0 2.3772694032490126e-06 0.0 0.0 0.0 4.3300590673786915e-07 0.0 0.0008167523711385742 0.0 0.0 0.033838864391186114 2.1198503216060546e-08 0.0 0.0 0.034781326482375786 0.002664753729636419 0.0 0.0 0.04823106803629005 0.008781637676001455 0.0 0.0 0.0014607207241596992 0.0020783008496322235 0.0 0.0 0.18326406933695444 1.7450978514993508e-07 0.0 0.0 0.14760799225941665 0.033211541926768645 0.0 0.0 0.39327407289067884 0.19572367979363975 0.0 0.0 0.15234656670878974 0.0 0.2624968458369374 0.0 0.0 0.0 0.10618656572992392 0.0 0.0 0.0 3.4479779250780182e-06 0.0 0.0 0.0 0.11503363795163984 0.0 0.0 0.0 0.0 0.0494106700138356 0.0 0.0 0.0 0.04051190783788643 0.0 0.0 0.0 0.011264076504517382 0.0 0.0 0.0 0.04145791633797795 0.0 0.0010459616967136553 0.0 0.0 0.0684605015499346 9.603493684566e-08 0.0 0.0 0.047355978644460645 9.57173100132636e-09 0.0 0.0 5.737847710443764e-07 0.01732103649754787 0.0 0.0 0.004204826854450236 0.0010768910926304246 0.0 0.0 0.047155020977976164 3.179874551785423e-08 0.0 0.0 0.04463758171406203 0.0026857202095750695 0.0 0.0 0.1292614690074897 0.04450024280989512 0.0 0.0 0.01617450130850444
0.0 0.0 0.0 0.0 0.0 0.013407572821425875 0.0 0.0 0.0 2.7398264397834623e-08 0.0 0.0 0.0 0.005194091165949085 0.0 0.0 0.0 0.0 0.0 0.0 0.0 0.0 0.238713295806243 0.0 0.0 0.0 0.0527331335619732 0.0 0.0 0.0 0.2249367985907016 0.0 0.0 0.0 0.0 0.0 1.0595187917329108e-08 0.0 0.0 0.012145922684544064 0.00018596817830666368 0.0 0.0 0.0013382458296413964 0.010106353249329259 0.0 0.0 0.0019578492423828193 0.0 0.0 0.0 0.0 4.4037592971461055e-07 0.0 0.0 0.46761022584495054 0.006085474016850977 0.0 0.0 0.08603264464061958 0.3219484168252949 0.0 0.0 0.07015029663751916 0.0 1.1392398026654223e-06 0.0 0.0 0.0 3.1216083232780944e-07 0.0 0.0 0.0 6.47218906836575e-12 0.0 0.0 0.0 7.817053390963514e-09 0.0 0.0 0.0 0.0 0.015581138572865671 0.0 0.0 0.0 0.03673219693378209 0.0 0.0 0.0 0.02595006666973675 0.0 0.0 0.0 0.02905333811614516 0.0 0.0016648519358585952 0.0 0.0 0.09575245109220427 1.024432894114818e-07 0.0 0.0 0.0441076272485482 0.011045625316630336 0.0 0.0 0.20612728804542266 0.00303248925295275 0.0 0.0 0.0004151682484087138 0.0067867951093174474 0.0 0.0 0.3681319361354719 2.9776774390507955e-07 0.0 0.0 0.16311861948856446 0.011142725625540289 0.0 0.0 0.3312362688388226 0.014123027947318234 0.0 0.0 0.0021677998266737887 0.0 0.01211058365713339 0.0 0.0 0.0 0.00878745395815367 0.0 0.0 0.0 5.437400668163314e-08 0.0 0.0 0.0 0.016086225428146434 0.0 0.0 0.0 0.0 3.491184335742122e-08 0.0 0.0 0.0 2.5591372617585477e-12 0.0 0.0 0.0 1.3930570112352506e-08 0.0 0.0 0.0 3.293377066150063e-08 0.0 0.0013088763957944585 0.0 0.0 0.043788457949102265 3.6786504283698596e-08 0.0 0.0 0.01061430693317778 0.0007658202649462123 0.0 0.0 0.009194435679952782 0.009393008530572133 0.0 0.0 0.0036182716222301413 0.00231722204241494 0.0 0.0 0.08685031866936782 4.782922069416889e-07 0.0 0.0 0.17576504886160646 0.007758704015165697 0.0 0.0 0.07986463415246264 0.2805366524213502 0.0 0.0 0.08070045873234703 0.0 0.5042715050619816 0.0 0.0 0.0 0.08131736356394238 0.0 0.0 0.0 0.0 0.0 0.0 0.0 0.06932706099716629 0.0 0.0 0.0 0.0 0.010153176294683092 0.0 0.0 0.0 0.0748560035261871 0.0 0.0 0.0 0.0 0.0 0.0 0.0 0.005598205587445013 0.0 0.0049286702595748196 0.0 0.0 0.24906146644929872 1.6310109165304586e-13 0.0 0.0 0.00559820558836109 0.0 0.0 0.0 0.0 2.3846666097607674e-08 0.0 0.0 9.083998559051886e-09 0.0015952756426790954 0.0 0.0 0.10824286804571971 2.2527860436060496e-08 0.0 0.0 0.03339572962769413 0.0 0.0 0.0 0.0 0.015775957549606843 0.0 0.0 0.006882405352221317
0.0 0.005995367622642781 0.0 0.0 0.0 0.0 0.0 0.0 0.0 4.559802255270227e-08 0.0 0.0 0.0 0.007155192076539102 0.0 0.0 0.0 0.0 0.043658968805845216 0.0 0.0 0.0 0.0 0.0 0.0 0.0 0.04325208989842056 0.0 0.0 0.0 0.06657246097162167 0.0 1.0042186824578745e-08 0.0 0.0 0.02405487225356318 0.0 0.0 0.0 0.0 0.001538339205784404 0.0 0.0 0.03774066188143077 0.005941623950296817 0.0 0.0 0.005057464150457827 0.003956473952845125 0.0 0.0 0.06842938763979806 0.0 0.0 0.0 0.0 0.005182046306504918 0.0 0.0 0.09490566750593832 0.11834830173744047 0.0 0.0 0.05259134766818624 0.0 0.0 0.0 0.0 0.0 5.723185877997365e-07 0.0 0.0 0.0 3.4443003231744325e-12 0.0 0.0 0.0 1.5990091863703394e-07 0.0 0.0 0.0 0.0 0.0 0.0 0.0 0.0 0.06585967941440816 0.0 0.0 0.0 0.054377319428585154 0.0 0.0 0.0 0.09245611146134912 0.0 0.0 0.0 0.0 0.0 8.462949206096542e-08 0.0 0.0 0.08942849767606756 0.0005395556387095733 0.0 0.0 0.03662542609134914 0.0017183250722195209 0.0 0.0 0.007230511569390844 0.0 0.0 0.0 0.0 3.673087008370868e-07 0.0 0.0 0.3195198096826075 0.011873150224736152 0.0 0.0 0.1887747092469381 0.04757592433938727 0.0 0.0 0.0336378180528361 0.0 0.01863920411713368 0.0 0.0 0.0 0.006562473323797936 0.0 0.0 0.0 1.833849935460484e-07 0.0 0.0 0.0 0.009790075497751521 0.0 0.0 0.0 0.0 5.4087392035011484e-08 0.0 0.0 0.0 6.019857017973732e-08 0.0 0.0 0.0 8.938777396033613e-07 0.0 0.0 0.0 4.5176891991521817e-07 0.0 0.0003611209911259105 0.0 0.0 0.00426249253182727 1.0718482034626577e-12 0.0 0.0 7.153336365682548e-07 0.00270020582072037 0.0 0.0 0.05388365866368654 0.04817166389013318 0.0 0.0 0.015482157843476093 0.007214270747869956 0.0 0.0 0.18866547799997296 1.1417236893402053e-07 0.0 0.0 0.10300794720821543 0.012243529761629129 0.0 0.0 0.2598854592042136 0.13150165963787003 0.0 0.0 0.05072038191639143 0.0 0.10744800025693298 0.0 0.0 0.0 0.2061300646619567 0.0 0.0 0.0 1.2309461613342544e-06 0.0 0.0 0.0 0.20587554230315275 0.0 0.0 0.0 0.0 0.02797903430095553 0.0 0.0 0.0 0.06968266106425032 0.0 0.0 0.0 0.02723171187093249 0.0 0.0 0.0 0.0970660404115427 0.0 8.654982613244285e-05 0.0 0.0 0.025149117864201022 1.0732511789736775e-07 0.0 0.0 0.03301864508620042 0.0005754021683598874 0.0 0.0 0.035357709951596206 0.12842501151739938 0.0 0.0 0.028865160579791372 0.0005334254436971096 0.0 0.0 0.02142272270418244 5.8786199159449825e-08 0.0 0.0 0.056406163868478514 0.00033970719723224537 0.0 0.0 0.046065548103378776 0.059550618356261784 0.0 0.0 0.028074178020156743
0.0 0.006297614986375924 0.0 0.0 0.0 0.004767515938673043 0.0 0.0 0.0 1.364938618553232e-07 0.0 0.0 0.0 0.002527165004557174 0.0 0.0 0.0 0.0 0.12338787207571919 0.0 0.0 0.0 0.0924859292191073 0.0 0.0 0.0 0.11304606789526792 0.0 0.0 0.0 0.12461997968528354 0.0 0.0004065595014027869 0.0 0.0 0.09890433406791256 1.2404468823738797e-09 0.0 0.0 0.00040214268293969164 0.007550898828542634 0.0 0.0 0.09185166851125352 0.021302077933313922 0.0 0.0 0.003121740111728493 0.002559977429659506 0.0 0.0 0.09353837773489276 1.530754848065337e-07 0.0 0.0 0.1624200464801184 0.017596703959947658 0.0 0.0 0.4201439959030518 0.07519082279164477 0.0 0.0 0.033314003110242296 0.0 1.9115410914510714e-07 0.0 0.0 0.0 1.1411213766923655e-07 0.0 0.0 0.0 4.751755804874519e-12 0.0 0.0 0.0 5.56748340261899e-07 0.0 0.0 0.0 0.0 0.013394873462503168 0.0 0.0 0.0 0.10625704430103906 0.0 0.0 0.0 0.09162785768729892 0.0 0.0 0.0 0.06802497770823597 0.0 2.9776279908145485e-08 0.0 0.0 0.1034621755765983 1.2940928144091334e-13 0.0 0.0 0.007287886677050256 0.0028377395688968395 0.0 0.0 0.13075135919070394 0.015291984231850617 0.0 0.0 0.002878505654818128 0.0045289537122218835 0.0 0.0 0.07367061779586516 1.1773503010648698e-12 0.0 0.0 0.0815117963860439 0.008877028551494399 0.0 0.0 0.2860575922703944 0.1820677172704996 0.0 0.0 0.12184994134141046 0.0 0.03807208811610059 0.0 0.0 0.0 0.03362424444708581 0.0 0.0 0.0 6.263969076977051e-07 0.0 0.0 0.0 0.030857861890920445 0.0 0.0 0.0 0.0 1.0516901548215475e-07 0.0 0.0 0.0 2.3019588617973586e-06 0.0 0.0 0.0 1.1373358576582902e-07 0.0 0.0 0.0 3.0414628742285225e-06 0.0 8.624476525341573e-06 0.0 0.0 0.00022927022430935267 1.1483984056717694e-07 0.0 0.0 0.05513483920533512 0.006455305057900723 0.0 0.0 0.11999444975234257 0.024445917992644076 0.0 0.0 0.006132355655085749 0.0029363579480841183 0.0 0.0 0.2838482898619279 4.5330802127418525e-07 0.0 0.0 0.30135172919601044 0.05132652220440245 0.0 0.0 0.6024503487651711 0.33143394068829957 0.0 0.0 0.1922974067429087 0.0 0.3958457246098262 0.0 0.0 0.0 0.24091287866118058 0.0 0.0 0.0 4.799428815965032e-06 0.0 0.0 0.0 0.17598615766439135 0.0 0.0 0.0 0.0 0.12766308456952177 0.0 0.0 0.0 0.06376440519731923 0.0 0.0 0.0 0.007726837887830921 0.0 0.0 0.0 0.01021741365353732 0.0 0.001401059585010741 0.0 0.0 0.04825479351632967 7.605979669121853e-08 0.0 0.0 0.058932599711470045 0.0012145230167909663 0.0 0.0 0.012890626189734546 0.06460177133983028 0.0 0.0 0.01556996309096812 0.0020969057033395785 0.0 0.0 0.07492790360789747 6.349444185097678e-08 0.0 0.0 0.0915226069901393 0.006696099663038868 0.0 0.0 0.10150500813217364 0.0984153281161313 0.0 0.0 0.02532304909029689
0.0 0.0030041794270069568 0.0 0.0 0.0 0.004431860158657189 0.0 0.0 0.0 5.037877394592628e-08 0.0 0.0 0.0 0.0016925104002609049 0.0 0.0 0.0 0.0 0.015590114739320841 0.0 0.0 0.0 0.042526163807893216 0.0 0.0 0.0 0.02850129703561166 0.0 0.0 0.0 0.0035542451097437793 0.0 0.0009587033709564935 0.0 0.0 0.04052674224568745 3.648951125378081e-09 0.0 0.0 0.025801110276990995 0.0010077827538703798 0.0 0.0 0.012991540640962395 0.0025509537388165894 0.0 0.0 0.0006790581626990117 0.0012914317985186564 0.0 0.0 0.04740371972027491 1.8226714780296503e-07 0.0 0.0 0.10853216534330187 0.006549339155418832 0.0 0.0 0.132241475538305 0.0496687222959017 0.0 0.0 0.014371104493754902 0.0 3.2431394593883156e-07 0.0 0.0 0.0 1.0052487954662544e-06 0.0 0.0 0.0 3.724137414374934e-12 0.0 0.0 0.0 2.6867751900710914e-07 0.0 0.0 0.0 0.0 0.026222688789909628 0.0 0.0 0.0 0.0351525353326346 0.0 0.0 0.0 0.06401960864297805 0.0 0.0 0.0 0.07607157584115137 0.0 0.0001693117094202858 0.0 0.0 0.0021671802017598617 2.2985100988952887e-08 0.0 0.0 0.006959406576486455 0.004744296665811196 0.0 0.0 0.09161854837026864 0.04570179120695437 0.0 0.0 0.03807991846166256 0.00200497955495197 0.0 0.0 0.11446870383236607 9.138386844628529e-07 0.0 0.0 0.4292439783259478 0.009978018895614055 0.0 0.0 0.19222249842748826 0.0663126304160285 0.0 0.0 0.06390019220139172 0.0 0.012364657952446265 0.0 0.0 0.0 0.012553932387009779 0.0 0.0 0.0 2.2882851014035012e-07 0.0 0.0 0.0 0.012420325298517838 0.0 0.0 0.0 0.0 6.594024135315353e-08 0.0 0.0 0.0 1.0100064713217378e-07 0.0 0.0 0.0 1.139027987672663e-06 0.0 0.0 0.0 3.2315187530943832e-06 0.0 0.000594765140970845 0.0 0.0 0.020824890113689088 1.4207265035534648e-08 0.0 0.0 0.02336843327191519 0.0005875145567149787 0.0 0.0 0.01027078357438607 0.009118418291677038 0.0 0.0 0.002598893578409135 0.003555399578311059 0.0 0.0 0.10769340967669518 3.3435336169337084e-07 0.0 0.0 0.2178852644839202 0.009833028786526152 0.0 0.0 0.26937368203058243 0.12335479866764448 0.0 0.0 0.070054115248529 0.0 0.07480265899917034 0.0 0.0 0.0 0.18447961081221123 0.0 0.0 0.0 4.262521077091476e-06 0.0 0.0 0.0 0.14811402130223572 0.0 0.0 0.0 0.0 0.04270302536946262 0.0 0.0 0.0 0.11176167603628942 0.0 0.0 0.0 1.894016166162375e-07 0.0 0.0 0.0 0.011326359062271647 0.0 0.00027569437028027654 0.0 0.0 0.013386336217843077 1.9023623602344178e-08 0.0 0.0 0.007022727945782935 0.00302469090471718 0.0 0.0 0.03069248944615874 0.038838478160477835 0.0 0.0 0.012130676263644637 0.0002783148412894099 0.0 0.0 0.013587158604308022 1.0791984983821067e-07 0.0 0.0 0.05931882926812742 0.002132966837879426 0.0 0.0 0.07292029219031626 0.0630712030302632 0.0 0.0 0.016585638985814482
0.0 0.003441406919029692 0.0 0.0 0.0 0.0006348375096317947 0.0 0.0 0.0 1.19732900862398e-07 0.0 0.0 0.0 0.00106189490839674 0.0 0.0 0.0 0.0 0.007181311766769633 0.0 0.0 0.0 0.0018751197267157776 0.0 0.0 0.0 0.11519379143269079 0.0 0.0 0.0 0.04230874979628688 0.0 4.0953550874142197e-10 0.0 0.0 3.5232799779267414e-08 6.64579965265538e-09 0.0 0.0 0.002280122211558945 0.00042159524047483967 0.0 0.0 0.011966176301968685 0.015208421238951286 0.0 0.0 0.003063083271566987 0.0007089619396658357 0.0 0.0 0.08075098308549832 6.734274103722862e-08 0.0 0.0 0.025904079681319046 0.015287055778271674 0.0 0.0 0.31754475828018713 0.050772753354843145 0.0 0.0 0.010362029901019991 0.0 7.3988540689884e-08 0.0 0.0 0.0 1.7361538888036167e-07 0.0 0.0 0.0 3.2337645372004883e-12 0.0 0.0 0.0 1.832931422841881e-07 0.0 0.0 0.0 0.0 0.0006348375096317947 0.0 0.0 0.0 0.002662160494995661 0.0 0.0 0.0 0.035996567707699344 0.0 0.0 0.0 0.031764869069432045 0.0 5.657379235175482e-10 0.0 0.0 0.0018751191609778538 4.335983684084092e-09 0.0 0.0 0.002118456067240267 0.0016449622603054107 0.0 0.0 0.027492547266384414 0.017785521302036308 0.0 0.0 0.00392051836668167 7.584475405135994e-09 0.0 0.0 0.02818419430840259 1.350652093515889e-07 0.0 0.0 0.087301769774481 0.006612125686453893 0.0 0.0 0.20450189513581962 0.10136152732196599 0.0 0.0 0.029332779353339337 0.0 0.021668486502897058 0.0 0.0 0.0 0.014149030583819486 0.0 0.0 0.0 2.505285456356892e-07 0.0 0.0 0.0 0.006533633333315758 0.0 0.0 0.0 0.0 6.436343988439152e-08 0.0 0.0 0.0 1.8798542285382781e-07 0.0 0.0 0.0 7.777075658325186e-08 0.0 0.0 0.0 8.840043795219912e-08 0.0 0.0005849844574631981 0.0 0.0 0.04424058600924213 3.928831954498056e-08 0.0 0.0 0.041646137967268244 0.0018988001815854558 0.0 0.0 0.05536962043190751 0.004843528509064553 0.0 0.0 0.001821565291773568 0.003682220462837792 0.0 0.0 0.23676598938178248 1.6954742668399344e-07 0.0 0.0 0.25114676580540585 0.016278533710890844 0.0 0.0 0.32547774790727535 0.07465824451796697 0.0 0.0 0.03491987241850629 0.0 0.13478393663396968 0.0 0.0 0.0 0.0562743930729187 0.0 0.0 0.0 5.984114865494102e-08 0.0 0.0 0.0 0.11240450971370144 0.0 0.0 0.0 0.0 0.020512274165717194 0.0 0.0 0.0 0.05029966111821324 0.0 0.0 0.0 0.00010261458517607228 0.0 0.0 0.0 0.04908567137944973 0.0 4.964171569313602e-05 0.0 0.0 0.06465265881270267 6.861348627133333e-10 0.0 0.0 0.024052918821174062 0.0015284260790774115 0.0 0.0 0.027532271651057073 0.003561546992995843 0.0 0.0 0.0017819138867715399 0.00011243190648364102 0.0 0.0 0.025442921707563824 7.98869080172665e-09 0.0 0.0 0.022844183901699715 7.222424922834093e-05 0.0 0.0 0.0014586367120787008 0.03527135602391437 0.0 0.0 0.012754633827530878
0.0 0.008990940975465633 0.0 0.0 0.0 0.0008293266563524252 0.0 0.0 0.0 7.239569011649649e-08 0.0 0.0 0.0 0.005852825486784473 0.0 0.0 0.0 0.0 0.011168091406544744 0.0 0.0 0.0 0.004469841940913991 0.0 0.0 0.0 0.09518876184823526 0.0 0.0 0.0 0.02022184607695183 0.0 0.00041334071160061036 0.0 0.0 0.005090331435805635 3.125813691947046e-19 0.0 0.0 1.748747834518888e-08 0.0003903568327684682 0.0 0.0 0.030311134003127974 0.0007446387345102006 0.0 0.0 0.0038449945352210953 0.0088193511611997 0.0 0.0 0.15345074104766065 5.147568286155859e-13 0.0 0.0 0.03228737326239588 0.0049092152751620335 0.0 0.0 0.20747949377391478 0.01578317089236033 0.0 0.0 0.028725642969482865 0.0 2.7957502801669494e-08 0.0 0.0 0.0 2.4227921967576087e-07 0.0 0.0 0.0 8.062018554658978e-12 0.0 0.0 0.0 1.3313801398086826e-07 0.0 0.0 0.0 0.0 0.024432317612520082 0.0 0.0 0.0 0.00807586844044555 0.0 0.0 0.0 0.03128337312329962 0.0 0.0 0.0 0.008785648464128564 0.0 7.550047702295346e-10 0.0 0.0 0.0022855674736376006 1.4407225130337056e-08 0.0 0.0 0.011192117249573846 0.0009906911670408422 0.0 0.0 0.014929379493840832 0.0250048911203326 0.0 0.0 0.005464200885942847 3.2023179449290043e-09 0.0 0.0 0.010868642346672215 8.957596109897782e-08 0.0 0.0 0.13107790543819628 0.011912717479748454 0.0 0.0 0.2039897541615961 0.05245166445656173 0.0 0.0 0.021053139977986572 0.0 0.019586024628958178 0.0 0.0 0.0 0.010951359083418266 0.0 0.0 0.0 6.603781979490816e-07 0.0 0.0 0.0 0.0307958984553562 0.0 0.0 0.0 0.0 8.879601688876963e-07 0.0 0.0 0.0 2.0709823449982403e-06 0.0 0.0 0.0 3.270042714788765e-06 0.0 0.0 0.0 3.9025288008102443e-07 0.0 1.2685084428364496e-08 0.0 0.0 0.03342326701840211 1.4413432675137623e-08 0.0 0.0 0.008702016494583489 0.002542033289870178 0.0 0.0 0.08133809634111673 0.020292805368808974 0.0 0.0 0.01002691309948161 0.005203606029807018 0.0 0.0 0.20489211711116717 1.8677007084705832e-07 0.0 0.0 0.16827714899442675 0.033874139960621205 0.0 0.0 0.7091461056358982 0.14352753702915383 0.0 0.0 0.20880860861852885 0.0 0.10247154771071922 0.0 0.0 0.0 0.060796279621403444 0.0 0.0 0.0 5.886456158671592e-06 0.0 0.0 0.0 0.11531988849269538 0.0 0.0 0.0 0.0 0.00519351676127862 0.0 0.0 0.0 0.04731908118889394 0.0 0.0 0.0 0.029849753696530514 0.0 0.0 0.0 0.07622094261850071 0.0 0.0011902448604973223 0.0 0.0 0.02131868452574067 6.658459313065671e-08 0.0 0.0 0.054462629787158635 0.0007847578396421653 0.0 0.0 0.03417027580696397 0.007521699108212229 0.0 0.0 0.003705539266542486 4.660610878085358e-05 0.0 0.0 0.020125637423604927 3.1631000837544524e-08 0.0 0.0 0.025354707925227107 0.0059300307010772425 0.0 0.0 0.19236521093321532 0.039710483139810966 0.0 0.0 0.02062736280782613
0.0 0.005023082257601941 0.0 0.0 0.0 0.0016182712157878224 0.0 0.0 0.0 8.368923989807559e-08 0.0 0.0 0.0 0.0031272605644358893 0.0 0.0 0.0 0.0 0.057981472348502504 0.0 0.0 0.0 0.03487819816277117 0.0 0.0 0.0 0.11368549607245063 0.0 0.0 0.0 0.10576165386162831 0.0 0.0012925582950964326 0.0 0.0 0.024719021110555513 1.7056740086097808e-14 0.0 0.0 0.00026678594001425195 0.0004725856427842393 0.0 0.0 0.01068990168324546 0.04324591640077985 0.0 0.0 0.014662251569483946 0.0015364780272826123 0.0 0.0 0.11530855265683371 6.949651771201449e-08 0.0 0.0 0.06616725753282836 0.016234864808388826 0.0 0.0 0.27063939749563665 0.1703037961678746 0.0 0.0 0.040311256711564235 0.0 2.820903983819825e-07 0.0 0.0 0.0 2.0394522608649283e-07 0.0 0.0 0.0 1.0039263526939738e-12 0.0 0.0 0.0 8.722524961074757e-08 0.0 0.0 0.0 0.0 0.02810715823812184 0.0 0.0 0.0 0.058187292039303735 0.0 0.0 0.0 0.0317314559531724 0.0 0.0 0.0 0.0001758970178854856 0.0 7.541975820171747e-06 0.0 0.0 0.008489036581927022 7.80173407523007e-08 0.0 0.0 0.030697655682639394 0.00404717571286221 0.0 0.0 0.0750757661293109 0.006673305256124645 0.0 0.0 0.0007993388157095272 0.00030094216714964575 0.0 0.0 0.10033581541049824 2.4155076114421366e-07 0.0 0.0 0.11697569346060174 0.0012824150087429836 0.0 0.0 0.05941415777480152 0.05214456473253733 0.0 0.0 0.008827195184450914 0.0 0.028935784659157845 0.0 0.0 0.0 0.004588457016736253 0.0 0.0 0.0 1.257627902797975e-07 0.0 0.0 0.0 0.0035527344492812113 0.0 0.0 0.0 0.0 9.643665795172045e-08 0.0 0.0 0.0 5.548328469328962e-08 0.0 0.0 0.0 7.494608325269829e-08 0.0 0.0 0.0 3.807016618471421e-08 0.0 0.0009895294080825403 0.0 0.0 0.02754902440975407 2.199968538870409e-10 0.0 0.0 0.00023178314663629924 0.0014860441892396087 0.0 0.0 0.035569844407300134 0.06243756521532993 0.0 0.0 0.017252784404407983 0.0038640453829305445 0.0 0.0 0.2817634608632051 6.184694180990084e-08 0.0 0.0 0.06380003051836163 0.010719861697773852 0.0 0.0 0.22670560192464306 0.09885655715143715 0.0 0.0 0.02376148540525033 0.0 0.2783476714381945 0.0 0.0 0.0 0.10815148016214395 0.0 0.0 0.0 5.548315797819678e-08 0.0 0.0 0.0 0.09124406607642258 0.0 0.0 0.0 0.0 0.009260293618694461 0.0 0.0 0.0 0.024448257953986863 0.0 0.0 0.0 9.954842904113726e-05 0.0 0.0 0.0 0.062387099700965135 0.0 0.0006498976736272453 0.0 0.0 0.0692995856616313 2.098890566191041e-09 0.0 0.0 0.004362015948977329 0.0027240410056146385 0.0 0.0 0.030016091108457977 0.04092038332033594 0.0 0.0 0.01382448003611406 0.0011277047970763574 0.0 0.0 0.05303717620252175 6.060121850120936e-08 0.0 0.0 0.03458915381467678 0.00011011382255922365 0.0 0.0 0.0013603442671478077 0.022031123998100605 0.0 0.0 0.009764205679913008
0.0 0.0008100400428845348 0.0 0.0 0.0 0.001124863364492951 0.0 0.0 0.0 1.0081950401650679e-07 0.0 0.0 0.0 0.001241398654472454 0.0 0.0 0.0 0.0 0.08429869920917224 0.0 0.0 0.0 0.03153414033462773 0.0 0.0 0.0 0.09833162212061548 0.0 0.0 0.0 0.06936421851499858 0.0 4.651085689290067e-05 0.0 0.0 0.002956113706770721 2.478150650101618e-09 0.0 0.0 0.001057826580236542 1.9141668342717807e-05 0.0 0.0 0.07525981167677888 0.028962399116220453 0.0 0.0 0.00431706788877301 0.0003019673509068439 0.0 0.0 0.01869667913062708 1.4011517483997994e-08 0.0 0.0 0.037689826762477494 0.009394303241220177 0.0 0.0 0.2811383984283076 0.02970314356223124 0.0 0.0 0.00922511932631003 0.0 0.0 0.0 0.0 0.0 1.0567760692434738e-07 0.0 0.0 0.0 2.5096326594614546e-12 0.0 0.0 0.0 8.66377475195425e-08 0.0 0.0 0.0 0.0 0.0 0.0 0.0 0.0 0.0023670139468823215 0.0 0.0 0.0 0.01719699153057933 0.0 0.0 0.0 0.004384427415960646 0.0 0.0 0.0 0.0 0.0 9.446345281359836e-09 0.0 0.0 0.009044603875505137 0.0005991246532812186 0.0 0.0 0.04820483712452763 0.020428830404030762 0.0 0.0 0.007200355127122827 0.0 0.0 0.0 0.0 3.3636869803065975e-08 0.0 0.0 0.05999490694829339 0.00399655944991038 0.0 0.0 0.1442225078337004 0.05924263090413011 0.0 0.0 0.0158536798082624 0.0 0.02437142731796027 0.0 0.0 0.0 0.005669341028152801 0.0 0.0 0.0 2.8467938008465327e-07 0.0 0.0 0.0 0.011024702204751616 0.0 0.0 0.0 0.0 1.0512030143000365e-07 0.0 0.0 0.0 6.30484041229735e-08 0.0 0.0 0.0 1.1155816940470552e-07 0.0 0.0 0.0 2.405935266670253e-07 0.0 0.00016513338472506006 0.0 0.0 0.01106955593636877 9.578993131597415e-14 0.0 0.0 0.002934437800647245 0.0016593581941035285 0.0 0.0 0.034730843007416703 0.08412172372187174 0.0 0.0 0.01789994254920357 0.0006486558327269291 0.0 0.0 0.24937181653392915 7.014902477941285e-08 0.0 0.0 0.09850609827092953 0.021383725592476144 0.0 0.0 0.4420723916889744 0.18882993729951372 0.0 0.0 0.05515682128864704 0.0 0.25834721281856926 0.0 0.0 0.0 0.012981833805746013 0.0 0.0 0.0 1.348190078908884e-07 0.0 0.0 0.0 0.26165352283284393 0.0 0.0 0.0 0.0 0.0283200696426922 0.0 0.0 0.0 0.0430113372821575 0.0 0.0 0.0 0.03705226938506816 0.0 0.0 0.0 0.13954624153693904 0.0 0.0008590475854733094 0.0 0.0 0.0555624735923421 6.11974878099047e-08 0.0 0.0 0.04600333051438695 0.0037974037912019394 0.0 0.0 0.02537272319517521 0.06768826391727016 0.0 0.0 0.013631364464227615 0.001155087870628913 0.0 0.0 0.048492812913560085 1.3979974099121391e-09 0.0 0.0 0.005113446099478585 0.0002161386397086608 0.0 0.0 0.004968003701340979 0.060553024862540286 0.0 0.0 0.02818097063820177
0.0 0.0 0.0 0.0 0.0 0.005071576577208281 0.0 0.0 0.0 0.0 0.0 0.0 0.0 0.0024071238303965984 0.0 0.0 0.0 0.0 0.0 0.0 0.0 0.0 0.16552075852436915 0.0 0.0 0.0 0.0 0.0 0.0 0.0 0.010930803629135996 0.0 0.0 0.0 0.0 0.0 3.323422838200692e-09 0.0 0.0 0.009391269452578338 0.0 0.0 0.0 0.0 1.0233710729289935e-12 0.0 0.0 3.247900427391915e-13 0.0 0.0 0.0 0.0 2.3558443088225447e-08 0.0 0.0 0.20806502291885043 0.0 0.0 0.0 0.0 0.061714651815458904 0.0 0.0 0.021959584312378374 0.0 5.645993132152898e-07 0.0 0.0 0.0 3.037447862337145e-07 0.0 0.0 0.0 2.972211308487062e-11 0.0 0.0 0.0 7.851516512811872e-08 0.0 0.0 0.0 0.0 0.0062407589718127855 0.0 0.0 0.0 0.03671006864264771 0.0 0.0 0.0 0.11885603468751142 0.0 0.0 0.0 0.003486416829860346 0.0 0.0011081795097283068 0.0 0.0 0.04028892113392834 8.041198381190432e-08 0.0 0.0 0.03443371179886051 0.004955793505692112 0.0 0.0 0.13561009320587097 8.130473611648995e-13 0.0 0.0 3.0613146122419024e-13 0.003352121750079826 0.0 0.0 0.1430337812125736 1.332864580267817e-07 0.0 0.0 0.1713861110870588 0.06663345047239524 0.0 0.0 1.3716574909013741 0.0316561811630326 0.0 0.0 0.01336340528518174 0.0 0.010930803629135996 0.0 0.0 0.0 0.06421112821401423 0.0 0.0 0.0 9.51426061796745e-08 0.0 0.0 0.0 0.003150513804188392 0.0 0.0 0.0 0.0 1.3481611156681852e-12 0.0 0.0 0.0 9.516774156209506e-08 0.0 0.0 0.0 1.0712796767874229e-12 0.0 0.0 0.0 2.1672898719309532e-12 0.0 6.457044204363228e-05 0.0 0.0 0.002007809846843697 3.586471228730037e-08 0.0 0.0 0.0757179245783055 0.0016999032015189309 0.0 0.0 0.032302445337940126 0.006212421408732818 0.0 0.0 0.0008509240084857289 0.0023425533883529664 0.0 0.0 0.08166642628099358 7.032245345725092e-07 0.0 0.0 1.2667464849871033 0.005003393610338524 0.0 0.0 0.106512408089602 0.1593077725163231 0.0 0.0 0.024502695437538736 0.0 0.16552019392505588 0.0 0.0 0.0 0.09337083298032792 0.0 0.0 0.0 0.0 0.0 0.0 0.0 0.0 0.0 0.0 0.0 0.0 0.003150513804188392 0.0 0.0 0.0 0.002407202345561727 0.0 0.0 0.0 0.0 0.0 0.0 0.0 0.0 0.0 5.844015372696796e-14 0.0 0.0 2.108849718203985e-12 1.0900140466659175e-08 0.0 0.0 0.014417209558855875 0.0 0.0 0.0 0.0 0.0 0.0 0.0 0.0 0.0006112753173417068 0.0 0.0 0.024742344128682755 1.953169818986584e-08 0.0 0.0 0.035322970066492855 0.0 0.0 0.0 0.0 0.0 0.0 0.0 0.0
0.0 0.009055488170670483 0.0 0.0 0.0 0.004857925830841027 0.0 0.0 0.0 7.337956904013279e-08 0.0 0.0 0.0 0.0033368552743261452 0.0 0.0 0.0 0.0 0.07807924849925908 0.0 0.0 0.0 0.04102393912336236 0.0 0.0 0.0 0.07440024123540416 0.0 0.0 0.0 0.12573845791848717 0.0 4.183755347034042e-05 0.0 0.0 0.0016059633009066427 1.8100627693673818e-07 0.0 0.0 0.12918781706020874 0.000566793474274834 0.0 0.0 0.011874364704777667 0.021455684306256995 0.0 0.0 0.006113402518296323 0.0014138703494981282 0.0 0.0 0.1552474364404551 1.4128183404683482e-07 0.0 0.0 0.1521884547831566 0.007718763774006552 0.0 0.0 0.23269822251764744 0.13473750931840703 0.0 0.0 0.03587654974990604 0.0 3.972611965412954e-07 0.0 0.0 0.0 4.488218567174512e-07 0.0 0.0 0.0 2.7019225291151146e-12 0.0 0.0 0.0 2.435041999840047e-07 0.0 0.0 0.0 0.0 0.06826329433850611 0.0 0.0 0.0 0.07763693836678012 0.0 0.0 0.0 0.031003255335288724 0.0 0.0 0.0 0.030169856066202937 0.0 0.002074371504065425 0.0 0.0 0.09072629724599907 2.4466974021776405e-08 0.0 0.0 0.013863493200863823 0.0003308438633275835 0.0 0.0 0.005067025791745651 0.017855037701062074 0.0 0.0 0.01582667803725931 0.0026705097388440074 0.0 0.0 0.12261628161135857 3.889719196136658e-07 0.0 0.0 0.23575716525728538 0.01165263158013993 0.0 0.0 0.15648278035534605 0.17324020116202213 0.0 0.0 0.04925913522922326 0.0 0.01884816063045993 0.0 0.0 0.0 0.005271428725846204 0.0 0.0 0.0 1.3952038237145267e-07 0.0 0.0 0.0 0.007167809687894171 0.0 0.0 0.0 0.0 7.524466659174625e-08 0.0 0.0 0.0 4.174026586520123e-08 0.0 0.0 0.0 7.369876679465336e-08 0.0 0.0 0.0 7.925413505875546e-08 0.0 0.0005837063497409358 0.0 0.0 0.03973398576715442 1.977641821244576e-08 0.0 0.0 0.032136835337495416 0.001877927136848394 0.0 0.0 0.03460390371976203 0.003265551596839319 0.0 0.0 0.0007745204395440465 0.004494088014586462 0.0 0.0 0.18178382830765144 8.389419073954194e-08 0.0 0.0 0.08531351268291344 0.006269345336699461 0.0 0.0 0.20269245490180077 0.15148297567361735 0.0 0.0 0.04184560027651989 0.0 0.29133784071418584 0.0 0.0 0.0 0.22614855533673364 0.0 0.0 0.0 0.0 0.0 0.0 0.0 0.04338990862985328 0.0 0.0 0.0 0.0 0.024503425842036672 0.0 0.0 0.0 0.029129307761914705 0.0 0.0 0.0 0.0 0.0 0.0 0.0 0.00026208349232220116 0.0 0.004214261811008465 0.0 0.0 0.06834545405040524 6.98160432895294e-08 0.0 0.0 0.031332216477762985 0.0 0.0 0.0 0.0 0.03696163378081103 0.0 0.0 0.015316840795116375 0.0017576973341929306 0.0 0.0 0.059821701490980435 1.9364370921339588e-07 0.0 0.0 0.08155542343522586 0.0 0.0 0.0 0.0 0.021877711141756823 0.0 0.0 0.004913744317270162
0.0 0.007422490168044395 0.0 0.0 0.0 0.005396299216776042 0.0 0.0 0.0 2.30290419701023e-08 0.0 0.0 0.0 0.005939418895359622 0.0 0.0 0.0 0.0 0.0089010567499024 0.0 0.0 0.0 0.02318151484944447 0.0 0.0 0.0 0.04101184657713945 0.0 0.0 0.0 0.028688610778235934 0.0 0.0022720161007154676 0.0 0.0 0.03176198927923599 3.9503258284269897e-13 0.0 0.0 0.014783666295397815 0.0005241903120009264 0.0 0.0 0.04049891370738402 0.020858552301255325 0.0 0.0 0.005467572041515838 0.0036740855551705546 0.0 0.0 0.11723595088099316 1.43816734940536e-07 0.0 0.0 0.0936524468085013 0.001723437301652145 0.0 0.0 0.053255660060031074 0.13639439144376336 0.0 0.0 0.042426078767556746 0.0 2.740500753803711e-07 0.0 0.0 0.0 8.560501844613723e-08 0.0 0.0 0.0 4.768949464065779e-12 0.0 0.0 0.0 1.6020219329658486e-07 0.0 0.0 0.0 0.0 0.04628684144325776 0.0 0.0 0.0 0.0036061091648102376 0.0 0.0 0.0 0.08523275611940877 0.0 0.0 0.0 0.08517645045525946 0.0 1.586466680937002e-05 0.0 0.0 0.0032585296448102543 1.1758299194787992e-08 0.0 0.0 0.004028002065156764 0.0033285474095961862 0.0 0.0 0.045859322739748125 0.02156497831052596 0.0 0.0 0.0208736790509765 0.0019408799319967224 0.0 0.0 0.08551168125030013 7.575684223575024e-08 0.0 0.0 0.060872751143497925 0.010599918678372747 0.0 0.0 0.19751463251622922 0.07624438560014157 0.0 0.0 0.03591497060858992 0.0 0.014273383284263402 0.0 0.0 0.0 0.008250091928969836 0.0 0.0 0.0 1.3430896883329466e-07 0.0 0.0 0.0 0.008773239459247816 0.0 0.0 0.0 0.0 8.542189211574983e-08 0.0 0.0 0.0 3.4271598677594945e-07 0.0 0.0 0.0 5.154594590657055e-07 0.0 0.0 0.0 1.0638741772941329e-07 0.0 0.002711521062582138 0.0 0.0 0.037821856704560335 6.166758738989998e-09 0.0 0.0 0.028211532539203877 0.0021948416987286772 0.0 0.0 0.060878885224612454 0.00899243930944768 0.0 0.0 0.010565722046535959 0.005505931630811749 0.0 0.0 0.11095481062995226 1.8734590141357247e-07 0.0 0.0 0.16905894578405384 0.00941584000742441 0.0 0.0 0.13303088978168096 0.11129029806606183 0.0 0.0 0.06589930121216331 0.0 0.08008688145233908 0.0 0.0 0.0 0.20270006083474856 0.0 0.0 0.0 9.387639552047977e-07 0.0 0.0 0.0 0.22197291883711118 0.0 0.0 0.0 0.0 0.06097891642284815 0.0 0.0 0.0 0.06387219256485724 0.0 0.0 0.0 0.030023359607859183 0.0 0.0 0.0 0.08181126879834728 0.0 0.002400518617176163 0.0 0.0 0.04589397506347183 1.686743159490617e-08 0.0 0.0 0.009104135198122705 0.004333935386422822 0.0 0.0 0.07418273494694065 0.03879239226884392 0.0 0.0 0.020968728070850717 0.00023741374395986389 0.0 0.0 0.015923401181079325 7.814843629450285e-08 0.0 0.0 0.06685869385452743 0.0006980814015344171 0.0 0.0 0.02777502088053732 0.09062336258811433 0.0 0.0 0.02538057789210624
0.0 0.00908179092644019 0.0 0.0 0.0 0.006431486225837948 0.0 0.0 0.0 2.4117773845352965e-08 0.0 0.0 0.0 0.005227003346833933 0.0 0.0 0.0 0.0 0.004548746434111905 0.0 0.0 0.0 0.05069225174849985 0.0 0.0 0.0 0.011574511668623404 0.0 0.0 0.0 0.052325244203905504 0.0 0.00102433433302022 0.0 0.0 0.023222789354740345 1.2667875204627025e-08 0.0 0.0 0.007548204266052933 0.0019040044972735443 0.0 0.0 0.03513396822677621 0.020903413126544094 0.0 0.0 0.007182937988371997 0.004902845877393775 0.0 0.0 0.1065873733424267 2.2906530002192296e-07 0.0 0.0 0.1593796364286338 0.0018627012331560169 0.0 0.0 0.06155070045749683 0.09654450655654642 0.0 0.0 0.041868715179997754 0.0 2.6453251857506504e-07 0.0 0.0 0.0 6.011857522535717e-07 0.0 0.0 0.0 6.7170766635738816e-12 0.0 0.0 0.0 3.2254065065526114e-07 0.0 0.0 0.0 0.0 0.05656771647347132 0.0 0.0 0.0 0.10581360103028013 0.0 0.0 0.0 0.060403183019256845 0.0 0.0 0.0 0.006165812178546409 0.0 0.004023545291954339 0.0 0.0 0.08471660561511049 5.589577291362559e-08 0.0 0.0 0.06379499481598626 0.0018831492427648852 0.0 0.0 0.036974640357318816 0.052991500870668486 0.0 0.0 0.013444078997562187 0.003807638908741776 0.0 0.0 0.0749360495804032 6.075199002386735e-07 0.0 0.0 0.31583575042374085 0.01569903051158925 0.0 0.0 0.18377575739861943 0.14054891735567415 0.0 0.0 0.048243158526131126 0.0 0.002947560915790155 0.0 0.0 0.0 0.0074980887852507 0.0 0.0 0.0 4.190137275790281e-08 0.0 0.0 0.0 0.0177785067774435 0.0 0.0 0.0 0.0 4.843024395053589e-09 0.0 0.0 0.0 2.430034310524384e-12 0.0 0.0 0.0 9.850173512183058e-09 0.0 0.0 0.0 1.5414277451967701e-06 0.0 2.253485285602736e-14 0.0 0.0 1.4183390025017235e-13 4.342023365311532e-09 0.0 0.0 0.021620581040675123 0.002324128375424233 0.0 0.0 0.027362921015848567 0.01908363306430924 0.0 0.0 0.006080545578042239 0.004269128398588056 0.0 0.0 0.030125275909466308 1.5438781687060822e-07 0.0 0.0 0.12024905170993705 0.0024738571923187723 0.0 0.0 0.042522981798928716 0.13670433679157507 0.0 0.0 0.08174522683011774 0.0 0.09893966969428959 0.0 0.0 0.0 0.2150201365047138 0.0 0.0 0.0 1.490097509458398e-06 0.0 0.0 0.0 0.24025983815169982 0.0 0.0 0.0 0.0 0.030207448972472403 0.0 0.0 0.0 0.1013227183059284 0.0 0.0 0.0 0.004494108878433387 0.0 0.0 0.0 0.12724134192253575 0.0 0.0023959331567302263 0.0 0.0 0.11275874576248372 1.149793189126714e-08 0.0 0.0 0.017495323927990886 2.1281841631682903e-13 0.0 0.0 2.8115886076897607e-12 0.04015701504868159 0.0 0.0 0.011222633499836678 0.0003168679642799146 0.0 0.0 0.016775124918977133 1.1288901805452536e-07 0.0 0.0 0.0769233676117831 0.0020773273271175933 0.0 0.0 0.03076904376094844 0.07228796347944044 0.0 0.0 0.03161878883627169
0.0 0.005394849829339275 0.0 0.0 0.0 0.007059432553528189 0.0 0.0 0.0 9.174668237669652e-08 0.0 0.0 0.0 0.003513890531777893 0.0 0.0 0.0 0.0 0.02172570096782786 0.0 0.0 0.0 0.05096414729185231 0.0 0.0 0.0 0.09438862863158565 0.0 0.0 0.0 0.14946158717190797 0.0 8.397129686443424e-09 0.0 0.0 0.015963980475518724 1.3797034510925337e-08 0.0 0.0 0.0033755418668616893 8.081012469627293e-05 0.0 0.0 0.026602224514206477 0.02271111672250262 0.0 0.0 0.01760319603428457 0.0024850740372422985 0.0 0.0 0.10034728484059625 2.046500018550101e-07 0.0 0.0 0.13315652457092686 0.003336652743513409 0.0 0.0 0.11878642315207259 0.11032851346726076 0.0 0.0 0.036854459350125685 0.0 1.5856146301495235e-07 0.0 0.0 0.0 1.4057562045486304e-07 0.0 0.0 0.0 4.397962252300584e-12 0.0 0.0 0.0 1.8055056477692926e-07 0.0 0.0 0.0 0.0 0.00013140202776355727 0.0 0.0 0.0 0.03933266450464383 0.0 0.0 0.0 0.11923101721584839 0.0 0.0 0.0 0.11486949987340278 0.0 0.001676758575193979 0.0 0.0 0.03964525840424105 1.6693371787467137e-08 0.0 0.0 0.005719734422825403 0.0052074560436705655 0.0 0.0 0.06799311024973653 0.056634647306982394 0.0 0.0 0.037210144414519565 0.0009178369704648047 0.0 0.0 0.054906517825976275 1.0755292071973369e-07 0.0 0.0 0.10086423479827189 0.010823732819614679 0.0 0.0 0.23449537930969416 0.08836281672527982 0.0 0.0 0.04339547440711028 0.0 0.022214836581467976 0.0 0.0 0.0 0.009885117295475004 0.0 0.0 0.0 2.688542869369013e-07 0.0 0.0 0.0 0.01830938699231899 0.0 0.0 0.0 0.0 4.8176767241133886e-08 0.0 0.0 0.0 5.617527975990604e-08 0.0 0.0 0.0 7.603958522314826e-07 0.0 0.0 0.0 3.922452575654728e-07 0.0 0.0009913692719980124 0.0 0.0 0.027713973929286886 3.760497851301036e-14 0.0 0.0 0.0013609724120387404 0.006690259635403257 0.0 0.0 0.14917755645522854 0.012163874319149417 0.0 0.0 0.0156408486944957 0.007804129370385727 0.0 0.0 0.18447047358285096 5.818303769500539e-08 0.0 0.0 0.18330966066433668 0.018971112354022265 0.0 0.0 0.3115497041307203 0.17266010115008296 0.0 0.0 0.1216981598765548 0.0 0.2982737822523561 0.0 0.0 0.0 0.25661989319703493 0.0 0.0 0.0 8.96387789522145e-07 0.0 0.0 0.0 0.21730617706342784 0.0 0.0 0.0 0.0 0.06998118574171082 0.0 0.0 0.0 0.1237902581387654 0.0 0.0 0.0 0.00011844847435186776 0.0 0.0 0.0 0.04649526727168708 0.0 0.002376691122344064 0.0 0.0 0.07560843114370941 2.6976391971818246e-08 0.0 0.0 0.0207089288148241 0.004854638843535618 0.0 0.0 0.06458492685847099 0.1213113389421865 0.0 0.0 0.02488458089853199 0.0006553106654275513 0.0 0.0 0.03949426089996552 5.183925006405862e-08 0.0 0.0 0.08527050285924728 0.000444947159092842 0.0 0.0 0.02727407464186185 0.14668836658279344 0.0 0.0 0.026981863431989394
0.0 0.010172516784776217 0.0 0.0 0.0 0.01164228936126339 0.0 0.0 0.0 1.0736562758865367e-08 0.0 0.0 0.0 0.004542146965921772 0.0 0.0 0.0 0.0 0.10110313869357138 0.0 0.0 0.0 0.11308765585894845 0.0 0.0 0.0 0.0035926451039498923 0.0 0.0 0.0 0.1310776440165017 0.0 0.0033283065851706915 0.0 0.0 0.06501454913937446 7.583821943774221e-08 0.0 0.0 0.10098225459459736 8.083766712826685e-14 0.0 0.0 5.410099841690062e-13 0.004693299674712757 0.0 0.0 0.0013993893730213016 0.006699641916187349 0.0 0.0 0.1526714867100813 3.2512501067961287e-07 0.0 0.0 0.35541249607195174 0.005272531467211138 0.0 0.0 0.03956190409582027 0.1470791074914088 0.0 0.0 0.050198052307595165 0.0 4.085684454124896e-07 0.0 0.0 0.0 3.0542114165406587e-07 0.0 0.0 0.0 4.587395937118554e-12 0.0 0.0 0.0 2.4479666079702214e-07 0.0 0.0 0.0 0.0 0.030112846094643028 0.0 0.0 0.0 0.012986046797814328 0.0 0.0 0.0 0.06419762356103799 0.0 0.0 0.0 0.1030437208622304 0.0 6.283885707003136e-05 0.0 0.0 0.002923179987674569 2.772680647892739e-08 0.0 0.0 0.042092968228364794 0.005462270223357404 0.0 0.0 0.10042223314634814 0.02363281740627037 0.0 0.0 0.018552721197776772 0.002383382454472667 0.0 0.0 0.1097986182501921 2.144133921355306e-07 0.0 0.0 0.18705589443331017 0.010240695621697979 0.0 0.0 0.25552100008046447 0.18868061466157562 0.0 0.0 0.05350661230881346 0.0 0.04240193063206687 0.0 0.0 0.0 0.005128191173969023 0.0 0.0 0.0 3.2770045705764315e-07 0.0 0.0 0.0 0.0006582591327559564 0.0 0.0 0.0 0.0 9.974549112783438e-08 0.0 0.0 0.0 5.523009080529743e-08 0.0 0.0 0.0 2.5801699957846267e-07 0.0 0.0 0.0 6.993092214309893e-13 0.0 0.0001566643861016984 0.0 0.0 0.004567208526733804 3.955094828365277e-14 0.0 0.0 2.5673648721247816e-08 0.0022474986995438136 0.0 0.0 0.03929039258653378 0.017723763997006932 0.0 0.0 0.013468742152254545 0.010712925828909719 0.0 0.0 0.3295779021140241 2.5377239932523836e-07 0.0 0.0 0.09172565695818444 0.024965691567575617 0.0 0.0 0.5630480196830472 0.008950519190120283 0.0 0.0 0.00762580693132888 0.0 0.296286227687683 0.0 0.0 0.0 0.1964349860820197 0.0 0.0 0.0 0.0 0.0 0.0 0.0 0.11460927690027865 0.0 0.0 0.0 0.0 0.044201790672012346 0.0 0.0 0.0 0.06707533860018434 0.0 0.0 0.0 0.0 0.0 0.0 0.0 0.008532798523420508 0.0 0.0009914698130130742 0.0 0.0 0.037849241253155995 4.2379378718181925e-08 0.0 0.0 0.019307280027617044 0.0 0.0 0.0 0.0 0.15031684727671618 0.0 0.0 0.03418928265297092 0.0020217340075989122 0.0 0.0 0.05449335920403007 8.21384861423199e-08 0.0 0.0 0.05617191060147557 0.0 0.0 0.0 0.0 0.06625352097217037 0.0 0.0 0.01351500490777079
0.0 0.0032212020780612973 0.0 0.0 0.0 0.007440214562401773 0.0 0.0 0.0 5.6072570368660255e-08 0.0 0.0 0.0 0.0033792067507332473 0.0 0.0 0.0 0.0 0.008587586818789447 0.0 0.0 0.0 0.05848269568201561 0.0 0.0 0.0 0.023178609151869038 0.0 0.0 0.0 0.1134456408381999 0.0 0.0005977917296819819 0.0 0.0 0.018874199209263684 4.8200033606289455e-09 0.0 0.0 0.0028535311320912974 7.391188419883092e-05 0.0 0.0 0.027247578442329792 0.01661981740583738 0.0 0.0 0.00504751882156032 0.0012362133831483645 0.0 0.0 0.06580533303211823 2.4736041573851716e-07 0.0 0.0 0.17702912207072977 0.0035830973947130907 0.0 0.0 0.1425613995564449 0.07724877974818806 0.0 0.0 0.030064852063138622 0.0 3.0794278161056974e-07 0.0 0.0 0.0 1.9170928921250066e-07 0.0 0.0 0.0 1.0854881639814421e-11 0.0 0.0 0.0 2.06652841625665e-07 0.0 0.0 0.0 0.0 0.0011806083820483516 0.0 0.0 0.0 0.03850229080046641 0.0 0.0 0.0 0.09608818367931081 0.0 0.0 0.0 0.10106993884598207 0.0 4.341027502452106e-05 0.0 0.0 0.0015800939225513338 3.6004991497983035e-08 0.0 0.0 0.08055356371341561 0.004723488233093489 0.0 0.0 0.06011525481752779 0.06551876630961391 0.0 0.0 0.019837284758585504 0.0011371570271744454 0.0 0.0 0.09438074870148273 1.8559465870195393e-07 0.0 0.0 0.12674954780483608 0.02944592691781477 0.0 0.0 0.3995611038477763 0.15584344459506655 0.0 0.0 0.0510196638421624 0.0 0.031058893645067528 0.0 0.0 0.0 0.014081594807303137 0.0 0.0 0.0 3.0477047850224436e-07 0.0 0.0 0.0 0.02266438668120826 0.0 0.0 0.0 0.0 4.0272140040821214e-08 0.0 0.0 0.0 3.5113740745518358e-06 0.0 0.0 0.0 2.2804069587931636e-08 0.0 0.0 0.0 1.8495151092663657e-06 0.0 0.001027320921486004 0.0 0.0 0.03117603261007753 4.626328470448663e-09 0.0 0.0 0.02269469199531066 0.002332549965494333 0.0 0.0 0.04887454807350562 0.021073057339772064 0.0 0.0 0.012686857567558496 0.0074842375801682706 0.0 0.0 0.22422045372424967 1.1263521398005588e-07 0.0 0.0 0.30734822644048976 0.019675611757964645 0.0 0.0 0.22408394138167634 0.1028516103396142 0.0 0.0 0.13568921730992675 0.0 0.17806362303831189 0.0 0.0 0.0 0.20659075570725186 0.0 0.0 0.0 5.0631114896944115e-06 0.0 0.0 0.0 0.25931233579193735 0.0 0.0 0.0 0.0 0.06717907171618495 0.0 0.0 0.0 0.1244000801193631 0.0 0.0 0.0 0.02059824746428375 0.0 0.0 0.0 0.0731787365768887 0.0 0.0022940653226923204 0.0 0.0 0.0632953722437905 9.647035336523755e-09 0.0 0.0 0.04786865772242043 2.9608894848313004e-05 0.0 0.0 0.0005774628524236038 0.10430402454353621 0.0 0.0 0.06932696454943321 0.0011900125000374817 0.0 0.0 0.03210599705770339 4.4075301919082644e-08 0.0 0.0 0.06359092085841099 0.007940984855929952 0.0 0.0 0.11833212219761918 0.10051227736736239 0.0 0.0 0.03246078180275172
0.0 0.023646250948659128 0.0 0.0 0.0 0.011246160228306433 0.0 0.0 0.0 8.249107416431703e-08 0.0 0.0 0.0 0.007128654988359495 0.0 0.0 0.0 0.0 0.11225542816592754 0.0 0.0 0.0 0.005015634836110232 0.0 0.0 0.0 0.02617845469973304 0.0 0.0 0.0 0.0580155240942571 0.0 0.00437710373608288 0.0 0.0 0.06802190945008922 1.7899363344408382e-07 0.0 0.0 0.07411593410634908 0.00202319293297152 0.0 0.0 0.03601675757760724 0.0019083946462366901 0.0 0.0 0.029025814495414307 0.009137529668552823 0.0 0.0 0.28226345409840514 3.0922443942846746e-07 0.0 0.0 0.12377964378304 0.008248724980532156 0.0 0.0 0.21307660221392008 0.04815215367632439 0.0 0.0 0.10562029613326644 0.0 3.298476444552978e-07 0.0 0.0 0.0 2.385737546149967e-07 0.0 0.0 0.0 4.755513949575424e-13 0.0 0.0 0.0 3.405983195551302e-07 0.0 0.0 0.0 0.0 0.022986548592237813 0.0 0.0 0.0 0.05644381921076817 0.0 0.0 0.0 0.045967967232549346 0.0 0.0 0.0 0.009216187340925826 0.0 0.00023383877194125337 0.0 0.0 0.0036219805990464955 1.417734447605327e-08 0.0 0.0 0.007182206705022619 0.00011095794584665119 0.0 0.0 0.02872617359009401 0.017910194504471243 0.0 0.0 0.010488349790638259 0.008526579120805238 0.0 0.0 0.10740263051624382 3.3613346615281857e-07 0.0 0.0 0.1505312463715226 0.004880299883186127 0.0 0.0 0.027393531933787654 0.023177639791299953 0.0 0.0 0.08197919542226426 0.0 0.03238997450839231 0.0 0.0 0.0 0.0 0.0 0.0 0.0 1.4873370436902502e-07 0.0 0.0 0.0 0.01707796284030939 0.0 0.0 0.0 0.0 1.7490052926841574e-06 0.0 0.0 0.0 0.0 0.0 0.0 0.0 9.252813145886787e-07 0.0 0.0 0.0 8.71180420653916e-06 0.0 0.0016801988491416586 0.0 0.0 0.030827880768756307 0.0 0.0 0.0 0.0 0.00014845354631926616 0.0 0.0 0.008788340550724404 0.012872340251828016 0.0 0.0 0.0037211594950422987 0.013760038215258001 0.0 0.0 0.20688397354899724 0.0 0.0 0.0 0.0 0.008779824181088823 0.0 0.0 0.232133145740707 0.1791932345014315 0.0 0.0 0.10836338286500023 0.0 0.1385866977720818 0.0 0.0 0.0 0.12336812357442012 0.0 0.0 0.0 1.1154865755738052e-05 0.0 0.0 0.0 0.07260906245460412 0.0 0.0 0.0 0.0 0.07492745618246927 0.0 0.0 0.0 0.006814262037526581 0.0 0.0 0.0 0.009290025929250895 0.0 0.0 0.0 0.005784276732345825 0.0 0.0003867805812688453 0.0 0.0 0.035572638661062146 5.141197324397388e-12 0.0 0.0 1.2878076830065903e-06 0.003378415577659097 0.0 0.0 0.028140574560219688 0.004449677771135011 0.0 0.0 0.0010953250075662997 0.0028103128410938995 0.0 0.0 0.03325992885786224 7.048616947807212e-08 0.0 0.0 0.0482811403989585 0.02248392246714616 0.0 0.0 0.18654674463382687 0.04691140352413498 0.0 0.0 0.011922161958132844
0.0 0.0 0.0 0.0 0.0 0.002278249683073953 0.0 0.0 0.0 9.156641661993896e-08 0.0 0.0 0.0 0.00980129533284042 0.0 0.0 0.0 0.0 0.0 0.0 0.0 0.0 0.06466191961841285 0.0 0.0 0.0 0.14187697448404898 0.0 0.0 0.0 0.2048951019040328 0.0 0.0 0.0 0.0 0.0 5.08091856966482e-14 0.0 0.0 0.0007524965776089223 0.005035717833453469 0.0 0.0 0.07176168593242493 1.6577259375276135e-07 0.0 0.0 0.00047278296771333334 0.0 0.0 0.0 0.0 5.583883175989844e-08 0.0 0.0 0.07553756255829201 0.012538051178966694 0.0 0.0 0.15073490374140996 0.25036899616427033 0.0 0.0 0.10738279496363022 0.0 0.0 0.0 0.0 0.0 0.0 0.0 0.0 0.0 1.072715506645469e-11 0.0 0.0 0.0 1.684456069155563e-08 0.0 0.0 0.0 0.0 0.0 0.0 0.0 0.0 0.0 0.0 0.0 0.0 0.01797429142077534 0.0 0.0 0.0 0.04870717345728799 0.0 0.0 0.0 0.0 0.0 0.0 0.0 0.0 0.0 0.0009289186469681695 0.0 0.0 0.05796615309105011 0.0825775881643186 0.0 0.0 0.016774145103791046 0.0 0.0 0.0 0.0 0.0 0.0 0.0 0.0 0.016260751056210897 0.0 0.0 0.3843041666951692 0.03864282371302455 0.0 0.0 0.004271965085377443 0.0 0.04717751920268705 0.0 0.0 0.0 0.01703246408292307 0.0 0.0 0.0 1.265178459191285e-07 0.0 0.0 0.0 0.019155119273553484 0.0 0.0 0.0 0.0 2.1032602835871792e-07 0.0 0.0 0.0 1.9495399872123423e-06 0.0 0.0 0.0 1.0846450672209528e-06 0.0 0.0 0.0 5.857869539056663e-08 0.0 0.000694109594619483 0.0 0.0 0.06821700236937747 7.415581174369355e-13 0.0 0.0 0.027587582647616234 0.0029736187302523342 0.0 0.0 0.03599881769173783 0.019728557850136493 0.0 0.0 0.020960521762253766 0.008278679750830869 0.0 0.0 0.3053233315852674 9.226003127393084e-12 0.0 0.0 0.33732542845622654 0.036386920654329906 0.0 0.0 0.2111000003133073 0.11012382706981455 0.0 0.0 0.11649248401808687 0.0 0.3642564768038076 0.0 0.0 0.0 0.048707173457287985 0.0 0.0 0.0 3.0129192860949954e-06 0.0 0.0 0.0 0.2591693867497678 0.0 0.0 0.0 0.0 0.07802263875781684 0.0 0.0 0.0 0.09935173326810964 0.0 0.0 0.0 0.007770443201941542 0.0 0.0 0.0 0.10298100297285435 0.0 0.002456785453764905 0.0 0.0 0.15953215853401606 3.015542037448919e-09 0.0 0.0 0.0034414150653489755 0.0021597197476917965 0.0 0.0 0.08806126942770767 0.08712753712179118 0.0 0.0 0.01380444854700791 0.0006500617831157389 0.0 0.0 0.06348987195673997 1.3829018654106713e-08 0.0 0.0 0.03947337373305301 0.002307381202096831 0.0 0.0 0.0906718858696364 0.0835665540742 0.0 0.0 0.02627220763945963
0.0 0.00940120479194874 0.0 0.0 0.0 0.0010905017568124916 0.0 0.0 0.0 7.810503554111773e-08 0.0 0.0 0.0 0.0018569731708140255 0.0 0.0 0.0 0.0 0.05506315318014453 0.0 0.0 0.0 0.0625806542677673 0.0 0.0 0.0 0.10137251529531202 0.0 0.0 0.0 0.11432882478247558 0.0 0.0011730416345145083 0.0 0.0 0.04638711239921785 8.711780210775212e-08 0.0 0.0 0.020140151018761435 4.181859418989544e-05 0.0 0.0 0.00434018702681532 0.045704505294292715 0.0 0.0 0.010538869622772215 0.0015519440866735834 0.0 0.0 0.17274754175111529 3.197576597114026e-08 0.0 0.0 0.011629906477628866 0.00841132703685233 0.0 0.0 0.21987873809267847 0.04739982712457371 0.0 0.0 0.01877433154141709 0.0 7.938253852782198e-09 0.0 0.0 0.0 1.5829902302638548e-08 0.0 0.0 0.0 1.966685806127169e-12 0.0 0.0 0.0 3.47871417911697e-07 0.0 0.0 0.0 0.0 0.007274706620114146 0.0 0.0 0.0 0.03674862240878005 0.0 0.0 0.0 0.08375965370258306 0.0 0.0 0.0 0.1786155843043579 0.0 0.0020629719522565555 0.0 0.0 0.034984368293277134 4.416628404414689e-14 0.0 0.0 5.757528488863123e-08 1.0364628913512698e-05 0.0 0.0 0.0032291622573809285 0.1070032396247592 0.0 0.0 0.07061709230673187 0.00016982146919626855 0.0 0.0 0.0032287900341710974 7.507106932719842e-09 0.0 0.0 0.010971962986150718 0.0019282777261444154 0.0 0.0 0.10195520691208775 0.1948130229157659 0.0 0.0 0.06931937497146526 0.0 0.01094431250666362 0.0 0.0 0.0 0.008525889478880022 0.0 0.0 0.0 1.7651819808016507e-07 0.0 0.0 0.0 0.01864375282841729 0.0 0.0 0.0 0.0 5.9554488115851676e-08 0.0 0.0 0.0 2.3119005446422173e-07 0.0 0.0 0.0 1.3919460934154574e-06 0.0 0.0 0.0 1.9939776502204025e-06 0.0 0.0002602395408449285 0.0 0.0 0.003478910539318951 3.607084547034272e-08 0.0 0.0 0.03291710611232065 0.002450873868413625 0.0 0.0 0.07296289393406143 0.05489898124911792 0.0 0.0 0.02802004737157843 0.0045579986846042775 0.0 0.0 0.12392047809588735 1.3277954171538069e-07 0.0 0.0 0.19715993590470307 0.011319839616174707 0.0 0.0 0.24730948826794247 0.2169509593983283 0.0 0.0 0.11097026194032965 0.0 0.3129996222888332 0.0 0.0 0.0 0.30663930686616786 0.0 0.0 0.0 3.166313421541997e-06 0.0 0.0 0.0 0.22059480346302707 0.0 0.0 0.0 0.0 0.06598785335361926 0.0 0.0 0.0 0.11857776462267328 0.0 0.0 0.0 0.000431650468838923 0.0 0.0 0.0 0.056098608888544815 0.0 0.0012013516133607682 0.0 0.0 0.051390077139738526 5.702694760843778e-08 0.0 0.0 0.06309897256216887 0.010403987896426539 0.0 0.0 0.15599322586283573 0.06301360374433815 0.0 0.0 0.003943736107212289 0.0013713888431599068 0.0 0.0 0.04425636983397914 7.695953225321998e-08 0.0 0.0 0.08433181764973913 0.0014408020568792653 0.0 0.0 0.07033049893794345 0.11045275958027367 0.0 0.0 0.02310315128929479
0.0 0.0058227179952221 0.0 0.0 0.0 0.0035338034265468676 0.0 0.0 0.0 1.1554483775570727e-07 0.0 0.0 0.0 0.003560395747042814 0.0 0.0 0.0 0.0 0.07431352098511626 0.0 0.0 0.0 0.023709451523746275 0.0 0.0 0.0 0.06686660414846397 0.0 0.0 0.0 0.06917307528767386 0.0 7.033707236512172e-05 0.0 0.0 0.03643276265447298 9.97213122999735e-13 0.0 0.0 1.1025190759203738e-06 7.323055255499436e-05 0.0 0.0 0.027287679358821086 0.05416123139980821 0.0 0.0 0.018666647829359374 0.0018464597365538183 0.0 0.0 0.10192101424240989 1.0214325797870538e-07 0.0 0.0 0.10499962799805979 0.012421027870912385 0.0 0.0 0.24600224282223399 0.061635493899192165 0.0 0.0 0.013209968523063682 0.0 1.3150750087460628e-07 0.0 0.0 0.0 1.2666610776119788e-07 0.0 0.0 0.0 8.36391044419106e-12 0.0 0.0 0.0 2.3076544570993827e-07 0.0 0.0 0.0 0.0 0.029400366526911054 0.0 0.0 0.0 0.00237849919717836 0.0 0.0 0.0 0.07652532986703504 0.0 0.0 0.0 0.0872139141929446 0.0 0.0001201106192547696 0.0 0.0 0.003566171777816061 3.67036996167466e-08 0.0 0.0 0.015364329653316314 0.0005278543268135768 0.0 0.0 0.007043952367825237 0.009607274707370425 0.0 0.0 0.002531365131558793 0.0030052219836709253 0.0 0.0 0.052070722659302404 1.5451519685557668e-07 0.0 0.0 0.07041957833895712 0.013967332422131504 0.0 0.0 0.2545864313056549 0.1252881857094854 0.0 0.0 0.03984720471656305 0.0 0.02589192528696045 0.0 0.0 0.0 0.010207072924438641 0.0 0.0 0.0 1.5981083879228857e-07 0.0 0.0 0.0 0.02307590182625507 0.0 0.0 0.0 0.0 1.0568238995747332e-06 0.0 0.0 0.0 2.4293437645824937e-06 0.0 0.0 0.0 3.309647050605787e-07 0.0 0.0 0.0 7.161447669549128e-06 0.0 8.195359219627945e-05 0.0 0.0 0.007345650071592198 3.967035821170233e-08 0.0 0.0 0.06777080665010518 0.0038481655806828314 0.0 0.0 0.05855509109814893 0.019555277297107976 0.0 0.0 0.0826592208811923 0.005072761099234081 0.0 0.0 0.2701761908867135 7.830518088048256e-08 0.0 0.0 0.18650774832952063 0.011730512244799894 0.0 0.0 0.23443527806142073 0.1941662642368935 0.0 0.0 0.1654311622203898 0.0 0.214654340879601 0.0 0.0 0.0 0.18177710676697578 0.0 0.0 0.0 1.0628684965046754e-05 0.0 0.0 0.0 0.1543254387845794 0.0 0.0 0.0 0.0 0.03297805532468675 0.0 0.0 0.0 0.012670715222965579 0.0 0.0 0.0 0.08764019605754556 0.0 0.0 0.0 0.04767300051812512 0.0 0.002162167093118973 0.0 0.0 0.058733493521943014 1.5857274756582073e-08 0.0 0.0 0.03543083271828965 0.0023184745224841554 0.0 0.0 0.03393020419491019 0.028500809327101622 0.0 0.0 0.04299115421129075 0.0014387041685801792 0.0 0.0 0.04268413930989415 6.1751452743268e-08 0.0 0.0 0.07869080544363759 0.014288428034797816 0.0 0.0 0.1703816062658933 0.05785297853916196 0.0 0.0 0.021307518917565278
0.0 0.008887856352737674 0.0 0.0 0.0 0.0020394540979243696 0.0 0.0 0.0 9.469531160328902e-08 0.0 0.0 0.0 0.0022004430619720953 0.0 0.0 0.0 0.0 0.0884873314390917 0.0 0.0 0.0 0.034583727775573746 0.0 0.0 0.0 0.0455461800344536 0.0 0.0 0.0 0.06181360138936867 0.0 0.000327476163904945 0.0 0.0 0.023699852452257877 3.7013929172260455e-14 0.0 0.0 0.001615647651703642 0.003974248981351527 0.0 0.0 0.057365278191534225 0.02760246098028839 0.0 0.0 0.012691541864814818 0.00635793347369376 0.0 0.0 0.1709476950257515 1.3320696739071246e-12 0.0 0.0 0.08124442843640414 0.011723066394662229 0.0 0.0 0.1800992766101243 0.049535391660008 0.0 0.0 0.025381447988010536 0.0 6.241549895043664e-08 0.0 0.0 0.0 2.727057789866103e-08 0.0 0.0 0.0 3.332145614098123e-12 0.0 0.0 0.0 8.138306801827457e-08 0.0 0.0 0.0 0.0 0.0014616804652489322 0.0 0.0 0.0 0.03896936929831583 0.0 0.0 0.0 0.07288904125645947 0.0 0.0 0.0 0.023756824818882007 0.0 2.8552290782242524e-09 0.0 0.0 0.005508390210806947 8.556727215702034e-10 0.0 0.0 0.011006947681241178 0.003929505862674935 0.0 0.0 0.06850859053681214 0.014994650014583246 0.0 0.0 0.010427346348333805 1.0587609441766864e-08 0.0 0.0 0.022900667956350408 1.1213886032310929e-08 0.0 0.0 0.009765272661793842 0.012464834139773943 0.0 0.0 0.2006578020898724 0.05314679139865339 0.0 0.0 0.017157563999454534 0.0 0.01993005238072662 0.0 0.0 0.0 0.00795328398098872 0.0 0.0 0.0 1.3089971343782487e-08 0.0 0.0 0.0 0.007808757659295873 0.0 0.0 0.0 0.0 2.5305258438766372e-08 0.0 0.0 0.0 4.949560425962473e-07 0.0 0.0 0.0 3.9461317842533885e-13 0.0 0.0 0.0 5.395958062645944e-08 0.0 0.00022560852361013518 0.0 0.0 0.007595803004117244 5.384022472236913e-10 0.0 0.0 0.003427300233142699 0.0002072028484757658 0.0 0.0 0.0013450871121915885 0.0823127575260018 0.0 0.0 0.023388421890999423 0.004073375507371025 0.0 0.0 0.1772708367141228 6.319823998907843e-08 0.0 0.0 0.13797292954690252 0.0034208731187676945 0.0 0.0 0.024897638320942748 0.1363940199373322 0.0 0.0 0.04880413393422758 0.0 0.18404183778108849 0.0 0.0 0.0 0.12708415048941524 0.0 0.0 0.0 4.66433191309118e-07 0.0 0.0 0.0 0.11380453861033075 0.0 0.0 0.0 0.0 0.0351199155230168 0.0 0.0 0.0 0.04082184233542189 0.0 0.0 0.0 0.0007299902404159925 0.0 0.0 0.0 0.04714207261581207 0.0 0.00019038397166098003 0.0 0.0 0.07046882436850359 6.098890674114987e-08 0.0 0.0 0.026395794054010872 0.0008467632127115933 0.0 0.0 0.016724268495724403 0.014343445121554213 0.0 0.0 0.003743012570570985 0.0012230668844503845 0.0 0.0 0.03753493086946099 3.4276000198050136e-08 0.0 0.0 0.04466463378219509 0.0004998893417756991 0.0 0.0 0.011069436766924757 0.04660147667560457 0.0 0.0 0.013331970332077453
0.0 0.009829887781975952 0.0 0.0 0.0 0.004891193139407065 0.0 0.0 0.0 4.682019255567149e-08 0.0 0.0 0.0 0.0025277447851027868 0.0 0.0 0.0 0.0 0.004863035235232109 0.0 0.0 0.0 0.0825457841383423 0.0 0.0 0.0 0.04381169343591004 0.0 0.0 0.0 0.01697825277604147 0.0 0.00012599423397801257 0.0 0.0 0.0017710392116622843 7.658492278732422e-09 0.0 0.0 0.0029344769689690743 0.0023255228544519645 0.0 0.0 0.019020907576647886 6.508952296457338e-08 0.0 0.0 0.0009613457545572776 0.007982258799819121 0.0 0.0 0.09746340627368891 2.2923189957794456e-07 0.0 0.0 0.15369955193560242 0.00904979989704968 0.0 0.0 0.1698632724884606 0.03921861674185966 0.0 0.0 0.031840691005183115 0.0 1.0055129879123983e-07 0.0 0.0 0.0 3.3342313203686077e-07 0.0 0.0 0.0 3.986706259798468e-12 0.0 0.0 0.0 3.0731287843862365e-07 0.0 0.0 0.0 0.0 0.0008538832377801031 0.0 0.0 0.0 0.030106253575483376 0.0 0.0 0.0 0.051220155211895504 0.0 0.0 0.0 0.05012838482996982 0.0 0.0023022664857741707 0.0 0.0 0.0528767636009766 4.7302040772944635e-09 0.0 0.0 0.004784226272946156 0.00132570090863158 0.0 0.0 0.02997865270524304 0.022963136245772862 0.0 0.0 0.0066245599979170644 0.0003750904242075085 0.0 0.0 0.03511861185223011 1.9288725779166016e-07 0.0 0.0 0.17867132679960018 0.007066270387218781 0.0 0.0 0.21549827462391527 0.14985086847768503 0.0 0.0 0.04501289159257862 0.0 0.022863847861573316 0.0 0.0 0.0 0.011100153744019901 0.0 0.0 0.0 1.2817899747496815e-07 0.0 0.0 0.0 0.003168493543820866 0.0 0.0 0.0 0.0 5.199643192115002e-08 0.0 0.0 0.0 1.3114980092873825e-06 0.0 0.0 0.0 8.61847387387832e-09 0.0 0.0 0.0 5.823453845602154e-08 0.0 0.0005725767290341263 0.0 0.0 0.03761749432579638 1.3534159995616363e-08 0.0 0.0 0.02604077688079534 0.004129502879085914 0.0 0.0 0.04778301548349497 0.0007696041668866959 0.0 0.0 0.00010534872631298429 0.005169962314084309 0.0 0.0 0.2083562152298818 2.5898833356223734e-07 0.0 0.0 0.17641982304330553 0.012594259295809459 0.0 0.0 0.14905542323276197 0.0658429736789145 0.0 0.0 0.021640237801793784 0.0 0.11550492939067787 0.0 0.0 0.0 0.11300763336280084 0.0 0.0 0.0 1.262661430581158e-06 0.0 0.0 0.0 0.09383072699245469 0.0 0.0 0.0 0.0 0.021422388878837614 0.0 0.0 0.0 0.0007684835678158751 0.0 0.0 0.0 0.021986475459455444 0.0 0.0 0.0 0.05534992472814784 0.0 0.0004459456817102625 0.0 0.0 0.054275320780443476 5.370529121058179e-09 0.0 0.0 0.030632382617939297 0.0005326737314143879 0.0 0.0 0.008597287764587928 0.020668347638755535 0.0 0.0 0.007304656983317599 0.00027477785807085127 0.0 0.0 0.02163897509888359 2.888992431020736e-08 0.0 0.0 0.03864489849552508 0.001640625299492261 0.0 0.0 0.028259485851797578 0.023030940367966747 0.0 0.0 0.013377740977981206
0.0 0.006702872819709271 0.0 0.0 0.0 0.00357972010317282 0.0 0.0 0.0 2.3084310474025332e-08 0.0 0.0 0.0 0.0021713085924142065 0.0 0.0 0.0 0.0 0.06273877567339421 0.0 0.0 0.0 0.09679299288990306 0.0 0.0 0.0 0.0305316799245583 0.0 0.0 0.0 0.09625965252772466 0.0 9.110404534458232e-05 0.0 0.0 0.004059572116727153 2.187106272006597e-08 0.0 0.0 0.03468774764144724 0.00017572470115313454 0.0 0.0 0.002901993446696449 0.023970392065942245 0.0 0.0 0.007469025735313741 0.00334635599053704 0.0 0.0 0.13708151877548963 1.477259213515358e-07 0.0 0.0 0.11462960242656167 0.004171243309683695 0.0 0.0 0.0692294352441989 0.09511850242912359 0.0 0.0 0.02470135130755048 0.0 3.6441062317879087e-07 0.0 0.0 0.0 5.304718624608963e-07 0.0 0.0 0.0 5.188031726172174e-12 0.0 0.0 0.0 1.627902358152286e-07 0.0 0.0 0.0 0.0 0.008416811067278896 0.0 0.0 0.0 0.04897218794707705 0.0 0.0 0.0 0.021362121687186687 0.0 0.0 0.0 0.03997639471019845 0.0 0.0009774677392095556 0.0 0.0 0.033976635569675936 1.6615641362195118e-07 0.0 0.0 0.10529136377181335 0.001273141735693248 0.0 0.0 0.008596580954219108 0.04293691465317238 0.0 0.0 0.011870220818389114 0.0026363361396501196 0.0 0.0 0.1323425512578973 3.6010686064337606e-07 0.0 0.0 0.3094458236252438 0.008816719673368806 0.0 0.0 0.20964166860241312 0.12284708496094433 0.0 0.0 0.03205945472512879 0.0 0.007709242626175649 0.0 0.0 0.0 0.009007163000935188 0.0 0.0 0.0 4.35068321456118e-08 0.0 0.0 0.0 0.010324089797345361 0.0 0.0 0.0 0.0 1.7565929561083856e-08 0.0 0.0 0.0 1.0097372918136284e-07 0.0 0.0 0.0 1.0107179148504759e-12 0.0 0.0 0.0 4.0286774290192986e-07 0.0 0.0007439047925768367 0.0 0.0 0.02808539357547456 1.3147958764462588e-10 0.0 0.0 9.153738638285586e-05 0.0001933425949625492 0.0 0.0 0.002321987091749404 0.07726906148508053 0.0 0.0 0.012522099337695054 0.0028368854636361207 0.0 0.0 0.0676346556868082 1.67687973824423e-07 0.0 0.0 0.13358116376696738 0.005632609591138182 0.0 0.0 0.06319208368804098 0.13625480102936283 0.0 0.0 0.048989811377709275 0.0 0.2719106211590721 0.0 0.0 0.0 0.10023889121031333 0.0 0.0 0.0 4.548120817109281e-07 0.0 0.0 0.0 0.14729607292524066 0.0 0.0 0.0 0.0 0.002199977317084595 0.0 0.0 0.0 0.051070708179500185 0.0 0.0 0.0 0.06933352478264566 0.0 0.0 0.0 0.033842289100495734 0.0 4.975008725070821e-05 0.0 0.0 0.0013311709062447338 1.1304851080058451e-07 0.0 0.0 0.06694944504774766 0.005964721793820856 0.0 0.0 0.061513330325086206 0.02477267053897099 0.0 0.0 0.00935539546510629 0.0017721203414018084 0.0 0.0 0.04376665932074891 4.656803044051651e-08 0.0 0.0 0.03143102860396652 0.0008130355314678693 0.0 0.0 0.040725098939232623 0.01957514751393969 0.0 0.0 0.014848657114315546
0.0 0.004734331386065372 0.0 0.0 0.0 0.000820193226015621 0.0 0.0 0.0 1.3226573468098547e-07 0.0 0.0 0.0 0.004800365918317795 0.0 0.0 0.0 0.0 0.0023600710545907014 0.0 0.0 0.0 1.367064399148466e-07 0.0 0.0 0.0 0.07297426385461096 0.0 0.0 0.0 0.0342357670058455 0.0 2.8760770272647936e-08 0.0 0.0 6.590548125909678e-07 2.5296600564987415e-14 0.0 0.0 0.0016339262867768817 0.0011327807176252358 0.0 0.0 0.007064557398233901 0.0011394444290201517 0.0 0.0 0.02370669037814367 0.0011322070959603097 0.0 0.0 0.029087968574266546 4.813967654370151e-13 0.0 0.0 0.034861009706726696 0.010766900425901105 0.0 0.0 0.1692682268231548 0.01320978895126388 0.0 0.0 0.07216900702327227 0.0 4.0608445590406527e-07 0.0 0.0 0.0 3.3417993182177315e-08 0.0 0.0 0.0 1.0858075524739159e-12 0.0 0.0 0.0 1.6453189558003966e-07 0.0 0.0 0.0 0.0 0.029376818288895504 0.0 0.0 0.0 0.0031143960264301707 0.0 0.0 0.0 0.002379696204618742 0.0 0.0 0.0 0.04579929363980437 0.0 4.295257238098407e-08 0.0 0.0 0.02614537265018754 3.724388339755425e-13 0.0 0.0 1.2027725539772232e-07 1.2749368732543918e-08 0.0 0.0 1.4052978031556945e-06 0.021044925373606204 0.0 0.0 0.008513407115597954 0.0016382389963739332 0.0 0.0 0.054784918806912206 9.445804503261644e-08 0.0 0.0 0.0342006217463696 0.003066544396714998 0.0 0.0 0.0691828732033402 0.05760656455079524 0.0 0.0 0.01629670849416396 0.0 0.02571215814106365 0.0 0.0 0.0 0.008889120846676596 0.0 0.0 0.0 5.006157546837457e-07 0.0 0.0 0.0 0.04883084100854013 0.0 0.0 0.0 0.0 1.7512019560070551e-06 0.0 0.0 0.0 1.4632208398114037e-06 0.0 0.0 0.0 1.7592266428819717e-06 0.0 0.0 0.0 1.1166937175720106e-05 0.0 0.0006959856802579103 0.0 0.0 0.012147217441129872 1.607625692646382e-12 0.0 0.0 0.004339165701810473 0.0011444469998727264 0.0 0.0 0.08062992905799866 0.08748067542632526 0.0 0.0 0.03096310005657894 0.0057652187876499564 0.0 0.0 0.17956926430673747 2.2643615114773459e-07 0.0 0.0 0.13603108749877763 0.02223163624669179 0.0 0.0 0.4184054508235608 0.17064280526880957 0.0 0.0 0.25911566612602344 0.0 0.07912334300990213 0.0 0.0 0.0 0.07096085666906339 0.0 0.0 0.0 1.5453206899847907e-05 0.0 0.0 0.0 0.26591637488030745 0.0 0.0 0.0 0.0 0.0029394464799657872 0.0 0.0 0.0 0.0525892904630539 0.0 0.0 0.0 0.16523171412558338 0.0 0.0 0.0 0.0987872952704579 0.0 0.0010801150978508223 0.0 0.0 0.015202158635342642 1.4378747927081838e-07 0.0 0.0 0.009244540364881895 0.010086549976014245 0.0 0.0 0.11194953365105591 0.01452689514133434 0.0 0.0 0.016743586199324343 4.3185424697882765e-05 0.0 0.0 0.013557549131638168 1.3935126826477277e-07 0.0 0.0 0.01646609307011659 0.03531666647919824 0.0 0.0 0.31175960331116725 0.050364928625018186 0.0 0.0 0.03875937692761339
0.0 0.006308991772476371 0.0 0.0 0.0 0.005930715741338854 0.0 0.0 0.0 2.286464001575608e-08 0.0 0.0 0.0 0.0010731781344139233 0.0 0.0 0.0 0.0 0.025442391418286463 0.0 0.0 0.0 0.08320650813711725 0.0 0.0 0.0 0.05627886372794991 0.0 0.0 0.0 0.02576964987742398 0.0 0.0015740337380182252 0.0 0.0 0.021539754032878472 7.54413642767587e-09 0.0 0.0 0.01894538411227752 0.0004817066171654204 0.0 0.0 0.01722021206986531 0.000977293657641171 0.0 0.0 0.0003862360815378091 0.001794589812293433 0.0 0.0 0.1055846248073966 1.8689319554459806e-07 0.0 0.0 0.21640596873463358 0.004145933254530232 0.0 0.0 0.08411764704719872 0.040861543394288644 0.0 0.0 0.012054291645369284 0.0 3.178674040906116e-07 0.0 0.0 0.0 7.378576038351513e-08 0.0 0.0 0.0 4.539602908550392e-12 0.0 0.0 0.0 4.3339060095790216e-08 0.0 0.0 0.0 0.0 0.0024350762003068622 0.0 0.0 0.0 0.04209153661263689 0.0 0.0 0.0 0.025585148581088072 0.0 0.0 0.0 0.0017470853932565666 0.0 9.504513333125185e-05 0.0 0.0 0.004834738610218797 9.118999414136152e-08 0.0 0.0 0.025382618397034075 0.002778670215560654 0.0 0.0 0.0484649478676319 0.025466865099210187 0.0 0.0 0.021670420063746122 0.002604937713330777 0.0 0.0 0.09819280819630795 4.1505705097803655e-08 0.0 0.0 0.040688562229769173 0.010776087616375569 0.0 0.0 0.26392464780772834 0.04714416043914575 0.0 0.0 0.012134349386481018 0.0 0.018624295494148804 0.0 0.0 0.0 0.007421702186247793 0.0 0.0 0.0 2.0350607859712272e-07 0.0 0.0 0.0 0.004534784784033713 0.0 0.0 0.0 0.0 3.284134032867204e-08 0.0 0.0 0.0 1.1505687985426677e-07 0.0 0.0 0.0 9.530146883564586e-08 0.0 0.0 0.0 3.050520417194052e-08 0.0 0.0006386504533328806 0.0 0.0 0.04052685280346832 1.222091228377195e-10 0.0 0.0 0.0007637712615965051 0.0002573637860735865 0.0 0.0 0.0269575236214193 0.010663095406570006 0.0 0.0 0.0021289478910669454 0.005480088151267906 0.0 0.0 0.15105592769824122 7.407450610153343e-08 0.0 0.0 0.15405872287991024 0.010739899557926584 0.0 0.0 0.3135744163199572 0.11881643955584742 0.0 0.0 0.02610108743862735 0.0 0.18043028704522665 0.0 0.0 0.0 0.05850635507394136 0.0 0.0 0.0 4.7329634974737924e-08 0.0 0.0 0.0 0.02751546321678184 0.0 0.0 0.0 0.0 0.02965611725779071 0.0 0.0 0.0 0.0033952367700931453 0.0 0.0 0.0 7.209773522984407e-05 0.0 0.0 0.0 1.7711175868966576e-08 0.0 4.2702771656231764e-05 0.0 0.0 0.0014204705376628227 1.7932153433309797e-13 0.0 0.0 1.007159990877962e-07 0.0013451797350076608 0.0 0.0 0.024424326507260487 0.00024979985847650834 0.0 0.0 3.4203360818461356e-05 0.0008076958229791825 0.0 0.0 0.03100930493670881 3.366683841548088e-08 0.0 0.0 0.019220466563623487 5.614518786919256e-05 0.0 0.0 0.0011429344352227686 0.022272955254405136 0.0 0.0 0.004009022458792057
0.0 0.0 0.0 0.0 0.0 0.004133556749229295 0.0 0.0 0.0 9.583398105846229e-08 0.0 0.0 0.0 0.001631043184379769 0.0 0.0 0.0 0.0 0.0 0.0 0.0 0.0 0.057115448925537 0.0 0.0 0.0 0.1571517556844491 0.0 0.0 0.0 0.09901472410573615 0.0 0.0 0.0 0.0 0.0 1.5640012090269403e-09 0.0 0.0 0.030723225331769945 9.812405711472597e-09 0.0 0.0 0.0020918750246471307 0.00035536444073331133 0.0 0.0 0.00013961924574485072 0.0 0.0 0.0 0.0 1.1348352221904306e-07 0.0 0.0 0.13750424911445883 0.015306587772057314 0.0 0.0 0.28440286620949673 0.06401689902441939 0.0 0.0 0.01842362613380133 0.0 1.7108929006769868e-07 0.0 0.0 0.0 3.1128320686491254e-07 0.0 0.0 0.0 3.004251546429735e-12 0.0 0.0 0.0 2.1687939530354998e-07 0.0 0.0 0.0 0.0 0.029575847904398555 0.0 0.0 0.0 0.12683467240801266 0.0 0.0 0.0 0.084871107211613 0.0 0.0 0.0 0.04753612001029451 0.0 7.972798003916923e-05 0.0 0.0 0.0027419315860854397 3.5505738214221286e-08 0.0 0.0 0.023171285695195217 0.007424891254283269 0.0 0.0 0.07885347924909356 0.10146570511853069 0.0 0.0 0.032219881207560516 0.0003412526899120923 0.0 0.0 0.0590517068176821 2.9687793919767667e-07 0.0 0.0 0.17126063146583373 0.0070826110937190125 0.0 0.0 0.18893046345791645 0.14712294771689177 0.0 0.0 0.038817681336956816 0.0 0.03705272864360484 0.0 0.0 0.0 0.007612734312331041 0.0 0.0 0.0 2.599112177077574e-07 0.0 0.0 0.0 0.010626935049085615 0.0 0.0 0.0 0.0 1.1099063450143816e-07 0.0 0.0 0.0 4.072080073458924e-08 0.0 0.0 0.0 9.664661446023598e-08 0.0 0.0 0.0 1.0739015332150279e-07 0.0 6.971850310177728e-05 0.0 0.0 0.02898365325820974 6.201032869331475e-14 0.0 0.0 0.0036926097585742806 0.004758031709566729 0.0 0.0 0.16451567541445367 0.037327114511721354 0.0 0.0 0.002676156386987021 0.003909401224707265 0.0 0.0 0.34304225868307514 1.1593065185517317e-07 0.0 0.0 0.12638045637869122 0.020720526274207174 0.0 0.0 0.4066445574820883 0.16973243359207418 0.0 0.0 0.05500916727220064 0.0 0.27622902898282736 0.0 0.0 0.0 0.2709435148351065 0.0 0.0 0.0 0.0 0.0 0.0 0.0 0.10593978550414328 0.0 0.0 0.0 0.0 0.0037341365242691015 0.0 0.0 0.0 0.07057106443877405 0.0 0.0 0.0 0.0 0.0 0.0 0.0 0.043892779653960795 0.0 0.0009297463279456439 0.0 0.0 0.04065983778054312 1.2528930772776452e-08 0.0 0.0 0.017564967632732995 0.0 0.0 0.0 0.0 0.10325305791488822 0.0 0.0 0.028036108975104043 0.00043484904188417496 0.0 0.0 0.04517495361216023 1.2168645569173478e-07 0.0 0.0 0.09987350921503696 0.0 0.0 0.0 0.0 0.029838807002818157 0.0 0.0 0.010306694185011366
0.0 0.02040573330203044 0.0 0.0 0.0 0.007864664329047272 0.0 0.0 0.0 9.917438461428362e-08 0.0 0.0 0.0 0.00402669148986975 0.0 0.0 0.0 0.0 0.012218367299945498 0.0 0.0 0.0 0.04502903054578275 0.0 0.0 0.0 0.13187308343712745 0.0 0.0 0.0 0.05637630719034416 0.0 0.0013418557114284865 0.0 0.0 0.03044421970907926 2.0878364705248933e-08 0.0 0.0 0.006542091829436947 0.0005476167443846862 0.0 0.0 0.030464821586149275 0.030731145533765734 0.0 0.0 0.012796429367484749 0.01565014200667265 0.0 0.0 0.3291789028761192 3.713644323381488e-07 0.0 0.0 0.14518343150557375 0.0074364333298970985 0.0 0.0 0.23891716663333248 0.09953523447812024 0.0 0.0 0.042077724483580735 0.0 5.365072854093744e-07 0.0 0.0 0.0 1.0913172850135867e-08 0.0 0.0 0.0 1.296321539618098e-12 0.0 0.0 0.0 2.7547441642181505e-07 0.0 0.0 0.0 0.0 0.07157703123647231 0.0 0.0 0.0 0.03059850023689895 0.0 0.0 0.0 0.05408733113583184 0.0 0.0 0.0 0.0681287283227392 0.0 0.0003126525576628695 0.0 0.0 0.03817356376412234 2.6042287030211735e-14 0.0 0.0 0.0018001456994193935 0.0031426625728580193 0.0 0.0 0.06953784305352757 0.002607471457843829 0.0 0.0 0.003033550906649608 0.0070977176719426325 0.0 0.0 0.16930595289620734 1.1000511171661462e-13 0.0 0.0 0.008525265240900307 0.002274731599036219 0.0 0.0 0.07557704209008782 0.07477784184017748 0.0 0.0 0.056071742450811264 0.0 0.014977859051099834 0.0 0.0 0.0 0.004640710199537455 0.0 0.0 0.0 1.5078198983924556e-07 0.0 0.0 0.0 0.012746180202604531 0.0 0.0 0.0 0.0 3.098542811693576e-08 0.0 0.0 0.0 5.292751695341329e-07 0.0 0.0 0.0 4.038458299667196e-08 0.0 0.0 0.0 1.290488237999901e-06 0.0 0.001686455545820561 0.0 0.0 0.06052427765468222 7.047517766205773e-08 0.0 0.0 0.03055801317111043 0.005068579538811619 0.0 0.0 0.0910019398379048 0.0010480599625087995 0.0 0.0 0.000800036495984574 0.005152557649077147 0.0 0.0 0.1632023516570575 7.582772957982026e-08 0.0 0.0 0.08757236732285803 0.010031459922895496 0.0 0.0 0.2212892062580357 0.23816176567996913 0.0 0.0 0.07463404389491546 0.0 0.19109344363487835 0.0 0.0 0.0 0.221829902120234 0.0 0.0 0.0 1.641175747872573e-06 0.0 0.0 0.0 0.12233074413012902 0.0 0.0 0.0 0.0 0.024860601845951527 0.0 0.0 0.0 0.06979101634456937 0.0 0.0 0.0 0.004726977724458385 0.0 0.0 0.0 0.03972529538204047 0.0 1.0143683764391329e-08 0.0 0.0 0.031593325016517244 1.569402757380045e-07 0.0 0.0 0.03411503966386546 0.0017315089052545682 0.0 0.0 0.028541088183963094 0.044784167085442785 0.0 0.0 0.023466325444359157 0.00029628112891085076 0.0 0.0 0.03862379286375121 1.332964230636121e-07 0.0 0.0 0.08350297253990799 0.0021319076220939585 0.0 0.0 0.04471472056953723 0.043610045023161216 0.0 0.0 0.012550877568560229
0.0 0.008280079910170914 0.0 0.0 0.0 0.002667546400007477 0.0 0.0 0.0 2.6710679572641637e-08 0.0 0.0 0.0 0.00567302939653375 0.0 0.0 0.0 0.0 0.009998472813828341 0.0 0.0 0.0 0.04056741934292799 0.0 0.0 0.0 0.06393488942976418 0.0 0.0 0.0 0.010481079784658436 0.0 0.0002794235832430838 0.0 0.0 0.010264612802919374 2.532746299847668e-09 0.0 0.0 0.0015573797917587228 0.0001662537033921792 0.0 0.0 0.018209223668738315 0.002693578181881893 0.0 0.0 0.0004981814432644613 0.004764402983031036 0.0 0.0 0.15354158550714686 8.006225899057065e-08 0.0 0.0 0.07995995693719361 0.005797762895310118 0.0 0.0 0.06783232492573196 0.14522268565053933 0.0 0.0 0.05374811941018498 0.0 4.904473716742963e-07 0.0 0.0 0.0 1.107118980427963e-07 0.0 0.0 0.0 3.024561598590747e-12 0.0 0.0 0.0 1.3003678035050344e-08 0.0 0.0 0.0 0.0 0.0005993546083000826 0.0 0.0 0.0 0.048966986243259895 0.0 0.0 0.0 0.1533503142769201 0.0 0.0 0.0 0.019224079307241303 0.0 0.00026720980292632885 0.0 0.0 0.013481108351414372 1.4659214281645885e-07 0.0 0.0 0.027225337153989036 0.0023671769507557466 0.0 0.0 0.052228288248675474 0.020045118572406782 0.0 0.0 0.008258349025764361 0.004036392929818787 0.0 0.0 0.10636782892706187 3.1845624802269313e-07 0.0 0.0 0.07974758217607857 0.005477252689834806 0.0 0.0 0.16083412303146855 0.012095644698957044 0.0 0.0 0.0027529879253990223 0.0 0.014511191101117942 0.0 0.0 0.0 0.0052981925140314 0.0 0.0 0.0 2.62689788404666e-07 0.0 0.0 0.0 0.01143332590671782 0.0 0.0 0.0 0.0 2.685394244020946e-08 0.0 0.0 0.0 5.113675608053944e-08 0.0 0.0 0.0 1.4568081074635828e-07 0.0 0.0 0.0 9.538524547381171e-08 0.0 0.0015486745074911991 0.0 0.0 0.04601801730459628 2.469856684902403e-14 0.0 0.0 1.8716899639239747e-08 0.005639520143845251 0.0 0.0 0.14116800526456724 0.021177056386566084 0.0 0.0 0.007949186000477967 0.003934180934750876 0.0 0.0 0.12111648689844083 3.618372540409327e-08 0.0 0.0 0.08826599024873259 0.013251842456688154 0.0 0.0 0.3701378602985958 0.15384125320781256 0.0 0.0 0.05510385324696626 0.0 0.10219009991251841 0.0 0.0 0.0 0.21417488480978444 0.0 0.0 0.0 0.0 0.0 0.0 0.0 0.06457479123900002 0.0 0.0 0.0 0.0 0.023070801431873466 0.0 0.0 0.0 0.03433827797513097 0.0 0.0 0.0 0.0 0.0 0.0 0.0 0.024272080138925182 0.0 0.001528353731048056 0.0 0.0 0.04025556416129805 2.651948392287353e-09 0.0 0.0 0.00742074767257025 0.0 0.0 0.0 0.0 0.003055614021945461 0.0 0.0 0.001717052377260186 0.00026204394508234566 0.0 0.0 0.019821714418519293 2.7686877689223806e-08 0.0 0.0 0.08713511813764421 0.0 0.0 0.0 0.0 0.022808825241193702 0.0 0.0 0.008324022048568526
0.0 0.0 0.0 0.0 0.0 0.0019303416227369839 0.0 0.0 0.0 1.7118665289329622e-08 0.0 0.0 0.0 0.006831339896065722 0.0 0.0 0.0 0.0 0.0 0.0 0.0 0.0 0.049321400758898105 0.0 0.0 0.0 0.1000544571799732 0.0 0.0 0.0 0.12367648579691216 0.0 0.0 0.0 0.0 0.0 1.0366052947930093e-09 0.0 0.0 0.001295170934953603 0.0014048457692773589 0.0 0.0 0.032514246022154386 6.729982620136405e-08 0.0 0.0 0.00031780563462988797 0.0 0.0 0.0 0.0 2.0796595266904328e-08 0.0 0.0 0.0723547654927925 0.0036914322359079908 0.0 0.0 0.04968755263789444 0.15523707415315652 0.0 0.0 0.05741690398650924 0.0 1.2492500044673072e-07 0.0 0.0 0.0 8.986511124224341e-09 0.0 0.0 0.0 7.028654611578348e-12 0.0 0.0 0.0 3.037036411319966e-08 0.0 0.0 0.0 0.0 0.0012951525573766645 0.0 0.0 0.0 0.02384348113880964 0.0 0.0 0.0 0.015071889740184774 0.0 0.0 0.0 0.024112195995491796 0.0 2.028994006667448e-14 0.0 0.0 6.594128138019656e-13 1.4884350821089323e-14 0.0 0.0 0.0009506491462717282 0.002284027069679679 0.0 0.0 0.07112772027228054 0.10184449332824069 0.0 0.0 0.012151935783731136 0.0007994794977774354 0.0 0.0 0.029130668179811164 8.981336194685948e-14 0.0 0.0 0.006431285888948257 0.010766363295942893 0.0 0.0 0.2754551015426287 0.04118284874005007 0.0 0.0 0.008061046745994765 0.0 0.026307250166945115 0.0 0.0 0.0 0.010425053259864203 0.0 0.0 0.0 1.0319428588763062e-07 0.0 0.0 0.0 0.0050502064971676905 0.0 0.0 0.0 0.0 8.603199335639524e-08 0.0 0.0 0.0 1.140570698428845e-07 0.0 0.0 0.0 5.774151101898681e-07 0.0 0.0 0.0 2.854144921833875e-09 0.0 0.0009359308909554229 0.0 0.0 0.03134656380279535 7.157057234649227e-09 0.0 0.0 0.03003924801835989 0.000725119686611536 0.0 0.0 0.028346731627510273 0.020136944915631106 0.0 0.0 0.005436357011430311 0.005781687553424139 0.0 0.0 0.18543188283905004 1.1777364600929587e-07 0.0 0.0 0.20933886101916632 0.022830608790349337 0.0 0.0 0.1666748354106509 0.06010844660310679 0.0 0.0 0.034169742761101005 0.0 0.2467449686438379 0.0 0.0 0.0 0.05196731556275057 0.0 0.0 0.0 6.836145931666727e-07 0.0 0.0 0.0 0.17515164137054684 0.0 0.0 0.0 0.0 0.034236898108076716 0.0 0.0 0.0 0.11519382964612078 0.0 0.0 0.0 0.001839982118494515 0.0 0.0 0.0 0.03782443873760617 0.0 0.0007944027992791393 0.0 0.0 0.05491184584342035 2.1057641299265993e-09 0.0 0.0 0.02828927375983245 0.0014131535138916485 0.0 0.0 0.06507555502497896 0.034960197823887464 0.0 0.0 0.005977228316741199 0.00045019789601156914 0.0 0.0 0.03756678863711963 1.541913170548452e-08 0.0 0.0 0.023127539630918407 0.00012566792809681835 0.0 0.0 0.025221233281881163 0.041267185165493686 0.0 0.0 0.017073560192178996
0.0 0.0016525416873248355 0.0 0.0 0.0 0.0013818024546989785 0.0 0.0 0.0 4.7569322474633076e-08 0.0 0.0 0.0 0.0016671975160378178 0.0 0.0 0.0 0.0 0.06503309024120082 0.0 0.0 0.0 0.059422700744470036 0.0 0.0 0.0 0.014891906235723888 0.0 0.0 0.0 0.07810561399580818 0.0 0.0007315610553130434 0.0 0.0 0.04348070283447826 1.5356889579884333e-09 0.0 0.0 0.0012679135297882765 0.0030215378145104655 0.0 0.0 0.05522755683401229 0.0032019938956294822 0.0 0.0 0.0015326631627132355 0.0008659094501825926 0.0 0.0 0.029705097342187087 1.5635529978545063e-08 0.0 0.0 0.044029243057838785 0.0048338599266382135 0.0 0.0 0.09886121988315093 0.07209215093457409 0.0 0.0 0.020236508758595464 0.0 0.0 0.0 0.0 0.0 2.7580023105600107e-07 0.0 0.0 0.0 4.293241951917443e-12 0.0 0.0 0.0 3.024084515688723e-07 0.0 0.0 0.0 0.0 0.0 0.0 0.0 0.0 0.005048909205854981 0.0 0.0 0.0 0.08926671541003517 0.0 0.0 0.0 0.03585777128731215 0.0 0.0 0.0 0.0 0.0 4.808213706362744e-09 0.0 0.0 0.03314362520811121 0.001550903137949581 0.0 0.0 0.027334441606546384 0.023553272302468713 0.0 0.0 0.008965551031535693 0.0 0.0 0.0 0.0 1.8108613559963696e-07 0.0 0.0 0.1386431321548117 0.007553680625467584 0.0 0.0 0.2279665157424245 0.10729626244065055 0.0 0.0 0.03653019444561125 0.0 0.008286663203424825 0.0 0.0 0.0 0.010685228672610429 0.0 0.0 0.0 2.2540026762980707e-07 0.0 0.0 0.0 0.013316140304434319 0.0 0.0 0.0 0.0 1.5051560396964558e-07 0.0 0.0 0.0 1.1975473014964645e-07 0.0 0.0 0.0 8.569571015830762e-08 0.0 0.0 0.0 3.2038163500942373e-07 0.0 2.908367849924459e-08 0.0 0.0 0.04173090233735727 1.0803465407163676e-07 0.0 0.0 0.035794868353239556 0.000808396993921636 0.0 0.0 0.06045724645809855 0.020872284350966875 0.0 0.0 0.007395288619119268 0.0007345068197573438 0.0 0.0 0.09071665065086476 2.1227267545763175e-07 0.0 0.0 0.16572281682812023 0.011417534128921037 0.0 0.0 0.31635599350246907 0.2129667541933239 0.0 0.0 0.06375424302456545 0.0 0.20751410632645326 0.0 0.0 0.0 0.11810608897566183 0.0 0.0 0.0 4.033737959406313e-07 0.0 0.0 0.0 0.20756126566501887 0.0 0.0 0.0 0.0 0.0434306899053292 0.0 0.0 0.0 0.030076068389770123 0.0 0.0 0.0 0.06290041688956655 0.0 0.0 0.0 0.09063486669323098 0.0 0.001172790292651532 0.0 0.0 0.034358673514357875 3.99084197950902e-08 0.0 0.0 0.052535398172695834 0.002086286800024774 0.0 0.0 0.06384700079829314 0.043113222579998035 0.0 0.0 0.00596213285653718 0.001196792525801096 0.0 0.0 0.030631978309451934 1.493165829993343e-08 0.0 0.0 0.04685296919049563 0.0010160581533039106 0.0 0.0 0.0116187365957023 0.050303220326151886 0.0 0.0 0.02683199971112273
0.0 0.00633494190971001 0.0 0.0 0.0 0.003935288743464276 0.0 0.0 0.0 1.1941523461108087e-07 0.0 0.0 0.0 0.003055565974653725 0.0 0.0 0.0 0.0 0.07657571282235945 0.0 0.0 0.0 0.06235895065316467 0.0 0.0 0.0 0.04037177026311057 0.0 0.0 0.0 0.1819909281508227 0.0 0.00011111648169604041 0.0 0.0 0.008064383442250158 2.4232434678007114e-13 0.0 0.0 0.0017633613269592435 4.356644958753277e-05 0.0 0.0 0.03872008863810194 0.03343670122953629 0.0 0.0 0.009577960297850992 0.0019216207576782187 0.0 0.0 0.10483344547286466 1.7364708009390646e-07 0.0 0.0 0.12978344651564794 0.010571778604842777 0.0 0.0 0.3059751184022397 0.08594078418781233 0.0 0.0 0.03222019671080139 0.0 4.3991583354608046e-07 0.0 0.0 0.0 2.3409770933127552e-07 0.0 0.0 0.0 5.131386664642851e-12 0.0 0.0 0.0 2.172500694302735e-07 0.0 0.0 0.0 0.0 0.008057661378275665 0.0 0.0 0.0 0.020945021887612537 0.0 0.0 0.0 0.07127263547643112 0.0 0.0 0.0 0.06989742339815423 0.0 0.000615173741378748 0.0 0.0 0.01934018193400471 8.981935024296925e-08 0.0 0.0 0.04716431306816099 0.008746598607002214 0.0 0.0 0.15362979156942302 0.0062917730610824955 0.0 0.0 0.001643020474406268 0.004579036420449063 0.0 0.0 0.16524872749661682 2.5233326344473233e-07 0.0 0.0 0.12973130968046198 0.012644020862545973 0.0 0.0 0.2483100056958627 0.13047028274460992 0.0 0.0 0.038998809179875804 0.0 0.026822678259377876 0.0 0.0 0.0 0.016581242289363227 0.0 0.0 0.0 2.066633483929874e-07 0.0 0.0 0.0 0.009630814945303923 0.0 0.0 0.0 0.0 6.075712448577277e-08 0.0 0.0 0.0 7.907049417755013e-08 0.0 0.0 0.0 9.931437055708665e-08 0.0 0.0 0.0 8.694172517032334e-08 0.0 6.410729973475949e-05 0.0 0.0 0.009675620580387026 3.0363898906929724e-08 0.0 0.0 0.017331385785244558 0.003388081240558115 0.0 0.0 0.06843477043545373 0.009585707701456683 0.0 0.0 0.0031648016471784485 0.0033960403251358084 0.0 0.0 0.20734301888643825 2.084856766100566e-07 0.0 0.0 0.31230919055679995 0.01764089639285681 0.0 0.0 0.3556786929481692 0.22013044086925496 0.0 0.0 0.054249979224918636 0.0 0.328139301804536 0.0 0.0 0.0 0.14439316580157668 0.0 0.0 0.0 0.0 0.0 0.0 0.0 0.1853871255137824 0.0 0.0 0.0 0.0 0.007083742908464938 0.0 0.0 0.0 0.1420725596904868 0.0 0.0 0.0 0.0 0.0 0.0 0.0 0.048917421084857755 0.0 0.001107345007765594 0.0 0.0 0.10013112050588868 8.649596865075518e-08 0.0 0.0 0.056210737938086425 0.0 0.0 0.0 0.0 0.12268172637577043 0.0 0.0 0.020674843252080057 0.00153147600922439 0.0 0.0 0.05661006598051677 3.5750620293623744e-08 0.0 0.0 0.053005856096378264 0.0 0.0 0.0 0.0 0.049382176950371864 0.0 0.0 0.018099453817894202
0.0 0.013031348988969066 0.0 0.0 0.0 0.0025917824236489457 0.0 0.0 0.0 6.693987931230467e-08 0.0 0.0 0.0 0.0043265280178581104 0.0 0.0 0.0 0.0 0.04646088601922974 0.0 0.0 0.0 0.060432219583516016 0.0 0.0 0.0 0.07837837465287076 0.0 0.0 0.0 0.022914230708570224 0.0 0.0021917345916864124 0.0 0.0 0.04626258184632622 1.68154305424031e-09 0.0 0.0 0.001950521023106759 0.0032784444817205 0.0 0.0 0.041905614484372924 0.017089324324858463 0.0 0.0 0.004889624762881592 0.010432357910691638 0.0 0.0 0.21322977024601428 1.274384072655509e-07 0.0 0.0 0.08575656585110406 0.01605341308277557 0.0 0.0 0.1618465223610331 0.10659252256392651 0.0 0.0 0.055211474823761625 0.0 2.9272700450989164e-07 0.0 0.0 0.0 1.3244637342406154e-07 0.0 0.0 0.0 1.4932060173689672e-12 0.0 0.0 0.0 6.798456694256598e-08 0.0 0.0 0.0 0.0 0.02602936323006245 0.0 0.0 0.0 0.0029232457254385756 0.0 0.0 0.0 0.007944102330578169 0.0 0.0 0.0 0.024979103564417068 0.0 8.967726385475214e-05 0.0 0.0 0.005233466880647076 5.214400530460791e-09 0.0 0.0 0.0037107897120743976 0.0013371785486776442 0.0 0.0 0.07189884449980895 0.0033386120647127485 0.0 0.0 0.0006704415225213226 0.0015519239828518416 0.0 0.0 0.08768025031664026 1.0649623513131591e-07 0.0 0.0 0.08380445120627361 0.004235822895120857 0.0 0.0 0.09546151332591248 0.048743523227192255 0.0 0.0 0.012706982437385305 0.0 0.022245446670784208 0.0 0.0 0.0 0.006147280856159914 0.0 0.0 0.0 1.1136683261752059e-07 0.0 0.0 0.0 0.009867249844914662 0.0 0.0 0.0 0.0 2.1075849650186605e-07 0.0 0.0 0.0 6.361223085542165e-07 0.0 0.0 0.0 2.9412026586921336e-08 0.0 0.0 0.0 1.0028275076776413e-07 0.0 0.0012057598599800991 0.0 0.0 0.07388603876496991 1.0840293686578413e-08 0.0 0.0 0.005876205681216877 0.0028801486123386268 0.0 0.0 0.03897567306064768 0.015702514701781755 0.0 0.0 0.0039464491756057655 0.0033177139658602025 0.0 0.0 0.170661022382296 8.654404793814219e-08 0.0 0.0 0.10856075435703387 0.006815256168177607 0.0 0.0 0.16235248658183335 0.11719391722641458 0.0 0.0 0.034167230370123765 0.0 0.17290862257742895 0.0 0.0 0.0 0.05313661912431398 0.0 0.0 0.0 7.632241176556722e-07 0.0 0.0 0.0 0.141730731468822 0.0 0.0 0.0 0.0 0.04507738718870725 0.0 0.0 0.0 0.02292291427543428 0.0 0.0 0.0 0.05035823044871982 0.0 0.0 0.0 0.0375660454033004 0.0 0.0005520094047812173 0.0 0.0 0.01590592541335006 1.1449669924679214e-07 0.0 0.0 0.02527621101487511 0.0013255643105343517 0.0 0.0 0.019042464474796707 0.00991180008586463 0.0 0.0 0.013445390758137141 0.0006085493906492716 0.0 0.0 0.036263698427470195 4.0447811229455874e-08 0.0 0.0 0.01924907504192703 0.00120101383390111 0.0 0.0 0.01851069450872598 0.04920452219993168 0.0 0.0 0.019457702486331042
0.0 0.001997397018692959 0.0 0.0 0.0 0.0025404206561728936 0.0 0.0 0.0 2.4458014084495144e-08 0.0 0.0 0.0 0.003592210256168712 0.0 0.0 0.0 0.0 8.723244284636928e-08 0.0 0.0 0.0 0.07166159760846125 0.0 0.0 0.0 0.030767175883859618 0.0 0.0 0.0 0.06497690345602308 0.0 2.570223152832098e-05 0.0 0.0 0.0012871131555318527 3.533367204229997e-08 0.0 0.0 0.008048420974567464 6.927101766270856e-05 0.0 0.0 0.0004394984780315407 0.0012410787536202093 0.0 0.0 0.0001791044237408269 0.0005645456346547588 0.0 0.0 0.03169651019260429 7.46451219734513e-08 0.0 0.0 0.06003487264382451 0.0023067165751095406 0.0 0.0 0.03756002451823257 0.09507406351703594 0.0 0.0 0.048364772386141425 0.0 2.0164353059598685e-07 0.0 0.0 0.0 5.5862491812843047e-08 0.0 0.0 0.0 8.838390157875666e-12 0.0 0.0 0.0 2.2146382519390655e-07 0.0 0.0 0.0 0.0 0.0014324375123213485 0.0 0.0 0.0 0.026531804412130777 0.0 0.0 0.0 0.11787102161669509 0.0 0.0 0.0 0.06741112669284922 0.0 0.0006539047461447188 0.0 0.0 0.032000628329617704 9.344847312354672e-14 0.0 0.0 0.005274916931850075 0.0017005573455950546 0.0 0.0 0.08419198012873517 0.024406793094650804 0.0 0.0 0.042421857538857785 0.0025624594004658636 0.0 0.0 0.07006443476428485 9.640257967627573e-08 0.0 0.0 0.039335837321764294 0.01471742422885887 0.0 0.0 0.27951799318764786 0.07356073591180935 0.0 0.0 0.0411987535561929 0.0 0.014388479050409715 0.0 0.0 0.0 0.01683476186389902 0.0 0.0 0.0 2.991906787668339e-07 0.0 0.0 0.0 0.017285605970043832 0.0 0.0 0.0 0.0 2.8321250561118547e-08 0.0 0.0 0.0 1.349120898372817e-06 0.0 0.0 0.0 2.263413214242065e-06 0.0 0.0 0.0 1.8237399050266149e-06 0.0 5.2605264869319177e-08 0.0 0.0 6.498338757889004e-07 2.5932459399629087e-08 0.0 0.0 0.04934598533874343 0.0024256240432442787 0.0 0.0 0.035237799827087135 0.01939023241458774 0.0 0.0 0.03687868506929695 0.0016232870909070251 0.0 0.0 0.055130214029202144 2.210740053958522e-07 0.0 0.0 0.2895312113245446 0.022809070782228366 0.0 0.0 0.36638120832900767 0.1322423933677579 0.0 0.0 0.11434345862750384 0.0 0.1510196864681535 0.0 0.0 0.0 0.1938711518514327 0.0 0.0 0.0 5.055311801007916e-06 0.0 0.0 0.0 0.09559364553259815 0.0 0.0 0.0 0.0 0.00985767130234021 0.0 0.0 0.0 0.09245588697405437 0.0 0.0 0.0 0.01085754320679114 0.0 0.0 0.0 0.0033005817394501603 0.0 0.001877348060991528 0.0 0.0 0.05163401127575502 1.6939711015311204e-09 0.0 0.0 0.007138260421009147 8.536399922592416e-09 0.0 0.0 0.011949995630715582 0.05282358062792148 0.0 0.0 0.010267229381463716 0.0008227526190915638 0.0 0.0 0.033788018531853356 2.389678295538181e-08 0.0 0.0 0.06224822981730006 0.003618045273516268 0.0 0.0 0.15142612936805125 0.041750661476601975 0.0 0.0 0.00969243403469476
0.0 0.03235935591491978 0.0 0.0 0.0 0.0104107781858635 0.0 0.0 0.0 5.724150091222618e-08 0.0 0.0 0.0 0.0022879643585398722 0.0 0.0 0.0 0.0 0.019088221443599687 0.0 0.0 0.0 0.07143774445435483 0.0 0.0 0.0 0.048969032017465206 0.0 0.0 0.0 0.041491954761334535 0.0 0.0013702841498707454 0.0 0.0 0.03860921012140242 1.9542881388240662e-08 0.0 0.0 0.00870337264467276 0.0004549801095306848 0.0 0.0 0.007668338000480068 0.025633260253329813 0.0 0.0 0.009970341587321813 0.026247679232343075 0.0 0.0 0.5100310964472137 6.320619811447644e-07 0.0 0.0 0.34401303970902675 0.009775041638522919 0.0 0.0 0.17455787688071156 0.037964441187550255 0.0 0.0 0.027507233384850484 0.0 7.203684645417113e-07 0.0 0.0 0.0 2.299146691080387e-07 0.0 0.0 0.0 4.342374833410236e-12 0.0 0.0 0.0 1.256813321687806e-07 0.0 0.0 0.0 0.0 0.06268602235691802 0.0 0.0 0.0 0.03935800545285038 0.0 0.0 0.0 0.07757604436032203 0.0 0.0 0.0 0.013662820160666396 0.0 0.0002369454619800154 0.0 0.0 0.006847228549534005 9.092350227086607e-09 0.0 0.0 0.009625981788613834 0.007143316891507767 0.0 0.0 0.1263405056354966 0.024546295970135534 0.0 0.0 0.010053807484672128 0.010042009723054225 0.0 0.0 0.258182529783545 1.78598361094513e-07 0.0 0.0 0.1441558558637244 0.009304643412799695 0.0 0.0 0.2142010762943119 0.036152909890635264 0.0 0.0 0.012154171167843024 0.0 0.022993434616081335 0.0 0.0 0.0 0.004136815508160999 0.0 0.0 0.0 1.9206970979382102e-07 0.0 0.0 0.0 0.020371926683311215 0.0 0.0 0.0 0.0 1.0780898334473414e-07 0.0 0.0 0.0 4.303855263940631e-08 0.0 0.0 0.0 2.1485477163422187e-07 0.0 0.0 0.0 1.2098507870458018e-06 0.0 0.0006880237027541895 0.0 0.0 0.043442371353322955 1.9056286202130616e-08 0.0 0.0 0.007729266969548364 0.0035043937595817696 0.0 0.0 0.11129052093448925 0.009104172466116386 0.0 0.0 0.003601493765242523 0.00621606234829711 0.0 0.0 0.2163703912364146 8.507996364460641e-08 0.0 0.0 0.0847039007027727 0.01225217702069688 0.0 0.0 0.307518087959531 0.3094121940452419 0.0 0.0 0.09207458978808124 0.0 0.13099341560483446 0.0 0.0 0.0 0.1787350687220632 0.0 0.0 0.0 1.2564722083400754e-06 0.0 0.0 0.0 0.19373560156405645 0.0 0.0 0.0 0.0 0.010635454800156206 0.0 0.0 0.0 0.07399829792853226 0.0 0.0 0.0 0.04380757315217044 0.0 0.0 0.0 0.08795429240638082 0.0 0.001029449022012916 0.0 0.0 0.07000854659901053 3.463695245583898e-08 0.0 0.0 0.01675959691162626 0.0011891968960157622 0.0 0.0 0.02657167263671369 0.007294331024224557 0.0 0.0 0.02025744945261264 0.00030003943372864083 0.0 0.0 0.028458420428468613 9.790003203618343e-08 0.0 0.0 0.06850236014428959 0.0008793663341189184 0.0 0.0 0.02412106486405734 0.053357737525928706 0.0 0.0 0.02368110944793482
0.0 0.004749594767767152 0.0 0.0 0.0 0.0014745805847612436 0.0 0.0 0.0 4.669205851199493e-08 0.0 0.0 0.0 0.0025596923721367478 0.0 0.0 0.0 0.0 0.0024611405278762697 0.0 0.0 0.0 0.031107731405532902 0.0 0.0 0.0 0.10163292769196575 0.0 0.0 0.0 0.007402799440726476 0.0 7.877354377245067e-11 0.0 0.0 2.7895796140677247e-09 4.163187171569882e-09 0.0 0.0 0.001677101083750443 0.0015411947699796977 0.0 0.0 0.023245108854785056 0.0116278524053727 0.0 0.0 0.008668687780573971 0.0007695732497314349 0.0 0.0 0.06299377166056641 7.182667233013844e-08 0.0 0.0 0.03671459401039033 0.0010894533731126133 0.0 0.0 0.15638760091527604 0.050527792703488554 0.0 0.0 0.025674299909143133 0.0 2.4792395403976254e-07 0.0 0.0 0.0 2.714477864622561e-07 0.0 0.0 0.0 5.03204782044053e-12 0.0 0.0 0.0 2.2569460365991826e-07 0.0 0.0 0.0 0.0 0.02089481357017353 0.0 0.0 0.0 0.037529892398523224 0.0 0.0 0.0 0.052367447591666574 0.0 0.0 0.0 0.020605858367529494 0.0 1.4414169108481308e-10 0.0 0.0 3.795311608992885e-09 1.4230020378124046e-08 0.0 0.0 0.010252103768637858 0.004436852410449647 0.0 0.0 0.06410653034293692 0.06276137538481052 0.0 0.0 0.018532260829114074 0.0019025692625345863 0.0 0.0 0.04817644837817894 1.4186924768275536e-07 0.0 0.0 0.1296527839715204 0.013463044825885001 0.0 0.0 0.255983581732649 0.10732587992562345 0.0 0.0 0.03918369055834923 0.0 0.015611481536149899 0.0 0.0 0.0 0.01566196435815825 0.0 0.0 0.0 2.1905993739464775e-07 0.0 0.0 0.0 0.007138171840406014 0.0 0.0 0.0 0.0 4.299767182852235e-07 0.0 0.0 0.0 6.288324463394996e-08 0.0 0.0 0.0 8.051814064097075e-08 0.0 0.0 0.0 1.0343834317718237e-07 0.0 0.0031358155753837985 0.0 0.0 0.043721758668734706 4.788696376104767e-08 0.0 0.0 0.028341441602126753 0.0029124619921127443 0.0 0.0 0.0675150964575279 0.009450185702320485 0.0 0.0 0.0033301044310948156 0.0028708821220455776 0.0 0.0 0.14758188134385095 2.600878922729535e-07 0.0 0.0 0.27537959701593917 0.010653893031437926 0.0 0.0 0.2737886643123155 0.11378083759946744 0.0 0.0 0.043735804674104074 0.0 0.12224327483823029 0.0 0.0 0.0 0.11426119553718687 0.0 0.0 0.0 4.1105941878286357e-07 0.0 0.0 0.0 0.24899152319037726 0.0 0.0 0.0 0.0 0.023403567851234115 0.0 0.0 0.0 0.09145145421812194 0.0 0.0 0.0 0.004406456514491996 0.0 0.0 0.0 0.11712250121948899 0.0 2.210432520909499e-09 0.0 0.0 0.007046523500245105 1.338950155440768e-07 0.0 0.0 0.07499225991421897 0.002230104808138705 0.0 0.0 0.013068179576048299 0.027594264662781552 0.0 0.0 0.025161096218136524 0.00010507177368050258 0.0 0.0 0.02463676751191352 7.111237706909168e-08 0.0 0.0 0.038678259157404436 0.002084831583535215 0.0 0.0 0.01369705799551419 0.08704231850025909 0.0 0.0 0.026393919266164568
0.0 0.014997616880487553 0.0 0.0 0.0 0.005077142117507157 0.0 0.0 0.0 1.5190214978412536e-07 0.0 0.0 0.0 0.005190639610033337 0.0 0.0 0.0 0.0 0.04886350490386892 0.0 0.0 0.0 0.0149320692291343 0.0 0.0 0.0 0.1256438292043349 0.0 0.0 0.0 0.10967020499363093 0.0 0.0004955291061683186 0.0 0.0 0.010290276187438045 6.133267729744187e-13 0.0 0.0 0.0017229074185528726 0.0014957089755544114 0.0 0.0 0.05058460540905391 0.02348265145369843 0.0 0.0 0.00475573443748324 0.008232412422364143 0.0 0.0 0.2571747240225115 2.828819849984513e-07 0.0 0.0 0.17258420607954356 0.016751602979158953 0.0 0.0 0.3884739247117567 0.11898591882707694 0.0 0.0 0.029389762269081205 0.0 5.285358705824364e-07 0.0 0.0 0.0 2.0948873822953649e-07 0.0 0.0 0.0 3.6046095804622283e-12 0.0 0.0 0.0 1.1665499318040115e-07 0.0 0.0 0.0 0.0 0.006322330845597151 0.0 0.0 0.0 0.004997040120330572 0.0 0.0 0.0 0.08179561463605685 0.0 0.0 0.0 0.011210163640891446 0.0 0.0005927229453307299 0.0 0.0 0.011910358529152178 9.28074368791141e-09 0.0 0.0 0.00461746388923313 0.00017295360284326963 0.0 0.0 0.041855541782956786 0.021302379340963035 0.0 0.0 0.007230015198281674 0.008052762672260289 0.0 0.0 0.21601705613095934 2.8081182038646166e-07 0.0 0.0 0.1361224522046362 0.0077978547047229075 0.0 0.0 0.20843209879265368 0.04175447517742356 0.0 0.0 0.015661153851115106 0.0 0.029484785391718872 0.0 0.0 0.0 0.010954837276768667 0.0 0.0 0.0 2.7214531028198817e-07 0.0 0.0 0.0 0.012141328418102518 0.0 0.0 0.0 0.0 1.1834696120671411e-07 0.0 0.0 0.0 3.310337777715065e-07 0.0 0.0 0.0 1.3331511491993045e-07 0.0 0.0 0.0 8.5657057756458e-08 0.0 5.1978694675304276e-05 0.0 0.0 0.04448675004648925 8.733658526688249e-09 0.0 0.0 0.04564058494915952 0.004570794933049754 0.0 0.0 0.11185780972659033 0.03022910241709598 0.0 0.0 0.010375128876061178 0.005275282104381012 0.0 0.0 0.3093343008704466 1.1110817536779403e-07 0.0 0.0 0.18629988655763025 0.021364298061274035 0.0 0.0 0.4451565150006691 0.214418824561977 0.0 0.0 0.07288959359254378 0.0 0.24424604327372276 0.0 0.0 0.0 0.09093351630503424 0.0 0.0 0.0 2.443018469789151e-07 0.0 0.0 0.0 0.18204109150069364 0.0 0.0 0.0 0.0 0.030353088821196122 0.0 0.0 0.0 0.06775202332123356 0.0 0.0 0.0 0.039772581221273216 0.0 0.0 0.0 0.06149548282011974 0.0 0.001710802634845047 0.0 0.0 0.05730954907512418 2.1609560456988556e-07 0.0 0.0 0.09689016403067718 0.00013223384293852575 0.0 0.0 0.0023885049690082235 0.017282401971447633 0.0 0.0 0.00666206449205452 0.0008540496510668979 0.0 0.0 0.054159681998717214 9.549860848165853e-09 0.0 0.0 0.035898982288593666 0.00029577613235847974 0.0 0.0 0.005989811464408586 0.04976514163161501 0.0 0.0 0.022807881106907492
0.0 0.010526337870552372 0.0 0.0 0.0 0.001397427658935412 0.0 0.0 0.0 8.201499420416018e-08 0.0 0.0 0.0 0.009864345336416573 0.0 0.0 0.0 0.0 0.10402084259521668 0.0 0.0 0.0 0.026267815497988303 0.0 0.0 0.0 0.09305635957453744 0.0 0.0 0.0 0.08371756206881609 0.0 0.0001001609928190335 0.0 0.0 0.03641666425639691 7.016708304617774e-09 0.0 0.0 0.0015522358710389386 0.0003624842715136639 0.0 0.0 0.0041644660491279096 0.07582703258854996 0.0 0.0 0.023387708180617067 0.005432508709630037 0.0 0.0 0.17074429719950934 1.4885374699870502e-07 0.0 0.0 0.05259256800761312 0.02037480674765169 0.0 0.0 0.25018771441931503 0.1825474976841512 0.0 0.0 0.07461197012462016 0.0 1.5587026679801525e-07 0.0 0.0 0.0 0.0 0.0 0.0 0.0 1.0384145894287932e-12 0.0 0.0 0.0 3.8108853461237185e-07 0.0 0.0 0.0 0.0 0.0009344063771460973 0.0 0.0 0.0 0.0 0.0 0.0 0.0 0.0018721071586607965 0.0 0.0 0.0 0.06611997261589218 0.0 9.297992433390749e-05 0.0 0.0 0.002314304379515204 0.0 0.0 0.0 0.0 0.00265853325598753 0.0 0.0 0.02120201168271051 0.015973456130251397 0.0 0.0 0.00579273010468074 0.0012994962470035273 0.0 0.0 0.03626375865475001 0.0 0.0 0.0 0.0 0.0036623862730746624 0.0 0.0 0.052415164534559196 0.08007805352843572 0.0 0.0 0.03656091379728312 0.0 0.026259926377725923 0.0 0.0 0.0 0.005217571666531607 0.0 0.0 0.0 1.0177083133223479e-07 0.0 0.0 0.0 0.013141130511282661 0.0 0.0 0.0 0.0 2.4413812204236666e-07 0.0 0.0 0.0 2.9860010669288735e-08 0.0 0.0 0.0 8.977606050679169e-07 0.0 0.0 0.0 1.2462398446373907e-06 0.0 0.004088618942631486 0.0 0.0 0.07173130203613737 7.353305800596338e-09 0.0 0.0 0.015196238789040839 0.006299683272904111 0.0 0.0 0.0794302035417406 0.03862188862202432 0.0 0.0 0.007682485891567909 0.004655852929640123 0.0 0.0 0.261409968652883 6.5198618922747e-08 0.0 0.0 0.06139629003852326 0.00634849661051322 0.0 0.0 0.15335122576149895 0.1824281496483639 0.0 0.0 0.04446080925802539 0.0 0.27027615961801343 0.0 0.0 0.0 0.09156373880796392 0.0 0.0 0.0 2.1768482681466987e-06 0.0 0.0 0.0 0.29851716606045103 0.0 0.0 0.0 0.0 0.03685526611628697 0.0 0.0 0.0 0.023760613718706268 0.0 0.0 0.0 0.12055986859443 0.0 0.0 0.0 0.14034727456726162 0.0 0.004086095037370183 0.0 0.0 0.1176187971425536 2.848748294140226e-07 0.0 0.0 0.05528683007254585 0.0005589020840332973 0.0 0.0 0.04969838536121272 0.02117783711418532 0.0 0.0 0.04175892380508415 0.002032480097470265 0.0 0.0 0.05999241942449214 3.693357018115445e-08 0.0 0.0 0.03391400285746216 0.0014485782998344843 0.0 0.0 0.07316269753031462 0.06370532601873469 0.0 0.0 0.04806999422951645
0.0 0.0 0.0 0.0 0.0 0.00704165680044973 0.0 0.0 0.0 5.2271584885232895e-08 0.0 0.0 0.0 0.00444881780146884 0.0 0.0 0.0 0.0 0.0 0.0 0.0 0.0 0.0697418326477954 0.0 0.0 0.0 0.04074976140411283 0.0 0.0 0.0 0.004576372405412379 0.0 0.0 0.0 0.0 0.0 2.6397298838666375e-07 0.0 0.0 0.038768448606774426 0.00016958773300776786 0.0 0.0 0.026358863734042833 0.004053843553055599 0.0 0.0 0.0014948940052888278 0.0 0.0 0.0 0.0 2.0938572459470514e-07 0.0 0.0 0.17101884478902085 0.006211490896877241 0.0 0.0 0.10561727908709524 0.04227774161395777 0.0 0.0 0.0506125516968491 0.0 6.511032873692861e-07 0.0 0.0 0.0 2.449066071318124e-07 0.0 0.0 0.0 4.701310536697069e-12 0.0 0.0 0.0 2.756039920207119e-07 0.0 0.0 0.0 0.0 0.051967162284509705 0.0 0.0 0.0 0.006830329142611851 0.0 0.0 0.0 0.10350306195143358 0.0 0.0 0.0 0.041108295916141416 0.0 0.0017551135139698868 0.0 0.0 0.04263175017962162 1.5317280584884204e-13 0.0 0.0 0.007171894345765693 0.0011243237469598568 0.0 0.0 0.03481526743041212 0.048664247459668165 0.0 0.0 0.019028146280431646 0.00290796641952446 0.0 0.0 0.11566579865115198 4.368149392768612e-08 0.0 0.0 0.16510452305008907 0.016568813006999215 0.0 0.0 0.23802401113827984 0.15480316995590576 0.0 0.0 0.058788528011958496 0.0 0.018651949774413326 0.0 0.0 0.0 0.014185020584650881 0.0 0.0 0.0 1.049176491692859e-07 0.0 0.0 0.0 0.011593750555644173 0.0 0.0 0.0 0.0 2.1712708959811136e-08 0.0 0.0 0.0 1.3235283106659239e-06 0.0 0.0 0.0 6.124735699717384e-09 0.0 0.0 0.0 7.459932174367955e-08 0.0 6.241241870389565e-05 0.0 0.0 0.02363359521701282 5.35432980987371e-09 0.0 0.0 0.02877950703550139 0.007175407783226106 0.0 0.0 0.0745997353789742 0.008878277695626291 0.0 0.0 0.0035016198261742493 0.0054051631258719415 0.0 0.0 0.1313538928780099 3.916354020554407e-07 0.0 0.0 0.2077836010392144 0.010840088829498728 0.0 0.0 0.12231309911798113 0.11012683516620875 0.0 0.0 0.0450064772837456 0.0 0.09641536557961991 0.0 0.0 0.0 0.1821819270029888 0.0 0.0 0.0 1.2687711417040765e-06 0.0 0.0 0.0 0.20998875181065338 0.0 0.0 0.0 0.0 0.01887871760793917 0.0 0.0 0.0 0.07861725763826423 0.0 0.0 0.0 0.002377731229266655 0.0 0.0 0.0 0.10672239486440091 0.0 0.00106705553875397 0.0 0.0 0.04556148480933688 1.8111541986975736e-07 0.0 0.0 0.05782040405026881 2.0610981196585305e-08 0.0 0.0 2.442240891935394e-07 0.04235808269674151 0.0 0.0 0.014031783382570445 0.00029281585667930175 0.0 0.0 0.01689159573439162 7.647307601541442e-08 0.0 0.0 0.0754156309987681 0.0023410932248074407 0.0 0.0 0.031101048965057988 0.068506932002267 0.0 0.0 0.024070346572840885
0.0 0.011442855502996164 0.0 0.0 0.0 0.00867723837268156 0.0 0.0 0.0 2.0118373373464226e-07 0.0 0.0 0.0 0.008394302033566043 0.0 0.0 0.0 0.0 0.06085542491402504 0.0 0.0 0.0 0.015069274280692184 0.0 0.0 0.0 0.14779279950251492 0.0 0.0 0.0 0.08722037122754359 0.0 0.00013315085616055967 0.0 0.0 0.006850561991409584 1.0465646513600387e-13 0.0 0.0 5.519490055149513e-08 0.0019092334240049058 0.0 0.0 0.05903269028283656 4.345006931284483e-07 0.0 0.0 0.012682300533906548 0.00529267058061132 0.0 0.0 0.24338094364265614 1.7362468350089212e-07 0.0 0.0 0.107435501522081 0.013183887729049952 0.0 0.0 0.49958352435114894 0.12836793640445399 0.0 0.0 0.09129026278769531 0.0 1.9578445709551278e-07 0.0 0.0 0.0 2.628768029158472e-08 0.0 0.0 0.0 5.731289350799869e-12 0.0 0.0 0.0 1.8716903604182643e-07 0.0 0.0 0.0 0.0 0.002852861346296737 0.0 0.0 0.0 0.045003756417560103 0.0 0.0 0.0 0.044249575622793635 0.0 0.0 0.0 0.050872808883563186 0.0 1.724066838875469e-08 0.0 0.0 0.04500379027768836 3.977611034414386e-09 0.0 0.0 0.001379218215997767 0.0011235975102725114 0.0 0.0 0.008605065373015227 0.001979761388768729 0.0 0.0 0.0074719996920814226 0.0025194192331983866 0.0 0.0 0.08080595911283461 4.940904914301925e-08 0.0 0.0 0.01920806718967346 0.007476329290706026 0.0 0.0 0.13531879669019653 0.01612543377335661 0.0 0.0 0.054732052088337466 0.0 0.07832286732069453 0.0 0.0 0.0 0.005939379761230188 0.0 0.0 0.0 8.97814961979719e-07 0.0 0.0 0.0 0.04557476516038088 0.0 0.0 0.0 0.0 1.6433526930332526e-06 0.0 0.0 0.0 1.0425361109684017e-07 0.0 0.0 0.0 5.390482034187763e-06 0.0 0.0 0.0 1.5687574544920507e-05 0.0 0.0023648301758518774 0.0 0.0 0.07681748001205307 3.001432484952195e-18 0.0 0.0 3.522168803219013e-08 0.009018962896972094 0.0 0.0 0.06628376164249698 0.03680933919583991 0.0 0.0 0.06474626176369602 0.017312865647789857 0.0 0.0 0.5466826499642066 1.4239874181170637e-07 0.0 0.0 0.12524258135987243 0.0705654991209205 0.0 0.0 1.0347656749989056 0.21059181073326586 0.0 0.0 0.36376447204556156 0.0 0.22117195131662803 0.0 0.0 0.0 0.12836235784862163 0.0 0.0 0.0 2.272542355812463e-05 0.0 0.0 0.0 0.20170222897987242 0.0 0.0 0.0 0.0 0.016898497171001683 0.0 0.0 0.0 0.005490318724240052 0.0 0.0 0.0 0.059307489407555675 0.0 0.0 0.0 0.17397517804005794 0.0 0.00012474832469175132 0.0 0.0 0.045007671127954826 1.0941770803707949e-08 0.0 0.0 0.016337788169329112 0.009495660492096434 0.0 0.0 0.14367783382461172 0.05736008694389223 0.0 0.0 0.04008024590136276 0.0007668950340053667 0.0 0.0 0.04398584451357703 2.8894943765068137e-08 0.0 0.0 0.04658285991380983 0.01987002957625018 0.0 0.0 0.42353747625164523 0.10002446062840972 0.0 0.0 0.017177892984550774
0.0 0.0 0.0 0.0 0.0 0.0019801839210071277 0.0 0.0 0.0 3.326450415100301e-08 0.0 0.0 0.0 0.0 0.0 0.0 0.0 0.0 0.0 0.0 0.0 0.0 0.034231055256549243 0.0 0.0 0.0 0.023264779860224846 0.0 0.0 0.0 0.0 0.0 0.0 0.0 0.0 0.0 1.664862396372673e-13 0.0 0.0 0.007015110173454326 0.00023254917656809996 0.0 0.0 0.0032058575506048394 0.0 0.0 0.0 0.0 0.0 0.0 0.0 0.0 1.5025510342172436e-12 0.0 0.0 0.0769081423104879 0.003249601041983327 0.0 0.0 0.06014804785349053 0.0 0.0 0.0 0.0 0.0 3.6127827026500065e-07 0.0 0.0 0.0 9.560211563424258e-08 0.0 0.0 0.0 2.1264309177229274e-11 0.0 0.0 0.0 0.0 0.0 0.0 0.0 0.0 0.005150154775892221 0.0 0.0 0.0 0.0020189336737267863 0.0 0.0 0.0 0.040380027958262794 0.0 0.0 0.0 0.0 0.0 3.641849665884502e-14 0.0 0.0 2.625899527167621e-12 1.847542906119079e-12 0.0 0.0 0.002020092665189035 0.0017321828519016392 0.0 0.0 0.03250118674174035 0.0 0.0 0.0 0.0 0.0014181957074470696 0.0 0.0 0.1135657798988958 3.685178166823261e-08 0.0 0.0 0.0560280870369232 0.03341182713050853 0.0 0.0 0.9131179544332473 0.0 0.0 0.0 0.0 0.0 0.0 0.0 0.0 0.0 0.04556883688475903 0.0 0.0 0.0 2.5192951643394e-07 0.0 0.0 0.0 0.00895270407333748 0.0 0.0 0.0 0.0 0.0 0.0 0.0 0.0 3.4733330648524268e-06 0.0 0.0 0.0 4.001070765240067e-12 0.0 0.0 0.0 1.1990473617746302e-07 0.0 0.0 0.0 0.0 0.0 1.6859628041814914e-08 0.0 0.0 0.03379520435356039 0.0005652884595268492 0.0 0.0 0.011093536201891708 1.0455348345374546e-06 0.0 0.0 0.02451929437225664 0.0 0.0 0.0 0.0 4.031867239181929e-07 0.0 0.0 0.9417752445191888 0.0122712382670709 0.0 0.0 0.24637229138012023 0.048864205674254944 0.0 0.0 0.06783074501953984 0.0 0.048861943182015255 0.0 0.0 0.0 0.0 0.0 0.0 0.0 3.3080270742294393e-06 0.0 0.0 0.0 0.0 0.0 0.0 0.0 0.0 0.0013094554774688615 0.0 0.0 0.0 0.0 0.0 0.0 0.0 0.007643248595868619 0.0 0.0 0.0 0.0 0.0 3.156401953687322e-10 0.0 0.0 2.9313125891619282e-08 0.0 0.0 0.0 0.0 4.745491135668945e-09 0.0 0.0 8.553047895480608e-08 0.0 0.0 0.0 0.0 9.408241078709723e-05 0.0 0.0 0.009801735132546561 0.0 0.0 0.0 0.0 0.004400671635682147 0.0 0.0 0.07805355021278068 0.0 0.0 0.0 0.0
0.0 0.00749345090905783 0.0 0.0 0.0 0.0003247647572264534 0.0 0.0 0.0 8.101511631504792e-08 0.0 0.0 0.0 0.001574173014633784 0.0 0.0 0.0 0.0 0.011650568156850434 0.0 0.0 0.0 0.04892569601910922 0.0 0.0 0.0 0.08457552867233047 0.0 0.0 0.0 0.011790466175667157 0.0 1.4576472361551013e-09 0.0 0.0 0.0043697219637643045 1.63917876724254e-14 0.0 0.0 0.0007048883737224197 0.0007764722391235339 0.0 0.0 0.014398127729442036 0.0046799363872764765 0.0 0.0 0.0006448105715446471 0.002378932619592982 0.0 0.0 0.1606521498070775 2.220335657006183e-13 0.0 0.0 0.012226259154366939 0.013330288944788602 0.0 0.0 0.2600091512271796 0.059141684432064946 0.0 0.0 0.015441341875808172 0.0 1.3688474035241752e-07 0.0 0.0 0.0 7.089142803099467e-08 0.0 0.0 0.0 2.926426172008185e-12 0.0 0.0 0.0 1.1081483634945931e-07 0.0 0.0 0.0 0.0 0.005624792640709158 0.0 0.0 0.0 0.022465915629577136 0.0 0.0 0.0 0.015246144311600691 0.0 0.0 0.0 0.026967799315139943 0.0 2.7775782838117095e-09 0.0 0.0 0.0058475451978688055 1.0512709481052792e-09 0.0 0.0 0.0006170998582563368 0.0036700836355649242 0.0 0.0 0.07556152530968782 0.017038582218626273 0.0 0.0 0.00542739773288737 1.6839855565408443e-08 0.0 0.0 0.05070911396391127 5.163600122825936e-08 0.0 0.0 0.03909846923812976 0.004996105716940856 0.0 0.0 0.18034337839426479 0.05752920572731483 0.0 0.0 0.017400120800522115 0.0 0.02141587222326378 0.0 0.0 0.0 0.008966987186299999 0.0 0.0 0.0 2.9251689634771e-07 0.0 0.0 0.0 0.00874799722169891 0.0 0.0 0.0 0.0 1.7666994193954856e-07 0.0 0.0 0.0 2.1474941614759286e-07 0.0 0.0 0.0 1.6775448288760462e-07 0.0 0.0 0.0 3.491446184828512e-08 0.0 0.00032983958090644953 0.0 0.0 0.03352746918907825 4.1522080758463065e-08 0.0 0.0 0.051041923273876647 0.0008419848860639919 0.0 0.0 0.05672115007642521 0.004844954673577172 0.0 0.0 0.0008150883784851377 0.006151594241711565 0.0 0.0 0.21839228546608347 5.672729601019631e-08 0.0 0.0 0.15762640560735247 0.015810169077985672 0.0 0.0 0.48626071043011687 0.14398442000518574 0.0 0.0 0.02815232972058149 0.0 0.12291147613256669 0.0 0.0 0.0 0.061012829062072435 0.0 0.0 0.0 2.4204537771428926e-07 0.0 0.0 0.0 0.12730398092800724 0.0 0.0 0.0 0.0 0.0029736981309024585 0.0 0.0 0.0 0.03677041138363826 0.0 0.0 0.0 0.048300627397383396 0.0 0.0 0.0 0.049581525067252184 0.0 0.00014335456994705347 0.0 0.0 0.004977997245032324 1.3807459166576008e-07 0.0 0.0 0.07062941298908636 0.0005293278116605507 0.0 0.0 0.0054522827883468 0.004949854337199062 0.0 0.0 0.0016574576566573199 0.00018141609958434706 0.0 0.0 0.024266078583625728 2.9582452122906037e-08 0.0 0.0 0.018132003822149495 0.0006290330871787708 0.0 0.0 0.007270095174716178 0.019059890386779618 0.0 0.0 0.01508292069042661
0.0 0.0 0.0 0.0 0.0 0.0 0.0 0.0 0.0 1.5844491593243735e-08 0.0 0.0 0.0 0.00030163644994803113 0.0 0.0 0.0 0.0 0.0 0.0 0.0 0.0 0.0 0.0 0.0 0.0 0.017113593847015128 0.0 0.0 0.0 0.08716337753049612 0.0 0.0 0.0 0.0 0.0 0.0 0.0 0.0 0.0 1.6291578493397128e-08 0.0 0.0 0.026754200728187176 0.0006846647189596065 0.0 0.0 0.0011194279343632644 0.0 0.0 0.0 0.0 0.0 0.0 0.0 0.0 3.20505673626046e-08 0.0 0.0 0.05327023985937043 0.004634701464090007 0.0 0.0 0.0032342905233531793 0.0 1.193406355631273e-07 0.0 0.0 0.0 6.228485738442674e-08 0.0 0.0 0.0 1.0192708196076783e-11 0.0 0.0 0.0 7.502688376105169e-08 0.0 0.0 0.0 0.0 0.0021744929943887576 0.0 0.0 0.0 0.0033521143128867233 0.0 0.0 0.0 0.0670224003002373 0.0 0.0 0.0 0.04745801649035655 0.0 1.3061658431526133e-14 0.0 0.0 3.9453001231726244e-08 7.390417307256062e-19 0.0 0.0 4.144403214331694e-08 0.0024427455213982875 0.0 0.0 0.08708790816702061 0.00017319076562913338 0.0 0.0 0.0006274391714960619 1.3699893475163824e-08 0.0 0.0 0.046394383822673024 7.191849441927025e-13 0.0 0.0 0.04521683126810969 0.012540889626509122 0.0 0.0 0.5594417960337187 0.03376807994737865 0.0 0.0 0.015111297219466078 0.0 0.004941954288840042 0.0 0.0 0.0 0.02619815133514604 0.0 0.0 0.0 9.528787470499097e-07 0.0 0.0 0.0 0.023788071533857473 0.0 0.0 0.0 0.0 7.123884706400712e-13 0.0 0.0 0.0 1.0442601643006018e-06 0.0 0.0 0.0 6.108242400767196e-07 0.0 0.0 0.0 1.989788692155145e-07 0.0 1.3167154651635978e-05 0.0 0.0 0.0004583719704273211 3.6217955915623064e-09 0.0 0.0 0.1257280691479644 0.0005596943361530153 0.0 0.0 0.07821962097020418 0.0021149638982497347 0.0 0.0 0.0006333767604175117 0.0010780947090259989 0.0 0.0 0.04207746118694775 2.5031870449659736e-07 0.0 0.0 0.47947012235409153 0.03534617918802814 0.0 0.0 1.4886515690525957 0.2907858110276242 0.0 0.0 0.07122997228582274 0.0 0.10427685203687567 0.0 0.0 0.0 0.0938088104778659 0.0 0.0 0.0 8.088395017033619e-07 0.0 0.0 0.0 0.25850558760129505 0.0 0.0 0.0 0.0 0.026383816678699788 0.0 0.0 0.0 0.08697820594953953 0.0 0.0 0.0 0.11392251478736937 0.0 0.0 0.0 0.05531083319637562 0.0 1.8406774848063636e-09 0.0 0.0 0.00298623957098095 9.658024246900982e-13 0.0 0.0 0.03842735890355628 0.003099023402813825 0.0 0.0 0.05665907852719095 0.07497386204106714 0.0 0.0 0.013786861908845103 0.0003016367538556028 0.0 0.0 0.011758601050725775 2.7203843405342313e-09 0.0 0.0 0.023630868500713765 0.000940514030901899 0.0 0.0 0.01965425765464265 0.04945678509253991 0.0 0.0 0.033656563265928356
0.0 0.010726470639417507 0.0 0.0 0.0 0.004059712237401002 0.0 0.0 0.0 6.297199606619556e-08 0.0 0.0 0.0 0.0024734311463640887 0.0 0.0 0.0 0.0 0.03803703256230182 0.0 0.0 0.0 0.06437196730066902 0.0 0.0 0.0 0.0344491705749051 0.0 0.0 0.0 0.12200997409449021 0.0 3.51836892295721e-05 0.0 0.0 0.001493637859150602 6.3904525975067205e-09 0.0 0.0 0.027568023754980776 5.847255661171015e-05 0.0 0.0 0.009127363905421878 0.005165744694759378 0.0 0.0 0.0009570894870677742 0.00202270437535505 0.0 0.0 0.1865258709480376 1.8270869329921383e-07 0.0 0.0 0.17269612019048203 0.0060861505547933955 0.0 0.0 0.18911967950976405 0.11229003571815827 0.0 0.0 0.02579973744183894 0.0 3.68831256129986e-07 0.0 0.0 0.0 1.325596431759058e-07 0.0 0.0 0.0 2.6547278888840936e-12 0.0 0.0 0.0 5.058586223013085e-08 0.0 0.0 0.0 0.0 0.003921858219514995 0.0 0.0 0.0 0.003976148965915173 0.0 0.0 0.0 0.006926077988439619 0.0 0.0 0.0 0.004026296990425459 0.0 0.001408253692625174 0.0 0.0 0.02803173243544102 7.147019249452917e-14 0.0 0.0 0.0020618082373205144 0.0014732650836633198 0.0 0.0 0.03149797784893363 0.02020270658430388 0.0 0.0 0.005163788331930136 0.0031288635152956624 0.0 0.0 0.11278448585179963 3.8489838173513856e-08 0.0 0.0 0.08352720927477109 0.005739119213838387 0.0 0.0 0.163349347426776 0.07698763115516767 0.0 0.0 0.013039976389056717 0.0 0.022207950591105446 0.0 0.0 0.0 0.007892636535463822 0.0 0.0 0.0 2.2562500092747186e-07 0.0 0.0 0.0 0.0023465803742324497 0.0 0.0 0.0 0.0 1.2203180702834498e-07 0.0 0.0 0.0 7.132019210255236e-08 0.0 0.0 0.0 6.927181703542261e-07 0.0 0.0 0.0 3.217717348996153e-08 0.0 0.00044920623968101793 0.0 0.0 0.008026333033665364 1.1180342184485789e-08 0.0 0.0 0.008531704597661355 0.00018234619141143158 0.0 0.0 0.03729902512644557 0.0011225191330621815 0.0 0.0 0.00026194700413374115 0.006226773716122427 0.0 0.0 0.2317856269702974 2.984478628239624e-07 0.0 0.0 0.13285084046441034 0.01817318472182807 0.0 0.0 0.362316100745755 0.04334023371625312 0.0 0.0 0.01263891261351808 0.0 0.2259333544705871 0.0 0.0 0.0 0.006897900831787246 0.0 0.0 0.0 5.880224844956661e-07 0.0 0.0 0.0 0.031038332534988545 0.0 0.0 0.0 0.0 0.002446509524050451 0.0 0.0 0.0 0.021491344627512846 0.0 0.0 0.0 0.00969650909754612 0.0 0.0 0.0 0.0022240313923379035 0.0 0.0026779214091857107 0.0 0.0 0.07890671337561814 1.4174736174595252e-08 0.0 0.0 0.027974238290454867 3.779197971155714e-10 0.0 0.0 0.0005942689642156993 5.653627989387267e-07 0.0 0.0 0.01810661269949776 0.0013107703576840492 0.0 0.0 0.04698608097311285 5.874195404410764e-10 0.0 0.0 0.003346726506462379 1.1096904947548986e-08 0.0 0.0 0.01956373495011547 0.004760739495343913 0.0 0.0 0.0035799435334060038
0.0 0.013283702454894344 0.0 0.0 0.0 0.00501294926871224 0.0 0.0 0.0 1.2157438770583544e-07 0.0 0.0 0.0 0.004814405599434265 0.0 0.0 0.0 0.0 0.09855550922453907 0.0 0.0 0.0 0.07766695849000697 0.0 0.0 0.0 0.11864326726488943 0.0 0.0 0.0 0.10418367269629183 0.0 0.0003886593853123413 0.0 0.0 0.05236852310694226 7.321078840302803e-10 0.0 0.0 0.00026649494992440524 0.010796124010541325 0.0 0.0 0.08811729770607854 0.022049118013600464 0.0 0.0 0.003234862586584322 0.005324358245849733 0.0 0.0 0.23677813725926067 2.8923493329938544e-07 0.0 0.0 0.17124011337231418 0.011744877879082793 0.0 0.0 0.27907192366101824 0.11504219084641257 0.0 0.0 0.05569991751527538 0.0 2.431838392243954e-07 0.0 0.0 0.0 2.338862939448865e-07 0.0 0.0 0.0 3.0302232786249036e-12 0.0 0.0 0.0 2.3024920385556223e-07 0.0 0.0 0.0 0.0 0.003036088304606632 0.0 0.0 0.0 0.010338489429428437 0.0 0.0 0.0 0.021148321271637315 0.0 0.0 0.0 0.03508491357739466 0.0 0.0005963368846446742 0.0 0.0 0.061536875478048515 2.851025782443241e-10 0.0 0.0 0.007022456159266305 0.01038239543442007 0.0 0.0 0.07118933280876716 0.014603597973549464 0.0 0.0 0.0029055831811189807 0.004386503646337744 0.0 0.0 0.08295603613132257 9.311151012617067e-08 0.0 0.0 0.13515081075719804 0.004854126566885675 0.0 0.0 0.19744999117285836 0.16256476669547193 0.0 0.0 0.03902771437126009 0.0 0.04457920535630845 0.0 0.0 0.0 0.012764032463324913 0.0 0.0 0.0 3.835858717048842e-07 0.0 0.0 0.0 0.02148694179357328 0.0 0.0 0.0 0.0 1.0855502892601793e-06 0.0 0.0 0.0 9.573194851562054e-08 0.0 0.0 0.0 1.6364409366914832e-07 0.0 0.0 0.0 6.425183505901099e-06 0.0 0.0005099455420060615 0.0 0.0 0.013772628173932336 2.7831624618138317e-08 0.0 0.0 0.012671574012568942 0.0061789812813584834 0.0 0.0 0.09024842620031663 0.024917803153567827 0.0 0.0 0.012059622456087871 0.008526734701084724 0.0 0.0 0.2884719291435778 1.8630254054719363e-07 0.0 0.0 0.22875088970599144 0.024492021862057727 0.0 0.0 0.3874536355222997 0.1522930062911237 0.0 0.0 0.14509772958934 0.0 0.3437452126654755 0.0 0.0 0.0 0.05183059696473595 0.0 0.0 0.0 7.179739592695973e-06 0.0 0.0 0.0 0.18814580299672365 0.0 0.0 0.0 0.0 0.07759415139238605 0.0 0.0 0.0 0.08023103455353384 0.0 0.0 0.0 0.01049334716877774 0.0 0.0 0.0 0.04612884752423746 0.0 0.0032079825355713697 0.0 0.0 0.11474627086005616 9.769256365096767e-08 0.0 0.0 0.045059399130340495 8.256257331244552e-07 0.0 0.0 5.469611455826772e-06 0.018194954002431388 0.0 0.0 0.004188859523277882 0.001338143517346962 0.0 0.0 0.06941657354436165 1.2131984543992556e-08 0.0 0.0 0.026228304365240693 0.01038118745417349 0.0 0.0 0.08078671281946673 0.0740633553903705 0.0 0.0 0.025139709030157702
0.0 0.008697012291104828 0.0 0.0 0.0 0.0040458102173105285 0.0 0.0 0.0 2.349660228416973e-08 0.0 0.0 0.0 0.002190880349986198 0.0 0.0 0.0 0.0 0.02992375784438371 0.0 0.0 0.0 0.005636382484228149 0.0 0.0 0.0 0.07703031382894754 0.0 0.0 0.0 0.05038473902905112 0.0 0.0008516080463288615 0.0 0.0 0.017522003175195457 2.19198320967002e-15 0.0 0.0 1.504156464814841e-08 0.00025961995816410236 0.0 0.0 0.003553664894967658 0.029591488106321093 0.0 0.0 0.007953197055261289 0.004913612460501 0.0 0.0 0.14990516042087565 3.846497533412168e-08 0.0 0.0 0.08109481989408604 0.002271742312350458 0.0 0.0 0.06817974567924616 0.07001000191530615 0.0 0.0 0.021423825748408048 0.0 5.787488600703671e-08 0.0 0.0 0.0 8.663413786435825e-09 0.0 0.0 0.0 3.570046701255199e-12 0.0 0.0 0.0 1.5354200769991909e-07 0.0 0.0 0.0 0.0 0.01581316259130133 0.0 0.0 0.0 0.022840289945012547 0.0 0.0 0.0 0.14789255215925576 0.0 0.0 0.0 0.052146958410212815 0.0 0.001108758282757718 0.0 0.0 0.019955881158624983 2.173757022110176e-14 0.0 0.0 0.0011494512703470983 0.0036957512375212177 0.0 0.0 0.08341522467387284 0.0006930808378019296 0.0 0.0 0.0005519458438532231 0.0010411908901093753 0.0 0.0 0.0225989932704319 1.0574773143730924e-13 0.0 0.0 0.00626927215515474 0.0064391547678966125 0.0 0.0 0.18218362563466214 0.06430066272998468 0.0 0.0 0.033602308806417736 0.0 0.012998182223251603 0.0 0.0 0.0 0.005904168435563573 0.0 0.0 0.0 1.434377048414033e-07 0.0 0.0 0.0 0.013643610107080158 0.0 0.0 0.0 0.0 6.949300945783995e-08 0.0 0.0 0.0 4.506016848520946e-09 0.0 0.0 0.0 2.984938034449476e-08 0.0 0.0 0.0 7.401683619031259e-07 0.0 0.0026999705878701288 0.0 0.0 0.041143666274113276 3.324276866164375e-08 0.0 0.0 0.018602116310807725 0.004431865391053892 0.0 0.0 0.06583435110423792 0.0793422168720657 0.0 0.0 0.017126680800121908 0.0038636342957900642 0.0 0.0 0.12084860933029921 6.068767942369551e-08 0.0 0.0 0.0965297049533862 0.01207170500277493 0.0 0.0 0.18999310352134863 0.14900836889431113 0.0 0.0 0.07372762553267112 0.0 0.14127994079736805 0.0 0.0 0.0 0.2287429757894946 0.0 0.0 0.0 6.770788913817073e-07 0.0 0.0 0.0 0.08251763362826608 0.0 0.0 0.0 0.0 0.013994606349110808 0.0 0.0 0.0 0.08209341636954318 0.0 0.0 0.0 0.004258004745455555 0.0 0.0 0.0 0.0021640946917757644 0.0 6.5462760435312e-05 0.0 0.0 0.001517099486298757 4.477091374322942e-08 0.0 0.0 0.028484038479862625 0.002712515505300486 0.0 0.0 0.026373901651801236 0.02131597901903103 0.0 0.0 0.007417375210725564 0.00038948903121137704 0.0 0.0 0.02430753377990956 4.291741070011768e-08 0.0 0.0 0.08430579014955387 0.0006637500285384739 0.0 0.0 0.02650919505812413 0.02923830259312702 0.0 0.0 0.008641725027352682
0.0 0.00836370653550746 0.0 0.0 0.0 0.001966499114095793 0.0 0.0 0.0 9.655246122058797e-08 0.0 0.0 0.0 0.0024085906432712405 0.0 0.0 0.0 0.0 0.008010686501773829 0.0 0.0 0.0 0.008190491288215038 0.0 0.0 0.0 0.06094608282245526 0.0 0.0 0.0 0.01248864391862028 0.0 6.98693516183848e-05 0.0 0.0 0.0026508693853451648 2.862859813797083e-14 0.0 0.0 0.0018506227512224839 0.00029888060234441714 0.0 0.0 0.003153091125068413 0.0024532932835491373 0.0 0.0 0.0009860909194272592 0.004812784615042366 0.0 0.0 0.11923220268729237 1.181239366345804e-12 0.0 0.0 0.08341913289630988 0.018381010322306133 0.0 0.0 0.29892782277957686 0.09583370438827203 0.0 0.0 0.028969795923439658 0.0 1.081128745229597e-07 0.0 0.0 0.0 1.9885724798380364e-07 0.0 0.0 0.0 5.396482704360037e-12 0.0 0.0 0.0 3.4275145290209363e-07 0.0 0.0 0.0 0.0 0.0022831653269177504 0.0 0.0 0.0 0.05240340478018036 0.0 0.0 0.0 0.0963025444721996 0.0 0.0 0.0 0.16351464397097146 0.0 5.521502903405386e-15 0.0 0.0 1.8663731129657866e-08 5.302538513797637e-08 0.0 0.0 0.033821475661641634 0.0008508420874181643 0.0 0.0 0.010072813550170912 0.043268447920904285 0.0 0.0 0.015645182218853543 1.1987696357412724e-08 0.0 0.0 0.045430068934301245 9.99355612006208e-08 0.0 0.0 0.10462825984208983 0.012402398363455205 0.0 0.0 0.3097917587510985 0.08719732327496266 0.0 0.0 0.07208104406706743 0.0 0.033545753706162945 0.0 0.0 0.0 0.02287547278840223 0.0 0.0 0.0 4.942163604049488e-07 0.0 0.0 0.0 0.01179456162820232 0.0 0.0 0.0 0.0 2.400746552546101e-07 0.0 0.0 0.0 2.8849126166310867e-07 0.0 0.0 0.0 1.2993545717931863e-06 0.0 0.0 0.0 8.224861681862074e-08 0.0 0.0009232254099526176 0.0 0.0 0.09304297475512596 4.047560883669612e-09 0.0 0.0 0.00207430784449487 0.002166765851488418 0.0 0.0 0.10274184978711047 0.0026535265378534434 0.0 0.0 0.0006980805851111095 0.006932988633783074 0.0 0.0 0.3426885476755855 3.276016070571229e-07 0.0 0.0 0.26132983737983256 0.03067580705125241 0.0 0.0 0.8186812442497474 0.18150064463328747 0.0 0.0 0.04191996949456154 0.0 0.047726336176519474 0.0 0.0 0.0 0.2995452571726412 0.0 0.0 0.0 1.3193948874212848e-06 0.0 0.0 0.0 0.11252452977834919 0.0 0.0 0.0 0.0 0.001168625515257054 0.0 0.0 0.0 0.043064664400180204 0.0 0.0 0.0 0.04705080816947112 0.0 0.0 0.0 0.04183018069636199 0.0 9.835816660707357e-09 0.0 0.0 0.034784729694625545 1.3610988542010703e-07 0.0 0.0 0.09095578315148385 0.0027307727899049928 0.0 0.0 0.09163857377655875 0.006652275317752599 0.0 0.0 0.001562276946637705 3.0114207325126555e-09 0.0 0.0 0.011747041817413616 8.674846575360176e-08 0.0 0.0 0.09128117569813538 0.0007098052709581526 0.0 0.0 0.04872221270032579 0.01703774939203647 0.0 0.0 0.011246479970968197
0.0 0.00723967511812618 0.0 0.0 0.0 0.003487402475981109 0.0 0.0 0.0 5.8057172841245195e-08 0.0 0.0 0.0 0.003132124390455813 0.0 0.0 0.0 0.0 0.06714284751013136 0.0 0.0 0.0 0.08517011526812097 0.0 0.0 0.0 0.07102301187469601 0.0 0.0 0.0 0.0925248016264877 0.0 0.0012427667250803208 0.0 0.0 0.05555977113245042 9.493927019425077e-10 0.0 0.0 0.001460841657034337 0.0031414478193290125 0.0 0.0 0.03252905825560004 0.0002675427693535367 0.0 0.0 0.007427229077636822 0.0037450514853738888 0.0 0.0 0.1616291968657493 1.6007551139010336e-07 0.0 0.0 0.1323009612016431 0.008886458728358651 0.0 0.0 0.18097927410175488 0.12477718120756717 0.0 0.0 0.03136051616079657 0.0 1.6274178362165357e-07 0.0 0.0 0.0 4.6045370874510225e-08 0.0 0.0 0.0 7.122187311435139e-12 0.0 0.0 0.0 1.0205922990614216e-07 0.0 0.0 0.0 0.0 0.025023532911759648 0.0 0.0 0.0 0.002364057737696715 0.0 0.0 0.0 0.057224701159229674 0.0 0.0 0.0 0.036058211660276424 0.0 0.00016290319129115189 0.0 0.0 0.005599083935278316 1.531688251105984e-23 0.0 0.0 6.015330865255721e-13 0.004661484969749216 0.0 0.0 0.06676846798142014 0.05027686032802589 0.0 0.0 0.009948532601242803 0.001063643135631292 0.0 0.0 0.042290501293483856 7.882183591731085e-13 0.0 0.0 0.03470580982015658 0.010673987438650839 0.0 0.0 0.26844040809458125 0.06727802749781224 0.0 0.0 0.021787833876482417 0.0 0.02869240856538421 0.0 0.0 0.0 0.012601364032929803 0.0 0.0 0.0 2.0297791633784755e-07 0.0 0.0 0.0 0.005049333825841127 0.0 0.0 0.0 0.0 8.741726329183445e-08 0.0 0.0 0.0 1.0925420902124251e-07 0.0 0.0 0.0 3.819914837193695e-07 0.0 0.0 0.0 1.970941278812521e-08 0.0 0.0004135972069291547 0.0 0.0 0.025864352736111526 8.299973734241502e-09 0.0 0.0 0.00568740633575503 0.0007909784355254263 0.0 0.0 0.03253329056177376 0.048620233272272884 0.0 0.0 0.014595967374325836 0.005277247809734247 0.0 0.0 0.27338152870610294 8.87646744629436e-08 0.0 0.0 0.20413050494014154 0.0162721351517092 0.0 0.0 0.35817206053234485 0.10251253758095925 0.0 0.0 0.05164138986487174 0.0 0.279928529854142 0.0 0.0 0.0 0.10056219172728052 0.0 0.0 0.0 3.373301574541675e-07 0.0 0.0 0.0 0.0436881928057982 0.0 0.0 0.0 0.0 0.009462190546722909 0.0 0.0 0.0 0.04085025495697944 0.0 0.0 0.0 0.00025773919725795855 0.0 0.0 0.0 0.0012995173653635097 0.0 0.0008712800303741228 0.0 0.0 0.033396104487275285 9.117801809573627e-09 0.0 0.0 0.004767720348685272 0.0018385791758317982 0.0 0.0 0.06119577704682383 0.01773119299051331 0.0 0.0 0.007310281878531449 0.0010827704573217673 0.0 0.0 0.04595826067030331 4.364476273936704e-08 0.0 0.0 0.03916934822755987 7.823768291733362e-05 0.0 0.0 0.01076915677623954 0.036776237164821 0.0 0.0 0.004404318608814346
0.0 0.008007466869967174 0.0 0.0 0.0 0.0038113823891307162 0.0 0.0 0.0 2.4280063995280975e-08 0.0 0.0 0.0 0.005249684194181161 0.0 0.0 0.0 0.0 0.002900452573697041 0.0 0.0 0.0 0.02969929411954567 0.0 0.0 0.0 0.028184454981513233 0.0 0.0 0.0 0.030319785233856988 0.0 4.9044103724453444e-05 0.0 0.0 0.0018573939114621843 2.7849548023992984e-09 0.0 0.0 0.0016412132128510728 5.847258417663643e-05 0.0 0.0 0.0036174610736781714 0.0013636808297279761 0.0 0.0 0.00041986095474733234 0.0019136462662416576 0.0 0.0 0.10602642076217196 2.429323268002468e-07 0.0 0.0 0.11579089517027151 0.0022736163416548693 0.0 0.0 0.08662039522617755 0.06482563473649097 0.0 0.0 0.04876438466007615 0.0 6.635538822073618e-07 0.0 0.0 0.0 4.828638450170083e-07 0.0 0.0 0.0 7.393879071999464e-12 0.0 0.0 0.0 5.412602833144485e-08 0.0 0.0 0.0 0.0 0.0037842498529356543 0.0 0.0 0.0 0.04071438079621092 0.0 0.0 0.0 0.04526551712934222 0.0 0.0 0.0 0.017674721108992462 0.0 0.0014684988911420477 0.0 0.0 0.02671449918127481 5.34909632952958e-09 0.0 0.0 0.016413760176396144 0.002369527403142795 0.0 0.0 0.047547783517840454 0.028701502598882267 0.0 0.0 0.009222567580018753 0.007035517333230268 0.0 0.0 0.14212820791843167 6.054847584122107e-07 0.0 0.0 0.2749454326696704 0.013973315513134712 0.0 0.0 0.19272991764730704 0.026478577196557555 0.0 0.0 0.008488395754968993 0.0 0.011470487342124564 0.0 0.0 0.0 0.006613080316310145 0.0 0.0 0.0 1.976712779739095e-07 0.0 0.0 0.0 0.013119969252989723 0.0 0.0 0.0 0.0 1.535226075621882e-07 0.0 0.0 0.0 5.171715008497556e-08 0.0 0.0 0.0 1.1669684761501391e-07 0.0 0.0 0.0 2.4766217837080027e-06 0.0 0.0022529821766509844 0.0 0.0 0.020781046884178568 8.879715430803347e-08 0.0 0.0 0.04251195174255955 0.002346551141727428 0.0 0.0 0.027351011002047176 0.007811419777768065 0.0 0.0 0.0031432210872753353 0.004070693771905902 0.0 0.0 0.11236766691161298 1.9402076479314678e-07 0.0 0.0 0.1320062701369578 0.006872511739611454 0.0 0.0 0.2955042790884656 0.10563839914815568 0.0 0.0 0.08160475696474027 0.0 0.07162536914263899 0.0 0.0 0.0 0.09365596804427558 0.0 0.0 0.0 2.576599653121918e-06 0.0 0.0 0.0 0.13134795483536849 0.0 0.0 0.0 0.0 0.002322273506082372 0.0 0.0 0.0 0.054708317105509455 0.0 0.0 0.0 0.032748183801658344 0.0 0.0 0.0 0.054793818499447935 0.0 9.260771257423523e-05 0.0 0.0 0.003477407230113325 4.2899074783448854e-08 0.0 0.0 0.030936627878693793 0.0001303209906660906 0.0 0.0 0.0013816483219277072 0.03450518452065308 0.0 0.0 0.009256179832959238 0.00018556747787349913 0.0 0.0 0.01286259329616592 1.828251440465179e-08 0.0 0.0 0.03201926864264481 0.003179418868588429 0.0 0.0 0.08331227590477075 0.028733467946402858 0.0 0.0 0.01306084946151341
0.0 0.0023434274241024185 0.0 0.0 0.0 0.002855930888877445 0.0 0.0 0.0 1.4450656832537819e-08 0.0 0.0 0.0 0.0032247686205408386 0.0 0.0 0.0 0.0 0.026933534158900603 0.0 0.0 0.0 0.027724489644941435 0.0 0.0 0.0 0.07862735412689666 0.0 0.0 0.0 0.033035257422169235 0.0 1.98885080017091e-10 0.0 0.0 2.073335769395833e-08 3.290761480446075e-08 0.0 0.0 0.026183165556439573 0.0018888338728436384 0.0 0.0 0.023335513993854532 0.012316652468212428 0.0 0.0 0.007616114863412076 0.0018729539555831945 0.0 0.0 0.030935913167624705 3.208963462673298e-08 0.0 0.0 0.09845097300862637 0.0012863294003651726 0.0 0.0 0.050076578251517415 0.047906028240849816 0.0 0.0 0.020072877661722978 0.0 6.428363440897423e-08 0.0 0.0 0.0 9.200433286179842e-08 0.0 0.0 0.0 5.4246560340223224e-12 0.0 0.0 0.0 2.147534517818406e-07 0.0 0.0 0.0 0.0 0.021195372051435478 0.0 0.0 0.0 0.0367842861114733 0.0 0.0 0.0 0.07496488039436097 0.0 0.0 0.0 0.022850972585904062 0.0 0.0006522789695661427 0.0 0.0 0.02334395601344013 5.50652176789543e-09 0.0 0.0 0.018602389984053485 0.0011962164736362374 0.0 0.0 0.04871212494268982 0.043881477457442565 0.0 0.0 0.012771343317577162 0.0005311394414467794 0.0 0.0 0.016363038878930765 2.4724808274948195e-08 0.0 0.0 0.06878490094571772 0.011591198146122106 0.0 0.0 0.26709360268771526 0.07883905773721864 0.0 0.0 0.02791448306376687 0.0 0.009928060424450682 0.0 0.0 0.0 0.006606408306972322 0.0 0.0 0.0 2.6369443812460607e-07 0.0 0.0 0.0 0.013663592251490032 0.0 0.0 0.0 0.0 1.9890765772503498e-08 0.0 0.0 0.0 2.7884181426559358e-08 0.0 0.0 0.0 8.168889611663914e-07 0.0 0.0 0.0 1.844196498535739e-07 0.0 0.0007051513350311482 0.0 0.0 0.024327109729441673 7.844699704183287e-08 0.0 0.0 0.041352771775233395 0.002998430820630167 0.0 0.0 0.03863488924221569 0.03826003622488792 0.0 0.0 0.011123899644767017 0.0029349384998482984 0.0 0.0 0.08627641939736982 7.487545968776116e-08 0.0 0.0 0.10725526280729039 0.012695017988203366 0.0 0.0 0.2250569047385931 0.12601809648267331 0.0 0.0 0.09032051434957346 0.0 0.15404908322072042 0.0 0.0 0.0 0.1402434940914055 0.0 0.0 0.0 7.913037812292417e-07 0.0 0.0 0.0 0.17012550083659814 0.0 0.0 0.0 0.0 0.023211408493517962 0.0 0.0 0.0 0.07747077734375607 0.0 0.0 0.0 0.003809315809444061 0.0 0.0 0.0 0.08252257481536268 0.0 0.001313411705586009 0.0 0.0 0.04156259709127121 4.0366358002238325e-08 0.0 0.0 0.040312668654266755 4.689769272419864e-14 0.0 0.0 7.814581444690645e-08 0.044596546184087975 0.0 0.0 0.010623647095654587 0.00041426727823088246 0.0 0.0 0.027792630764488287 5.245085793942584e-08 0.0 0.0 0.05240221528562421 1.4577073979580311e-08 0.0 0.0 0.02723272498306623 0.07260097465713264 0.0 0.0 0.023088779061112934
0.0 0.00952697573729093 0.0 0.0 0.0 0.00754325780123145 0.0 0.0 0.0 6.748417531109345e-08 0.0 0.0 0.0 0.006932615544995143 0.0 0.0 0.0 0.0 0.010529130671062663 0.0 0.0 0.0 0.05150016403431299 0.0 0.0 0.0 0.025705381427328623 0.0 0.0 0.0 0.10876795718121084 0.0 0.00021766267495604104 0.0 0.0 0.008255860621936251 3.080960309767399e-08 0.0 0.0 0.027973458839801194 6.995519558618869e-05 0.0 0.0 0.000883823081786885 0.036681549660889386 0.0 0.0 0.0027209076026842465 0.0035803736163834677 0.0 0.0 0.12330892311567186 7.045624978424009e-07 0.0 0.0 0.2756265456395896 0.010056491768392722 0.0 0.0 0.1705095162924653 0.06816729287727746 0.0 0.0 0.0875675300075454 0.0 1.0116250907325685e-06 0.0 0.0 0.0 1.504576870229491e-07 0.0 0.0 0.0 1.3263967370541375e-11 0.0 0.0 0.0 3.568947125002036e-07 0.0 0.0 0.0 0.0 0.0019331268508796678 0.0 0.0 0.0 0.05898460120816679 0.0 0.0 0.0 0.0923906893308835 0.0 0.0 0.0 0.08833653029348977 0.0 0.0006457593358465104 0.0 0.0 0.015514969926929826 7.233536144856476e-08 0.0 0.0 0.04274938387846639 0.0035439925539060583 0.0 0.0 0.06487877475122451 0.002610061191776934 0.0 0.0 0.0008115558354193846 0.007224357171033361 0.0 0.0 0.18190601033995488 1.8078976541129444e-07 0.0 0.0 0.10549084658028786 0.03689579224977208 0.0 0.0 0.6829980009123233 0.09441314856177009 0.0 0.0 0.07285989128500009 0.0 0.03815728192833706 0.0 0.0 0.0 0.03634193507067291 0.0 0.0 0.0 1.837233367346176e-07 0.0 0.0 0.0 0.013815255652554079 0.0 0.0 0.0 0.0 1.2356996211396705e-06 0.0 0.0 0.0 3.934525872848681e-07 0.0 0.0 0.0 3.8706501891439814e-08 0.0 0.0 0.0 1.8181156783591722e-06 0.0 0.001558917290913931 0.0 0.0 0.05065185133740654 9.958109139200929e-08 0.0 0.0 0.050272712048807636 0.0011212556217240555 0.0 0.0 0.010577854293009704 0.005904126823002367 0.0 0.0 0.0016413875738500439 0.008553101085701205 0.0 0.0 0.26372177434505634 2.79103742617256e-07 0.0 0.0 0.535060286492303 0.026225087878860114 0.0 0.0 0.2729134326511699 0.17822364512402214 0.0 0.0 0.059445310773061664 0.0 0.14881749401238534 0.0 0.0 0.0 0.1891667302799078 0.0 0.0 0.0 3.2347536126620695e-06 0.0 0.0 0.0 0.09765669994946843 0.0 0.0 0.0 0.0 0.06433981437343404 0.0 0.0 0.0 0.008530773071629022 0.0 0.0 0.0 0.00363209510509166 0.0 0.0 0.0 0.04190224549157544 0.0 0.0030232475034763315 0.0 0.0 0.11906964602673721 6.030689883011704e-08 0.0 0.0 0.042484084593625314 0.002569857884505278 0.0 0.0 0.05275786930756686 0.015108092021042581 0.0 0.0 0.003995693438101973 0.0005270172191365984 0.0 0.0 0.026866942551866703 4.49615811033268e-08 0.0 0.0 0.07065615966096035 0.007832223222154287 0.0 0.0 0.08862364616437046 0.034536242735593296 0.0 0.0 0.014026261613953228
0.0 0.0 0.0 0.0 0.0 0.0 0.0 0.0 0.0 3.647927343581446e-08 0.0 0.0 0.0 0.0025854312371962006 0.0 0.0 0.0 0.0 0.0 0.0 0.0 0.0 0.0 0.0 0.0 0.0 0.04813473441885221 0.0 0.0 0.0 0.1615745185488611 0.0 0.0 0.0 0.0 0.0 0.0 0.0 0.0 0.0 0.0016443801110800726 0.0 0.0 0.04165960885069452 0.02792874060652923 0.0 0.0 0.02718635738283894 0.0 0.0 0.0 0.0 0.0 0.0 0.0 0.0 0.0008245424125746137 0.0 0.0 0.13448746076185744 0.0390806277297401 0.0 0.0 0.01374524013603312 0.0 0.0 0.0 0.0 0.0 3.095286548125398e-07 0.0 0.0 0.0 5.450747647411668e-13 0.0 0.0 0.0 3.2867721167719103e-07 0.0 0.0 0.0 0.0 0.0 0.0 0.0 0.0 0.006502099953404375 0.0 0.0 0.0 0.00779670504675977 0.0 0.0 0.0 0.08557844681056974 0.0 0.0 0.0 0.0 0.0 1.5994981947946646e-13 0.0 0.0 0.003182365191210312 0.0009654135717724967 0.0 0.0 0.032969418846343385 0.0036536642416255772 0.0 0.0 0.0024944545036113684 0.0 0.0 0.0 0.0 1.349253283387245e-07 0.0 0.0 0.1263655482218417 0.0043394348708859845 0.0 0.0 0.044629332877426264 0.09598791659120304 0.0 0.0 0.03903595221011094 0.0 0.004443667972507173 0.0 0.0 0.0 0.008023779809433423 0.0 0.0 0.0 3.0468724651946516e-07 0.0 0.0 0.0 0.03478051087608401 0.0 0.0 0.0 0.0 7.916054016666409e-09 0.0 0.0 0.0 1.121408497760347e-07 0.0 0.0 0.0 1.6740847566218096e-06 0.0 0.0 0.0 5.15499118997852e-06 0.0 2.616816469870681e-14 0.0 0.0 2.0440512664053395e-07 1.4376103778612528e-13 0.0 0.0 3.902173294323839e-08 0.004524808574328546 0.0 0.0 0.09162209031631599 0.07245922487617941 0.0 0.0 0.051733298517676676 4.6709459153668835e-09 0.0 0.0 0.0409062676422065 3.7165767599987773e-07 0.0 0.0 0.12802615519076352 0.013255423533498263 0.0 0.0 0.34409722487251865 0.27595284292742717 0.0 0.0 0.19997110430757314 0.0 0.20526558499520614 0.0 0.0 0.0 0.09185316247264566 0.0 0.0 0.0 6.789424604376514e-06 0.0 0.0 0.0 0.5167424997721003 0.0 0.0 0.0 0.0 0.09841907903508874 0.0 0.0 0.0 0.03676310426046892 0.0 0.0 0.0 0.2000080616746308 0.0 0.0 0.0 0.22761454165306816 0.0 0.0020807692412371463 0.0 0.0 0.12046237487352165 9.61735655370639e-08 0.0 0.0 0.03293055181727358 0.01615914533955973 0.0 0.0 0.17512082604695112 0.08951327240809831 0.0 0.0 0.047438058071439713 0.0005046938042604066 0.0 0.0 0.02676902411935047 3.544953797797214e-08 0.0 0.0 0.01985366025397419 0.006013272461084225 0.0 0.0 0.14689373633556715 0.18767304119368478 0.0 0.0 0.06477240207327017
0.0 0.0 0.0 0.0 0.0 0.000599922720265638 0.0 0.0 0.0 3.675386967118798e-08 0.0 0.0 0.0 0.00039340223661165475 0.0 0.0 0.0 0.0 0.0 0.0 0.0 0.0 0.12641625350939648 0.0 0.0 0.0 0.05248477758420957 0.0 0.0 0.0 0.11569278619499505 0.0 0.0 0.0 0.0 0.0 1.7584808145642058e-09 0.0 0.0 0.002378712600529209 9.396417771862949e-08 0.0 0.0 0.004553061534635053 0.003128222187402654 0.0 0.0 0.0005455682188433847 0.0 0.0 0.0 0.0 1.244510663222964e-08 0.0 0.0 0.018886692038167 0.0034870383671259846 0.0 0.0 0.08775658686792781 0.023868854555817633 0.0 0.0 0.004652761678275396 0.0 0.0 0.0 0.0 0.0 3.455396302799569e-08 0.0 0.0 0.0 3.635250331196642e-11 0.0 0.0 0.0 2.1071707819009345e-07 0.0 0.0 0.0 0.0 0.0 0.0 0.0 0.0 0.055963800914509525 0.0 0.0 0.0 0.16591028582581735 0.0 0.0 0.0 0.0658397010160882 0.0 0.0 0.0 0.0 0.0 1.7006738438145682e-12 0.0 0.0 0.06620180479107284 0.013686336931408399 0.0 0.0 0.1656868251288956 4.6993216253121994e-06 0.0 0.0 0.031896908020128734 0.0 0.0 0.0 0.0 5.982083705952204e-13 0.0 0.0 0.02611595481010152 0.06243009663652137 0.0 0.0 1.2233840012324084 2.022908635295703e-06 0.0 0.0 0.050538053088390045 0.0 0.0052966898402405024 0.0 0.0 0.0 0.05319202101179504 0.0 0.0 0.0 5.747667182271301e-07 0.0 0.0 0.0 0.07761119531309514 0.0 0.0 0.0 0.0 1.586510746952707e-06 0.0 0.0 0.0 2.811224833191228e-06 0.0 0.0 0.0 2.2636439484783762e-06 0.0 0.0 0.0 1.7998186900093942e-05 0.0 3.804513844032258e-09 0.0 0.0 0.008022390216779043 1.3668200947960413e-12 0.0 0.0 0.04401847578592803 0.003046723704293497 0.0 0.0 0.11545389893448185 0.08462362792951747 0.0 0.0 0.07300065466859945 2.572622294180157e-08 0.0 0.0 0.060820101437469604 3.0067362422843325e-11 0.0 0.0 1.089039452521576 0.019577197468334438 0.0 0.0 0.6774681143779253 0.4588991772202513 0.0 0.0 0.4921001072572028 0.0 0.2892971274483606 0.0 0.0 0.0 0.23392180947039137 0.0 0.0 0.0 2.5603816553529442e-05 0.0 0.0 0.0 0.14424918239676462 0.0 0.0 0.0 0.0 0.010604073753321881 0.0 0.0 0.0 0.09509370854609235 0.0 0.0 0.0 0.10976864620571156 0.0 0.0 0.0 0.01133913114648961 0.0 6.434878830297008e-08 0.0 0.0 0.012968797418625952 1.9311704518346456e-07 0.0 0.0 0.04947792259331161 0.01014329371524978 0.0 0.0 0.13326424029985076 2.9442164705427233e-12 0.0 0.0 2.8109755054795064e-08 0.0009932678312218751 0.0 0.0 0.05684065687954584 3.7953028026410704e-08 0.0 0.0 0.06635111353596884 0.027337726215746098 0.0 0.0 0.46086846510661705 0.04977903126190714 0.0 0.0 0.017055019690058036
0.0 0.0 0.0 0.0 0.0 0.0022697677914819497 0.0 0.0 0.0 1.1764780175790828e-08 0.0 0.0 0.0 0.005951429578156752 0.0 0.0 0.0 0.0 0.0 0.0 0.0 0.0 0.01456280261359387 0.0 0.0 0.0 0.08907095964924105 0.0 0.0 0.0 0.14082424432437418 0.0 0.0 0.0 0.0 0.0 1.8500505073369185e-15 0.0 0.0 9.727113008722108e-05 0.0033328270741476117 0.0 0.0 0.022571752018196882 0.009010560448043938 0.0 0.0 0.0012339415360087232 0.0 0.0 0.0 0.0 1.47562390736225e-12 0.0 0.0 0.07929242287584348 0.0017590858582801718 0.0 0.0 0.02759876025408011 0.052900321648909635 0.0 0.0 0.07874629570195878 0.0 1.0566084903280364e-08 0.0 0.0 0.0 7.990923090675461e-08 0.0 0.0 0.0 7.885729001758542e-12 0.0 0.0 0.0 4.4116543747480193e-07 0.0 0.0 0.0 0.0 0.008297341267349958 0.0 0.0 0.0 0.003647140203119863 0.0 0.0 0.0 0.12530671526540663 0.0 0.0 0.0 0.10546858467847507 0.0 0.00034362118678471927 0.0 0.0 0.033811572484290286 5.689348472694717e-14 0.0 0.0 3.3917356897218676e-08 0.00906899357671262 0.0 0.0 0.07598752189751745 0.030324272470008483 0.0 0.0 0.008376397989341785 5.08319858117467e-05 0.0 0.0 0.005607754715920388 6.652436323598748e-08 0.0 0.0 0.04446381165211417 0.013880948504163859 0.0 0.0 0.3530894072232178 0.2080073003591154 0.0 0.0 0.08082319319379966 0.0 0.026425561165889712 0.0 0.0 0.0 0.022854543898773207 0.0 0.0 0.0 3.203276691840555e-07 0.0 0.0 0.0 0.032521982054486524 0.0 0.0 0.0 0.0 1.6720096435313493e-08 0.0 0.0 0.0 3.5221233580788507e-06 0.0 0.0 0.0 2.6063598643520348e-06 0.0 0.0 0.0 6.0683702091396385e-06 0.0 0.0026463086768330644 0.0 0.0 0.04299152458925064 5.550533777396838e-08 0.0 0.0 0.06261574445084928 0.004651607406028693 0.0 0.0 0.053326843272001684 0.037843464808905505 0.0 0.0 0.04907436959735051 0.003622716564301726 0.0 0.0 0.06864726890235442 3.241030148410774e-07 0.0 0.0 0.2994148675686028 0.0315835735299442 0.0 0.0 0.295324106754428 0.24850792269726646 0.0 0.0 0.20937977894668594 0.0 0.21803243485523446 0.0 0.0 0.0 0.22602032351405676 0.0 0.0 0.0 1.1881473192916991e-05 0.0 0.0 0.0 0.20525820317816518 0.0 0.0 0.0 0.0 0.027948994219039833 0.0 0.0 0.0 0.13969896531105605 0.0 0.0 0.0 0.03876963703204513 0.0 0.0 0.0 0.045810192325969466 0.0 0.0010550120835639471 0.0 0.0 0.044740885995023655 9.462176921542403e-08 0.0 0.0 0.16865497137468577 0.006154125928576858 0.0 0.0 0.07926769230807273 0.010579859204209787 0.0 0.0 0.004584024894390539 0.0005027186371236735 0.0 0.0 0.04449787965370838 5.156436729117329e-08 0.0 0.0 0.09107031229521084 0.011371245568964617 0.0 0.0 0.24931447533908385 0.05214862115503888 0.0 0.0 0.01839702468592015
0.0 0.004204740327830667 0.0 0.0 0.0 0.002196959413468232 0.0 0.0 0.0 6.061973263536949e-08 0.0 0.0 0.0 0.004851563498844692 0.0 0.0 0.0 0.0 0.058289058895509276 0.0 0.0 0.0 0.04107849699059616 0.0 0.0 0.0 0.003351558606413474 0.0 0.0 0.0 0.25953829915947263 0.0 0.0004911372505512709 0.0 0.0 0.05279311574414111 5.516856512210064e-08 0.0 0.0 0.019339180511329303 0.0018806081134819645 0.0 0.0 0.02962076484800894 0.029194161091630436 0.0 0.0 0.008151744234362865 0.0028484916886381668 0.0 0.0 0.06817966437299554 1.0185461250471998e-07 0.0 0.0 0.06192267824787269 0.005143294340404237 0.0 0.0 0.14680992175162474 0.23303579693900478 0.0 0.0 0.05678142796229363 0.0 2.2830911355911964e-07 0.0 0.0 0.0 1.9329699060775295e-07 0.0 0.0 0.0 6.981620870479992e-13 0.0 0.0 0.0 2.5201476124927514e-08 0.0 0.0 0.0 0.0 0.04250746084580593 0.0 0.0 0.0 0.04410045631273467 0.0 0.0 0.0 0.004522586594638174 0.0 0.0 0.0 0.026112818722710603 0.0 0.001036107610826423 0.0 0.0 0.05382548313038769 6.4918415984862805e-09 0.0 0.0 0.004423391527423831 7.815327413385342e-05 0.0 0.0 0.031122609119809807 0.015069346820268097 0.0 0.0 0.004008742068442354 0.0006872656784661399 0.0 0.0 0.08874966270506629 1.401785096291459e-07 0.0 0.0 0.10714765242555468 8.695016089533518e-05 0.0 0.0 0.057592804989657666 0.01242198252604638 0.0 0.0 0.004655820754278453 0.0 0.00563632516074948 0.0 0.0 0.0 0.0015106779185246081 0.0 0.0 0.0 1.7274501142334023e-07 0.0 0.0 0.0 0.00699236594529205 0.0 0.0 0.0 0.0 1.9288882797714527e-08 0.0 0.0 0.0 2.5228188278874983e-08 0.0 0.0 0.0 4.88843421629779e-08 0.0 0.0 0.0 1.6388814308783105e-07 0.0 2.6515328688434216e-10 0.0 0.0 3.6624818741398046e-08 1.2170329997157098e-18 0.0 0.0 4.680748687720469e-13 1.5102567416330866e-05 0.0 0.0 0.004582665783215027 0.0005906802891059149 0.0 0.0 3.427229546950905e-05 0.00042450940061537697 0.0 0.0 0.05620784535300232 6.870024911321439e-08 0.0 0.0 0.029623596199180934 0.007461606281345701 0.0 0.0 0.1747466120183354 0.1268631931119863 0.0 0.0 0.05232553274966916 0.0 0.3524161198542978 0.0 0.0 0.0 0.11353549184690592 0.0 0.0 0.0 3.413311405818709e-08 0.0 0.0 0.0 0.06172267301841077 0.0 0.0 0.0 0.0 0.04067422793187301 0.0 0.0 0.0 0.02438486151161456 0.0 0.0 0.0 9.374756124731659e-05 0.0 0.0 0.0 0.011568375777756315 0.0 0.004130080569862379 0.0 0.0 0.1890606569914095 1.4469140524304916e-08 0.0 0.0 0.015347348291005194 0.0007681656509266708 0.0 0.0 0.028900125833777393 0.05161718423019899 0.0 0.0 0.013077093987777653 0.0016357313957631832 0.0 0.0 0.06590491223562508 5.9945359960698e-08 0.0 0.0 0.03353843221563986 3.1780457098904176e-05 0.0 0.0 0.0013405144104466536 0.04071799551939815 0.0 0.0 0.008102885746124113
0.0 0.004624574544730734 0.0 0.0 0.0 0.008637328304779672 0.0 0.0 0.0 1.826034036465009e-08 0.0 0.0 0.0 0.0013024945914457144 0.0 0.0 0.0 0.0 0.0021385602479669944 0.0 0.0 0.0 0.10220501216994159 0.0 0.0 0.0 0.002748831665884184 0.0 0.0 0.0 0.04808852615853243 0.0 3.5437863281460685e-10 0.0 0.0 0.0012140897315783665 3.8533102325389074e-08 0.0 0.0 0.018499395906080917 3.780064835568349e-09 0.0 0.0 1.3936904985680707e-07 0.012822857686351406 0.0 0.0 0.005371284549950348 0.0010014326239425981 0.0 0.0 0.08332612510774066 4.404327209850209e-07 0.0 0.0 0.20910865422461394 0.0013729150851206303 0.0 0.0 0.057414613579765454 0.07071223598290527 0.0 0.0 0.015543905381378221 0.0 7.53496394228308e-07 0.0 0.0 0.0 9.416880256758551e-07 0.0 0.0 0.0 1.13383200634204e-12 0.0 0.0 0.0 3.9257082288390153e-07 0.0 0.0 0.0 0.0 0.004741925214205717 0.0 0.0 0.0 0.08157651692443818 0.0 0.0 0.0 0.012473125826832765 0.0 0.0 0.0 0.003766209581892188 0.0 0.00012547200631677122 0.0 0.0 0.0045599516982957255 2.6354183306637093e-07 0.0 0.0 0.0804048525486897 0.008719901950035401 0.0 0.0 0.13796672901252824 0.0189494112714964 0.0 0.0 0.009461128711124709 0.0075699702391805925 0.0 0.0 0.22914801430650833 1.0623872973812757e-06 0.0 0.0 0.29954027596140614 0.0036402209097628484 0.0 0.0 0.05257784839049564 0.05652175021628348 0.0 0.0 0.0959106728690564 0.0 0.009688675259041367 0.0 0.0 0.0 0.004015438882331582 0.0 0.0 0.0 6.709793585916896e-08 0.0 0.0 0.0 0.007276011403684237 0.0 0.0 0.0 0.0 1.3566521127778414e-08 0.0 0.0 0.0 2.5167156942998044e-08 0.0 0.0 0.0 9.088887305815976e-07 0.0 0.0 0.0 9.94014111025716e-07 0.0 0.00011651909828627421 0.0 0.0 0.001452306873158624 1.2913340502657439e-08 0.0 0.0 0.005015641070987753 0.000978382816821926 0.0 0.0 0.017748617066606298 0.00517323115819928 0.0 0.0 0.0007164483428525773 0.004980343760055186 0.0 0.0 0.07606692405327542 1.766706188369618e-07 0.0 0.0 0.08327348790590237 0.006302280189145431 0.0 0.0 0.09804278742121059 0.12874272557144498 0.0 0.0 0.04270015473038389 0.0 0.14086692694215885 0.0 0.0 0.0 0.08990406867223191 0.0 0.0 0.0 1.811560868574795e-06 0.0 0.0 0.0 0.15284336626437509 0.0 0.0 0.0 0.0 0.031027310881862846 0.0 0.0 0.0 0.07640615647878327 0.0 0.0 0.0 0.011248877714410603 0.0 0.0 0.0 0.04273991975527122 0.0 0.0002739763407005481 0.0 0.0 0.0213474305201321 4.933558828053589e-08 0.0 0.0 0.022917343748232705 2.7132910292633555e-08 0.0 0.0 0.01774871201316196 0.027176432025078433 0.0 0.0 0.0051316783940025465 0.0004967012784358816 0.0 0.0 0.02136548012749849 4.394187524185942e-08 0.0 0.0 0.026150163914077297 0.001339354738173988 0.0 0.0 0.061965999450812596 0.06351752952787519 0.0 0.0 0.016273682734524276
0.0 0.0 0.0 0.0 0.0 0.0013214427087952783 0.0 0.0 0.0 1.982848945597586e-08 0.0 0.0 0.0 0.0 0.0 0.0 0.0 0.0 0.0 0.0 0.0 0.0 0.04140913461850078 0.0 0.0 0.0 1.146761592452376e-07 0.0 0.0 0.0 0.0 0.0 0.0 0.0 0.0 0.0 5.426753078061334e-14 0.0 0.0 0.0028047811229554276 0.00010419536743893558 0.0 0.0 0.0019853066425010567 0.0 0.0 0.0 0.0 0.0 0.0 0.0 0.0 8.252058343112398e-13 0.0 0.0 0.05147681446936058 0.002075666973198098 0.0 0.0 0.044340782972458984 0.0 0.0 0.0 0.0 0.0 2.9151292524420253e-07 0.0 0.0 0.0 0.0 0.0 0.0 0.0 3.9470105199454775e-11 0.0 0.0 0.0 0.0 0.0 0.0 0.0 0.0 0.004117867836352664 0.0 0.0 0.0 0.0 0.0 0.0 0.0 0.08021328223236343 0.0 0.0 0.0 0.0 0.0 3.00414018446629e-14 0.0 0.0 2.1009007151667342e-12 0.0 0.0 0.0 0.0 0.0020650176832897106 0.0 0.0 0.03934629380805189 0.0 0.0 0.0 0.0 0.0011700844806543363 0.0 0.0 0.09172392908842834 0.0 0.0 0.0 0.0 0.0641735847373432 0.0 0.0 1.7059391934490662 0.0 0.0 0.0 0.0 0.0 0.0 0.0 0.0 0.0 0.08575855785704772 0.0 0.0 0.0 4.2294298733129135e-07 0.0 0.0 0.0 0.006204251398118391 0.0 0.0 0.0 0.0 0.0 0.0 0.0 0.0 2.176876045796746e-06 0.0 0.0 0.0 7.985446677877368e-08 0.0 0.0 0.0 4.188547774573766e-12 0.0 0.0 0.0 0.0 0.0 1.7718470009461455e-08 0.0 0.0 0.07194902256752064 0.000822550277383426 0.0 0.0 0.017807019341932667 0.0020698215798112805 0.0 0.0 0.0022141619472194406 0.0 0.0 0.0 0.0 3.370462998865816e-07 0.0 0.0 1.7825333463444468 0.018824471823481955 0.0 0.0 0.5446184932826968 0.03934083329984592 0.0 0.0 0.04718310469130794 0.0 0.041408957781734784 0.0 0.0 0.0 0.0 0.0 0.0 0.0 1.697097922423285e-06 0.0 0.0 0.0 0.0 0.0 0.0 0.0 0.0 0.0007764152965970243 0.0 0.0 0.0 0.0 0.0 0.0 0.0 0.005427836101521367 0.0 0.0 0.0 0.0 0.0 1.4318002932493132e-14 0.0 0.0 5.2046484538553e-13 0.0 0.0 0.0 0.0 1.8219909626516627e-13 0.0 0.0 3.4715658299905765e-12 0.0 0.0 0.0 0.0 0.00015137805658603864 0.0 0.0 0.006169335324793162 0.0 0.0 0.0 0.0 0.0019263123040031613 0.0 0.0 0.04115024095314501 0.0 0.0 0.0 0.0
0.0 0.004061672402913774 0.0 0.0 0.0 0.0004281351897464229 0.0 0.0 0.0 3.121390933117697e-07 0.0 0.0 0.0 0.004421818177745107 0.0 0.0 0.0 0.0 0.0071184542169588465 0.0 0.0 0.0 0.0793445737913961 0.0 0.0 0.0 0.2046791686528578 0.0 0.0 0.0 0.09010941536763566 0.0 1.6911038164963866e-14 0.0 0.0 4.386736952551698e-08 2.720195912572312e-09 0.0 0.0 0.0013800554927241241 0.0007683241880440757 0.0 0.0 0.023651630887611987 2.3317701905587245e-06 0.0 0.0 0.017675130669981432 2.78175602187009e-08 0.0 0.0 0.08090155283668828 1.921392808799033e-08 0.0 0.0 0.010928964733516858 0.019899659715715515 0.0 0.0 0.6718184158317527 0.11576705512916619 0.0 0.0 0.04826950230980361 0.0 0.0 0.0 0.0 0.0 4.494265156333184e-07 0.0 0.0 0.0 1.2950966557682975e-11 0.0 0.0 0.0 8.312808948810379e-07 0.0 0.0 0.0 0.0 0.0 0.0 0.0 0.0 0.07459888270619384 0.0 0.0 0.0 0.1315453546980461 0.0 0.0 0.0 0.16896096166480834 0.0 0.0 0.0 0.0 0.0 1.704953240237897e-08 0.0 0.0 0.009575442855600825 0.0003389358545503271 0.0 0.0 0.0024344289063146867 0.059339538587321244 0.0 0.0 0.08891796804933845 0.0 0.0 0.0 0.0 1.9515563051433935e-07 0.0 0.0 0.19207026623104936 0.029090469603666083 0.0 0.0 0.573244820056532 0.1642038099724206 0.0 0.0 0.16314914843576914 0.0 0.07287056583600945 0.0 0.0 0.0 0.029967482075035256 0.0 0.0 0.0 1.184570539724169e-06 0.0 0.0 0.0 0.04945546087522908 0.0 0.0 0.0 0.0 4.253611723775651e-06 0.0 0.0 0.0 6.635759081890151e-06 0.0 0.0 0.0 2.9015462293234746e-06 0.0 0.0 0.0 3.3407503486571825e-06 0.0 0.00022364263700123813 0.0 0.0 0.03207710341649145 3.21343411239914e-07 0.0 0.0 0.15609329185538534 0.0010593157826156838 0.0 0.0 0.05731158051408881 0.035353333071454364 0.0 0.0 0.0997334511691366 0.00791583277990151 0.0 0.0 0.7156443619924403 3.6093404861738586e-07 0.0 0.0 0.45850416602359034 0.054880565440127003 0.0 0.0 1.2679707192690126 0.3217055132048236 0.0 0.0 0.4145664123440828 0.0 0.2846428875385917 0.0 0.0 0.0 0.344709132377751 0.0 0.0 0.0 1.8311129152553982e-05 0.0 0.0 0.0 0.1967755554252929 0.0 0.0 0.0 0.0 0.02253971124897303 0.0 0.0 0.0 0.0066562390459861225 0.0 0.0 0.0 0.05657194600163295 0.0 0.0 0.0 0.16488576946256991 0.0 0.00015935739283079003 0.0 0.0 0.011027315292936908 1.464033517369164e-07 0.0 0.0 0.17491246667762092 0.020093173229537836 0.0 0.0 0.1713693058312852 0.0024652060177979386 0.0 0.0 0.043932516400001224 0.0006130575998321544 0.0 0.0 0.04934467549286548 2.1790026296941686e-07 0.0 0.0 0.11829405558557998 0.02995408826119832 0.0 0.0 0.5507289358207607 0.1273090987176137 0.0 0.0 0.017122360825769203
0.0 0.008536524614676588 0.0 0.0 0.0 0.002495001826230914 0.0 0.0 0.0 1.0462476927041389e-07 0.0 0.0 0.0 0.005704724161666337 0.0 0.0 0.0 0.0 0.009887683923880076 0.0 0.0 0.0 0.04375973674255912 0.0 0.0 0.0 0.024466885841855156 0.0 0.0 0.0 0.05480816911229976 0.0 9.252235895116956e-05 0.0 0.0 0.004902223022137304 7.797533104742329e-09 0.0 0.0 0.0029518066523359144 0.00020792294383333278 0.0 0.0 0.002444384990108239 0.00340269316926354 0.0 0.0 0.0006515564586172611 0.0031327074435546103 0.0 0.0 0.18877628479100372 1.62700044573239e-07 0.0 0.0 0.07999005197381842 0.018045820487826644 0.0 0.0 0.3424251841891736 0.14926042241627888 0.0 0.0 0.04456597006691837 0.0 3.4478572846312815e-07 0.0 0.0 0.0 2.173600790107283e-07 0.0 0.0 0.0 4.291534535848133e-12 0.0 0.0 0.0 6.493142494532472e-08 0.0 0.0 0.0 0.0 0.004655375671112343 0.0 0.0 0.0 0.03298833469157718 0.0 0.0 0.0 0.15013707493705367 0.0 0.0 0.0 0.0015137400738274099 0.0 1.9110608104297016e-09 0.0 0.0 0.0026697031199140954 1.2499171633679287e-08 0.0 0.0 0.007527481192326771 0.003839223568133079 0.0 0.0 0.10995532122699801 9.909146648132545e-07 0.0 0.0 0.031569234891194384 0.0029434700351454635 0.0 0.0 0.11892787216956087 9.176969979317122e-08 0.0 0.0 0.08868063017966754 0.0073992343340223525 0.0 0.0 0.20239062746874872 0.036025831385073676 0.0 0.0 0.01702131626549613 0.0 0.04757049726489452 0.0 0.0 0.0 0.00823289051220093 0.0 0.0 0.0 3.912599346015869e-07 0.0 0.0 0.0 0.012420996993891719 0.0 0.0 0.0 0.0 3.830202004442318e-07 0.0 0.0 0.0 7.406115951696414e-08 0.0 0.0 0.0 1.4714439516687904e-06 0.0 0.0 0.0 8.569100445144658e-08 0.0 0.00105242147520208 0.0 0.0 0.06868690978069247 1.7388124534052844e-08 0.0 0.0 0.035058424560141827 0.005996530598338608 0.0 0.0 0.09068513085772618 0.004447506400191212 0.0 0.0 0.0016778966691181575 0.009205675583153583 0.0 0.0 0.4333367728767859 2.534387813303393e-07 0.0 0.0 0.1720362861937952 0.027920464924457242 0.0 0.0 0.607511027839883 0.1391144597435455 0.0 0.0 0.05766700065645232 0.0 0.09889715731932977 0.0 0.0 0.0 0.17856641567505974 0.0 0.0 0.0 1.5183273206748967e-06 0.0 0.0 0.0 0.11103895996768534 0.0 0.0 0.0 0.0 0.01620556289868437 0.0 0.0 0.0 0.07881382382816776 0.0 0.0 0.0 0.03299940550667461 0.0 0.0 0.0 0.006787778976712292 0.0 9.76986566959973e-05 0.0 0.0 0.002857340049457807 1.3492584426874286e-08 0.0 0.0 0.015302630647492918 0.004014935429493107 0.0 0.0 0.038965370027098 0.008084205050551829 0.0 0.0 0.003947782472982926 0.0003369784348466556 0.0 0.0 0.010802030333507516 6.799558455761887e-08 0.0 0.0 0.07184176220783595 0.000800643744817402 0.0 0.0 0.05241489465711829 0.028299247101028192 0.0 0.0 0.01410438335440218
0.0 0.007785255009958082 0.0 0.0 0.0 0.0033233877622545816 0.0 0.0 0.0 7.4020914694583e-08 0.0 0.0 0.0 0.0007674912533140999 0.0 0.0 0.0 0.0 0.007968095201493748 0.0 0.0 0.0 0.07407840271592059 0.0 0.0 0.0 0.07846396833727116 0.0 0.0 0.0 0.13258478825839778 0.0 0.00017339673232183504 0.0 0.0 0.003063015125269142 5.4340957446942824e-08 0.0 0.0 0.022893987964634665 0.00017806395670724972 0.0 0.0 0.00876116363393782 0.012184293399430796 0.0 0.0 0.002677345867681152 0.004704211886076065 0.0 0.0 0.14171264539352998 7.508930452552201e-08 0.0 0.0 0.09267848136701855 0.010956965181670717 0.0 0.0 0.2324530035667961 0.034621661463995666 0.0 0.0 0.010138808997270826 0.0 1.1339573787445902e-07 0.0 0.0 0.0 1.3283798353381132e-08 0.0 0.0 0.0 2.011898106775511e-12 0.0 0.0 0.0 1.1534985097026001e-07 0.0 0.0 0.0 0.0 0.017958216193975408 0.0 0.0 0.0 0.008803515828799529 0.0 0.0 0.0 0.021392957386414252 0.0 0.0 0.0 0.00645069013665677 0.0 0.0006711021404353857 0.0 0.0 0.025452899677439588 1.7724618040627888e-09 0.0 0.0 0.025457540778720693 0.002094880934346873 0.0 0.0 0.030721715766305703 0.04454752336773145 0.0 0.0 0.005450899200970524 0.0014252437062342949 0.0 0.0 0.03719573456050188 4.582972117104085e-09 0.0 0.0 0.020874463536130473 0.007275092613116556 0.0 0.0 0.10392197264645357 0.08636610102820814 0.0 0.0 0.02259129026523104 0.0 0.01623390839212799 0.0 0.0 0.0 0.004216252434401403 0.0 0.0 0.0 5.9369034935861264e-08 0.0 0.0 0.0 0.0052300137305233895 0.0 0.0 0.0 0.0 4.2980932700601343e-08 0.0 0.0 0.0 2.3539971396095603e-08 0.0 0.0 0.0 2.9978247294946965e-08 0.0 0.0 0.0 3.689281013690713e-08 0.0 0.00038865483586306 0.0 0.0 0.04340518328276938 1.0735932340751928e-14 0.0 0.0 7.812779974644518e-05 0.001265066113508709 0.0 0.0 0.03240323929127157 0.01606633338943325 0.0 0.0 0.006250350989329562 0.0038364387769322574 0.0 0.0 0.18424570075434793 6.395700291955483e-08 0.0 0.0 0.07840884194319153 0.003910165126737614 0.0 0.0 0.10026028957840728 0.11148089402684722 0.0 0.0 0.026378990319705295 0.0 0.28577320441482906 0.0 0.0 0.0 0.04706572606539162 0.0 0.0 0.0 0.0 0.0 0.0 0.0 0.0860870501244526 0.0 0.0 0.0 0.0 0.02018651863283689 0.0 0.0 0.0 0.05151462155372051 0.0 0.0 0.0 0.0 0.0 0.0 0.0 0.020383530271583655 0.0 0.0001135500152036316 0.0 0.0 0.03660678230939149 1.1709258220165898e-08 0.0 0.0 0.02012549247298559 0.0 0.0 0.0 0.0 0.08431575080350315 0.0 0.0 0.018257458249106292 0.0006807723041446623 0.0 0.0 0.042587950803774914 3.057943132692219e-08 0.0 0.0 0.01913296707642014 0.0 0.0 0.0 0.0 0.029343423125523647 0.0 0.0 0.00972271644880398
0.0 0.0014257757039265791 0.0 0.0 0.0 0.005905240669530769 0.0 0.0 0.0 3.450974016473193e-08 0.0 0.0 0.0 0.005980164266548685 0.0 0.0 0.0 0.0 0.021721674409945387 0.0 0.0 0.0 0.11023204300509402 0.0 0.0 0.0 0.027771476500059525 0.0 0.0 0.0 0.4829657736512466 0.0 0.0007974234919255832 0.0 0.0 0.02274284280642322 3.902834478543954e-10 0.0 0.0 0.0016596470202258685 0.00013143570759204754 0.0 0.0 0.0018421000900549884 0.011013369629461383 0.0 0.0 0.002036325779629372 0.0010866846158934002 0.0 0.0 0.023009002617827613 1.2953484285843302e-07 0.0 0.0 0.20072825578676107 0.0060307362921882875 0.0 0.0 0.10579102419224863 0.37830968309682605 0.0 0.0 0.07527063279650209 0.0 1.2992254653006632e-07 0.0 0.0 0.0 0.0 0.0 0.0 0.0 2.579776221109161e-12 0.0 0.0 0.0 0.0 0.0 0.0 0.0 0.0 0.0014651007394981077 0.0 0.0 0.0 0.0 0.0 0.0 0.0 0.00444013993003266 0.0 0.0 0.0 0.0 0.0 5.218920082130674e-09 0.0 0.0 0.015949385129812147 0.0 0.0 0.0 0.0 0.0030805316565798917 0.0 0.0 0.0912021209997819 0.0 0.0 0.0 0.0 1.5571814040545e-08 0.0 0.0 0.05336876706335092 0.0 0.0 0.0 0.0 0.004201603117145365 0.0 0.0 0.14481751705467663 0.0 0.0 0.0 0.0 0.0 0.006162171999780336 0.0 0.0 0.0 0.0 0.0 0.0 0.0 0.0 0.0 0.0 0.0 0.00994196858023299 0.0 0.0 0.0 0.0 3.450974016473193e-08 0.0 0.0 0.0 0.0 0.0 0.0 0.0 0.0 0.0 0.0 0.0 1.8968680286971116e-07 0.0 0.0003563051629919584 0.0 0.0 0.027415171337067567 0.0 0.0 0.0 0.0 0.0 0.0 0.0 0.0 0.003947534315237655 0.0 0.0 0.0009090032727176539 0.0008737180971842443 0.0 0.0 0.10675940618511938 0.0 0.0 0.0 0.0 0.0 0.0 0.0 0.0 0.238744440839673 0.0 0.0 0.06498217971207387 0.0 0.6351028899400921 0.0 0.0 0.0 0.0 0.0 0.0 0.0 1.8968422309349005e-07 0.0 0.0 0.0 0.0 0.0 0.0 0.0 0.0 0.017036335256412256 0.0 0.0 0.0 0.0 0.0 0.0 0.0 0.0004163976579226485 0.0 0.0 0.0 0.0 0.0 0.008155249214242275 0.0 0.0 0.40791231773201564 0.0 0.0 0.0 0.0 0.0024785464490086947 0.0 0.0 0.06253393309695711 0.0 0.0 0.0 0.0 0.002041813776774613 0.0 0.0 0.1330692560614735 0.0 0.0 0.0 0.0 0.00018128735749904103 0.0 0.0 0.005173049400331252 0.0 0.0 0.0 0.0
0.0 0.004143705283826509 0.0 0.0 0.0 0.0016085577508418178 0.0 0.0 0.0 1.360901212710489e-08 0.0 0.0 0.0 0.002084181386967269 0.0 0.0 0.0 0.0 0.031201456965782647 0.0 0.0 0.0 0.053356840975383506 0.0 0.0 0.0 0.010999738860446955 0.0 0.0 0.0 0.04919043929239916 0.0 0.001762866367919975 0.0 0.0 0.03893748839498511 7.674137455180294e-13 0.0 0.0 0.02950324565617671 0.00011765582982085827 0.0 0.0 0.01720794624617449 0.0248703450641675 0.0 0.0 0.004444034926456758 0.0016365184264612307 0.0 0.0 0.07779551066796353 2.5900298276071125e-08 0.0 0.0 0.07100887582347137 0.002040327089793564 0.0 0.0 0.03182533680752766 0.0848543357102866 0.0 0.0 0.02112971894804956 0.0 3.5874595734078423e-07 0.0 0.0 0.0 2.0633459403829482e-07 0.0 0.0 0.0 5.8304445532598345e-12 0.0 0.0 0.0 2.3372195378428043e-07 0.0 0.0 0.0 0.0 0.028951299378402393 0.0 0.0 0.0 0.011506422238225568 0.0 0.0 0.0 0.02788230743297742 0.0 0.0 0.0 0.03878828604035755 0.0 0.0006699499969985306 0.0 0.0 0.02237954752175026 3.1258180415249325e-09 0.0 0.0 0.022404269219076726 0.0030136343650113435 0.0 0.0 0.06381960015384086 0.030661854745641638 0.0 0.0 0.007384882242189356 0.0019186495706623138 0.0 0.0 0.10155774089316826 2.2891564229603368e-07 0.0 0.0 0.12156641627358247 0.00968694983653621 0.0 0.0 0.23764810964106972 0.10434129375169246 0.0 0.0 0.03649201404787993 0.0 0.0 0.0 0.0 0.0 0.01586295211719116 0.0 0.0 0.0 1.4544975562388488e-07 0.0 0.0 0.0 0.006170461924550639 0.0 0.0 0.0 0.0 0.0 0.0 0.0 0.0 2.1719473808891398e-07 0.0 0.0 0.0 5.336769368987442e-08 0.0 0.0 0.0 7.308582459212991e-07 0.0 0.0 0.0 0.0 0.0 1.1791387308949141e-07 0.0 0.0 0.036454293682624185 0.0006504300805572864 0.0 0.0 0.011040676752990853 0.01596304079695464 0.0 0.0 0.007355959382978867 0.0 0.0 0.0 0.0 2.9546947958922905e-07 0.0 0.0 0.2586372158359721 0.006029290509527928 0.0 0.0 0.19994796838918943 0.059392428879888264 0.0 0.0 0.035499415042932914 0.0 0.1406044120642284 0.0 0.0 0.0 0.08965659888733592 0.0 0.0 0.0 8.639207105545563e-07 0.0 0.0 0.0 0.22199860355319254 0.0 0.0 0.0 0.0 0.05669082614228379 0.0 0.0 0.0 0.0854702609619796 0.0 0.0 0.0 0.03258241894930781 0.0 0.0 0.0 0.060974975631733166 0.0 0.0009630610965908069 0.0 0.0 0.024050463068032726 7.984735245265284e-08 0.0 0.0 0.039901206822933764 0.0010669633422009997 0.0 0.0 0.013815165153299464 0.060855609273436244 0.0 0.0 0.023183999330917554 0.0008854125720148657 0.0 0.0 0.025569898827951867 4.763510444916423e-08 0.0 0.0 0.03373587961639631 0.0008808454145765324 0.0 0.0 0.013844761662680269 0.07132086179074998 0.0 0.0 0.028098588740787776
0.0 0.022304318167078008 0.0 0.0 0.0 0.0011849164954174697 0.0 0.0 0.0 9.049713647537631e-08 0.0 0.0 0.0 0.010261945689683328 0.0 0.0 0.0 0.0 0.017033526276269705 0.0 0.0 0.0 0.10709836502429294 0.0 0.0 0.0 0.08907118573852073 0.0 0.0 0.0 0.2276966720800634 0.0 0.0005408646207836933 0.0 0.0 0.011089831801217136 9.085428267941784e-08 0.0 0.0 0.024843650142340717 0.001073342331300989 0.0 0.0 0.012683275716625036 0.006981509273529312 0.0 0.0 0.007253146897221642 0.018541471526587208 0.0 0.0 0.32753011861725057 2.2336267688535528e-08 0.0 0.0 0.015763004275843394 0.021807822025941215 0.0 0.0 0.2227743983235135 0.16725592277854198 0.0 0.0 0.12648098341859146 0.0 0.0 0.0 0.0 0.0 0.0 0.0 0.0 0.0 1.1851296362377299e-12 0.0 0.0 0.0 1.1319036831492166e-07 0.0 0.0 0.0 0.0 0.0 0.0 0.0 0.0 0.0 0.0 0.0 0.0 0.034260274175006995 0.0 0.0 0.0 0.0010155151156458306 0.0 0.0 0.0 0.0 0.0 0.0 0.0 0.0 0.0 0.0021394127575490845 0.0 0.0 0.04322981266628654 0.020139891458006525 0.0 0.0 0.04467022201920259 0.0 0.0 0.0 0.0 0.0 0.0 0.0 0.0 0.006388178633838955 0.0 0.0 0.06287237089457814 0.003069710134183592 0.0 0.0 0.030364580834889736 0.0 0.03988771295506126 0.0 0.0 0.0 0.0030722960102220797 0.0 0.0 0.0 1.9090387962762903e-07 0.0 0.0 0.0 0.034243528562482875 0.0 0.0 0.0 0.0 1.9748059137475602e-06 0.0 0.0 0.0 1.9837024604496642e-08 0.0 0.0 0.0 3.288230124850146e-06 0.0 0.0 0.0 1.745325393127673e-05 0.0 0.0020103032379350455 0.0 0.0 0.05562323584429578 4.941601027359814e-08 0.0 0.0 0.034112640045167376 0.0006802060967419573 0.0 0.0 0.01684108783422455 0.004938399707149025 0.0 0.0 0.052676886025785324 0.008481491729131678 0.0 0.0 0.34066542881299694 2.2662471861504104e-08 0.0 0.0 0.06207500478140037 0.012704514586342898 0.0 0.0 0.3171808269817241 0.21628730689124243 0.0 0.0 0.23776660569704017 0.0 0.3787077179970074 0.0 0.0 0.0 0.03207781256480161 0.0 0.0 0.0 2.204911977877516e-05 0.0 0.0 0.0 0.2064921239899148 0.0 0.0 0.0 0.0 0.04743021055511775 0.0 0.0 0.0 0.0030809540400599865 0.0 0.0 0.0 0.034807829906733645 0.0 0.0 0.0 0.1656787169305379 0.0 0.0023990664768932346 0.0 0.0 0.08735868466360631 1.1044295509663796e-18 0.0 0.0 4.283823114537303e-08 0.006161026281062115 0.0 0.0 0.1446795066156742 0.10620144235190114 0.0 0.0 0.0476085881528103 0.0017780732579844164 0.0 0.0 0.07788644356317022 3.327704431262579e-13 0.0 0.0 0.01447120693272278 0.02072643896718171 0.0 0.0 0.3395333292472008 0.0924255210769486 0.0 0.0 0.02678382038781489
0.0 0.0023988099311902126 0.0 0.0 0.0 0.001867926130652357 0.0 0.0 0.0 3.244529700081991e-08 0.0 0.0 0.0 0.005433422450980938 0.0 0.0 0.0 0.0 6.363306230200479e-08 0.0 0.0 0.0 0.06070647145497026 0.0 0.0 0.0 0.0056669894766174745 0.0 0.0 0.0 0.04614066374485798 0.0 1.7602684776045505e-06 0.0 0.0 6.691961686279239e-05 6.080610143609121e-08 0.0 0.0 0.02274838991397216 0.0003998476791567135 0.0 0.0 0.007692479491751097 5.6527527432096083e-08 0.0 0.0 0.00012402237623199204 0.0009285700708180785 0.0 0.0 0.03957817030661823 6.278739470776545e-08 0.0 0.0 0.043599970387996685 0.003295731604680958 0.0 0.0 0.06889350695655513 0.13642138945925011 0.0 0.0 0.026751914576297563 0.0 1.6419390095820354e-07 0.0 0.0 0.0 1.575938504809243e-06 0.0 0.0 0.0 1.0369520397439913e-11 0.0 0.0 0.0 2.691468953544511e-07 0.0 0.0 0.0 0.0 0.002003244594532285 0.0 0.0 0.0 0.05582263556787093 0.0 0.0 0.0 0.14415415005665305 0.0 0.0 0.0 0.07845012292127888 0.0 0.0011693524535345084 0.0 0.0 0.018591470935240054 2.5459686407649512e-08 0.0 0.0 0.031032320855327554 0.0014998084636729037 0.0 0.0 0.019210013231905028 0.016987267052280833 0.0 0.0 0.018475806518612775 0.0012294749946055923 0.0 0.0 0.06295488048224503 1.0453487854926924e-06 0.0 0.0 0.8585768610244674 0.025794001858258756 0.0 0.0 0.45395643378457884 0.139080081704862 0.0 0.0 0.04782650944527455 0.0 0.008420120205483508 0.0 0.0 0.0 0.03168937176984581 0.0 0.0 0.0 9.511112713761209e-08 0.0 0.0 0.0 0.0034885225336263675 0.0 0.0 0.0 0.0 3.9201772092383434e-09 0.0 0.0 0.0 1.814515816196227e-07 0.0 0.0 0.0 1.7019276321747558e-07 0.0 0.0 0.0 1.4647331918637162e-12 0.0 0.0029879466032645546 0.0 0.0 0.08191327986077136 4.2669642256953674e-08 0.0 0.0 0.03268702210198792 0.0045053730688904324 0.0 0.0 0.03238172959260331 0.021700672038596526 0.0 0.0 0.00844064043886546 0.0027852436757392525 0.0 0.0 0.07579058104268091 7.055113255831058e-07 0.0 0.0 0.4942884962469965 0.0058779963629543575 0.0 0.0 0.12913181097977833 0.035754875215311385 0.0 0.0 0.016563877426193932 0.0 0.10169509397893334 0.0 0.0 0.0 0.2397289612664763 0.0 0.0 0.0 2.2799919312069906e-07 0.0 0.0 0.0 0.10080722672419576 0.0 0.0 0.0 0.0 0.029030224532309433 0.0 0.0 0.0 0.011812508506998083 0.0 0.0 0.0 0.034795396648588085 0.0 0.0 0.0 0.03409131116780282 0.0 1.9555803062161832e-05 0.0 0.0 0.030099147494105184 7.047478976337251e-09 0.0 0.0 0.01006663036437418 0.0021300159499310144 0.0 0.0 0.04090930193597709 0.05927715238966691 0.0 0.0 0.0161802868508089 0.0005782870886187556 0.0 0.0 0.010474866411087918 3.834218746268888e-08 0.0 0.0 0.08218620508871866 9.533463253768375e-05 0.0 0.0 0.008018310487831411 0.033010015581303315 0.0 0.0 0.014479770248397493
0.0 0.03519185976794649 0.0 0.0 0.0 0.0074651157928892885 0.0 0.0 0.0 8.585710825569677e-08 0.0 0.0 0.0 0.007642186965681099 0.0 0.0 0.0 0.0 0.14450883881154217 0.0 0.0 0.0 0.12076319530071666 0.0 0.0 0.0 0.09546289783986413 0.0 0.0 0.0 0.007505134377363923 0.0 0.008574905987331427 0.0 0.0 0.1526543256277934 8.020112494528378e-08 0.0 0.0 0.06656814642510672 0.0005797559478124189 0.0 0.0 0.01360201085478846 0.0044125690555207285 0.0 0.0 0.0012274774562139755 0.017046602639397695 0.0 0.0 0.566696608315366 3.096843020463259e-07 0.0 0.0 0.2675397231705489 0.012085332281724202 0.0 0.0 0.23786502766568263 0.09941785155145616 0.0 0.0 0.08527770084918128 0.0 7.282361457539891e-07 0.0 0.0 0.0 1.6176962474650714e-07 0.0 0.0 0.0 4.792390324735165e-12 0.0 0.0 0.0 1.2650916942945435e-07 0.0 0.0 0.0 0.0 0.07833150314676507 0.0 0.0 0.0 0.006723201671879428 0.0 0.0 0.0 0.04595085659542558 0.0 0.0 0.0 0.0046181844238493315 0.0 0.0016878561324051972 0.0 0.0 0.06605722161737615 2.1124722415328475e-07 0.0 0.0 0.05844292032261932 0.0033799044897901915 0.0 0.0 0.059317223828579665 0.0035015072872480774 0.0 0.0 0.00047858767891730924 0.01074196138512888 0.0 0.0 0.20277583992915904 8.650644210496323e-08 0.0 0.0 0.0889456086737731 0.0028958943276774906 0.0 0.0 0.29942196126456894 0.12047713861800308 0.0 0.0 0.025036645674375704 0.0 0.024568089068328174 0.0 0.0 0.0 0.006372008562797824 0.0 0.0 0.0 1.893730792476877e-07 0.0 0.0 0.0 0.011218504991306465 0.0 0.0 0.0 0.0 1.0215651366742088e-07 0.0 0.0 0.0 1.8101972390190115e-06 0.0 0.0 0.0 4.0154029937453836e-08 0.0 0.0 0.0 4.8849570088307194e-08 0.0 0.0002700417537165891 0.0 0.0 0.003864250079601308 8.721098882794442e-09 0.0 0.0 0.0032820401292574025 0.004220728898628581 0.0 0.0 0.04572108618319372 0.05681825779960503 0.0 0.0 0.030519389723491705 0.01114652755958924 0.0 0.0 0.2683753697653768 1.3285239637009144e-07 0.0 0.0 0.14445618972877344 0.01691229191145146 0.0 0.0 0.29274077392659714 0.1984146686699052 0.0 0.0 0.06262424041310148 0.0 0.311159766987665 0.0 0.0 0.0 0.11578991001050315 0.0 0.0 0.0 1.726122372818484e-06 0.0 0.0 0.0 0.10467121409340517 0.0 0.0 0.0 0.0 0.028704777468927238 0.0 0.0 0.0 0.053051621637636354 0.0 0.0 0.0 0.0032820086992735907 0.0 0.0 0.0 0.03849362475372498 0.0 0.00022350768123411796 0.0 0.0 0.005507843867354828 8.156474543784065e-08 0.0 0.0 0.035017690336126076 0.00019612326708904555 0.0 0.0 0.003899382903927622 0.004458676289427449 0.0 0.0 0.0013136864946037485 0.001726131576612294 0.0 0.0 0.06364381292904078 1.0574184812294941e-07 0.0 0.0 0.052994241028412346 0.001888760871338327 0.0 0.0 0.04210272819985291 0.044121947942780404 0.0 0.0 0.012423770681475377
0.0 0.004158946445129157 0.0 0.0 0.0 0.0001895090083691138 0.0 0.0 0.0 8.170173704254607e-08 0.0 0.0 0.0 0.0023161177470179058 0.0 0.0 0.0 0.0 0.05407548705586564 0.0 0.0 0.0 0.05080420934904688 0.0 0.0 0.0 0.03973913907209709 0.0 0.0 0.0 0.08509904179014853 0.0 9.168951756067053e-05 0.0 0.0 0.0063650073545408635 2.5040592042030134e-14 0.0 0.0 0.001391281503580456 0.0003979027966732994 0.0 0.0 0.006311824974989482 0.024275133020575643 0.0 0.0 0.029927108063896514 0.0007165914274208189 0.0 0.0 0.05472374647666163 1.1385968713500095e-13 0.0 0.0 0.007680734277454004 0.008821457582376903 0.0 0.0 0.18499253042648367 0.09837151368953506 0.0 0.0 0.03030688931247854 0.0 1.2180323777736344e-07 0.0 0.0 0.0 5.429400327396532e-08 0.0 0.0 0.0 1.9946786574432755e-12 0.0 0.0 0.0 7.465797871795695e-08 0.0 0.0 0.0 0.0 3.0100695213488446e-09 0.0 0.0 0.0 0.037980774747422695 0.0 0.0 0.0 0.0475746067043588 0.0 0.0 0.0 0.001973165505342649 0.0 0.00021304705434700659 0.0 0.0 0.0069000899955585 1.1251165433234241e-07 0.0 0.0 0.04105666490078463 0.0029586920327262273 0.0 0.0 0.07977347759544509 3.6162144320734103e-06 0.0 0.0 0.023688213718844414 0.0006142751344664126 0.0 0.0 0.02230533007161547 3.120050261561857e-08 0.0 0.0 0.011060963553516514 0.0044289719280243695 0.0 0.0 0.10552718829180831 0.04829397794547759 0.0 0.0 0.016139553165808607 0.0 0.018611580634943697 0.0 0.0 0.0 0.004708854330563655 0.0 0.0 0.0 1.842472564955828e-07 0.0 0.0 0.0 0.016307383217713568 0.0 0.0 0.0 0.0 1.7502140575312856e-06 0.0 0.0 0.0 9.0381942869438e-08 0.0 0.0 0.0 3.2360529468695523e-08 0.0 0.0 0.0 4.900624071140414e-06 0.0 8.801179642694758e-05 0.0 0.0 0.013235878457947235 1.784463266048511e-08 0.0 0.0 0.024663739135365743 0.002299115463580419 0.0 0.0 0.0297794767611365 0.026600498864158287 0.0 0.0 0.007242123998331187 0.0014262593129894497 0.0 0.0 0.2068994561379926 3.4905876203589254e-08 0.0 0.0 0.09075873167879761 0.00858544920933529 0.0 0.0 0.16956581144322463 0.1446739471609419 0.0 0.0 0.10549981682773081 0.0 0.20094621676112406 0.0 0.0 0.0 0.08263013233425763 0.0 0.0 0.0 6.507629612793046e-06 0.0 0.0 0.0 0.1512801778642329 0.0 0.0 0.0 0.0 0.01029559064728718 0.0 0.0 0.0 0.06580883954537986 0.0 0.0 0.0 0.016595084184593618 0.0 0.0 0.0 0.07706472492159715 0.0 0.00022204307182830958 0.0 0.0 0.025704979575255398 1.5641690019943086e-09 0.0 0.0 0.00260909466703626 0.0027805023082275305 0.0 0.0 0.03538789890918247 0.05049396006510867 0.0 0.0 0.02216710031294961 0.00225385524702079 0.0 0.0 0.030873118321136386 5.27302407336343e-08 0.0 0.0 0.029149081574684675 0.009355911109533379 0.0 0.0 0.11607129827461835 0.045745924266396655 0.0 0.0 0.01364251740125129
0.0 0.0 0.0 0.0 0.0 0.009644534861307221 0.0 0.0 0.0 1.39274630845671e-07 0.0 0.0 0.0 0.0012316569258300845 0.0 0.0 0.0 0.0 0.0 0.0 0.0 0.0 0.014122662125071423 0.0 0.0 0.0 0.11005160842123264 0.0 0.0 0.0 0.13922812236425297 0.0 0.0 0.0 0.0 0.0 3.6538064327947453e-08 0.0 0.0 0.009310900133163052 0.0005349851435652414 0.0 0.0 0.01185122475892423 0.020205197523465036 0.0 0.0 0.01669932500412105 0.0 0.0 0.0 0.0 4.114711272279084e-07 0.0 0.0 0.21011628616390682 0.009218984577350904 0.0 0.0 0.25745478789252024 0.049174100975343624 0.0 0.0 0.01665642849962734 0.0 4.7410214399184586e-07 0.0 0.0 0.0 1.4131119877905007e-07 0.0 0.0 0.0 4.1037997799881215e-12 0.0 0.0 0.0 2.3363744866628694e-07 0.0 0.0 0.0 0.0 0.009310971601566406 0.0 0.0 0.0 0.042245012934438726 0.0 0.0 0.0 0.11897931842075181 0.0 0.0 0.0 0.1267445446653764 0.0 3.1736422870041835e-05 0.0 0.0 0.0019358712632178885 1.8180521877871758e-08 0.0 0.0 0.006297369660353456 0.0026370073949966693 0.0 0.0 0.03370882235995823 0.06771442555899913 0.0 0.0 0.018365845381282636 0.0033032802597707384 0.0 0.0 0.13133456512601493 1.296014707640614e-07 0.0 0.0 0.09737422708760043 0.01811631724158308 0.0 0.0 0.21567026464683053 0.1261558856759486 0.0 0.0 0.05013079514916871 0.0 0.0263607435725433 0.0 0.0 0.0 0.007063209830078246 0.0 0.0 0.0 1.4070844213765485e-07 0.0 0.0 0.0 0.026715334137565536 0.0 0.0 0.0 0.0 1.37967424751777e-07 0.0 0.0 0.0 1.739487799579094e-06 0.0 0.0 0.0 3.3756257107624185e-08 0.0 0.0 0.0 3.238719445615723e-07 0.0 0.001386275535363303 0.0 0.0 0.03328123822030673 1.9666145658362006e-13 0.0 0.0 0.009815290997313373 0.006823354459642749 0.0 0.0 0.11708900004187789 0.05128828291412775 0.0 0.0 0.015626287113060314 0.005531574810233145 0.0 0.0 0.2252738274452969 1.9562038539812667e-08 0.0 0.0 0.17767560515668562 0.011030620036811474 0.0 0.0 0.15689064854813664 0.200680160559754 0.0 0.0 0.14344030773029995 0.0 0.24638473827544385 0.0 0.0 0.0 0.2805719616195491 0.0 0.0 0.0 1.9550962492169615e-06 0.0 0.0 0.0 0.22131426547900254 0.0 0.0 0.0 0.0 0.05479200449190999 0.0 0.0 0.0 0.07432168167489019 0.0 0.0 0.0 0.006278768683647216 0.0 0.0 0.0 0.11605591333730497 0.0 0.0011391540394985683 0.0 0.0 0.15023327740621295 1.6093648389091832e-07 0.0 0.0 0.04069370000382974 0.009127490662621276 0.0 0.0 0.07922521946730246 0.08733492285992758 0.0 0.0 0.02024588366993789 0.00042322374909588496 0.0 0.0 0.0334172646231189 7.276499194698633e-08 0.0 0.0 0.09080208558553526 0.00265066873205783 0.0 0.0 0.048632796133706045 0.10956720885862949 0.0 0.0 0.02914940089753371
0.0 0.0032511540824229444 0.0 0.0 0.0 0.00162172225840486 0.0 0.0 0.0 2.9752803299526506e-08 0.0 0.0 0.0 0.0027771737883926827 0.0 0.0 0.0 0.0 0.005411890343137338 0.0 0.0 0.0 0.0778317248898803 0.0 0.0 0.0 0.04778925824636857 0.0 0.0 0.0 0.14691946078485132 0.0 2.0620313819196567e-05 0.0 0.0 0.0020499527834466785 2.5853566485070792e-09 0.0 0.0 0.0021180657533745473 0.001954714409495322 0.0 0.0 0.017707769838889956 0.006725617119798893 0.0 0.0 0.0014264092630937883 0.0013940875975985006 0.0 0.0 0.07043349157476593 5.5461726525809767e-08 0.0 0.0 0.056030423543241434 0.0012956278065448564 0.0 0.0 0.09637499333627918 0.1658906254428099 0.0 0.0 0.03402589928021255 0.0 1.4419078579078582e-07 0.0 0.0 0.0 3.880988384340044e-08 0.0 0.0 0.0 4.635731836876225e-12 0.0 0.0 0.0 3.866324247436449e-08 0.0 0.0 0.0 0.0 0.00622037174363101 0.0 0.0 0.0 0.0021005119334265286 0.0 0.0 0.0 0.01403032915071602 0.0 0.0 0.0 0.04710786382261592 0.0 2.38900231876611e-05 0.0 0.0 0.022207779466867635 6.584722037119112e-13 0.0 0.0 0.02288620119941422 0.002934660221802459 0.0 0.0 0.048508143265709375 0.01884598558490512 0.0 0.0 0.004157958805637749 0.0006783216542991493 0.0 0.0 0.05343068961641935 4.56524647853555e-13 0.0 0.0 0.030054045852954125 0.010582109694839336 0.0 0.0 0.19914874664626567 0.03252070319026085 0.0 0.0 0.0074490455269253155 0.0 0.00961387277245819 0.0 0.0 0.0 0.009033295996299158 0.0 0.0 0.0 1.0907820580253045e-07 0.0 0.0 0.0 0.00991424574303715 0.0 0.0 0.0 0.0 4.376745372295499e-08 0.0 0.0 0.0 1.053934179989757e-06 0.0 0.0 0.0 2.6063928694707268e-08 0.0 0.0 0.0 1.0026711335276242e-06 0.0 0.00032928070906064976 0.0 0.0 0.03234895387885601 1.1914903968522992e-08 0.0 0.0 0.0083293410434814 0.0005853322392308715 0.0 0.0 0.020865704460544827 0.010819527933719382 0.0 0.0 0.0032586376751577773 0.0027639091798833666 0.0 0.0 0.09254593418427236 1.2756192175694172e-07 0.0 0.0 0.17527896183799174 0.005426079134784626 0.0 0.0 0.08320434461689262 0.13317183743475192 0.0 0.0 0.0629979397293751 0.0 0.2878690587695493 0.0 0.0 0.0 0.05880401958580161 0.0 0.0 0.0 1.9475231595934946e-06 0.0 0.0 0.0 0.062188007987793024 0.0 0.0 0.0 0.0 0.0209614258981419 0.0 0.0 0.0 0.039631327810695886 0.0 0.0 0.0 0.009685035999191176 0.0 0.0 0.0 0.004601676474436371 0.0 0.0014228036544246376 0.0 0.0 0.10215905737902319 5.535942823609634e-09 0.0 0.0 0.025793107575518 0.0012698842344175485 0.0 0.0 0.02420223059074297 0.021170080598479704 0.0 0.0 0.022612834184488274 0.0011207885200642776 0.0 0.0 0.05431364705154327 1.8607581120144826e-08 0.0 0.0 0.013373515376444855 0.0023870949872654614 0.0 0.0 0.04501500336041384 0.019718656561577733 0.0 0.0 0.007310738685209193
0.0 0.00036666735007694393 0.0 0.0 0.0 0.001200486244770927 0.0 0.0 0.0 8.138553137185583e-08 0.0 0.0 0.0 0.0015122730440204903 0.0 0.0 0.0 0.0 0.03291726440652061 0.0 0.0 0.0 0.03484391902961121 0.0 0.0 0.0 0.033919455709611135 0.0 0.0 0.0 0.07187700863847961 0.0 8.607851379797388e-15 0.0 0.0 2.3988023815371504e-08 5.564304339289711e-08 0.0 0.0 0.05027368788342421 1.7421620068039813e-05 0.0 0.0 0.033124146750979994 0.0007697995692203253 0.0 0.0 0.00017943116722437136 2.4416539509625816e-09 0.0 0.0 0.00762869621891793 4.203290965548312e-08 0.0 0.0 0.03641977238184607 0.009377812197126634 0.0 0.0 0.2099496631730956 0.03447637863850967 0.0 0.0 0.013923072158151063 0.0 1.420009678411922e-07 0.0 0.0 0.0 4.2091208796708105e-07 0.0 0.0 0.0 3.4451431744658867e-12 0.0 0.0 0.0 5.887742018881965e-07 0.0 0.0 0.0 0.0 0.049710542931556044 0.0 0.0 0.0 0.01937338983823904 0.0 0.0 0.0 0.10735719611856587 0.0 0.0 0.0 0.15443955941127174 0.0 3.262462523502972e-05 0.0 0.0 0.03603312511096731 4.278516256405657e-08 0.0 0.0 0.03893867966886071 0.0036942563063163004 0.0 0.0 0.05570560474846633 0.05169255659249416 0.0 0.0 0.01652711244665567 0.0010389053765503587 0.0 0.0 0.03592262317032888 3.4064385204717604e-07 0.0 0.0 0.18716305258300855 0.007446076340816283 0.0 0.0 0.15309810172400468 0.28922809115971854 0.0 0.0 0.10180190769368552 0.0 0.009258521820695927 0.0 0.0 0.0 0.01507532388008413 0.0 0.0 0.0 1.1283105868113458e-07 0.0 0.0 0.0 0.009125934537480809 0.0 0.0 0.0 0.0 3.0119148210832086e-08 0.0 0.0 0.0 3.996808327995626e-08 0.0 0.0 0.0 4.7192847127506866e-08 0.0 0.0 0.0 7.693995657786967e-08 0.0 0.00022086816517717718 0.0 0.0 0.03326092791172414 4.372623552433149e-08 0.0 0.0 0.023778535117412968 0.004487492756766544 0.0 0.0 0.051662891153509936 0.02054599122256914 0.0 0.0 0.007319948967628682 0.0010010423842783168 0.0 0.0 0.07899657281458165 2.8951459218050006e-07 0.0 0.0 0.20662169422480278 0.00843683384822575 0.0 0.0 0.1808885486488028 0.16170215445390856 0.0 0.0 0.046781820309667294 0.0 0.16393231661248187 0.0 0.0 0.0 0.34538968041770945 0.0 0.0 0.0 0.0 0.0 0.0 0.0 0.16805021784744498 0.0 0.0 0.0 0.0 0.0017367291647678942 0.0 0.0 0.0 0.1484067102398593 0.0 0.0 0.0 0.0 0.0 0.0 0.0 0.03280662520566249 0.0 4.3027717564122806e-05 0.0 0.0 0.08831157114896149 1.893030955541277e-07 0.0 0.0 0.11711285783570938 0.0 0.0 0.0 0.0 0.04579904731284851 0.0 0.0 0.014925215520862511 0.0007430373139321691 0.0 0.0 0.031621898878705375 1.619571409748884e-07 0.0 0.0 0.12551817954011843 0.0 0.0 0.0 0.0 0.048719974141896195 0.0 0.0 0.017000155212900034
0.0 0.00131461189585072 0.0 0.0 0.0 0.0009950737842949573 0.0 0.0 0.0 1.4917974310752327e-07 0.0 0.0 0.0 0.0024794302536157646 0.0 0.0 0.0 0.0 0.0028019469909348225 0.0 0.0 0.0 0.04935795862385335 0.0 0.0 0.0 0.1354925200412068 0.0 0.0 0.0 0.0906532462661422 0.0 2.4808017353840376e-14 0.0 0.0 1.539269243940379e-08 4.096275798238554e-13 0.0 0.0 0.016388013433323436 0.0005123823912522215 0.0 0.0 0.026064488996339032 0.00048137012225620874 0.0 0.0 0.0002363466570856145 4.4893675077292223e-08 0.0 0.0 0.03123015870035584 8.653492355243737e-13 0.0 0.0 0.039299287777854464 0.014226480775769388 0.0 0.0 0.2832120909716278 0.05453544139226191 0.0 0.0 0.028348054676306956 0.0 3.7642615857963684e-08 0.0 0.0 0.0 1.0250878353640624e-08 0.0 0.0 0.0 4.805816811060355e-12 0.0 0.0 0.0 2.846262602551851e-09 0.0 0.0 0.0 0.0 0.020331418698590818 0.0 0.0 0.0 0.026381015041126155 0.0 0.0 0.0 0.054749245669885926 0.0 0.0 0.0 0.010923608418944299 0.0 3.2728631045785255e-10 0.0 0.0 0.0009855456600542138 2.932791494850367e-14 0.0 0.0 0.001546225075840948 0.0009689667808772088 0.0 0.0 0.07869085210232059 0.00443766183980453 0.0 0.0 0.00017242379790056008 4.155613873445835e-09 0.0 0.0 0.014029771389372645 1.2552153102393413e-13 0.0 0.0 0.00741952750553341 0.012037646858667306 0.0 0.0 0.24236784519231414 0.0189860092210867 0.0 0.0 0.0008270717495350479 0.0 0.029346589000966598 0.0 0.0 0.0 0.006690374412283655 0.0 0.0 0.0 3.2513934162095186e-07 0.0 0.0 0.0 0.021948763351814515 0.0 0.0 0.0 0.0 7.510131677344165e-08 0.0 0.0 0.0 2.8467308331782532e-09 0.0 0.0 0.0 9.090897760738204e-07 0.0 0.0 0.0 8.013798662884704e-07 0.0 0.0002155412597551502 0.0 0.0 0.03875017421052064 5.070599128259808e-13 0.0 0.0 0.03196591348855833 0.007062323223009477 0.0 0.0 0.10714404443102507 0.011944611666381883 0.0 0.0 0.005629125214660918 0.0032780232046622604 0.0 0.0 0.28187737595811574 2.577227839672867e-12 0.0 0.0 0.1380775986170115 0.0200535313185555 0.0 0.0 0.4666340906483657 0.2561280636328797 0.0 0.0 0.1285099692368014 0.0 0.24764443338270398 0.0 0.0 0.0 0.10469982938109025 0.0 0.0 0.0 1.252134414032622e-06 0.0 0.0 0.0 0.0400867421143095 0.0 0.0 0.0 0.0 0.020549176202540976 0.0 0.0 0.0 0.011062699072403353 0.0 0.0 0.0 0.005102992747633135 0.0 0.0 0.0 0.004101334160392686 0.0 0.0009207053724208395 0.0 0.0 0.041272666120906826 1.437782718062022e-08 0.0 0.0 0.00498556623398053 0.001625688299814708 0.0 0.0 0.021798027654776408 0.028794234012144235 0.0 0.0 0.003968962807715533 0.0003749459000662303 0.0 0.0 0.042705851756698436 3.6362221336333185e-08 0.0 0.0 0.055985743940146 0.0006874524841474113 0.0 0.0 0.041478142426281776 0.023673410658672546 0.0 0.0 0.005415649867366736
0.0 0.00047244661542607236 0.0 0.0 0.0 0.007421515016543829 0.0 0.0 0.0 5.30050289544319e-08 0.0 0.0 0.0 0.0046712194479830394 0.0 0.0 0.0 0.0 0.02964956632735821 0.0 0.0 0.0 0.07184314191028413 0.0 0.0 0.0 0.06533381308636275 0.0 0.0 0.0 0.10587209381973438 0.0 2.938664138425741e-05 0.0 0.0 0.0008725569573619376 4.396724422009661e-09 0.0 0.0 0.00236480529969341 0.005911556039012844 0.0 0.0 0.020302442777645285 0.02456348286188315 0.0 0.0 0.007197537527728067 0.00019456143207896885 0.0 0.0 0.006476898394812199 2.375402786985838e-07 0.0 0.0 0.10684737767858384 0.008669712806324165 0.0 0.0 0.12595492049615603 0.14998921574509413 0.0 0.0 0.04696519791337218 0.0 3.2765427208613646e-07 0.0 0.0 0.0 2.1522693950080668e-07 0.0 0.0 0.0 4.795123879630567e-12 0.0 0.0 0.0 4.736087495831547e-07 0.0 0.0 0.0 0.0 0.026649298956541743 0.0 0.0 0.0 0.01977512234341117 0.0 0.0 0.0 0.06927936232732197 0.0 0.0 0.0 0.06398024864137543 0.0 0.0005527704323945229 0.0 0.0 0.0344941161055548 8.337792785860468e-08 0.0 0.0 0.05420206460926689 0.006587050510321357 0.0 0.0 0.05280541015703184 0.016243114743695487 0.0 0.0 0.012947091485755714 0.0024118360724333502 0.0 0.0 0.08667331625249013 1.6733634642912512e-07 0.0 0.0 0.15219484531663816 0.014311906856029517 0.0 0.0 0.27166585019713857 0.0973368302080773 0.0 0.0 0.11105557225971983 0.0 0.015410919648378405 0.0 0.0 0.0 0.029032775253123498 0.0 0.0 0.0 8.615198524440412e-08 0.0 0.0 0.0 0.0057655848104563616 0.0 0.0 0.0 0.0 2.165322061107915e-08 0.0 0.0 0.0 1.3526690549142899e-06 0.0 0.0 0.0 1.8945627135538086e-09 0.0 0.0 0.0 1.7990667795167927e-06 0.0 0.001020317133540334 0.0 0.0 0.04491834596073094 3.4652088546800034e-08 0.0 0.0 0.01641614152708464 0.0021248407315068 0.0 0.0 0.03811338385088774 0.025672854153875647 0.0 0.0 0.006347621064648502 0.002538259705567252 0.0 0.0 0.12458921774067085 4.1285200229662004e-07 0.0 0.0 0.3315034467308628 0.006119935657225472 0.0 0.0 0.10442341718751871 0.15101594255155018 0.0 0.0 0.03736869656321982 0.0 0.25681492122566296 0.0 0.0 0.0 0.13555503062437885 0.0 0.0 0.0 3.0361218084330002e-06 0.0 0.0 0.0 0.07433323416520755 0.0 0.0 0.0 0.0 0.0049428855643128084 0.0 0.0 0.0 0.077583494299875 0.0 0.0 0.0 3.6176611570662996e-07 0.0 0.0 0.0 0.0012272720830886921 0.0 0.004628157016227322 0.0 0.0 0.0929814925226584 2.8873788425024515e-09 0.0 0.0 0.007076301406048683 0.0034096021822769963 0.0 0.0 0.05089981160185483 0.009235634157369391 0.0 0.0 0.002850257076800946 0.0011899456513558867 0.0 0.0 0.05409217807242099 3.846972294794678e-08 0.0 0.0 0.04365304689154737 0.0030747610812463543 0.0 0.0 0.0933940927203843 0.01837965773302546 0.0 0.0 0.007060193889772938
0.0 0.005392547352744259 0.0 0.0 0.0 0.00372385759684536 0.0 0.0 0.0 2.5177314273918026e-08 0.0 0.0 0.0 0.0035817526421386674 0.0 0.0 0.0 0.0 0.047538598517238385 0.0 0.0 0.0 0.08977417720871457 0.0 0.0 0.0 0.031383951169451293 0.0 0.0 0.0 0.12508197031515722 0.0 0.001173783022432859 0.0 0.0 0.031426527381944 3.474023686537744e-08 0.0 0.0 0.044798291715224633 0.000391493770385278 0.0 0.0 0.016084473171296496 0.027491551945866322 0.0 0.0 0.006982442399416472 0.002869338062000552 0.0 0.0 0.09254681317293793 8.724399363788444e-08 0.0 0.0 0.10296702817404879 0.002585499755400476 0.0 0.0 0.07018629529568407 0.09925010096092532 0.0 0.0 0.03919152758532587 0.0 1.62218528097931e-07 0.0 0.0 0.0 5.393752958052521e-08 0.0 0.0 0.0 2.8325792292974044e-12 0.0 0.0 0.0 1.5287732495037463e-07 0.0 0.0 0.0 0.0 0.03969797863469072 0.0 0.0 0.0 0.020990671797692505 0.0 0.0 0.0 0.008804565399539244 0.0 0.0 0.0 0.02959332216888228 0.0 0.0019395233552237019 0.0 0.0 0.02488754483601109 9.118700001659226e-10 0.0 0.0 0.0009763747895098137 0.002624979917402521 0.0 0.0 0.05445022292022906 0.02528603396500514 0.0 0.0 0.003129662497824316 0.002149301460974313 0.0 0.0 0.05195722783410403 6.968384302633354e-08 0.0 0.0 0.038348698049321 0.009547153821949782 0.0 0.0 0.1658365546171106 0.09187625878778619 0.0 0.0 0.03106217721247502 0.0 0.012535558300317712 0.0 0.0 0.0 0.006140160882680108 0.0 0.0 0.0 2.578642418735813e-08 0.0 0.0 0.0 0.004467248092689987 0.0 0.0 0.0 0.0 2.5786787453239806e-08 0.0 0.0 0.0 1.6977912409047e-07 0.0 0.0 0.0 5.755880470989052e-09 0.0 0.0 0.0 3.156024444204971e-08 0.0 0.00011936091037497515 0.0 0.0 0.0034222440528039167 5.393468204092956e-08 0.0 0.0 0.02895857835906633 0.0009390704048486385 0.0 0.0 0.007135021102816807 0.022144243523851945 0.0 0.0 0.0032248548547215493 0.0014276565552938044 0.0 0.0 0.0729689581490711 2.6700472547892048e-08 0.0 0.0 0.11569068326838973 0.0061313496201712584 0.0 0.0 0.04611039649962458 0.12849579086518217 0.0 0.0 0.02261543861260776 0.0 0.26934592765109017 0.0 0.0 0.0 0.0892224655837497 0.0 0.0 0.0 1.819154654162431e-07 0.0 0.0 0.0 0.17120388647700094 0.0 0.0 0.0 0.0 0.03659886259321049 0.0 0.0 0.0 0.002529324407544462 0.0 0.0 0.0 0.025754904818295198 0.0 0.0 0.0 0.10954231822249598 0.0 0.0017693218732024155 0.0 0.0 0.06624804402826368 1.5111612062327462e-08 0.0 0.0 0.030069971130041666 0.0005982731751386479 0.0 0.0 0.028818677675265792 0.09610196558388015 0.0 0.0 0.01750560797166334 0.001249891774051492 0.0 0.0 0.04699903626854352 8.070950502714971e-08 0.0 0.0 0.028967815981961995 0.00032517259681539526 0.0 0.0 0.004818658988785509 0.040694469442817134 0.0 0.0 0.01732077107538747
0.0 0.0037757330222136882 0.0 0.0 0.0 0.006755342971470641 0.0 0.0 0.0 6.907576303190985e-08 0.0 0.0 0.0 0.00258034007563266 0.0 0.0 0.0 0.0 0.0026057077162231425 0.0 0.0 0.0 0.04233270857257729 0.0 0.0 0.0 0.044535497164039324 0.0 0.0 0.0 0.03394502800530955 0.0 9.557900290590303e-10 0.0 0.0 5.970067581199444e-09 8.069188442865275e-09 0.0 0.0 0.002856432353946075 5.974547741795972e-09 0.0 0.0 1.132686553741211e-07 0.0015150172642377055 0.0 0.0 0.0004828859705366371 0.00399974198869047 0.0 0.0 0.049730412640089344 1.0724436267684365e-07 0.0 0.0 0.15844600881421475 0.009885038298080543 0.0 0.0 0.2461372876842852 0.08509470576512967 0.0 0.0 0.026661028651839298 0.0 1.2418900559022708e-07 0.0 0.0 0.0 1.1604916179420783e-07 0.0 0.0 0.0 4.643107424407544e-12 0.0 0.0 0.0 1.7522006641364325e-07 0.0 0.0 0.0 0.0 0.0013939957573698917 0.0 0.0 0.0 0.042820412105455216 0.0 0.0 0.0 0.06285602493909408 0.0 0.0 0.0 0.027615801596600757 0.0 2.2081857384571035e-14 0.0 0.0 5.731905030924672e-13 6.333304285683879e-08 0.0 0.0 0.026296840173443897 0.002125001433759396 0.0 0.0 0.058739991417037486 0.004061316631240451 0.0 0.0 0.002689422800928217 0.0009521371208518715 0.0 0.0 0.027709544078714496 8.567636537720499e-08 0.0 0.0 0.051105687248679386 0.01359806142090811 0.0 0.0 0.25340633568954035 0.04551961410253291 0.0 0.0 0.04033687423477977 0.0 0.04274120055988943 0.0 0.0 0.0 0.006634945267317167 0.0 0.0 0.0 2.672422333586237e-07 0.0 0.0 0.0 0.00259125419563717 0.0 0.0 0.0 0.0 1.6109789724083545e-07 0.0 0.0 0.0 4.883907443358119e-08 0.0 0.0 0.0 8.988376216960324e-07 0.0 0.0 0.0 5.8432107828611676e-09 0.0 0.0017320743372836536 0.0 0.0 0.0431426963589844 3.1255766265249348e-09 0.0 0.0 0.0032833275415948683 0.0018327081029945735 0.0 0.0 0.06265625408464227 0.0005850408748928753 0.0 0.0 0.0001162491040950944 0.005417384299256593 0.0 0.0 0.41791510283781974 1.2106561531144085e-07 0.0 0.0 0.1403605598935071 0.02605086095779693 0.0 0.0 0.4504634314123793 0.04542603072569739 0.0 0.0 0.01139302154954095 0.0 0.07690188368704061 0.0 0.0 0.0 0.12129583011057032 0.0 0.0 0.0 7.283279719446602e-07 0.0 0.0 0.0 0.004442407667460124 0.0 0.0 0.0 0.0 0.000854605255479311 0.0 0.0 0.0 0.008759466272940646 0.0 0.0 0.0 9.786286017971615e-08 0.0 0.0 0.0 7.767516229816238e-09 0.0 0.0008171672599257163 0.0 0.0 0.024526142632085256 1.7047091569406923e-13 0.0 0.0 0.009276242496028948 2.1081692354212212e-09 0.0 0.0 0.0033114711276244035 0.01889096797242487 0.0 0.0 0.004738849616208429 0.00019297918325960578 0.0 0.0 0.01693042656835796 2.694855514286836e-08 0.0 0.0 0.0410032410509572 1.518574232980979e-08 0.0 0.0 0.02674348653416903 0.0015481564568871206 0.0 0.0 0.00043541166604036633
0.0 0.014341876967528606 0.0 0.0 0.0 0.0023970924020569797 0.0 0.0 0.0 1.4631644562855445e-07 0.0 0.0 0.0 0.0019353901313649596 0.0 0.0 0.0 0.0 0.010432293809628847 0.0 0.0 0.0 0.07189399176377363 0.0 0.0 0.0 0.10636902357269873 0.0 0.0 0.0 0.09129992585173749 0.0 5.330152703993995e-05 0.0 0.0 0.0009183822231917102 1.080356111176279e-08 0.0 0.0 0.025375686703197547 0.00017779552469391688 0.0 0.0 0.0057178128766974855 0.002597842322809011 0.0 0.0 0.0008312720553532246 0.004237029628459323 0.0 0.0 0.26295480417848416 1.0504928655390345e-07 0.0 0.0 0.09562490550101256 0.03122902372794475 0.0 0.0 0.39355862659446245 0.11883382278380719 0.0 0.0 0.02861648713353853 0.0 3.5255199781646025e-07 0.0 0.0 0.0 9.245770775752384e-07 0.0 0.0 0.0 1.2353200936218097e-11 0.0 0.0 0.0 8.212324504201544e-08 0.0 0.0 0.0 0.0 0.0009716252460485657 0.0 0.0 0.0 0.01804394252346608 0.0 0.0 0.0 0.05292319755741683 0.0 0.0 0.0 0.003626292301754424 0.0 0.0001510550621285775 0.0 0.0 0.0028604927003764197 1.5255198319231154e-07 0.0 0.0 0.07085548157097434 0.000442215915646094 0.0 0.0 0.026880257604271988 8.032239642657862e-13 0.0 0.0 3.182616026296986e-13 0.0048737398508246 0.0 0.0 0.1376115787557903 7.447580777667041e-07 0.0 0.0 0.496974130687086 0.03158454605690607 0.0 0.0 0.6205140036892369 0.03129444418321183 0.0 0.0 0.013902129446389274 0.0 0.043791572372523735 0.0 0.0 0.0 0.02718793069296808 0.0 0.0 0.0 2.9027587842385156e-08 0.0 0.0 0.0 0.004543241864669649 0.0 0.0 0.0 0.0 1.0200306179876058e-07 0.0 0.0 0.0 1.7347120721291207e-07 0.0 0.0 0.0 2.41629609378213e-09 0.0 0.0 0.0 5.2113710596869376e-08 0.0 0.002157931898034493 0.0 0.0 0.059959486029744484 1.2718035061757706e-08 0.0 0.0 0.056905482426835075 0.0032874967359805495 0.0 0.0 0.03621763732069962 0.007494165978382617 0.0 0.0 0.0019528327543140622 0.00760933765717639 0.0 0.0 0.4723569467081241 1.662540178380252e-07 0.0 0.0 0.5017816111056017 0.004454255714615347 0.0 0.0 0.05368647489626474 0.14182235323442008 0.0 0.0 0.039479146277391325 0.0 0.2265230776149493 0.0 0.0 0.0 0.037920924905974006 0.0 0.0 0.0 1.546478890304484e-07 0.0 0.0 0.0 0.0680910129042488 0.0 0.0 0.0 0.0 0.02426809452267618 0.0 0.0 0.0 0.00017807973036072788 0.0 0.0 0.0 0.008682822315614297 0.0 0.0 0.0 0.04144073045487724 0.0 7.03008814097749e-05 0.0 0.0 0.004720861301034275 9.36441757895257e-08 0.0 0.0 0.04380587655596816 0.00417768149121241 0.0 0.0 0.08092820198446399 0.0019685898260915643 0.0 0.0 0.0006953950377238006 0.0006351897878649454 0.0 0.0 0.03672016422639802 3.8227532725997635e-09 0.0 0.0 0.015740917452212178 0.00016975879075015402 0.0 0.0 0.003687276881514281 0.028523951743535603 0.0 0.0 0.005749164200689251
0.0 0.019000177341509043 0.0 0.0 0.0 0.004745082269826495 0.0 0.0 0.0 8.015685374976996e-08 0.0 0.0 0.0 0.003320569924177165 0.0 0.0 0.0 0.0 0.042080010171995 0.0 0.0 0.0 0.03825621177910682 0.0 0.0 0.0 0.0393054944089042 0.0 0.0 0.0 0.0421335640974748 0.0 0.0026272212630545715 0.0 0.0 0.057185119683235607 1.127158353236727e-08 0.0 0.0 0.00568849920284344 0.0006362303303420752 0.0 0.0 0.008463417055645215 0.06835321429660156 0.0 0.0 0.013123137383755928 0.014574635896647306 0.0 0.0 0.3120502081461904 2.0139275937549075e-07 0.0 0.0 0.13777556595997698 0.009225049663636756 0.0 0.0 0.2034215290111533 0.09945561455595721 0.0 0.0 0.03466570036856862 0.0 5.159586642394222e-07 0.0 0.0 0.0 4.4907499206316715e-08 0.0 0.0 0.0 2.803344169940926e-12 0.0 0.0 0.0 1.838989416167408e-07 0.0 0.0 0.0 0.0 0.08430543573099544 0.0 0.0 0.0 0.0012476919456875085 0.0 0.0 0.0 0.08934223418814108 0.0 0.0 0.0 0.06878742290266295 0.0 0.00015683268053785389 0.0 0.0 0.007013676638882938 6.801359599811577e-09 0.0 0.0 0.0023084365789637394 0.0028128793334707253 0.0 0.0 0.04625078081466312 0.02036599519388617 0.0 0.0 0.004998868511309791 0.0023888996211067176 0.0 0.0 0.16718643999634808 8.865755795974519e-08 0.0 0.0 0.033736845484151304 0.004968455472469277 0.0 0.0 0.15497056519020708 0.06628061594309821 0.0 0.0 0.02603248542619789 0.0 0.009958259043692304 0.0 0.0 0.0 0.007344098521718215 0.0 0.0 0.0 2.662097976042567e-07 0.0 0.0 0.0 0.015688155273376664 0.0 0.0 0.0 0.0 2.864501895948537e-08 0.0 0.0 0.0 1.3260012827717856e-06 0.0 0.0 0.0 1.1965434073511621e-07 0.0 0.0 0.0 2.2221291780903735e-07 0.0 0.0017184571897357794 0.0 0.0 0.05711189492206437 1.6027955535034282e-08 0.0 0.0 0.01028798576079921 0.0003984810914834107 0.0 0.0 0.031872374607224495 0.023236838988407404 0.0 0.0 0.008358424397726591 0.003902844267830451 0.0 0.0 0.11377408780775483 1.6453983589941974e-07 0.0 0.0 0.13153886664928569 0.013398207186658519 0.0 0.0 0.2526754662522499 0.1603477749790033 0.0 0.0 0.09071349915032288 0.0 0.13281632811361527 0.0 0.0 0.0 0.2275381322112679 0.0 0.0 0.0 1.350144105577228e-06 0.0 0.0 0.0 0.07987994948372963 0.0 0.0 0.0 0.0 0.029691375939052536 0.0 0.0 0.0 0.035317020167586546 0.0 0.0 0.0 0.004336624734010796 0.0 0.0 0.0 0.029543787704369173 0.0 0.001168225855147817 0.0 0.0 0.0653497213289308 1.46462610195189e-07 0.0 0.0 0.03223534496678799 2.5990222622706437e-08 0.0 0.0 0.0347644833327672 0.0038059088668779438 0.0 0.0 0.0017902045113103392 0.0005287929183059583 0.0 0.0 0.03149735647148294 1.0961387615061051e-07 0.0 0.0 0.07784039033006444 0.0015514499803014048 0.0 0.0 0.033932294569031046 0.02366067038994029 0.0 0.0 0.0104919365446499
0.0 0.008630180671817195 0.0 0.0 0.0 0.003741195613122455 0.0 0.0 0.0 4.4920008084639295e-08 0.0 0.0 0.0 0.0012922934453984812 0.0 0.0 0.0 0.0 0.02260520420257055 0.0 0.0 0.0 0.09429792297507517 0.0 0.0 0.0 0.06318506338748434 0.0 0.0 0.0 0.07722880402407772 0.0 4.949168648912164e-07 0.0 0.0 0.00016812902962514982 2.851720104066917e-09 0.0 0.0 0.02095109013941808 0.0002581788106527023 0.0 0.0 0.004650095170901624 0.05040245760478545 0.0 0.0 0.01376609760676766 0.004515021404241699 0.0 0.0 0.14254233282484233 4.351276743382976e-08 0.0 0.0 0.13085565317784328 0.005160308965194083 0.0 0.0 0.1052076717957209 0.056224778462475394 0.0 0.0 0.01523920451644935 0.0 2.7362263997386647e-07 0.0 0.0 0.0 5.613021010700517e-07 0.0 0.0 0.0 9.028215895297321e-12 0.0 0.0 0.0 3.296683986827097e-07 0.0 0.0 0.0 0.0 0.02607829245777639 0.0 0.0 0.0 0.04175326954724837 0.0 0.0 0.0 0.05991729161796463 0.0 0.0 0.0 0.023599512754409427 0.0 0.0016411484396753656 0.0 0.0 0.0283245841156835 1.6246018820855146e-07 0.0 0.0 0.04261289617821964 0.0035399573908402836 0.0 0.0 0.06353714663876048 0.0035764243591844807 0.0 0.0 0.006378306094285759 0.0028297058523230386 0.0 0.0 0.08389508595187117 3.147386634080041e-07 0.0 0.0 0.2011709766535181 0.022485872106573865 0.0 0.0 0.3145192761667331 0.14172398199798908 0.0 0.0 0.07456735339567898 0.0 0.008523379313185237 0.0 0.0 0.0 0.012832002634828955 0.0 0.0 0.0 0.0 0.0 0.0 0.0 0.013336965034001908 0.0 0.0 0.0 0.0 1.2666022156291802e-12 0.0 0.0 0.0 1.4369197597204993e-06 0.0 0.0 0.0 0.0 0.0 0.0 0.0 2.7513079320381654e-06 0.0 0.00011638408585623861 0.0 0.0 0.0033679282380349486 8.563855712945562e-08 0.0 0.0 0.059059346696812544 0.0 0.0 0.0 0.0 0.047499065384603474 0.0 0.0 0.017292123080315268 0.002464724231139308 0.0 0.0 0.09260440196049473 2.2297419168548383e-07 0.0 0.0 0.24933735862578107 0.0 0.0 0.0 0.0 0.12519973953007393 0.0 0.0 0.0822075365430122 0.0 0.24016316098156537 0.0 0.0 0.0 0.12888363723304955 0.0 0.0 0.0 4.143299922060347e-06 0.0 0.0 0.0 0.09250109254494135 0.0 0.0 0.0 0.0 0.04151304946912213 0.0 0.0 0.0 0.005462713170323275 0.0 0.0 0.0 0.00423257811873064 0.0 0.0 0.0 0.030006608222576753 0.0 0.0012852929284341843 0.0 0.0 0.06655101955780111 7.485287380456137e-08 0.0 0.0 0.06176402017460592 9.218410064281966e-09 0.0 0.0 1.793873886904496e-07 0.0006564896986196189 0.0 0.0 0.00013888883428723724 0.0008109427918114896 0.0 0.0 0.04229153298118156 6.897013682704087e-08 0.0 0.0 0.053735393868957 0.003248020490345104 0.0 0.0 0.06389961470518818 0.042817577527147745 0.0 0.0 0.01234070622238902
0.0 0.007678357053543743 0.0 0.0 0.0 0.0030185636815206972 0.0 0.0 0.0 5.910242604157146e-08 0.0 0.0 0.0 0.0011171113393187635 0.0 0.0 0.0 0.0 0.06804822659521895 0.0 0.0 0.0 0.0425093160981959 0.0 0.0 0.0 0.06967190754100826 0.0 0.0 0.0 0.031704377929556715 0.0 0.0006556779404687732 0.0 0.0 0.029816781493275837 1.2434682238910165e-12 0.0 0.0 0.004974328586951195 0.004643768212307189 0.0 0.0 0.06204950427030838 4.807358239891438e-07 0.0 0.0 0.01950739105193435 0.002567183240067319 0.0 0.0 0.13455709462331808 8.788725474313847e-08 0.0 0.0 0.1015747793360169 0.004745249589884285 0.0 0.0 0.19345907758466838 0.02196895548244158 0.0 0.0 0.01694792881563437 0.0 1.8346373438029227e-07 0.0 0.0 0.0 4.28631612237945e-08 0.0 0.0 0.0 2.561503406334301e-12 0.0 0.0 0.0 2.2630632738239115e-07 0.0 0.0 0.0 0.0 0.024679908970933848 0.0 0.0 0.0 0.010273492437370633 0.0 0.0 0.0 0.024595233207328107 0.0 0.0 0.0 0.035145920845107294 0.0 0.00012876999733119822 0.0 0.0 0.03409276874743055 5.230977394512485e-08 0.0 0.0 0.022390862040868608 0.0035002233450172793 0.0 0.0 0.027928473304216918 0.010764451277038315 0.0 0.0 0.00594003313281567 0.0005510886869960873 0.0 0.0 0.0317935254882837 2.3023730731033087e-08 0.0 0.0 0.028166357561568017 0.004873653525081485 0.0 0.0 0.12159490732521419 0.11270352155944188 0.0 0.0 0.04835375270692552 0.0 0.01847845799855279 0.0 0.0 0.0 0.010629900189672714 0.0 0.0 0.0 1.8440946565705946e-07 0.0 0.0 0.0 0.011115116315780637 0.0 0.0 0.0 0.0 7.406991274804997e-07 0.0 0.0 0.0 1.1553929436695814e-06 0.0 0.0 0.0 1.75564174321451e-07 0.0 0.0 0.0 7.687400652596839e-08 0.0 0.00012373281547851662 0.0 0.0 0.0023045547039012566 7.756647023878858e-09 0.0 0.0 0.005480034002589337 0.005205955271545231 0.0 0.0 0.0768757213756573 0.027663099884476506 0.0 0.0 0.006212100731843707 0.006268984816902415 0.0 0.0 0.18573143479369367 1.0191481876750641e-07 0.0 0.0 0.13596587633451138 0.011242745864498643 0.0 0.0 0.2716601989334979 0.13870053259765167 0.0 0.0 0.059632394542133656 0.0 0.1857768296481489 0.0 0.0 0.0 0.07321044506821837 0.0 0.0 0.0 1.916158755772467e-06 0.0 0.0 0.0 0.09408729123422248 0.0 0.0 0.0 0.0 0.028919056027032895 0.0 0.0 0.0 0.04553181118533917 0.0 0.0 0.0 0.029597941755142774 0.0 0.0 0.0 0.0022709362281344053 0.0 0.0006500856267933015 0.0 0.0 0.023080790049598465 1.6446666369789083e-09 0.0 0.0 0.0005651246289084222 0.0015132461413731233 0.0 0.0 0.029181479572574647 0.011546141624131057 0.0 0.0 0.0025844425887592876 0.0008685680527716353 0.0 0.0 0.03444340665978409 1.419994757874563e-07 0.0 0.0 0.03276955106457453 0.005922599476545067 0.0 0.0 0.05544447736855496 0.029729298948340484 0.0 0.0 0.011858964967595274
0.0 0.00316367045727304 0.0 0.0 0.0 0.0060171824937704285 0.0 0.0 0.0 3.160567466575294e-08 0.0 0.0 0.0 0.002726363104614894 0.0 0.0 0.0 0.0 1.0258101904950369e-07 0.0 0.0 0.0 0.04657800934979957 0.0 0.0 0.0 0.035317775974208265 0.0 0.0 0.0 0.07878630535076118 0.0 0.0009515826710936801 0.0 0.0 0.021895838610778918 3.5593086698433145e-09 0.0 0.0 0.0025289964873641195 0.00034729662926906554 0.0 0.0 0.004641349554039027 1.3734118252770503e-07 0.0 0.0 0.003341127376083927 0.0012321643814363961 0.0 0.0 0.04349878756663642 3.6319939950449506e-07 0.0 0.0 0.19247295684918897 0.014377289340346981 0.0 0.0 0.086800549432937 0.020904061225547957 0.0 0.0 0.03572629813828452 0.0 3.0710211739600955e-07 0.0 0.0 0.0 8.040574362377762e-07 0.0 0.0 0.0 3.438620350522619e-12 0.0 0.0 0.0 1.6690717694123207e-07 0.0 0.0 0.0 0.0 0.02517027197692596 0.0 0.0 0.0 0.0564993164284038 0.0 0.0 0.0 0.002380883806164994 0.0 0.0 0.0 0.020751169211517116 0.0 0.00013813508149268148 0.0 0.0 0.004101885303118865 1.839643001635003e-08 0.0 0.0 0.05424747581629072 0.008372003216197963 0.0 0.0 0.07659496218326006 0.003940595131724809 0.0 0.0 0.01486630428335667 0.004288484199014521 0.0 0.0 0.1077852088738056 5.69006255331853e-07 0.0 0.0 0.45518898644108396 0.011586133454387214 0.0 0.0 0.1840346024095011 0.1149938873829112 0.0 0.0 0.02230324275390702 0.0 0.0316261439179803 0.0 0.0 0.0 0.009825857387203008 0.0 0.0 0.0 1.7202367092264072e-07 0.0 0.0 0.0 0.010334113609073667 0.0 0.0 0.0 0.0 1.9120485379769777e-08 0.0 0.0 0.0 5.977443144375814e-08 0.0 0.0 0.0 1.173105335047669e-06 0.0 0.0 0.0 5.172039774381133e-07 0.0 0.00018559295778025321 0.0 0.0 0.003412024213126758 1.5281993650024834e-10 0.0 0.0 9.829965094194537e-05 0.0036599638797923926 0.0 0.0 0.026313245591694394 0.03212766268161277 0.0 0.0 0.009287319146595195 0.004761322646786023 0.0 0.0 0.17224133594855373 2.7064168605760435e-07 0.0 0.0 0.16693087806351137 0.008992959025183978 0.0 0.0 0.20862999831315449 0.10579139601847246 0.0 0.0 0.05468543014498103 0.0 0.12589207177841732 0.0 0.0 0.0 0.0889577974846022 0.0 0.0 0.0 1.565571445100566e-06 0.0 0.0 0.0 0.17903165816690414 0.0 0.0 0.0 0.0 0.008535938550689544 0.0 0.0 0.0 0.05918399385923698 0.0 0.0 0.0 0.03738427538865534 0.0 0.0 0.0 0.06463826041640106 0.0 0.00010801549418004322 0.0 0.0 0.027324967103278964 8.19291539149731e-09 0.0 0.0 0.003618744105182119 0.003846356522852542 0.0 0.0 0.08448949931795445 0.05416745719052387 0.0 0.0 0.006941080957881436 0.0002419502295494301 0.0 0.0 0.014752422514478473 4.4921354287225176e-08 0.0 0.0 0.025094777107302776 0.0006042848698977673 0.0 0.0 0.05052938399978861 0.06520533938904544 0.0 0.0 0.019098008354550392
0.0 0.0063060833574220135 0.0 0.0 0.0 0.0033897135628694337 0.0 0.0 0.0 6.400320693359725e-08 0.0 0.0 0.0 0.0020588564293495958 0.0 0.0 0.0 0.0 0.057173234304205164 0.0 0.0 0.0 0.007711605503807719 0.0 0.0 0.0 0.07320857796810483 0.0 0.0 0.0 0.04688687602875583 0.0 0.0011599667927381287 0.0 0.0 0.029263240521398552 4.675350543712475e-09 0.0 0.0 0.007283653455908012 0.0015567362083558436 0.0 0.0 0.07659078416399083 0.0006520500925988312 0.0 0.0 0.00023385734913825452 0.002426070966801102 0.0 0.0 0.09017848325295014 2.948342919221612e-07 0.0 0.0 0.10595278076478244 0.005653613790184652 0.0 0.0 0.18491986905793453 0.01961562696487289 0.0 0.0 0.023806272733042144 0.0 1.8129339305734032e-07 0.0 0.0 0.0 3.49357488991251e-07 0.0 0.0 0.0 5.639720437938853e-12 0.0 0.0 0.0 3.56327034041405e-07 0.0 0.0 0.0 0.0 0.002605912519969172 0.0 0.0 0.0 0.030658722237542412 0.0 0.0 0.0 0.004948425991396094 0.0 0.0 0.0 0.01624394685350257 0.0 3.407329446398011e-08 0.0 0.0 1.2377692438830553e-06 1.6371917271997323e-08 0.0 0.0 0.007550084070298804 0.003392075401160708 0.0 0.0 0.024106231970418453 0.006879981277021755 0.0 0.0 0.0019449259852122778 0.002764976155633627 0.0 0.0 0.05679668458697082 1.3848526099561804e-07 0.0 0.0 0.11721325547375408 0.01226463669541173 0.0 0.0 0.20396473552999342 0.10083691981095581 0.0 0.0 0.06060094894178861 0.0 0.014202329909206361 0.0 0.0 0.0 0.013898509545385558 0.0 0.0 0.0 1.9696282021208214e-07 0.0 0.0 0.0 0.01313419009651152 0.0 0.0 0.0 0.0 8.075381477367498e-07 0.0 0.0 0.0 1.3589480052782196e-06 0.0 0.0 0.0 3.644566157645176e-08 0.0 0.0 0.0 3.6694527477822973e-07 0.0 1.199542668807569e-08 0.0 0.0 0.030363706045385595 2.0496270100366996e-08 0.0 0.0 0.04326030674721629 0.0008645799236021944 0.0 0.0 0.015003853823074573 0.015916200397449794 0.0 0.0 0.004546647803771593 0.0022210364081528054 0.0 0.0 0.13971918729919586 3.6361747637121735e-07 0.0 0.0 0.222600059438919 0.012882079273663784 0.0 0.0 0.18884084596594528 0.1325074446034428 0.0 0.0 0.08257125574756964 0.0 0.15855046963785646 0.0 0.0 0.0 0.03716843513666626 0.0 0.0 0.0 2.3191641369722105e-06 0.0 0.0 0.0 0.12885444023457895 0.0 0.0 0.0 0.0 0.052462859790468365 0.0 0.0 0.0 0.005502900229212207 0.0 0.0 0.0 0.03435535633655095 0.0 0.0 0.0 0.05172672673124256 0.0 0.0008135414817714488 0.0 0.0 0.03521255711117524 3.6632602302526334e-08 0.0 0.0 0.025597382942881008 0.0015823227748926775 0.0 0.0 0.044432809060598134 0.004388910828533208 0.0 0.0 0.002830355726321715 0.000712936130395414 0.0 0.0 0.03200825464160573 1.1870386302834365e-08 0.0 0.0 0.024984772786009454 0.004371759983696699 0.0 0.0 0.07067799867638712 0.04377853019836351 0.0 0.0 0.01709714187498016
0.0 0.025694962930414445 0.0 0.0 0.0 0.005499183629635268 0.0 0.0 0.0 1.4214996404899616e-07 0.0 0.0 0.0 0.0048935136000317426 0.0 0.0 0.0 0.0 0.09657654217656006 0.0 0.0 0.0 0.1446586876724414 0.0 0.0 0.0 0.05675374421414116 0.0 0.0 0.0 0.010043139501756582 0.0 0.0018724839244273967 0.0 0.0 0.11753654304444716 1.3829187773759987e-07 0.0 0.0 0.07656929035226039 0.00034760283841193257 0.0 0.0 0.00905967668362877 0.0018487111719853939 0.0 0.0 0.0013824863932186656 0.01713965471421901 0.0 0.0 0.42467889406655873 2.3105163627649858e-07 0.0 0.0 0.21266473526712334 0.020312580125531953 0.0 0.0 0.401739883171627 0.11918400556199348 0.0 0.0 0.05793359544433604 0.0 6.67762672743029e-07 0.0 0.0 0.0 3.049510729848403e-07 0.0 0.0 0.0 4.8219587399591064e-12 0.0 0.0 0.0 1.791225399617907e-07 0.0 0.0 0.0 0.0 0.06715995894113007 0.0 0.0 0.0 0.018209420172743403 0.0 0.0 0.0 0.06914164864815077 0.0 0.0 0.0 0.004174262399751775 0.0 0.0012724098874361534 0.0 0.0 0.027104857090102578 1.480538899508427e-07 0.0 0.0 0.09049047831872253 0.001038419620543943 0.0 0.0 0.05335752989626177 0.023148529217491283 0.0 0.0 0.003290073117398108 0.005029161870728909 0.0 0.0 0.19236112195791255 2.504836726845523e-07 0.0 0.0 0.18422757552988145 0.015430169642150143 0.0 0.0 0.2516031355347153 0.08334905854361438 0.0 0.0 0.03250198635419597 0.0 0.04292691510917849 0.0 0.0 0.0 0.0093743454036861 0.0 0.0 0.0 1.2792932317937716e-07 0.0 0.0 0.0 0.006919979006751441 0.0 0.0 0.0 0.0 1.3915160363916986e-07 0.0 0.0 0.0 1.8683010697813604e-08 0.0 0.0 0.0 1.2674707485125114e-07 0.0 0.0 0.0 6.07644265345095e-08 0.0 0.0001480250161966344 0.0 0.0 0.04282674321567566 1.0773687071570461e-08 0.0 0.0 0.0049350061525456875 0.0035538706470998526 0.0 0.0 0.04101383881723256 0.02195442076430263 0.0 0.0 0.021207269889888386 0.01021559481782551 0.0 0.0 0.44091757479115534 2.718382270716116e-07 0.0 0.0 0.1321544359038349 0.01853870400396813 0.0 0.0 0.22982150936528437 0.14755732432371718 0.0 0.0 0.046467759842566264 0.0 0.24407297220545415 0.0 0.0 0.0 0.14381145617738164 0.0 0.0 0.0 0.0 0.0 0.0 0.0 0.0715642440400417 0.0 0.0 0.0 0.0 0.044880303987599096 0.0 0.0 0.0 0.03683431867365083 0.0 0.0 0.0 0.0 0.0 0.0 0.0 0.0016632931081149475 0.0 0.00013012318163741502 0.0 0.0 0.004727698713571638 3.4673140688565835e-09 0.0 0.0 0.0008277818927572504 0.0 0.0 0.0 0.0 0.008702265944961606 0.0 0.0 0.0014928825738078604 0.0013935907484567116 0.0 0.0 0.046544851591594376 9.788080278686794e-08 0.0 0.0 0.06263315649974585 0.0 0.0 0.0 0.0 0.05370435689481156 0.0 0.0 0.009337046193253788
0.0 0.021517075052976203 0.0 0.0 0.0 0.0035311903452712647 0.0 0.0 0.0 1.36932400493641e-07 0.0 0.0 0.0 0.0035742645747747757 0.0 0.0 0.0 0.0 0.13470673466809915 0.0 0.0 0.0 0.005033893640026694 0.0 0.0 0.0 0.06407387713047148 0.0 0.0 0.0 0.06262317682110997 0.0 0.0015611613087652223 0.0 0.0 0.043193297732391056 5.933324875611076e-08 0.0 0.0 0.04035742206859117 0.009847247890276311 0.0 0.0 0.07858612231497165 0.0030041394973556322 0.0 0.0 0.0014429908644341908 0.010504250189406827 0.0 0.0 0.3864432241507237 1.1071958370146557e-07 0.0 0.0 0.10055875966886889 0.011985181864790943 0.0 0.0 0.43343317696945144 0.09208777506109614 0.0 0.0 0.03657623421535 0.0 4.1472520908785637e-07 0.0 0.0 0.0 6.60212265544194e-07 0.0 0.0 0.0 6.04926727172168e-12 0.0 0.0 0.0 2.682630553427164e-07 0.0 0.0 0.0 0.0 0.03286611573454762 0.0 0.0 0.0 0.005508306014904402 0.0 0.0 0.0 0.04590926911941915 0.0 0.0 0.0 0.010688802064909013 0.0 0.00010517472719063356 0.0 0.0 0.0013462807401612858 7.849273344385472e-09 0.0 0.0 0.003368007171939794 9.018939033233183e-05 0.0 0.0 0.016200782225995546 0.00283568297480123 0.0 0.0 0.0007458113624077439 0.003402036347795696 0.0 0.0 0.1615885587592164 5.847291840477123e-07 0.0 0.0 0.3399124508321439 0.008917920240367938 0.0 0.0 0.3274990010860771 0.035715592949214316 0.0 0.0 0.04966813290267267 0.0 0.04031436231317855 0.0 0.0 0.0 0.026779651541004135 0.0 0.0 0.0 3.672325808202318e-07 0.0 0.0 0.0 0.003787081102979606 0.0 0.0 0.0 0.0 1.6243953948174997e-07 0.0 0.0 0.0 1.8369466820844776e-07 0.0 0.0 0.0 1.1825189608518941e-06 0.0 0.0 0.0 4.346028281431588e-08 0.0 1.4555712155869798e-05 0.0 0.0 0.0009496581514520551 1.1471512376399088e-07 0.0 0.0 0.07925860580404251 0.0007684050279041006 0.0 0.0 0.02086821069504059 0.006952606931019433 0.0 0.0 0.0013052006017970433 0.008032490778545289 0.0 0.0 0.3991330779319005 4.920765221863464e-07 0.0 0.0 0.34240525949541073 0.03679585586626259 0.0 0.0 0.6391460122786738 0.15759744152965688 0.0 0.0 0.02966620740838494 0.0 0.2046058301683434 0.0 0.0 0.0 0.059233279974975676 0.0 0.0 0.0 1.0679424207752631e-06 0.0 0.0 0.0 0.044600464472954376 0.0 0.0 0.0 0.0 0.010419428167847728 0.0 0.0 0.0 0.0028592121269438954 0.0 0.0 0.0 0.00013302886968388165 0.0 0.0 0.0 0.038550409249288584 0.0 0.0033672145271743514 0.0 0.0 0.03974998387662713 1.8099739107446893e-08 0.0 0.0 0.010538714720446492 0.002378921318318682 0.0 0.0 0.05582737739883706 1.433773945986433e-07 0.0 0.0 5.8277052956944356e-08 0.0016357833143888474 0.0 0.0 0.03918463149679957 2.9157107334349364e-08 0.0 0.0 0.0270230364378478 9.774059149021145e-05 0.0 0.0 0.04121615439630972 0.010247260238156046 0.0 0.0 0.00625595490221376
0.0 0.0131844722699263 0.0 0.0 0.0 0.01205090606423904 0.0 0.0 0.0 1.119323783698928e-08 0.0 0.0 0.0 0.0030368988703900176 0.0 0.0 0.0 0.0 0.015560205681185022 0.0 0.0 0.0 0.09559761179908977 0.0 0.0 0.0 0.003438223506754502 0.0 0.0 0.0 0.039677780951820785 0.0 0.0020256801253244923 0.0 0.0 0.03092965191602233 7.121496222215354e-08 0.0 0.0 0.024136004246676453 1.1407377418791442e-14 0.0 0.0 2.026593567661472e-08 0.010474745344674928 0.0 0.0 0.006354158759325535 0.007259980825455601 0.0 0.0 0.1765510533345022 5.949096148313036e-07 0.0 0.0 0.3183183927115138 1.8817197455010772e-08 0.0 0.0 0.037480233575599126 0.03181774575663346 0.0 0.0 0.03139419239336323 0.0 1.5868666281340949e-07 0.0 0.0 0.0 6.59781037782279e-07 0.0 0.0 0.0 6.48674291762509e-12 0.0 0.0 0.0 7.373521853848638e-07 0.0 0.0 0.0 0.0 0.009765440467043602 0.0 0.0 0.0 0.044840295361801286 0.0 0.0 0.0 0.009297640531779165 0.0 0.0 0.0 0.027738957066828145 0.0 0.003406459518917281 0.0 0.0 0.052536891270187944 4.512603841384425e-08 0.0 0.0 0.013359351481963613 0.0028964974563423047 0.0 0.0 0.06912734204179645 0.020185552181661907 0.0 0.0 0.005862643508424633 0.0032922062458897944 0.0 0.0 0.053754365887506594 6.800593381488628e-07 0.0 0.0 0.3100655344184448 0.016436573848665464 0.0 0.0 0.31142701970228975 0.19301083562087792 0.0 0.0 0.08054933313991003 0.0 0.01891489883053333 0.0 0.0 0.0 0.014931056310337558 0.0 0.0 0.0 2.1525118592037862e-07 0.0 0.0 0.0 0.001862290640311495 0.0 0.0 0.0 0.0 4.118625611533601e-08 0.0 0.0 0.0 1.1725154084558022e-06 0.0 0.0 0.0 1.2076880012813793e-07 0.0 0.0 0.0 1.414531681206319e-12 0.0 7.111590042373306e-05 0.0 0.0 0.0016363424121444636 2.6299483273783158e-09 0.0 0.0 0.01121218456130582 0.00016090497528450693 0.0 0.0 0.007300060790217302 0.0011468440242594097 0.0 0.0 0.0006342390918843557 0.007575425043470756 0.0 0.0 0.17639471342085167 1.3061865950597314e-07 0.0 0.0 0.2602850048754923 0.012647027008462377 0.0 0.0 0.3481582374346739 0.02300886606558973 0.0 0.0 0.014266267535276456 0.0 0.1221742921517276 0.0 0.0 0.0 0.09542724138838402 0.0 0.0 0.0 1.009759847589993e-06 0.0 0.0 0.0 0.2236244850729639 0.0 0.0 0.0 0.0 0.0485946445384483 0.0 0.0 0.0 0.026935761295643842 0.0 0.0 0.0 0.0016702597574506544 0.0 0.0 0.0 0.151323746344308 0.0 0.004073958869006931 0.0 0.0 0.09356456578857802 4.922821158182153e-09 0.0 0.0 0.003950848247781796 0.0006830636009925024 0.0 0.0 0.01332697790326294 0.06500802650549213 0.0 0.0 0.03813303852643599 0.0005674618693046093 0.0 0.0 0.01745462829408647 4.029266997828118e-08 0.0 0.0 0.037360133287643205 0.0011032922092685151 0.0 0.0 0.02413390412791378 0.09657441287373363 0.0 0.0 0.039113901058106186
0.0 0.0008852244524047667 0.0 0.0 0.0 0.009144972318660795 0.0 0.0 0.0 1.4345609432173136e-08 0.0 0.0 0.0 0.004193531000718652 0.0 0.0 0.0 0.0 0.03910705828106446 0.0 0.0 0.0 0.0858556700681275 0.0 0.0 0.0 0.12055578153685856 0.0 0.0 0.0 0.10586328578491776 0.0 6.442429678348064e-06 0.0 0.0 0.00015978064768985896 8.082592918235754e-10 0.0 0.0 0.0076144673198090766 0.0030588261231789798 0.0 0.0 0.02135550918313664 0.08644587245456802 0.0 0.0 0.03138510485204013 0.00028698279233021004 0.0 0.0 0.007979888898356267 1.7047532813499222e-07 0.0 0.0 0.13951160651743472 0.003343744573654197 0.0 0.0 0.045387634243657826 0.11785144574010331 0.0 0.0 0.04166378017984346 0.0 3.856702080728831e-08 0.0 0.0 0.0 2.595767550345068e-08 0.0 0.0 0.0 4.570277343370987e-12 0.0 0.0 0.0 5.86529886047192e-07 0.0 0.0 0.0 0.0 0.035132625699477574 0.0 0.0 0.0 0.027359005262361742 0.0 0.0 0.0 0.06888170911729918 0.0 0.0 0.0 0.14945355090403223 0.0 1.441453716767329e-10 0.0 0.0 1.015293356819442e-08 6.769104032629326e-14 0.0 0.0 0.0035604780390221724 0.0008974161490389866 0.0 0.0 0.07942364962269907 0.03441491423731809 0.0 0.0 0.020568091646580768 0.00016622293322283532 0.0 0.0 0.013126480004723757 2.968520383548267e-13 0.0 0.0 0.017505868242099952 0.004717086009368314 0.0 0.0 0.2334831591092154 0.1858089094802792 0.0 0.0 0.09400772221714265 0.0 0.018960640759969664 0.0 0.0 0.0 0.01729958974744139 0.0 0.0 0.0 3.8794545550475673e-07 0.0 0.0 0.0 0.006172640035674236 0.0 0.0 0.0 0.0 3.709476570810869e-08 0.0 0.0 0.0 5.838227284902891e-07 0.0 0.0 0.0 1.1117788973531936e-06 0.0 0.0 0.0 7.319540784690319e-07 0.0 0.005426402259182207 0.0 0.0 0.043762200554097574 2.439551972876879e-08 0.0 0.0 0.030482755222114487 0.004265092368274585 0.0 0.0 0.07644944690818874 0.04711577335004725 0.0 0.0 0.013077306352874615 0.005026045575741386 0.0 0.0 0.12052618376233908 3.3375536589015827e-07 0.0 0.0 0.29119435556749734 0.022684408004577737 0.0 0.0 0.42927870551136904 0.11667462806675712 0.0 0.0 0.059085807748187905 0.0 0.331535891891573 0.0 0.0 0.0 0.25725539107649614 0.0 0.0 0.0 1.9822434413098245e-06 0.0 0.0 0.0 0.20184040368765233 0.0 0.0 0.0 0.0 0.07578628274305259 0.0 0.0 0.0 0.02564934006721545 0.0 0.0 0.0 0.021514613846084413 0.0 0.0 0.0 0.0892569245975788 0.0 0.0018502870003558375 0.0 0.0 0.10657864106508627 4.550459209118463e-08 0.0 0.0 0.02159740584433784 0.0024668857360695025 0.0 0.0 0.04233043689580276 0.1091859251313529 0.0 0.0 0.06056486606301003 0.0014613589827374516 0.0 0.0 0.0638920683354817 1.3870988301189152e-07 0.0 0.0 0.08290069880966668 0.0009996931609856684 0.0 0.0 0.07796252062218806 0.09313620043873697 0.0 0.0 0.027120210099955938
0.0 0.0 0.0 0.0 0.0 0.001261504543064234 0.0 0.0 0.0 1.1063057693504145e-07 0.0 0.0 0.0 0.001049835601233554 0.0 0.0 0.0 0.0 0.0 0.0 0.0 0.0 0.04654587338719882 0.0 0.0 0.0 0.13084068590273656 0.0 0.0 0.0 0.14151989238688395 0.0 0.0 0.0 0.0 0.0 1.3184725793380264e-09 0.0 0.0 0.0007888933947547173 0.0016885674225857838 0.0 0.0 0.0118790648500544 1.0304914575603313e-05 0.0 0.0 0.0011917025549250879 0.0 0.0 0.0 0.0 9.255787558598076e-09 0.0 0.0 0.04867048032144083 0.012447625795718316 0.0 0.0 0.13494423206048425 0.03475956565636891 0.0 0.0 0.01600222332745037 0.0 0.0 0.0 0.0 0.0 1.7664293906090267e-08 0.0 0.0 0.0 1.0169504879737008e-11 0.0 0.0 0.0 2.535548689886718e-08 0.0 0.0 0.0 0.0 0.0 0.0 0.0 0.0 0.012342742607825799 0.0 0.0 0.0 0.009984321444407399 0.0 0.0 0.0 7.090625155844019e-09 0.0 0.0 0.0 0.0 0.0 2.2092873012485587e-08 0.0 0.0 0.07273597464029019 0.00046671810956473166 0.0 0.0 0.004925915863911704 0.010231698507455946 0.0 0.0 0.0018698828071883882 0.0 0.0 0.0 0.0 3.2634731576803375e-09 0.0 0.0 0.012188001951962657 0.014634587657859974 0.0 0.0 0.26178874357624293 0.030319440062294895 0.0 0.0 0.006212327287308069 0.0 0.013687362617984174 0.0 0.0 0.0 0.011523414316226166 0.0 0.0 0.0 2.381510047918447e-07 0.0 0.0 0.0 0.0741574302541448 0.0 0.0 0.0 0.0 3.255379793037124e-08 0.0 0.0 0.0 2.0311056682973388e-06 0.0 0.0 0.0 1.133484775279386e-06 0.0 0.0 0.0 2.888615867114142e-05 0.0 0.00016483414995616886 0.0 0.0 0.0072477694222923 8.284380067510114e-09 0.0 0.0 0.009665747671479789 0.00631669338451226 0.0 0.0 0.04996236126969574 0.06897914682266663 0.0 0.0 0.11574523469306121 0.0014843222412492915 0.0 0.0 0.12331582234579823 5.5924165543240036e-08 0.0 0.0 0.221975648249877 0.01411176141082479 0.0 0.0 0.17277471785098406 0.33706452661469244 0.0 0.0 0.47395915988466997 0.0 0.30521908905883516 0.0 0.0 0.0 0.012101581314644333 0.0 0.0 0.0 3.173451116141674e-05 0.0 0.0 0.0 0.33837102505180333 0.0 0.0 0.0 0.0 0.01555850190157024 0.0 0.0 0.0 0.031341275079500394 0.0 0.0 0.0 0.11725565486612491 0.0 0.0 0.0 0.25018462933586966 0.0 0.00016937747354374498 0.0 0.0 0.07596933571794741 3.0632956100519933e-09 0.0 0.0 0.002098034373471732 0.017662881861146888 0.0 0.0 0.218188871275704 0.05315945671902242 0.0 0.0 0.02682261366846393 0.000492916910125518 0.0 0.0 0.040291208931212304 4.027329545792027e-09 0.0 0.0 0.0030924832521177265 0.032039609697147184 0.0 0.0 0.49022210777518427 0.07735269612546711 0.0 0.0 0.03224367686512355
0.0 0.06628668937089004 0.0 0.0 0.0 0.02125386273320682 0.0 0.0 0.0 6.790756202436391e-08 0.0 0.0 0.0 0.0015041753296848573 0.0 0.0 0.0 0.0 0.06746401354827185 0.0 0.0 0.0 0.03796051984282 0.0 0.0 0.0 0.031962347957784056 0.0 0.0 0.0 0.025794979133747536 0.0 0.004731336268474119 0.0 0.0 0.09289270669303835 3.6622480972838836e-08 0.0 0.0 0.012370813796100263 0.00027376128983868704 0.0 0.0 0.005961503116783602 0.02214500844950746 0.0 0.0 0.005044143983712607 0.046537301920995915 0.0 0.0 1.1731905045677085 1.655926583852234e-06 0.0 0.0 0.7057894784195469 0.009469745592807645 0.0 0.0 0.2114580299154702 0.028900057569044537 0.0 0.0 0.020261817846401513 0.0 1.998462908018145e-06 0.0 0.0 0.0 7.880587079132726e-07 0.0 0.0 0.0 2.3992307775052426e-12 0.0 0.0 0.0 1.8160466858175547e-07 0.0 0.0 0.0 0.0 0.014162034404083125 0.0 0.0 0.0 0.009230166373989754 0.0 0.0 0.0 0.07176997502014544 0.0 0.0 0.0 0.002133089349870027 0.0 0.0012832535397335032 0.0 0.0 0.022636529035873744 2.3175168767630892e-08 0.0 0.0 0.015189220915051567 0.0008272022458826202 0.0 0.0 0.007254362635090672 2.2887230869597798e-07 0.0 0.0 8.933334945540956e-08 0.027901907850722222 0.0 0.0 0.6595655528913689 7.755914159216068e-07 0.0 0.0 0.4420048462901093 0.007132508757999491 0.0 0.0 0.12031631596267953 0.0707592796435018 0.0 0.0 0.0307573135083999 0.0 0.02357789361594508 0.0 0.0 0.0 0.005281105840363115 0.0 0.0 0.0 1.228410100847324e-07 0.0 0.0 0.0 0.0010236188453078522 0.0 0.0 0.0 0.0 7.42995045339892e-08 0.0 0.0 0.0 4.193098068497667e-08 0.0 0.0 0.0 7.451987643068546e-08 0.0 0.0 0.0 6.096902224811267e-13 0.0 0.00012178114350876335 0.0 0.0 0.002925651465863593 1.3249955798051653e-07 0.0 0.0 0.03642573233886874 0.0012133010787793608 0.0 0.0 0.02669153903665225 0.021431464581200016 0.0 0.0 0.014922795353375222 0.007933490354533562 0.0 0.0 0.22456656490089066 3.4431246265875544e-07 0.0 0.0 0.11376791654591452 0.01096622217731833 0.0 0.0 0.22025419612660976 0.00811337933390205 0.0 0.0 0.0063338330416544165 0.0 0.06323105787193169 0.0 0.0 0.0 0.0707595085158105 0.0 0.0 0.0 0.0 0.0 0.0 0.0 0.05478955382605198 0.0 0.0 0.0 0.0 0.054866384954556 0.0 0.0 0.0 1.8160466858175544e-07 0.0 0.0 0.0 0.0 0.0 0.0 0.0 0.002450963046488695 0.0 6.581054478781823e-05 0.0 0.0 0.023012178809301873 5.464229042847006e-14 0.0 0.0 0.0021330893498153845 0.0 0.0 0.0 0.0 0.004305814757605547 0.0 0.0 0.0008621380691506773 0.00023518981636371877 0.0 0.0 0.01406465147120663 9.58948077727013e-13 0.0 0.0 0.03075740284079041 0.0 0.0 0.0 0.0 0.033124887006724085 0.0 0.0 0.008116825606077502
0.0 0.0038813070850321043 0.0 0.0 0.0 0.0015424633860254913 0.0 0.0 0.0 8.742487440564648e-08 0.0 0.0 0.0 0.0021951717479315926 0.0 0.0 0.0 0.0 0.01814542542704491 0.0 0.0 0.0 0.05025031201473396 0.0 0.0 0.0 0.025083698719209603 0.0 0.0 0.0 0.03474224169133134 0.0 8.171481079193304e-09 0.0 0.0 0.01694739460300988 3.1366377384178926e-14 0.0 0.0 3.6978679180579416e-05 0.002470514898506193 0.0 0.0 0.03438630481193585 0.017660034527434854 0.0 0.0 0.002769456361194042 0.0012674824437697056 0.0 0.0 0.08222610666545055 6.297961336458593e-08 0.0 0.0 0.04002097623725637 0.014598280274838513 0.0 0.0 0.22963042486010593 0.04658656373931578 0.0 0.0 0.018514256328580603 0.0 2.3682961543422537e-07 0.0 0.0 0.0 6.846284749335828e-08 0.0 0.0 0.0 4.073084872683015e-12 0.0 0.0 0.0 3.296862666933955e-07 0.0 0.0 0.0 0.0 0.019704734422260606 0.0 0.0 0.0 0.025661395461234738 0.0 0.0 0.0 0.09001549377915953 0.0 0.0 0.0 0.058546861651222366 0.0 0.0010172140576357467 0.0 0.0 0.025814751695465054 6.487096563612485e-10 0.0 0.0 0.0012047753031363137 0.0014565396399948058 0.0 0.0 0.041654015134253604 0.04115906528871713 0.0 0.0 0.010652563063534076 0.0010400418368581939 0.0 0.0 0.07489074555395316 4.791505221775894e-08 0.0 0.0 0.03436757440691369 0.008265992104094845 0.0 0.0 0.10354340813000057 0.13732315037278753 0.0 0.0 0.05848734092694277 0.0 0.013862378705035334 0.0 0.0 0.0 0.016212161658014434 0.0 0.0 0.0 1.393329088391082e-07 0.0 0.0 0.0 0.010469689005659567 0.0 0.0 0.0 0.0 7.581825820054434e-08 0.0 0.0 0.0 2.246249568946954e-06 0.0 0.0 0.0 3.7016817197532614e-08 0.0 0.0 0.0 1.0588128504007899e-07 0.0 0.00038881553861427914 0.0 0.0 0.02787606830230807 5.644022481330248e-08 0.0 0.0 0.031504567458488245 0.0008666143362287252 0.0 0.0 0.029299398307645778 0.026381794987414747 0.0 0.0 0.011362385357605849 0.0032510782439669735 0.0 0.0 0.13832316998549943 4.0557080424211934e-07 0.0 0.0 0.22783294251342284 0.007619153762864705 0.0 0.0 0.11529931273827004 0.06302285465268964 0.0 0.0 0.07246475670902747 0.0 0.11047775523263695 0.0 0.0 0.0 0.17617379180698983 0.0 0.0 0.0 2.1953112148202855e-06 0.0 0.0 0.0 0.134155697565784 0.0 0.0 0.0 0.0 0.03642045638521013 0.0 0.0 0.0 0.04704497110590872 0.0 0.0 0.0 0.006918419731984866 0.0 0.0 0.0 0.05203304070308528 0.0 0.0002355913139716214 0.0 0.0 0.04777579631982689 2.234171544113462e-08 0.0 0.0 0.014077781151252912 3.9786273748141684e-09 0.0 0.0 7.807221323230571e-08 0.04853075704238667 0.0 0.0 0.013198154004635882 0.000418798037565994 0.0 0.0 0.018990120403417788 3.908665160421193e-08 0.0 0.0 0.06887270549695203 0.0031026290985138156 0.0 0.0 0.05121053600534001 0.04351802896756909 0.0 0.0 0.01473363270600969
0.0 0.005264606408678788 0.0 0.0 0.0 0.0008467365324825568 0.0 0.0 0.0 3.3369216724983945e-08 0.0 0.0 0.0 0.0029823309457920407 0.0 0.0 0.0 0.0 0.004597504698174998 0.0 0.0 0.0 0.04200526140602005 0.0 0.0 0.0 0.05261929918641013 0.0 0.0 0.0 0.05104749539490431 0.0 0.00022328525896787705 0.0 0.0 0.005316348169953328 3.5185426879353134e-13 0.0 0.0 0.014267751779798402 0.0001984986656780891 0.0 0.0 0.00832024831161022 0.014199868475757903 0.0 0.0 0.0028581101925564205 0.0034919970293752047 0.0 0.0 0.10023309585384393 6.490870458532963e-13 0.0 0.0 0.032225378344943635 0.0022263947585732663 0.0 0.0 0.08554407248225422 0.03181851829876169 0.0 0.0 0.046002223465970264 0.0 1.3218519352992644e-07 0.0 0.0 0.0 1.544683257890266e-07 0.0 0.0 0.0 3.920051569776349e-12 0.0 0.0 0.0 9.213119846973133e-08 0.0 0.0 0.0 0.0 0.009302616497218339 0.0 0.0 0.0 0.04779059324839194 0.0 0.0 0.0 0.04429931097395804 0.0 0.0 0.0 0.025777022763508715 0.0 0.0003409697381488573 0.0 0.0 0.028829382480834678 6.397836641583275e-14 0.0 0.0 0.0035480898593683937 0.006681396617108076 0.0 0.0 0.10296612190812365 0.023867706471317005 0.0 0.0 0.0037939882231957083 0.0011731445216293782 0.0 0.0 0.049698882641220805 3.813290191957775e-08 0.0 0.0 0.09756967106469062 0.018304685857467806 0.0 0.0 0.18512899689640475 0.042979206563089845 0.0 0.0 0.022708821266684408 0.0 0.021605404330901266 0.0 0.0 0.0 0.00887630860890929 0.0 0.0 0.0 1.0496820473887187e-07 0.0 0.0 0.0 0.013505930001548814 0.0 0.0 0.0 0.0 3.1141884722104e-07 0.0 0.0 0.0 3.942083797912003e-08 0.0 0.0 0.0 1.785366669646893e-08 0.0 0.0 0.0 1.375741872604977e-06 0.0 0.00012082703848234729 0.0 0.0 0.0017739295729959565 3.672717767689765e-08 0.0 0.0 0.03930837499991197 0.0011871418694203086 0.0 0.0 0.039085461097361274 0.013073554477382326 0.0 0.0 0.004204231525762723 0.0032972442599335573 0.0 0.0 0.06254741144308525 1.8194188218500494e-07 0.0 0.0 0.13050531442977206 0.005439725921484324 0.0 0.0 0.13297780441835383 0.17277023248222534 0.0 0.0 0.06448005996394497 0.0 0.1233994177607359 0.0 0.0 0.0 0.11425135096424612 0.0 0.0 0.0 1.6060944931849297e-06 0.0 0.0 0.0 0.2045936877588553 0.0 0.0 0.0 0.0 0.031483678240433535 0.0 0.0 0.0 0.07298282766801362 0.0 0.0 0.0 0.0023215948791443612 0.0 0.0 0.0 0.11429394004980319 0.0 0.0001923338266946105 0.0 0.0 0.031134420645141797 4.313720902489404e-08 0.0 0.0 0.037642511580334784 0.004008243338418957 0.0 0.0 0.015252569540965566 0.08023391136862283 0.0 0.0 0.02265580051270122 0.00025390558293828035 0.0 0.0 0.02200820942729556 2.978022784632345e-08 0.0 0.0 0.04315862106270543 0.007310095056554663 0.0 0.0 0.030669309799920316 0.06330306444117362 0.0 0.0 0.021208654899569065
0.0 0.0058789156281333355 0.0 0.0 0.0 0.0025844319584998683 0.0 0.0 0.0 3.108544777202601e-08 0.0 0.0 0.0 0.0027715895922920575 0.0 0.0 0.0 0.0 0.03387168808579491 0.0 0.0 0.0 0.1664339842455615 0.0 0.0 0.0 0.02336315107096524 0.0 0.0 0.0 0.09319138282132043 0.0 0.0012740316659086285 0.0 0.0 0.02171625725010904 1.6991669610299456e-08 0.0 0.0 0.014824091430545276 9.942727502056537e-05 0.0 0.0 0.02694268948382423 0.009142051415307304 0.0 0.0 0.003991296030260121 0.003245817651371122 0.0 0.0 0.09008193548684686 8.88017013320104e-08 0.0 0.0 0.09708094895471757 0.0009183549934171478 0.0 0.0 0.10474499185948906 0.0840179964172789 0.0 0.0 0.025381787798970806 0.0 3.864350898103083e-07 0.0 0.0 0.0 3.9843800582814835e-08 0.0 0.0 0.0 2.9569155960371014e-12 0.0 0.0 0.0 2.5949888045947993e-07 0.0 0.0 0.0 0.0 0.0006278485943158797 0.0 0.0 0.0 0.024056538673749656 0.0 0.0 0.0 0.061140138922271575 0.0 0.0 0.0 0.052160776168154295 0.0 0.0017300588323813232 0.0 0.0 0.025168039441687166 2.6334154528292374e-07 0.0 0.0 0.06981374625470628 0.0029617048895802 0.0 0.0 0.0761249878917584 0.04092054350500578 0.0 0.0 0.009804063058352939 0.0022362243429785477 0.0 0.0 0.09509235896807848 4.210276685853454e-08 0.0 0.0 0.030984286397962527 0.00850451026141561 0.0 0.0 0.10097849126107965 0.1858941621741815 0.0 0.0 0.05457121628538583 0.0 0.00431340979737543 0.0 0.0 0.0 0.005983975256310538 0.0 0.0 0.0 7.948812069967352e-08 0.0 0.0 0.0 0.004905173253029842 0.0 0.0 0.0 0.0 6.87440017617456e-13 0.0 0.0 0.0 3.1938503352161633e-08 0.0 0.0 0.0 2.0421830802258876e-08 0.0 0.0 0.0 3.4895535337599855e-08 0.0 0.00023586788922305997 0.0 0.0 0.04267948271830141 7.647853376434549e-08 0.0 0.0 0.03060567174458374 5.0977327416316746e-05 0.0 0.0 0.001275875182207224 0.0074749764348844 0.0 0.0 0.0021803807665668157 9.903547276385464e-05 0.0 0.0 0.0463133915825472 7.062154209538469e-08 0.0 0.0 0.08826509057505774 0.004127203288648057 0.0 0.0 0.0881870317526753 0.10419444731183766 0.0 0.0 0.03731363310630993 0.0 0.3066674943630435 0.0 0.0 0.0 0.12941685529988045 0.0 0.0 0.0 0.0 0.0 0.0 0.0 0.10163447125040861 0.0 0.0 0.0 0.0 0.043490324861846535 0.0 0.0 0.0 0.036032852357202855 0.0 0.0 0.0 0.0 0.0 0.0 0.0 0.03177946869595065 0.0 0.0008540397997485386 0.0 0.0 0.03390819071668698 9.286733013529224e-08 0.0 0.0 0.09562438063828198 0.0 0.0 0.0 0.0 0.034912313394673024 0.0 0.0 0.01747374781863957 0.0015598926099979588 0.0 0.0 0.05051226579953564 3.457563868940843e-08 0.0 0.0 0.05106307579799394 0.0 0.0 0.0 0.0 0.0516866013996516 0.0 0.0 0.012223230669738952
0.0 0.004028850825556273 0.0 0.0 0.0 0.0032199864670199047 0.0 0.0 0.0 9.543801290100705e-08 0.0 0.0 0.0 0.005441511435954016 0.0 0.0 0.0 0.0 0.004616884420187981 0.0 0.0 0.0 0.05266723953818407 0.0 0.0 0.0 0.17848511151111573 0.0 0.0 0.0 0.08316899694030258 0.0 7.960859064337815e-05 0.0 0.0 0.002985283210371085 1.0152811570522718e-09 0.0 0.0 0.029254606407081885 0.00023081825322957567 0.0 0.0 0.004670699205154103 0.0020567924184480687 0.0 0.0 0.002151530182437043 0.0032834462781835883 0.0 0.0 0.06863164797896003 1.0773805113825147e-07 0.0 0.0 0.12392236209413766 0.008844971708883846 0.0 0.0 0.3095226317070178 0.04182742418640137 0.0 0.0 0.07441804809621272 0.0 7.897400690948776e-07 0.0 0.0 0.0 0.0 0.0 0.0 0.0 8.258316657284241e-12 0.0 0.0 0.0 1.0455667588640107e-07 0.0 0.0 0.0 0.0 0.03171546132851464 0.0 0.0 0.0 0.0 0.0 0.0 0.0 0.0692966851646621 0.0 0.0 0.0 0.048235951056449046 0.0 0.00014274892078764423 0.0 0.0 0.00745371965461844 0.0 0.0 0.0 0.0 0.000659436698441868 0.0 0.0 0.012040207454477599 0.025911270482546652 0.0 0.0 0.004752929894176998 0.0034825606160128687 0.0 0.0 0.12445616234780194 0.0 0.0 0.0 0.0 0.015398744211553302 0.0 0.0 0.32073353298211854 0.0690602390828784 0.0 0.0 0.019290947535077763 0.0 0.03672088143088192 0.0 0.0 0.0 0.016629484858004286 0.0 0.0 0.0 2.5074589677553805e-07 0.0 0.0 0.0 0.015057354534591096 0.0 0.0 0.0 0.0 2.2688571010486894e-07 0.0 0.0 0.0 1.5297581798479524e-07 0.0 0.0 0.0 2.7420456921076332e-06 0.0 0.0 0.0 7.18413796669531e-08 0.0 2.6144059662064948e-08 0.0 0.0 0.07729988495994446 1.7108516040715253e-09 0.0 0.0 0.004815195559508394 0.006043907267748238 0.0 0.0 0.08274491252968938 0.07727049469636 0.0 0.0 0.016752904466839632 0.004404585917692829 0.0 0.0 0.25789014052927134 7.07353208678699e-07 0.0 0.0 0.3130573427582184 0.03040475977850541 0.0 0.0 0.34074489480393083 0.21590796941318643 0.0 0.0 0.09313981156715485 0.0 0.27818771041328305 0.0 0.0 0.0 0.12957049658290984 0.0 0.0 0.0 2.7866923779049866e-06 0.0 0.0 0.0 0.03048724004926369 0.0 0.0 0.0 0.0 0.005096766648233566 0.0 0.0 0.0 0.03404892125049808 0.0 0.0 0.0 0.009500758043893203 0.0 0.0 0.0 0.002339764633859844 0.0 0.0008297331377681616 0.0 0.0 0.03626927050747124 2.5117527401092833e-08 0.0 0.0 0.045507140739991986 0.0032471423725197713 0.0 0.0 0.04789146711716758 3.919971082752725e-09 0.0 0.0 1.5595739054065863e-09 0.0004677345613949616 0.0 0.0 0.05546453059940954 5.9565895693974625e-08 0.0 0.0 0.04175052065488403 0.0003303543122062938 0.0 0.0 0.10627893406963991 0.0062140395380424875 0.0 0.0 0.0027718109512401656
0.0 0.0009957737625825394 0.0 0.0 0.0 0.0005198572074653501 0.0 0.0 0.0 4.3333716095785415e-08 0.0 0.0 0.0 0.010519577418361818 0.0 0.0 0.0 0.0 0.00893171676334991 0.0 0.0 0.0 0.04391564790481807 0.0 0.0 0.0 0.051779370749098046 0.0 0.0 0.0 0.13793588692749545 0.0 0.00035108927402191357 0.0 0.0 0.005946672113827112 5.082315242386797e-13 0.0 0.0 0.020830221434609778 0.0007910097482543462 0.0 0.0 0.0287591454533364 0.0717405067854594 0.0 0.0 0.04451599474388803 0.0013280719766491443 0.0 0.0 0.025219968605453863 3.076810705655547e-13 0.0 0.0 0.02028085844405982 0.0013582374172116918 0.0 0.0 0.13117865577780574 0.16222760729122274 0.0 0.0 0.08633993678418632 0.0 7.765133679847111e-07 0.0 0.0 0.0 1.5540249706060293e-08 0.0 0.0 0.0 1.6006571746918467e-12 0.0 0.0 0.0 1.6032067741471455e-07 0.0 0.0 0.0 0.0 0.03594096401219417 0.0 0.0 0.0 0.032114254343294714 0.0 0.0 0.0 0.020345393622839218 0.0 0.0 0.0 0.10577040160114269 0.0 0.00021799114907268695 0.0 0.0 0.0026297742613707324 2.8458297571289546e-09 0.0 0.0 0.0018473347287296085 0.0032589054847639827 0.0 0.0 0.058781405273122714 0.03161346870322261 0.0 0.0 0.005769287539755893 0.003168967195818587 0.0 0.0 0.08636140435582927 1.2107519935810883e-08 0.0 0.0 0.008811672930260717 0.0026670966312998955 0.0 0.0 0.0860403689699114 0.03987367930554992 0.0 0.0 0.030839465009073787 0.0 0.012678269544094296 0.0 0.0 0.0 0.005355933369957644 0.0 0.0 0.0 1.513986864791654e-07 0.0 0.0 0.0 0.01640975206759211 0.0 0.0 0.0 0.0 7.270778611811208e-07 0.0 0.0 0.0 4.3560122968494215e-07 0.0 0.0 0.0 2.0490782748620367e-07 0.0 0.0 0.0 2.04376905001637e-06 0.0 0.0005130946755328479 0.0 0.0 0.013609424650993233 1.0928888920505131e-07 0.0 0.0 0.039049317263665284 0.0031214351945678814 0.0 0.0 0.08211871427843002 0.03986930002998709 0.0 0.0 0.007640656342289225 0.0008013802988738987 0.0 0.0 0.10071698124029797 2.4439052098711395e-07 0.0 0.0 0.08391383757339056 0.011399503294708646 0.0 0.0 0.20277303839697072 0.25061693154817144 0.0 0.0 0.07042094870587035 0.0 0.21995608576136672 0.0 0.0 0.0 0.1882952230020478 0.0 0.0 0.0 3.216621965136511e-06 0.0 0.0 0.0 0.3822977480532992 0.0 0.0 0.0 0.0 0.12176347031265092 0.0 0.0 0.0 0.06020208647982025 0.0 0.0 0.0 0.11379708244459007 0.0 0.0 0.0 0.11346459862286926 0.0 0.003803744624210726 0.0 0.0 0.1241909784517692 3.0465493656307704e-07 0.0 0.0 0.03497552707525707 0.0019784082546531454 0.0 0.0 0.0408760432811201 0.07988230695212648 0.0 0.0 0.07146561762648411 0.0008551387653634598 0.0 0.0 0.042710092035252625 2.940407330948235e-07 0.0 0.0 0.05871290471428101 0.009869510354870941 0.0 0.0 0.09011549401810745 0.1147284728229391 0.0 0.0 0.050853813344087014
0.0 0.0024687436641603238 0.0 0.0 0.0 0.0015759582904279746 0.0 0.0 0.0 7.680461474786607e-08 0.0 0.0 0.0 0.0003721756349715876 0.0 0.0 0.0 0.0 0.0035248511980898144 0.0 0.0 0.0 0.030392542728501528 0.0 0.0 0.0 0.14415103514826566 0.0 0.0 0.0 7.725759973376073e-08 0.0 1.4467485162693197e-09 0.0 0.0 0.0023229559546494457 1.1670440000753959e-14 0.0 0.0 0.0006588946872339822 0.0005975738626395277 0.0 0.0 0.036546522894133494 0.001256393972749274 0.0 0.0 0.00025470054333273336 0.001266843147424682 0.0 0.0 0.052524997599817456 9.389614773804708e-13 0.0 0.0 0.06053519380922131 0.006171436771692374 0.0 0.0 0.2472921055948863 0.023768604855880927 0.0 0.0 0.005402244240910907 0.0 1.4953718631360792e-07 0.0 0.0 0.0 4.0377606697398766e-08 0.0 0.0 0.0 3.951737600470908e-12 0.0 0.0 0.0 3.158618609051115e-08 0.0 0.0 0.0 0.0 0.0030373246516920143 0.0 0.0 0.0 0.002049552719715483 0.0 0.0 0.0 0.02945082746741826 0.0 0.0 0.0 0.01208934155999512 0.0 1.7647113123933664e-10 0.0 0.0 1.7546810567182265e-08 1.1203647649494451e-23 0.0 0.0 6.592439328311946e-13 5.325877402521157e-08 0.0 0.0 0.0342752712374628 0.00981858467588314 0.0 0.0 0.007518249275830705 0.0003721879717609047 0.0 0.0 0.0586987131269694 4.396567392241385e-13 0.0 0.0 0.029004603407024057 0.0063407842256124934 0.0 0.0 0.24047502886123212 0.027098329919544913 0.0 0.0 0.005583855993450308 0.0 0.020211322079032902 0.0 0.0 0.0 0.013710537376139097 0.0 0.0 0.0 5.027487975146002e-07 0.0 0.0 0.0 0.007224402649121492 0.0 0.0 0.0 0.0 6.8234468446286e-08 0.0 0.0 0.0 1.4048975623312165e-07 0.0 0.0 0.0 1.9894545919274453e-07 0.0 0.0 0.0 1.5130138027745958e-07 0.0 3.6269209775061025e-05 0.0 0.0 0.03230283063038597 2.1079434881030454e-09 0.0 0.0 0.001358206873907094 0.005542782103638999 0.0 0.0 0.13267118843290887 0.0013861614797353553 0.0 0.0 0.0003046124121525102 0.002546630649077308 0.0 0.0 0.19333645124082147 2.1381566990974047e-07 0.0 0.0 0.2644186678855905 0.02395153754300359 0.0 0.0 0.6762970958732106 0.12592375401809672 0.0 0.0 0.05148609717218454 0.0 0.1492128849251438 0.0 0.0 0.0 0.031340510354647105 0.0 0.0 0.0 0.0 0.0 0.0 0.0 0.07462435038477681 0.0 0.0 0.0 0.0 0.030288471273844753 0.0 0.0 0.0 0.01916994023391837 0.0 0.0 0.0 0.0 0.0 0.0 0.0 0.03276254874729284 0.0 0.00011427665287352971 0.0 0.0 0.005842912436631589 2.594938455512492e-09 0.0 0.0 0.0012626803300517769 0.0 0.0 0.0 0.0 0.03240963162426266 0.0 0.0 0.005222615227509962 8.0739305624351e-05 0.0 0.0 0.031840090943998 2.984988697105684e-09 0.0 0.0 0.010335256512345889 0.0 0.0 0.0 0.0 0.03351628511841473 0.0 0.0 0.007789747930413847
0.0 0.0035028572899934575 0.0 0.0 0.0 0.0005534923514131407 0.0 0.0 0.0 1.1175928078253718e-07 0.0 0.0 0.0 0.0013516457500871775 0.0 0.0 0.0 0.0 0.02193502151326246 0.0 0.0 0.0 0.03310790224589929 0.0 0.0 0.0 0.03167737577684439 0.0 0.0 0.0 0.05999817012142421 0.0 3.070894679232002e-05 0.0 0.0 0.03474533567066413 9.120172727228377e-09 0.0 0.0 0.0036256498037019673 0.000827726309408934 0.0 0.0 0.030922966012252147 0.0003823611049755496 0.0 0.0 0.000144732501793369 0.001123110786708777 0.0 0.0 0.0634547795092701 5.0102685302302516e-08 0.0 0.0 0.02510880323447318 0.009758921177629928 0.0 0.0 0.2699903866854848 0.04879219080557141 0.0 0.0 0.014122713432839537 0.0 3.656599465658142e-07 0.0 0.0 0.0 1.771148104875295e-07 0.0 0.0 0.0 2.2306356074978706e-12 0.0 0.0 0.0 2.2266886556646293e-07 0.0 0.0 0.0 0.0 0.00978161658112724 0.0 0.0 0.0 0.001983842036431727 0.0 0.0 0.0 0.06786810829514799 0.0 0.0 0.0 0.03044089117459465 0.0 0.0005258359001088477 0.0 0.0 0.006136391771950974 4.34958432448691e-09 0.0 0.0 0.0019837841878540953 0.00017965023546179942 0.0 0.0 0.024735571279259273 0.026418483408613403 0.0 0.0 0.0013673471910864926 0.0026199549826232725 0.0 0.0 0.13692560225010716 1.6884861700040599e-07 0.0 0.0 0.05842793032104801 0.002427115138167741 0.0 0.0 0.12317522905394222 0.08852195585391291 0.0 0.0 0.04043882027796388 0.0 0.011475111848700323 0.0 0.0 0.0 0.015678622266440755 0.0 0.0 0.0 2.958579486510025e-07 0.0 0.0 0.0 0.0074835325656388086 0.0 0.0 0.0 0.0 5.076821671980971e-08 0.0 0.0 0.0 1.5652506091247512e-07 0.0 0.0 0.0 1.490703421768841e-07 0.0 0.0 0.0 7.214097170933478e-08 0.0 7.57995104414364e-09 0.0 0.0 0.01515335563344933 2.1974910356655403e-08 0.0 0.0 0.01014778441955394 0.0034093842809186773 0.0 0.0 0.07078462482939464 7.391083134611837e-05 0.0 0.0 5.4707216169707104e-05 5.26613815153024e-08 0.0 0.0 0.12936118865416513 4.249858729499349e-07 0.0 0.0 0.25495457069071636 0.0178737131485982 0.0 0.0 0.4694949945379083 0.0868023172875666 0.0 0.0 0.030377273674998345 0.0 0.13174013485879 0.0 0.0 0.0 0.09384216635463723 0.0 0.0 0.0 4.4034667714170026e-08 0.0 0.0 0.0 0.10883024453997328 0.0 0.0 0.0 0.0 0.038962800607154735 0.0 0.0 0.0 0.026255167516527282 0.0 0.0 0.0 7.816961221233111e-05 0.0 0.0 0.0 0.054286718042468554 0.0 0.0006204139766118403 0.0 0.0 0.028088895738925306 6.965826033081702e-08 0.0 0.0 0.06300425791128568 0.0015653377727912587 0.0 0.0 0.028421718804071135 0.020936816924887358 0.0 0.0 0.007549420839821466 0.00048802231659694073 0.0 0.0 0.018485406506130918 1.6405750263583016e-08 0.0 0.0 0.03528399615774893 5.303627151228898e-05 0.0 0.0 0.0010796469339180751 0.042639610736975794 0.0 0.0 0.01534081634925605
0.0 0.0021858544440622957 0.0 0.0 0.0 0.00552647169687395 0.0 0.0 0.0 5.543264314233465e-08 0.0 0.0 0.0 0.002551235526495594 0.0 0.0 0.0 0.0 0.029541786340519134 0.0 0.0 0.0 0.028170203155670873 0.0 0.0 0.0 0.02493232377585607 0.0 0.0 0.0 0.061197708671186415 0.0 0.0008126156851534471 0.0 0.0 0.018698260440340075 1.0564240885209412e-08 0.0 0.0 0.01879726538737613 0.001346672228837319 0.0 0.0 0.04307780300752745 0.011209134175537615 0.0 0.0 0.002267186867917701 0.0007448763110707514 0.0 0.0 0.04569092498212131 2.1770124125003563e-07 0.0 0.0 0.14285446790113093 0.0108313119073254 0.0 0.0 0.14771857612210032 0.09325908865596089 0.0 0.0 0.02486428250943578 0.0 2.975344108559357e-07 0.0 0.0 0.0 8.342329176900612e-07 0.0 0.0 0.0 2.9682618769785764e-12 0.0 0.0 0.0 2.6285543138078986e-07 0.0 0.0 0.0 0.0 0.022386773179545974 0.0 0.0 0.0 0.03121746349869708 0.0 0.0 0.0 0.06547808189344569 0.0 0.0 0.0 0.05512539173464561 0.0 7.779657291451001e-05 0.0 0.0 0.00099583162691575 1.722670560275878e-08 0.0 0.0 0.006090771690962335 0.0015622325081535388 0.0 0.0 0.025286873849250525 0.02651865236958496 0.0 0.0 0.00687441171887988 0.0019425631812472763 0.0 0.0 0.10482916217598827 7.831477327172052e-07 0.0 0.0 0.35338740301605254 0.008572324554929615 0.0 0.0 0.1595653357332977 0.08216675509887557 0.0 0.0 0.057221268696872295 0.0 0.01948167906480447 0.0 0.0 0.0 0.009423653127088783 0.0 0.0 0.0 9.587020952719214e-08 0.0 0.0 0.0 0.0069544221042756715 0.0 0.0 0.0 0.0 1.550307733436579e-07 0.0 0.0 0.0 3.92411771446515e-08 0.0 0.0 0.0 1.4580222147656334e-09 0.0 0.0 0.0 2.883543454809912e-06 0.0 0.0011617901200738224 0.0 0.0 0.03682343234621852 6.137992436081667e-09 0.0 0.0 0.002931555717164971 0.0012660900565090298 0.0 0.0 0.032481652799617525 0.016329170463998437 0.0 0.0 0.0055100972254608135 0.0036546468786894607 0.0 0.0 0.1667850390337301 3.033044502243038e-07 0.0 0.0 0.18299307887866043 0.0059368090430489415 0.0 0.0 0.0905477750436154 0.058664836188903065 0.0 0.0 0.042771014744929864 0.0 0.12217419089995488 0.0 0.0 0.0 0.15925675124945393 0.0 0.0 0.0 2.937738162696196e-06 0.0 0.0 0.0 0.10143715788595932 0.0 0.0 0.0 0.0 0.04428023380609216 0.0 0.0 0.0 0.008018881667822 0.0 0.0 0.0 0.014213519882996697 0.0 0.0 0.0 0.04810226938323334 0.0 0.0013214448898049185 0.0 0.0 0.0686220011016509 1.2314797164012589e-08 0.0 0.0 0.00703069150219095 0.00517641592694684 0.0 0.0 0.040383780569215745 0.04138664693189287 0.0 0.0 0.011838950681279391 0.0005478834611207947 0.0 0.0 0.023519094383421705 4.422856790905659e-08 0.0 0.0 0.05360036151145772 0.002309543572681658 0.0 0.0 0.03558812051326334 0.04327933674018542 0.0 0.0 0.01442048691949498
0.0 0.012337002677365093 0.0 0.0 0.0 0.002762688419901464 0.0 0.0 0.0 6.24443699834188e-08 0.0 0.0 0.0 0.003152414689182007 0.0 0.0 0.0 0.0 0.031223733816523692 0.0 0.0 0.0 0.00589474924118721 0.0 0.0 0.0 0.03527171901599706 0.0 0.0 0.0 0.1077033113761085 0.0 0.002100533442264406 0.0 0.0 0.045566868220093884 5.73285945542499e-09 0.0 0.0 0.0024591011762403287 0.0004239365108291664 0.0 0.0 0.005511195743333507 0.02650779728377706 0.0 0.0 0.008683212492807419 0.009176719952641141 0.0 0.0 0.2059995868166772 1.871051534358913e-07 0.0 0.0 0.08080460180232774 0.010156238455288298 0.0 0.0 0.16311995927807782 0.09879904236871676 0.0 0.0 0.030918222222417146 0.0 3.937046440206863e-07 0.0 0.0 0.0 1.1042530777994027e-07 0.0 0.0 0.0 3.6925665689895925e-12 0.0 0.0 0.0 2.371022190455677e-07 0.0 0.0 0.0 0.0 0.047285503518728046 0.0 0.0 0.0 0.007764427091743349 0.0 0.0 0.0 0.05192867710516472 0.0 0.0 0.0 0.03353336690124 0.0 0.00012450397013085045 0.0 0.0 0.005259972266613491 4.2964717516600695e-09 0.0 0.0 0.002039366440206965 0.000783692391626834 0.0 0.0 0.009956585238417576 0.0016585590520115379 0.0 0.0 0.00047643548845293954 0.00401154028690053 0.0 0.0 0.12716075320832235 5.600637286902883e-08 0.0 0.0 0.08211736921756695 0.010164822245013985 0.0 0.0 0.2029302234490932 0.07388639657782607 0.0 0.0 0.04364722734103312 0.0 0.010904839070034112 0.0 0.0 0.0 0.017341741465997842 0.0 0.0 0.0 1.5620943693693264e-07 0.0 0.0 0.0 0.0025028397173407703 0.0 0.0 0.0 0.0 1.6472350539870636e-08 0.0 0.0 0.0 1.2116249203569934e-07 0.0 0.0 0.0 7.09896001453486e-07 0.0 0.0 0.0 2.5086232491019654e-08 0.0 1.541815757627442e-08 0.0 0.0 0.025096495181656752 5.5858594219205735e-08 0.0 0.0 0.026592597239230215 0.0003738465584918163 0.0 0.0 0.02940498514066689 0.004559896768546465 0.0 0.0 0.001173307044307747 0.001772083727697062 0.0 0.0 0.1154287725928867 2.0217803869851075e-07 0.0 0.0 0.23182928252865587 0.008847023379751469 0.0 0.0 0.23713727924866038 0.06978192344679834 0.0 0.0 0.01390334141444384 0.0 0.1522369438916486 0.0 0.0 0.0 0.12040743430566903 0.0 0.0 0.0 6.539595770331553e-07 0.0 0.0 0.0 0.0593273339751367 0.0 0.0 0.0 0.0 0.007399263930029141 0.0 0.0 0.0 0.0066398216485093475 0.0 0.0 0.0 9.31924884501873e-08 0.0 0.0 0.0 0.044860216753313725 0.0 0.00020208329227663858 0.0 0.0 0.02821431648752529 1.5207232870608636e-07 0.0 0.0 0.07220875410706233 3.966785822699063e-09 0.0 0.0 0.00657284129585598 0.04392338367231696 0.0 0.0 0.013520022015682427 0.000664074118018154 0.0 0.0 0.025766429728397995 7.798604427695528e-08 0.0 0.0 0.04586731582083865 1.295502226603419e-08 0.0 0.0 0.024066839122826988 0.015048839373968583 0.0 0.0 0.007162871164920926
0.0 0.010322904482629158 0.0 0.0 0.0 0.0031628009458497886 0.0 0.0 0.0 1.4202219178212622e-07 0.0 0.0 0.0 0.0011425140897555735 0.0 0.0 0.0 0.0 0.09792304731623785 0.0 0.0 0.0 0.04433816391050445 0.0 0.0 0.0 0.13515604186726496 0.0 0.0 0.0 0.08807578376166164 0.0 1.232676745472467e-08 0.0 0.0 0.027789089753387956 1.9235742155634933e-09 0.0 0.0 0.004282577862659205 0.006887884291978039 0.0 0.0 0.12584683525624826 0.0011867536494778474 0.0 0.0 0.00031852848346943256 0.0029455941072110033 0.0 0.0 0.20114791439692506 1.1040890357085615e-07 0.0 0.0 0.09398572882700533 0.015587770454439678 0.0 0.0 0.39677845087419383 0.08727918887540746 0.0 0.0 0.016356409644889963 0.0 3.227439707324924e-07 0.0 0.0 0.0 5.359726005706594e-07 0.0 0.0 0.0 3.29439514653017e-12 0.0 0.0 0.0 1.4574811348754417e-07 0.0 0.0 0.0 0.0 0.033784607900990325 0.0 0.0 0.0 0.08147653162582756 0.0 0.0 0.0 0.03317908343826695 0.0 0.0 0.0 0.004605054468906594 0.0 0.0015121470079099877 0.0 0.0 0.03479448662467803 9.039737073343592e-08 0.0 0.0 0.051115759827443735 0.0005030090672955025 0.0 0.0 0.0419667198138986 0.002396080452428217 0.0 0.0 0.0009437780594895702 0.002514964459780061 0.0 0.0 0.12175264976733288 4.6994546297511523e-07 0.0 0.0 0.3047147638667839 0.009633657442494331 0.0 0.0 0.15766650336557766 0.10623122427013534 0.0 0.0 0.03159310087942317 0.0 0.02780812958089456 0.0 0.0 0.0 0.01208036356521618 0.0 0.0 0.0 2.820175518836544e-07 0.0 0.0 0.0 0.01581488261864161 0.0 0.0 0.0 0.0 8.386217960096666e-08 0.0 0.0 0.0 8.120893342763735e-08 0.0 0.0 0.0 3.616177119662763e-07 0.0 0.0 0.0 1.4003224893509258e-07 0.0 0.00018193698487747626 0.0 0.0 0.04208723926681822 1.3362645365160517e-08 0.0 0.0 0.03980889777562918 0.003672297680331344 0.0 0.0 0.09290071810341746 0.02165258033461843 0.0 0.0 0.016033592617140227 0.006659805447330076 0.0 0.0 0.31198116186722397 2.5262308285081924e-07 0.0 0.0 0.19105936459532033 0.01941900803886881 0.0 0.0 0.46708486805610433 0.26664145695368535 0.0 0.0 0.06857570445298927 0.0 0.3322899298357186 0.0 0.0 0.0 0.13780157695032488 0.0 0.0 0.0 1.5649370254532378e-07 0.0 0.0 0.0 0.068775664267086 0.0 0.0 0.0 0.0 0.034603944468763304 0.0 0.0 0.0 0.007417294505248921 0.0 0.0 0.0 0.038351159157734196 0.0 0.0 0.0 0.005360808591850265 0.0 0.0004613724536171813 0.0 0.0 0.05045693928843576 3.655618117208152e-13 0.0 0.0 1.4680016430937527e-07 2.823507484411695e-09 0.0 0.0 0.00444803608479809 0.034940282371265535 0.0 0.0 0.0077350070325135235 0.0014460622902103426 0.0 0.0 0.06663969792490958 6.580657391308012e-08 0.0 0.0 0.04914009444198429 3.2784266322463664e-09 0.0 0.0 0.005790436787996522 0.018539760639813864 0.0 0.0 0.010417860975967202
0.0 0.014542217123640224 0.0 0.0 0.0 0.003975303654527903 0.0 0.0 0.0 8.395121717511072e-08 0.0 0.0 0.0 0.003604225291285936 0.0 0.0 0.0 0.0 0.06671883163942191 0.0 0.0 0.0 0.013218903600464339 0.0 0.0 0.0 0.05499777471933903 0.0 0.0 0.0 0.049314927870053954 0.0 0.0009599128343628282 0.0 0.0 0.03698490576783193 2.422494296150701e-08 0.0 0.0 0.004828420812288693 0.00020355291218389826 0.0 0.0 0.003696004582813822 0.04433955596237502 0.0 0.0 0.014758695515037147 0.003814613474269474 0.0 0.0 0.22855338229308836 5.228220412221225e-07 0.0 0.0 0.1286513376568555 0.0086765141760557 0.0 0.0 0.23377509520063147 0.15351202353880272 0.0 0.0 0.03581959736468641 0.0 2.9740091543426436e-07 0.0 0.0 0.0 6.024546076207607e-07 0.0 0.0 0.0 4.806232085339449e-12 0.0 0.0 0.0 4.680871787178614e-07 0.0 0.0 0.0 0.0 0.011490396401602014 0.0 0.0 0.0 0.044109841431398546 0.0 0.0 0.0 0.08071444485696762 0.0 0.0 0.0 0.04771398021496668 0.0 0.0025023798642404777 0.0 0.0 0.03831781148419372 4.292911574705993e-08 0.0 0.0 0.03954625731501854 0.000953613093311777 0.0 0.0 0.06173458841068562 0.0019753618280340577 0.0 0.0 0.0037626337310064694 0.004177894164712609 0.0 0.0 0.09418573345545637 3.0120350352393813e-07 0.0 0.0 0.11724230502785016 0.006287571160646128 0.0 0.0 0.2521084831965708 0.13965655660098078 0.0 0.0 0.10824002508007452 0.0 0.030022175182004417 0.0 0.0 0.0 0.01421373411638043 0.0 0.0 0.0 5.241740737443654e-07 0.0 0.0 0.0 0.012900770465327284 0.0 0.0 0.0 0.0 1.5310931585301001e-06 0.0 0.0 0.0 1.971573290502842e-06 0.0 0.0 0.0 5.087672057873669e-07 0.0 0.0 0.0 1.542741761364362e-07 0.0 6.690354996964668e-09 0.0 0.0 0.004234343474167781 9.563616649874988e-08 0.0 0.0 0.07714395225869167 0.0038949902447577025 0.0 0.0 0.09000945645718252 0.004592861300236529 0.0 0.0 0.0013754723464399392 0.009417661764905187 0.0 0.0 0.3581229825183973 3.266113053104689e-07 0.0 0.0 0.2602137829367803 0.03312924902693879 0.0 0.0 0.7267875103661916 0.07097865146906912 0.0 0.0 0.06082660291587158 0.0 0.14228422899683354 0.0 0.0 0.0 0.15987070331563294 0.0 0.0 0.0 3.5575777338051845e-06 0.0 0.0 0.0 0.18909922372493904 0.0 0.0 0.0 0.0 0.027560322676552274 0.0 0.0 0.0 0.07938239067056126 0.0 0.0 0.0 0.045538450064485175 0.0 0.0 0.0 0.05312352415713229 0.0 0.0014464171377877159 0.0 0.0 0.04377705962088143 8.251903317463534e-09 0.0 0.0 0.01726933102568866 5.1270216708432e-08 0.0 0.0 0.04928408261133952 0.027672688517075196 0.0 0.0 0.010702948081436516 0.0010177762348588454 0.0 0.0 0.03503838328495386 4.6267706596963185e-08 0.0 0.0 0.04482654601074843 0.00399166205367517 0.0 0.0 0.10208154678404377 0.0485300143985659 0.0 0.0 0.022445464253465802
0.0 0.0008045540217894543 0.0 0.0 0.0 0.00742835870824426 0.0 0.0 0.0 6.347217436868345e-08 0.0 0.0 0.0 0.0009919275767558075 0.0 0.0 0.0 0.0 0.028034410743948465 0.0 0.0 0.0 0.07524327227828242 0.0 0.0 0.0 0.11784833367142228 0.0 0.0 0.0 0.15376519860049448 0.0 7.382175181028963e-16 0.0 0.0 2.565659697624661e-09 2.5449823049153877e-08 0.0 0.0 0.027317500271330668 0.000191757700082124 0.0 0.0 0.031242257573979314 0.0010007154153523256 0.0 0.0 0.0002385784558806698 3.9477029962013e-09 0.0 0.0 0.01538245573025605 2.6292227933476567e-07 0.0 0.0 0.11111771541682725 0.004969348590725625 0.0 0.0 0.15529822805711807 0.05170734674231056 0.0 0.0 0.01340336825599315 0.0 1.4993499514442527e-07 0.0 0.0 0.0 3.1778457105435383e-07 0.0 0.0 0.0 5.4617680051821736e-12 0.0 0.0 0.0 5.713431299001865e-07 0.0 0.0 0.0 0.0 0.0017494816171196989 0.0 0.0 0.0 0.08979864996507919 0.0 0.0 0.0 0.04020852277310642 0.0 0.0 0.0 0.09202391847476692 0.0 0.0014490501265275212 0.0 0.0 0.03334398853340738 1.721154038955208e-07 0.0 0.0 0.08001801506389822 0.007051148264301144 0.0 0.0 0.08236199909359543 0.05833227671782982 0.0 0.0 0.03167343612494753 0.00035190790323240677 0.0 0.0 0.05154827590343263 1.5883954718226554e-07 0.0 0.0 0.18395410230635967 0.012134819492443792 0.0 0.0 0.1677934994365932 0.2802799497458463 0.0 0.0 0.11256839871512574 0.0 0.009131296059894626 0.0 0.0 0.0 0.01373921852641143 0.0 0.0 0.0 1.4469080763959436e-07 0.0 0.0 0.0 0.016655147712086312 0.0 0.0 0.0 0.0 1.6582632318934254e-08 0.0 0.0 0.0 1.5318001663800366e-06 0.0 0.0 0.0 1.4569872573439002e-08 0.0 0.0 0.0 2.338399870609291e-06 0.0 2.6092148725306136e-05 0.0 0.0 0.0018838583692713789 7.550466204222006e-08 0.0 0.0 0.05113610952112722 0.0011355896872716844 0.0 0.0 0.007040643174724304 0.07984540272965623 0.0 0.0 0.02809289231979566 0.002144578853938538 0.0 0.0 0.07525701200425262 2.4647295714525645e-07 0.0 0.0 0.24467280724017754 0.010221409864448281 0.0 0.0 0.07004505203159032 0.11915793303961934 0.0 0.0 0.11001770187383102 0.0 0.36533056363488237 0.0 0.0 0.0 0.2026126778108455 0.0 0.0 0.0 3.693184098105418e-06 0.0 0.0 0.0 0.15034843470077788 0.0 0.0 0.0 0.0 0.024731342376646114 0.0 0.0 0.0 0.12918663199638294 0.0 0.0 0.0 0.011103792440832514 0.0 0.0 0.0 0.002974314518888382 0.0 0.001387324938261752 0.0 0.0 0.11779342892002712 3.0270078401844624e-08 0.0 0.0 0.04466206237320866 0.0001078882476469191 0.0 0.0 0.003646637759473793 0.06848727106542032 0.0 0.0 0.012681126419903441 0.0010007460873840044 0.0 0.0 0.06463514516444493 6.749340681594366e-08 0.0 0.0 0.06575280014965179 0.0037138451422804443 0.0 0.0 0.11408842425374044 0.05948447387456883 0.0 0.0 0.015574368485942935
0.0 0.0 0.0 0.0 0.0 0.0009669428503142709 0.0 0.0 0.0 2.3742093096552463e-08 0.0 0.0 0.0 0.0014931723640873409 0.0 0.0 0.0 0.0 0.0 0.0 0.0 0.0 0.07686038517922238 0.0 0.0 0.0 0.0046771997925063695 0.0 0.0 0.0 0.0066293930491959415 0.0 0.0 0.0 0.0 0.0 6.8807640685692e-14 0.0 0.0 0.0026919064473854204 4.179192529300595e-14 0.0 0.0 7.969804688670289e-13 6.276253650222514e-13 0.0 0.0 1.9911712245656423e-13 0.0 0.0 0.0 0.0 9.024596402590784e-13 0.0 0.0 0.039502789737136584 0.0024727595926503916 0.0 0.0 0.05286102897942632 0.038298268247360705 0.0 0.0 0.013590178446044217 0.0 1.1015717412466343e-07 0.0 0.0 0.0 8.536459629237022e-08 0.0 0.0 0.0 2.1362489669249623e-11 0.0 0.0 0.0 0.0 0.0 0.0 0.0 0.0 0.0012534203369987664 0.0 0.0 0.0 0.025009610093722823 0.0 0.0 0.0 0.057389915306581246 0.0 0.0 0.0 0.0 0.0 1.7541069046964377e-14 0.0 0.0 6.376902738931886e-13 1.6320236903509524e-14 0.0 0.0 0.0006356579637006081 0.005782657679334027 0.0 0.0 0.09694606769530713 0.0 0.0 0.0 0.0 0.0006885267371401777 0.0 0.0 0.02806344882178919 1.4743789680970579e-12 0.0 0.0 0.06437116473776203 0.04700262277849557 0.0 0.0 0.9330879665617039 0.0 0.0 0.0 0.0 0.0 0.01130659284170231 0.0 0.0 0.0 0.04438764927440394 0.0 0.0 0.0 6.997719854643062e-08 0.0 0.0 0.0 0.004792723689266554 0.0 0.0 0.0 0.0 1.6655148816388504e-12 0.0 0.0 0.0 1.2157019807494103e-06 0.0 0.0 0.0 1.3018560589267831e-12 0.0 0.0 0.0 3.2495218847894272e-12 0.0 7.248206611650286e-05 0.0 0.0 0.004230957192061406 7.7672548044633e-09 0.0 0.0 0.055931245524740644 0.00021145657592402362 0.0 0.0 0.0038423128434358455 0.003907463062607856 0.0 0.0 0.0017288413685308819 0.0014207140400639346 0.0 0.0 0.10299127807342023 1.759700602379264e-07 0.0 0.0 0.8898614055355565 0.004022011264339702 0.0 0.0 0.08194066749907247 0.07295386066991867 0.0 0.0 0.036639135421456415 0.0 0.07686027502204824 0.0 0.0 0.0 0.03829826824798834 0.0 0.0 0.0 1.0487104782892257e-06 0.0 0.0 0.0 0.0 0.0 0.0 0.0 0.0 0.001438486110455461 0.0 0.0 0.0 0.0014931723640873413 0.0 0.0 0.0 0.0033542375788110927 0.0 0.0 0.0 0.0 0.0 2.626300733717403e-14 0.0 0.0 9.624869447759814e-13 4.169425874069685e-09 0.0 0.0 0.0066293888797700675 1.1545119482880034e-13 0.0 0.0 2.145320737847472e-12 0.0 0.0 0.0 0.0 0.0002784161131302889 0.0 0.0 0.011439340914649683 7.633930023757547e-09 0.0 0.0 0.01359017081231331 0.0012206166391464572 0.0 0.0 0.025429603123060866 0.0 0.0 0.0 0.0
0.0 0.0063320076372830655 0.0 0.0 0.0 0.0014520620736205806 0.0 0.0 0.0 5.196506943381028e-08 0.0 0.0 0.0 0.0021624896358392555 0.0 0.0 0.0 0.0 0.025145162418472197 0.0 0.0 0.0 0.000441812943607316 0.0 0.0 0.0 0.07377355427852259 0.0 0.0 0.0 0.10571578861077793 0.0 0.0006581119904573157 0.0 0.0 0.023194453500003823 1.0442012153387694e-09 0.0 0.0 0.00099112951417476 0.00041295656573600716 0.0 0.0 0.01607300257140623 0.021712731047263414 0.0 0.0 0.004846576805996685 0.0020762586543732085 0.0 0.0 0.03242472443306146 1.088107506479862e-07 0.0 0.0 0.05700203136941286 0.005124565617902561 0.0 0.0 0.11422087914654894 0.01751263911339604 0.0 0.0 0.027711212054028732 0.0 1.7863161089658045e-07 0.0 0.0 0.0 3.7980517032599045e-08 0.0 0.0 0.0 4.324639938810049e-12 0.0 0.0 0.0 1.1394600129111482e-07 0.0 0.0 0.0 0.0 0.0007471336667638817 0.0 0.0 0.0 0.0018826528689521854 0.0 0.0 0.0 0.1266533685565858 0.0 0.0 0.0 0.030758712025605858 0.0 1.1902244585270545e-05 0.0 0.0 0.0023124537133571714 1.924874815354845e-13 0.0 0.0 7.004758847036942e-08 0.0006257902253140421 0.0 0.0 0.012641151488449855 0.02057559259747112 0.0 0.0 0.004136051036451375 0.0006930769258333344 0.0 0.0 0.056122400573616796 6.877680134963318e-08 0.0 0.0 0.028060743203832138 0.008679611118509465 0.0 0.0 0.21072295314142028 0.04546196188126458 0.0 0.0 0.01884186002474048 0.0 0.00266732149867045 0.0 0.0 0.0 0.00985427962802176 0.0 0.0 0.0 1.0444922243206559e-07 0.0 0.0 0.0 0.014890289201467968 0.0 0.0 0.0 0.0 4.58438812017121e-13 0.0 0.0 0.0 1.3375324248616742e-07 0.0 0.0 0.0 4.12563120625411e-07 0.0 0.0 0.0 1.0530773780380394e-06 0.0 0.00015440314958674228 0.0 0.0 0.019756504804561738 8.24048832680669e-09 0.0 0.0 0.016234346176407125 0.0032170493875206064 0.0 0.0 0.06439482641198353 0.08201811504054951 0.0 0.0 0.025110155503456015 0.005491879831847052 0.0 0.0 0.03181703647064294 8.592879632875067e-08 0.0 0.0 0.15357258354034603 0.007111380970338777 0.0 0.0 0.10493766348511603 0.18822512991827486 0.0 0.0 0.07902170467136135 0.0 0.19607681048381564 0.0 0.0 0.0 0.14873548743574833 0.0 0.0 0.0 1.3729283781093605e-06 0.0 0.0 0.0 0.1478631335214212 0.0 0.0 0.0 0.0 0.04199666695354494 0.0 0.0 0.0 0.0379784117876078 0.0 0.0 0.0 0.005913996655458049 0.0 0.0 0.0 0.07902695090811891 0.0 0.00025237505665179545 0.0 0.0 0.05237264603891532 4.976695549001013e-08 0.0 0.0 0.051967491377018414 0.00037000746456839325 0.0 0.0 0.017753165361921536 0.06452481705824631 0.0 0.0 0.028261952497603486 0.0006086034584776178 0.0 0.0 0.038072199665315165 7.994268014225948e-09 0.0 0.0 0.06075428041723867 0.0013392279438417904 0.0 0.0 0.03450937540159948 0.05264581771289739 0.0 0.0 0.016943775714200457
0.0 0.0031918530791732493 0.0 0.0 0.0 0.006447476347297872 0.0 0.0 0.0 2.180106804746082e-08 0.0 0.0 0.0 0.0068107841114135445 0.0 0.0 0.0 0.0 0.06701905498429368 0.0 0.0 0.0 0.15845142666719356 0.0 0.0 0.0 0.0757405139512209 0.0 0.0 0.0 0.2513337142537246 0.0 3.956542483622898e-05 0.0 0.0 0.0015837084806563193 2.415446615025477e-09 0.0 0.0 0.019214968258641 0.0029675563855685273 0.0 0.0 0.053158239655644375 0.027521230757882216 0.0 0.0 0.014859445841393665 0.0007400904721050355 0.0 0.0 0.04962745162258269 1.2285123696900162e-07 0.0 0.0 0.14175726762991 0.006060452306631933 0.0 0.0 0.06574275600594494 0.3493805995691439 0.0 0.0 0.08330456984832547 0.0 9.044376457638905e-08 0.0 0.0 0.0 0.0 0.0 0.0 0.0 3.944905259079387e-12 0.0 0.0 0.0 1.1626631444993297e-07 0.0 0.0 0.0 0.0 0.002309906467886853 0.0 0.0 0.0 0.0 0.0 0.0 0.0 0.04658943979961137 0.0 0.0 0.0 0.03124401656770659 0.0 0.0005017666130236731 0.0 0.0 0.03417840669372287 0.0 0.0 0.0 0.0 0.005174379751336189 0.0 0.0 0.1292536217100081 0.010681983736563275 0.0 0.0 0.007546370900266829 0.000419925338879607 0.0 0.0 0.04405772048515393 0.0 0.0 0.0 0.0 0.0069355007756899635 0.0 0.0 0.17865223015035123 0.04480270031030967 0.0 0.0 0.027926536282486446 0.0 0.02090337330561169 0.0 0.0 0.0 0.003956537769420657 0.0 0.0 0.0 3.430039140212344e-08 0.0 0.0 0.0 0.012857449404364587 0.0 0.0 0.0 0.0 9.98124220460869e-08 0.0 0.0 0.0 1.4156284567000521e-06 0.0 0.0 0.0 7.245255138647348e-13 0.0 0.0 0.0 5.685331761602319e-06 0.0 0.0014466916620172346 0.0 0.0 0.08192635351078853 3.284264813641915e-10 0.0 0.0 0.004702361151488132 0.0001424061870001672 0.0 0.0 0.006535673257946663 0.009442851178379561 0.0 0.0 0.03142547921961865 0.005380950886171834 0.0 0.0 0.1754798869714989 7.309083449476204e-08 0.0 0.0 0.07280742807380507 0.005662370212323863 0.0 0.0 0.0691273320840449 0.18336835843275925 0.0 0.0 0.08877144060284234 0.0 0.5284493930278833 0.0 0.0 0.0 0.09804197885925493 0.0 0.0 0.0 7.084048385614956e-06 0.0 0.0 0.0 0.070694527469777 0.0 0.0 0.0 0.0 0.05001565595546635 0.0 0.0 0.0 0.0327740590082736 0.0 0.0 0.0 0.006079907340671975 0.0 0.0 0.0 0.0014932549474576645 0.0 0.005185991167556968 0.0 0.0 0.20180950246237336 2.0385749786068265e-10 0.0 0.0 0.03390149501303077 3.116429959665528e-07 0.0 0.0 5.356778215255381e-06 0.033451240757883964 0.0 0.0 0.009722773074736627 0.0027351537743621267 0.0 0.0 0.1079502800791044 1.9581629894832734e-08 0.0 0.0 0.038951987440032025 0.006333174143949455 0.0 0.0 0.06904198208821326 0.038544018662378894 0.0 0.0 0.009029817172628813
0.0 0.0027550103149405493 0.0 0.0 0.0 0.0019344328672913707 0.0 0.0 0.0 4.85317931412154e-09 0.0 0.0 0.0 0.00944649353769031 0.0 0.0 0.0 0.0 0.0014856391091321195 0.0 0.0 0.0 0.026205202355331927 0.0 0.0 0.0 0.018122477890246503 0.0 0.0 0.0 0.38679673361535294 0.0 1.4563978329242707e-10 0.0 0.0 4.7075395308291136e-09 4.987006451612407e-13 0.0 0.0 0.014420485109798844 2.951691978915481e-05 0.0 0.0 0.00030750175525312307 0.12512408288830382 0.0 0.0 0.06614918954755038 0.0008776329725671433 0.0 0.0 0.0318048520895455 2.738849169351276e-12 0.0 0.0 0.06820929768243422 0.001456122189342965 0.0 0.0 0.017007515731553572 0.12442489339639341 0.0 0.0 0.10036767248073121 0.0 3.3435319201289275e-07 0.0 0.0 0.0 2.4838772634603068e-08 0.0 0.0 0.0 3.667993226913869e-12 0.0 0.0 0.0 6.719365307543201e-08 0.0 0.0 0.0 0.0 0.05036692692243843 0.0 0.0 0.0 0.018230840531469665 0.0 0.0 0.0 0.0036665491866285493 0.0 0.0 0.0 0.007281367030453716 0.0 0.0014694332472037397 0.0 0.0 0.01943572715501091 1.8213326612802262e-09 0.0 0.0 0.00012110603212116211 0.001528323937597221 0.0 0.0 0.024676878418371625 0.00010554815686098434 0.0 0.0 2.921791251372643e-05 0.0022346238269189507 0.0 0.0 0.03726237251332992 2.4910953565280336e-07 0.0 0.0 0.018570917006132878 0.008142091172188493 0.0 0.0 0.10967871463900465 0.03307089880873565 0.0 0.0 0.03335917957651211 0.0 0.0014856391091321195 0.0 0.0 0.0 0.0034470175780526554 0.0 0.0 0.0 0.0 0.0 0.0 0.0 0.01720470020773755 0.0 0.0 0.0 0.0 4.85317931412154e-09 0.0 0.0 0.0 1.7653358255168643e-07 0.0 0.0 0.0 0.0 0.0 0.0 0.0 7.271344615184518e-06 0.0 0.0014813559391536827 0.0 0.0 0.016641121951092817 2.7555794489081836e-08 0.0 0.0 0.028388098554856092 0.0 0.0 0.0 0.0 0.0042919653572942315 0.0 0.0 0.0036918666999202284 0.0012736543757868666 0.0 0.0 0.016041363111019825 6.387391700272459e-09 0.0 0.0 0.04201095206905177 0.0 0.0 0.0 0.0 0.13964155727787528 0.0 0.0 0.13054775382747466 0.0 0.4066931668811919 0.0 0.0 0.0 0.0741642083868737 0.0 0.0 0.0 7.447874529742978e-06 0.0 0.0 0.0 0.25165682887332624 0.0 0.0 0.0 0.0 0.1514489518402901 0.0 0.0 0.0 0.0029300172606278856 0.0 0.0 0.0 0.03270540898123649 0.0 0.0 0.0 0.09034607861204569 0.0 0.0041017654352049696 0.0 0.0 0.1597010616856335 5.074281920575158e-08 0.0 0.0 0.04341875340319237 0.0064057659185731385 0.0 0.0 0.09873385570224484 0.10974577990658509 0.0 0.0 0.059569407493273906 0.0017541636698984863 0.0 0.0 0.0516868166144385 9.076917445715066e-08 0.0 0.0 0.027179436794770962 0.004575536757431357 0.0 0.0 0.07911082080217233 0.21950527013308954 0.0 0.0 0.04456256110833709
0.0 0.00854005014428329 0.0 0.0 0.0 0.0040352839104179266 0.0 0.0 0.0 2.9854977090504724e-08 0.0 0.0 0.0 0.0034323541389401344 0.0 0.0 0.0 0.0 0.09177460581119293 0.0 0.0 0.0 0.05606710255687394 0.0 0.0 0.0 0.0415193440051015 0.0 0.0 0.0 0.14222450953048246 0.0 0.0001830012870779298 0.0 0.0 0.012123472231005468 2.3513267552243666e-08 0.0 0.0 0.027838289612267822 0.0048543066069178685 0.0 0.0 0.05894544347896354 0.010422768673353969 0.0 0.0 0.002975354204868107 0.003259529761413219 0.0 0.0 0.13254741431756584 1.2306616917878378e-07 0.0 0.0 0.12943374169947494 0.0027311694208887755 0.0 0.0 0.07827076179755524 0.14341936639608965 0.0 0.0 0.03911424819100642 0.0 3.3146963770617814e-07 0.0 0.0 0.0 1.01981161316017e-07 0.0 0.0 0.0 4.568732387410492e-12 0.0 0.0 0.0 1.1408797378881573e-07 0.0 0.0 0.0 0.0 0.00236994756345936 0.0 0.0 0.0 0.0037602361162093574 0.0 0.0 0.0 0.024059515740089892 0.0 0.0 0.0 0.033408390817148366 0.0 0.001241215567667872 0.0 0.0 0.026579101268973206 3.807813989461719e-08 0.0 0.0 0.026081661409842437 0.00034631305286299903 0.0 0.0 0.004618718170218454 0.020757165259490954 0.0 0.0 0.00408271414085375 0.0022276847603256507 0.0 0.0 0.09179575614620555 1.2832959146980244e-07 0.0 0.0 0.0943718708613249 0.00768271571991144 0.0 0.0 0.1806673016708199 0.13349658348421578 0.0 0.0 0.025629596568788705 0.0 0.006741750771807619 0.0 0.0 0.0 0.012085864323358685 0.0 0.0 0.0 1.734943190997102e-07 0.0 0.0 0.0 0.002129217122433689 0.0 0.0 0.0 0.0 6.9045734429827904e-09 0.0 0.0 0.0 9.525843606431158e-08 0.0 0.0 0.0 1.4472542279684915e-07 0.0 0.0 0.0 5.983007801810198e-09 0.0 0.0006579024368992513 0.0 0.0 0.03924785188382901 1.623644129651231e-09 0.0 0.0 0.01641320178306476 7.897505285174702e-05 0.0 0.0 0.008128435627718505 0.0007201500616642462 0.0 0.0 0.0005248137728528062 0.004353775032372003 0.0 0.0 0.07321274974678803 2.2523859913051078e-07 0.0 0.0 0.21992868532543597 0.006719684309968682 0.0 0.0 0.26455416953632527 0.04416842116588754 0.0 0.0 0.014564410282288599 0.0 0.3097414379018848 0.0 0.0 0.0 0.04747684002196905 0.0 0.0 0.0 7.015153688193583e-08 0.0 0.0 0.0 0.03915802034782292 0.0 0.0 0.0 0.0 0.018732622559495146 0.0 0.0 0.0 0.02387949301653019 0.0 0.0 0.0 0.00019232777239325835 0.0 0.0 0.0 0.0019152623487519347 0.0 0.0013228932579863334 0.0 0.0 0.08400358909341919 1.5636892367468693e-13 0.0 0.0 0.0021967146121510883 5.389306356725284e-08 0.0 0.0 0.05920178510885982 0.026818267278794498 0.0 0.0 0.004004865434959712 0.001644356081843967 0.0 0.0 0.05035773901638065 7.693773818865505e-09 0.0 0.0 0.019607472237621496 2.2022179521529713e-09 0.0 0.0 0.0027127792600632255 0.01657364610371699 0.0 0.0 0.004690466068155969
0.0 0.0014787727615663516 0.0 0.0 0.0 0.0022636602560678104 0.0 0.0 0.0 3.643684796821709e-08 0.0 0.0 0.0 0.0017453313056777242 0.0 0.0 0.0 0.0 0.024091637339373223 0.0 0.0 0.0 0.018930050600757985 0.0 0.0 0.0 0.04537678877720758 0.0 0.0 0.0 0.0794399814948598 0.0 0.0008853541416849925 0.0 0.0 0.04319135024884025 1.17814413094595e-08 0.0 0.0 0.026514644249358406 0.0010373574879760925 0.0 0.0 0.014397336013199086 0.009027935420087342 0.0 0.0 0.004163379865603127 0.00027876701869395954 0.0 0.0 0.021429385001962523 8.234032547017491e-08 0.0 0.0 0.07409857278821075 0.0055187899338824875 0.0 0.0 0.11638022437512932 0.04008493194141927 0.0 0.0 0.017797217492554834 0.0 2.914175734749387e-08 0.0 0.0 0.0 0.0 0.0 0.0 0.0 4.034138993851593e-12 0.0 0.0 0.0 1.793402580726891e-07 0.0 0.0 0.0 0.0 0.017557662479847923 0.0 0.0 0.0 0.0 0.0 0.0 0.0 0.07981711455653015 0.0 0.0 0.0 0.12378236011623404 0.0 4.659568430003251e-05 0.0 0.0 0.0008603862476154322 0.0 0.0 0.0 0.0 0.0007779133906463532 0.0 0.0 0.017734406903686446 0.006497281060096663 0.0 0.0 0.0018600438030361183 0.0005523468054131737 0.0 0.0 0.011434735145106519 0.0 0.0 0.0 0.0 0.00391134770100855 0.0 0.0 0.2022767724844987 0.10951288405474856 0.0 0.0 0.03241305116199044 0.0 0.01366499624677282 0.0 0.0 0.0 0.004689153225678566 0.0 0.0 0.0 2.397295692565618e-07 0.0 0.0 0.0 0.012016427836990931 0.0 0.0 0.0 0.0 3.780044486452627e-08 0.0 0.0 0.0 2.0616359844625752e-12 0.0 0.0 0.0 6.76314435278527e-08 0.0 0.0 0.0 2.6789667146407533e-07 0.0 0.0008487683196851729 0.0 0.0 0.025336527565420958 6.379985449062214e-10 0.0 0.0 0.026033978306147062 0.004221188160394955 0.0 0.0 0.05277325276572879 0.03810296055200883 0.0 0.0 0.00718769363591687 0.0017162867516427216 0.0 0.0 0.11069216083623559 3.578423412412523e-08 0.0 0.0 0.09108385406004181 0.013997018207778924 0.0 0.0 0.2639775440495293 0.14248621886513882 0.0 0.0 0.07427223074963693 0.0 0.15269466006210208 0.0 0.0 0.0 0.21420432367086573 0.0 0.0 0.0 4.5719480367982196e-08 0.0 0.0 0.0 0.11646389425131988 0.0 0.0 0.0 0.0 0.05756803158852461 0.0 0.0 0.0 0.00884657648656142 0.0 0.0 0.0 0.022965674317834393 0.0 0.0 0.0 0.04084554044580636 0.0 0.00043593748336083314 0.0 0.0 0.03207358438603622 1.624974051289627e-08 0.0 0.0 0.0760131307506213 0.00011676578742884967 0.0 0.0 0.00445589327496258 0.08689370438971496 0.0 0.0 0.020225465645340366 0.0007237445553789688 0.0 0.0 0.03056984146096113 6.16923095976147e-08 0.0 0.0 0.06635695719838659 6.653910905264324e-05 0.0 0.0 0.0028468372952815744 0.05538563496787599 0.0 0.0 0.015155070844387103
0.0 0.006897710664513873 0.0 0.0 0.0 0.002447679026496744 0.0 0.0 0.0 3.4814869570956566e-08 0.0 0.0 0.0 0.003008954803974056 0.0 0.0 0.0 0.0 0.02727610288979061 0.0 0.0 0.0 0.03498990664585595 0.0 0.0 0.0 0.11634040560018657 0.0 0.0 0.0 0.030960020191425897 0.0 5.976455073761784e-05 0.0 0.0 0.0016383629165486668 1.030827445102964e-12 0.0 0.0 0.00046404792777031043 0.0013150435064511504 0.0 0.0 0.0309270867068515 0.023209260040149258 0.0 0.0 0.006881929428983794 0.0019378891449862135 0.0 0.0 0.10598186908032824 4.371838371815732e-08 0.0 0.0 0.07713168207798661 0.0021572694761533657 0.0 0.0 0.10808521853991722 0.07727301370222102 0.0 0.0 0.0312168609295322 0.0 6.008620055957247e-08 0.0 0.0 0.0 2.5811890938462585e-07 0.0 0.0 0.0 3.001182980282004e-12 0.0 0.0 0.0 3.2787540438329225e-07 0.0 0.0 0.0 0.0 0.007235033330068653 0.0 0.0 0.0 0.012266825230124906 0.0 0.0 0.0 0.06032573554657779 0.0 0.0 0.0 0.052302120469472066 0.0 0.0014056417834192242 0.0 0.0 0.028023575547882106 3.650447875777616e-08 0.0 0.0 0.031850423229871326 0.0008184183682435198 0.0 0.0 0.009540353914271753 0.016632972404747405 0.0 0.0 0.004654032206281211 0.001295510272348207 0.0 0.0 0.019556858678843346 2.102685996487206e-07 0.0 0.0 0.09967394589492122 0.009815425390579948 0.0 0.0 0.09205010587361201 0.18213243568226345 0.0 0.0 0.060619849705022946 0.0 0.014178093800854427 0.0 0.0 0.0 0.005265943455713424 0.0 0.0 0.0 1.1366814532239346e-07 0.0 0.0 0.0 0.006182545307811099 0.0 0.0 0.0 0.0 5.638214865521414e-07 0.0 0.0 0.0 6.74587712948324e-08 0.0 0.0 0.0 4.197111712143216e-08 0.0 0.0 0.0 3.255792370723166e-08 0.0 0.002547121376841653 0.0 0.0 0.07952423400183987 6.405513583447046e-08 0.0 0.0 0.04107231322265742 0.002470803417270396 0.0 0.0 0.051600652574317805 0.0016394841039720756 0.0 0.0 0.0009228508520899383 0.003933233617944985 0.0 0.0 0.10112513232669978 9.639669078009187e-08 0.0 0.0 0.09745321465793647 0.005794678436285263 0.0 0.0 0.14144208887853138 0.06279320691624907 0.0 0.0 0.04349523965947827 0.0 0.21174086235005146 0.0 0.0 0.0 0.11952731704666669 0.0 0.0 0.0 5.573232825993073e-07 0.0 0.0 0.0 0.10286318674461974 0.0 0.0 0.0 0.0 0.031686952348334727 0.0 0.0 0.0 0.03877320575929486 0.0 0.0 0.0 0.0031113404862435075 0.0 0.0 0.0 0.03848351613793618 0.0 0.0006278410638656677 0.0 0.0 0.025379459114378854 1.3664926089410322e-07 0.0 0.0 0.05849140225904485 2.500273245053003e-13 0.0 0.0 1.5340631539923152e-12 0.031202725005513035 0.0 0.0 0.0060441252629104695 0.0006424297698246706 0.0 0.0 0.04626419369673609 3.0746377503959173e-08 0.0 0.0 0.0420329661837846 0.0032550576372905996 0.0 0.0 0.022391384400780236 0.03924882560950515 0.0 0.0 0.012224340034563757
0.0 0.018858616198078146 0.0 0.0 0.0 0.004315909263900889 0.0 0.0 0.0 1.1101002559093486e-07 0.0 0.0 0.0 0.002467856971714267 0.0 0.0 0.0 0.0 0.09271918920293652 0.0 0.0 0.0 0.009865426061687657 0.0 0.0 0.0 0.02023861466780845 0.0 0.0 0.0 0.046267438027323166 0.0 0.0015405232110731167 0.0 0.0 0.03755085856904075 6.615438568787046e-08 0.0 0.0 0.046360119801624376 0.0038040997073292954 0.0 0.0 0.046324450087547236 0.03286967170420568 0.0 0.0 0.009412128089528276 0.011737301429593987 0.0 0.0 0.3228539739889292 2.149106385060383e-07 0.0 0.0 0.13356244884762355 0.013188736252817246 0.0 0.0 0.3046523583541935 0.07625887069359928 0.0 0.0 0.026828219553490004 0.0 6.221079615786956e-07 0.0 0.0 0.0 2.5621023300085226e-07 0.0 0.0 0.0 5.513476717278916e-12 0.0 0.0 0.0 2.351864987885427e-07 0.0 0.0 0.0 0.0 0.07653553667054537 0.0 0.0 0.0 0.04690810976099687 0.0 0.0 0.0 0.0520637609211099 0.0 0.0 0.0 0.043589752554585776 0.0 0.00017032833212077777 0.0 0.0 0.008233557009768683 7.826497558450334e-09 0.0 0.0 0.004024285303591909 0.0030873767786693614 0.0 0.0 0.09176592555589419 0.002645361792085023 0.0 0.0 0.0006248175919802427 0.0028292665553501673 0.0 0.0 0.20338696688404448 1.0549583158796206e-07 0.0 0.0 0.19169746670267493 0.013857630221211703 0.0 0.0 0.32448576911725296 0.11406639108537607 0.0 0.0 0.03317762682933476 0.0 0.02771396461123607 0.0 0.0 0.0 0.021347345769324635 0.0 0.0 0.0 3.367673856250521e-07 0.0 0.0 0.0 0.014588759119726555 0.0 0.0 0.0 0.0 4.5398007613848846e-08 0.0 0.0 0.0 1.9482241591736895e-06 0.0 0.0 0.0 7.732975114209768e-08 0.0 0.0 0.0 2.1097363888162787e-07 0.0 0.0006015522481931958 0.0 0.0 0.00918047621356462 3.0612932745260684e-08 0.0 0.0 0.020247586614027816 0.0035252867011907395 0.0 0.0 0.041181597959726556 0.007722370838199544 0.0 0.0 0.002343084834509677 0.00858611586748013 0.0 0.0 0.29360016948127454 3.841573108743272e-07 0.0 0.0 0.3466110747019661 0.019133577868471575 0.0 0.0 0.3728935397131608 0.17805543388615258 0.0 0.0 0.08844641790756373 0.0 0.12750775006984097 0.0 0.0 0.0 0.18817136292334677 0.0 0.0 0.0 1.83414263211856e-06 0.0 0.0 0.0 0.12349167605176144 0.0 0.0 0.0 0.0 0.008607146053896852 0.0 0.0 0.0 0.041947459907024455 0.0 0.0 0.0 0.012499533103675407 0.0 0.0 0.0 0.07749438826510435 0.0 8.903653172170987e-05 0.0 0.0 0.035401020389412334 1.843631852155029e-07 0.0 0.0 0.04164132841285086 0.004833847698531608 0.0 0.0 0.0813660371329178 0.0018222042141421665 0.0 0.0 0.002198131077890428 0.0011759623031780892 0.0 0.0 0.021323269691810726 1.199889471386505e-07 0.0 0.0 0.06792186822440169 0.002219851039451357 0.0 0.0 0.0446570356626872 0.02573231897382092 0.0 0.0 0.011891512717106588
0.0 0.020983045713321814 0.0 0.0 0.0 0.0023554506487598824 0.0 0.0 0.0 7.42145630418515e-08 0.0 0.0 0.0 0.008263719505985907 0.0 0.0 0.0 0.0 0.01489668432065014 0.0 0.0 0.0 0.13411964339464025 0.0 0.0 0.0 0.1205723846087086 0.0 0.0 0.0 0.02435109234866455 0.0 0.0009867757731292237 0.0 0.0 0.05273984003107092 5.52817127426714e-08 0.0 0.0 0.044547044769610536 0.0012892440695455316 0.0 0.0 0.04800895590256972 0.007067488542410489 0.0 0.0 0.004021630229300729 0.004628375859435932 0.0 0.0 0.24924421008252615 1.1215140006200897e-07 0.0 0.0 0.06431978788254371 0.00889407866126145 0.0 0.0 0.2137826131492192 0.19519433769026479 0.0 0.0 0.10458066346350776 0.0 5.931618849760734e-07 0.0 0.0 0.0 9.319505863037531e-07 0.0 0.0 0.0 4.19320498237816e-12 0.0 0.0 0.0 5.2858104669586006e-08 0.0 0.0 0.0 0.0 0.05372664911846363 0.0 0.0 0.0 0.06425707905734962 0.0 0.0 0.0 0.03154288759150319 0.0 0.0 0.0 0.044245368692351655 0.0 0.0008075946128420535 0.0 0.0 0.00923341489457689 4.1284942240025866e-07 0.0 0.0 0.1551925725480987 0.00212563432288841 0.0 0.0 0.0765443696889315 0.030293327027282806 0.0 0.0 0.006668780398048543 0.005929975626203363 0.0 0.0 0.17564386671469634 6.444333239217894e-07 0.0 0.0 0.5165746415472209 0.010606131642315997 0.0 0.0 0.2226599085303019 0.053310342169805285 0.0 0.0 0.01268738533160742 0.0 0.03154792896077335 0.0 0.0 0.0 0.005520668868958086 0.0 0.0 0.0 1.2643503252766205e-07 0.0 0.0 0.0 0.008816538429040802 0.0 0.0 0.0 0.0 9.686554411137257e-08 0.0 0.0 0.0 2.6082697873897046e-08 0.0 0.0 0.0 4.190760161538351e-08 0.0 0.0 0.0 3.579794517384281e-08 0.0 0.0002928131374897159 0.0 0.0 0.003175137768170338 8.02112723675566e-08 0.0 0.0 0.03404840753807791 0.004686559564393015 0.0 0.0 0.044890809650736746 0.039555767685127544 0.0 0.0 0.025465738552545778 0.018217019163148912 0.0 0.0 0.2902459358850077 1.499493810990521e-07 0.0 0.0 0.10763592382681303 0.018283614433400364 0.0 0.0 0.22654936096323638 0.12747936658769243 0.0 0.0 0.04402464707631552 0.0 0.24140823683668336 0.0 0.0 0.0 0.1858950197802846 0.0 0.0 0.0 0.0 0.0 0.0 0.0 0.15569534142263614 0.0 0.0 0.0 0.0 0.09003760429469201 0.0 0.0 0.0 0.0824894598403727 0.0 0.0 0.0 0.0 0.0 0.0 0.0 0.007001331968038867 0.0 0.00012671470725427532 0.0 0.0 0.016123452616518093 8.583633850209328e-08 0.0 0.0 0.05526813275051067 0.0 0.0 0.0 0.0 0.013361657957388876 0.0 0.0 0.002817370604607442 0.000613021203127174 0.0 0.0 0.04423832094759262 1.0468315795367729e-07 0.0 0.0 0.06889454771520326 0.0 0.0 0.0 0.0 0.09532662093512145 0.0 0.0 0.020208190066608008
0.0 0.0 0.0 0.0 0.0 0.0013535084690577243 0.0 0.0 0.0 4.5946068570414865e-08 0.0 0.0 0.0 0.00021959548167545527 0.0 0.0 0.0 0.0 0.0 0.0 0.0 0.0 0.12521506153720832 0.0 0.0 0.0 0.0754103253956739 0.0 0.0 0.0 0.07797921952736553 0.0 0.0 0.0 0.0 0.0 1.4057471546026577e-09 0.0 0.0 0.019876129915813348 0.0035664032389707196 0.0 0.0 0.04914172844088323 1.8034799812721493e-08 0.0 0.0 0.0005921536627683676 0.0 0.0 0.0 0.0 1.2112896427944825e-08 0.0 0.0 0.05806745547051764 0.004815988195806727 0.0 0.0 0.11248011147608555 8.167069615118991e-08 0.0 0.0 0.003013799187190919 0.0 2.872220993895565e-08 0.0 0.0 0.0 1.232893281826166e-08 0.0 0.0 0.0 5.596080616584924e-12 0.0 0.0 0.0 1.0170124988051372e-07 0.0 0.0 0.0 0.0 0.028346989579847146 0.0 0.0 0.0 0.003036881504306888 0.0 0.0 0.0 0.060956985540108526 0.0 0.0 0.0 0.07952484915418528 0.0 4.384925391734218e-10 0.0 0.0 0.0009047373037107531 2.8600723145125533e-15 0.0 0.0 1.7629850135922396e-08 0.001483742500638416 0.0 0.0 0.03666495459895056 0.09528299890583673 0.0 0.0 0.009920604568190765 5.0364463915013855e-09 0.0 0.0 0.011650672701541387 5.479056579025642e-09 0.0 0.0 0.03786551684009884 0.015514019932078823 0.0 0.0 0.2535022014628605 0.11914846516578352 0.0 0.0 0.02334245076273878 0.0 0.007069030387346934 0.0 0.0 0.0 0.012779798701607835 0.0 0.0 0.0 2.7407267645055534e-07 0.0 0.0 0.0 0.02392199888711809 0.0 0.0 0.0 0.0 8.430704651244636e-13 0.0 0.0 0.0 6.84041109947603e-07 0.0 0.0 0.0 3.128059825416901e-07 0.0 0.0 0.0 1.6946080225598168e-07 0.0 5.147194946314027e-05 0.0 0.0 0.05434402459848345 4.239135985588927e-10 0.0 0.0 0.05742069855551498 0.005979872835289907 0.0 0.0 0.06132922490207702 0.03282554168968 0.0 0.0 0.011066151650102607 0.0008619430731967785 0.0 0.0 0.060380831337410984 8.621064554613247e-08 0.0 0.0 0.21611576854294484 0.011023377039514823 0.0 0.0 0.2897888423846923 0.239909576559938 0.0 0.0 0.10130089957484008 0.0 0.2715355473506909 0.0 0.0 0.0 0.18701334688267798 0.0 0.0 0.0 8.46284396714153e-07 0.0 0.0 0.0 0.28433024833564535 0.0 0.0 0.0 0.0 0.04482944511829243 0.0 0.0 0.0 0.017972399831808632 0.0 0.0 0.0 0.0866493628627597 0.0 0.0 0.0 0.16153019564036925 0.0 0.0001578556076894276 0.0 0.0 0.016625294801812907 2.444998759930149e-10 0.0 0.0 0.027824525111033824 0.000680933079133706 0.0 0.0 0.09386559322046749 0.16132841438129186 0.0 0.0 0.025648220997681603 0.0005018737915134728 0.0 0.0 0.03447188737023393 5.014542869344121e-08 0.0 0.0 0.053506714260287705 0.0007067652273161927 0.0 0.0 0.02260866823716675 0.06825327363790863 0.0 0.0 0.035153455087569216
0.0 0.004680382091834412 0.0 0.0 0.0 0.0010266369158067085 0.0 0.0 0.0 5.737377347752896e-08 0.0 0.0 0.0 0.0007284799887757699 0.0 0.0 0.0 0.0 0.047673784406467926 0.0 0.0 0.0 0.08492967073263948 0.0 0.0 0.0 0.12333303643172218 0.0 0.0 0.0 0.005247005055420044 0.0 1.607552430794155e-05 0.0 0.0 0.004947166089392947 2.2520921307082006e-09 0.0 0.0 0.03464221727379848 0.00012881473891454394 0.0 0.0 0.002636627693987556 0.03445403433989029 0.0 0.0 0.007312372511768563 0.0023063758183884835 0.0 0.0 0.09732454404439775 1.536204512391207e-08 0.0 0.0 0.03634978543840754 0.00632693197216137 0.0 0.0 0.12915507841408988 0.04635182130906231 0.0 0.0 0.010538505444942621 0.0 2.3733037532478486e-07 0.0 0.0 0.0 1.0319210683459018e-07 0.0 0.0 0.0 1.667296423335368e-11 0.0 0.0 0.0 4.313183514674681e-07 0.0 0.0 0.0 0.0 0.03510261328795903 0.0 0.0 0.0 0.03897824196082655 0.0 0.0 0.0 0.05703649286856443 0.0 0.0 0.0 0.021096143614549086 0.0 2.4734564175165156e-09 0.0 0.0 8.54275300044663e-08 5.92756664589908e-08 0.0 0.0 0.04474721146969257 0.00877513399508283 0.0 0.0 0.18084045159537787 0.03133393395747917 0.0 0.0 0.006650759710970456 0.0017407117715996271 0.0 0.0 0.06778856835893919 5.432663585712055e-08 0.0 0.0 0.07322265774986117 0.031322793882163406 0.0 0.0 0.7683473141407348 0.20129117334274224 0.0 0.0 0.05352421400548641 0.0 0.012991806791984091 0.0 0.0 0.0 0.04176838071813675 0.0 0.0 0.0 2.4373159180151713e-07 0.0 0.0 0.0 0.00964583211125809 0.0 0.0 0.0 0.0 2.5741594647594e-08 0.0 0.0 0.0 6.257176518672906e-07 0.0 0.0 0.0 8.138203265597383e-08 0.0 0.0 0.0 4.2014770090980314e-08 0.0 2.4579304390083716e-09 0.0 0.0 0.002215612126894944 2.2754642289506064e-08 0.0 0.0 0.15163582005709558 0.003377988023794375 0.0 0.0 0.051547884238671404 0.01995531647964892 0.0 0.0 0.0051635623030601065 0.0026311126180720997 0.0 0.0 0.1391097682383132 5.202832941726254e-07 0.0 0.0 0.8006007076428456 0.011925106802221704 0.0 0.0 0.35167757042112663 0.17816864135733967 0.0 0.0 0.04864715235857217 0.0 0.2435112320802688 0.0 0.0 0.0 0.10941837090584881 0.0 0.0 0.0 3.4754535370265035e-07 0.0 0.0 0.0 0.24322900713127166 0.0 0.0 0.0 0.0 0.0036015261838267033 0.0 0.0 0.0 0.14843909949413792 0.0 0.0 0.0 0.04357716206548929 0.0 0.0 0.0 0.057985962806203065 0.0 0.0001447805758736746 0.0 0.0 0.019064596628094798 2.4821388860745176e-08 0.0 0.0 0.014954453796811587 8.518988650594791e-09 0.0 0.0 1.4241255466995014e-07 0.04200141496523111 0.0 0.0 0.008163731771998937 0.0008474563100434275 0.0 0.0 0.046727064171471426 7.278174169746835e-08 0.0 0.0 0.04108463414964994 0.0004426219461542715 0.0 0.0 0.008295826836389235 0.04260262191134927 0.0 0.0 0.024546136013384498
0.0 0.0 0.0 0.0 0.0 0.0015647809675421811 0.0 0.0 0.0 3.538929014540837e-08 0.0 0.0 0.0 0.001964810016298658 0.0 0.0 0.0 0.0 0.0 0.0 0.0 0.0 0.01039555176921386 0.0 0.0 0.0 0.09653260621525593 0.0 0.0 0.0 0.06102103590881934 0.0 0.0 0.0 0.0 0.0 9.88391809976395e-14 0.0 0.0 0.006355784837652359 0.00013136834731420757 0.0 0.0 0.0018508605197342378 0.013696275561323685 0.0 0.0 0.004277408423539093 0.0 0.0 0.0 0.0 8.174492238237847e-13 0.0 0.0 0.0569497048294566 0.0008111820047900594 0.0 0.0 0.08883850353556852 0.006398804120742163 0.0 0.0 0.025540399576448918 0.0 0.0 0.0 0.0 0.0 2.4627214810748594e-07 0.0 0.0 0.0 6.4683537925581325e-12 0.0 0.0 0.0 2.571357860006757e-07 0.0 0.0 0.0 0.0 0.0 0.0 0.0 0.0 0.03140626919082285 0.0 0.0 0.0 0.09356400167209236 0.0 0.0 0.0 0.03476417302652291 0.0 0.0 0.0 0.0 0.0 5.503358338666383e-09 0.0 0.0 0.004088767665343168 0.0007270748102267881 0.0 0.0 0.03673711826363643 0.024097889416007233 0.0 0.0 0.004849993457789716 0.0 0.0 0.0 0.0 2.1649176612639526e-07 0.0 0.0 0.07740322848373335 0.0070189759073957724 0.0 0.0 0.20064903016169602 0.0836212846810141 0.0 0.0 0.040830958294833304 0.0 0.022475482681779447 0.0 0.0 0.0 0.009467025705519008 0.0 0.0 0.0 5.437769008085868e-07 0.0 0.0 0.0 0.03902961902998664 0.0 0.0 0.0 0.0 1.5522093135364268e-06 0.0 0.0 0.0 1.5351696906596833e-06 0.0 0.0 0.0 1.8210050311224347e-06 0.0 0.0 0.0 1.3104314606229084e-05 0.0 0.00011556436840278798 0.0 0.0 0.008097551313198432 6.070751503764066e-09 0.0 0.0 0.005576076036386395 0.005768534510472839 0.0 0.0 0.12579149607232584 0.016233795286079867 0.0 0.0 0.09104601340152002 0.0024917032984179683 0.0 0.0 0.11734979093845035 1.2130050002190477e-07 0.0 0.0 0.1731197917291057 0.03495782066479651 0.0 0.0 0.5485050968158949 0.20526962826056988 0.0 0.0 0.25053441894548745 0.0 0.1454737112115097 0.0 0.0 0.0 0.14870239094422885 0.0 0.0 0.0 1.7372077895950997e-05 0.0 0.0 0.0 0.098815606654671 0.0 0.0 0.0 0.0 0.026310145480348886 0.0 0.0 0.0 0.02869749298663431 0.0 0.0 0.0 0.05499879888589013 0.0 0.0 0.0 0.02791738501407639 0.0 0.0006780515703776759 0.0 0.0 0.023201909194331852 1.2649136859384395e-07 0.0 0.0 0.0332071516165464 0.0013511764540571265 0.0 0.0 0.01484349831097705 0.03562462676749541 0.0 0.0 0.014809123596454055 0.0002443071359325521 0.0 0.0 0.029889342621843094 2.7555741588974962e-08 0.0 0.0 0.05282318882221476 0.02020652442003169 0.0 0.0 0.2849117418750544 0.033143228774822224 0.0 0.0 0.01548749640682476
0.0 0.003996725313897654 0.0 0.0 0.0 0.0013469391875347986 0.0 0.0 0.0 4.945110414871935e-08 0.0 0.0 0.0 0.005393110353052918 0.0 0.0 0.0 0.0 0.005573074559912532 0.0 0.0 0.0 0.0024212759658998146 0.0 0.0 0.0 0.0695770392974799 0.0 0.0 0.0 0.1258394624000805 0.0 8.160561886353585e-10 0.0 0.0 1.6660031158068268e-08 4.476771830160373e-09 0.0 0.0 0.002698295282864261 7.45869729208228e-05 0.0 0.0 0.004623192583026553 0.02627112031973627 0.0 0.0 0.0023390180295294045 0.0013469481337348124 0.0 0.0 0.06367394492947723 4.5621077013212844e-08 0.0 0.0 0.03082879467240708 0.003066126697937789 0.0 0.0 0.14643113623685963 0.0407267085143322 0.0 0.0 0.06049806682915235 0.0 8.795684181534231e-08 0.0 0.0 0.0 1.7060028569400404e-07 0.0 0.0 0.0 9.18958602195697e-13 0.0 0.0 0.0 2.687412019485435e-07 0.0 0.0 0.0 0.0 5.336258608721198e-08 0.0 0.0 0.0 0.0031406572538160925 0.0 0.0 0.0 0.0018118398302406817 0.0 0.0 0.0 0.016603737419695657 0.0 2.62948481126177e-10 0.0 0.0 0.0005665609857032017 6.840627139213091e-14 0.0 0.0 0.002574041571045632 3.518086501177624e-08 0.0 0.0 1.5375254931684257e-06 0.025570864455060315 0.0 0.0 0.004496049974562171 1.520415615103728e-08 0.0 0.0 0.03672863743431906 1.323429231545336e-07 0.0 0.0 0.10617106385152539 0.0034867618875108037 0.0 0.0 0.06929053598808099 0.05533330689287017 0.0 0.0 0.04717719334282894 0.0 0.03258078690363635 0.0 0.0 0.0 0.015180249010038387 0.0 0.0 0.0 3.0686989474512046e-07 0.0 0.0 0.0 0.025295535729447365 0.0 0.0 0.0 0.0 8.693931513954959e-07 0.0 0.0 0.0 1.5738813238878616e-06 0.0 0.0 0.0 1.5213969376469758e-06 0.0 0.0 0.0 8.537631103015413e-06 0.0 0.00028139208076170016 0.0 0.0 0.00942190686961663 4.338063403853913e-08 0.0 0.0 0.03074911476391508 0.0038480257782491133 0.0 0.0 0.04401030667679825 0.0297754542236748 0.0 0.0 0.05436455954534392 0.0065985838130873335 0.0 0.0 0.13759323697252065 2.98516977986271e-07 0.0 0.0 0.14054549647988462 0.01888655003852656 0.0 0.0 0.3062068413051417 0.17731680525669857 0.0 0.0 0.16078337009238994 0.0 0.1668332520489969 0.0 0.0 0.0 0.0050289290684796375 0.0 0.0 0.0 1.2145980598093304e-05 0.0 0.0 0.0 0.30481836035205123 0.0 0.0 0.0 0.0 0.03043223782528647 0.0 0.0 0.0 0.027645582854706596 0.0 0.0 0.0 0.10106040279433531 0.0 0.0 0.0 0.18538708061489573 0.0 0.0021211116472116 0.0 0.0 0.06574810506546021 1.4379082187347675e-09 0.0 0.0 0.0021124643859709792 0.024713376368663033 0.0 0.0 0.11737901579814441 0.06221463350078237 0.0 0.0 0.056548339308689355 0.0003887723476332523 0.0 0.0 0.03283936271784996 1.5228877687689421e-09 0.0 0.0 0.002508375936601619 0.018981415588343716 0.0 0.0 0.25998861636168263 0.0639889090388727 0.0 0.0 0.035654426109249814
0.0 0.008807651286270401 0.0 0.0 0.0 0.00016054027122271253 0.0 0.0 0.0 1.3264883645620027e-07 0.0 0.0 0.0 0.0028184812079784594 0.0 0.0 0.0 0.0 0.0875310622337013 0.0 0.0 0.0 0.04381038915687778 0.0 0.0 0.0 0.10102667766486592 0.0 0.0 0.0 0.10167916014637164 0.0 2.8166266516157527e-08 0.0 0.0 0.0011402144606355244 2.2185316317806104e-14 0.0 0.0 0.0008710434082512176 0.002893893503129883 0.0 0.0 0.07525834701525247 0.03205846824018199 0.0 0.0 0.005819048603767274 0.002805584792463002 0.0 0.0 0.20813037543748178 1.4903804489154292e-13 0.0 0.0 0.006560513226280162 0.011065429182910275 0.0 0.0 0.2209754084874299 0.1365150066754362 0.0 0.0 0.029524751503083105 0.0 1.615196265749128e-07 0.0 0.0 0.0 3.0913906447392226e-07 0.0 0.0 0.0 7.808784557503046e-12 0.0 0.0 0.0 2.7237917591953027e-07 0.0 0.0 0.0 0.0 0.03053706385686903 0.0 0.0 0.0 0.054879359802157336 0.0 0.0 0.0 0.11498651544203586 0.0 0.0 0.0 0.06377217009307799 0.0 0.0001992759637928635 0.0 0.0 0.004593273058624419 3.0412189356836015e-14 0.0 0.0 0.0003901404288651071 0.0031531084689248247 0.0 0.0 0.09440668459860362 0.003288120389214651 0.0 0.0 0.0014594352161619957 0.0025058340174160415 0.0 0.0 0.0649693637092773 1.8669850205358753e-07 0.0 0.0 0.20174243424539615 0.02100898373129586 0.0 0.0 0.38327454050496834 0.07031580261927996 0.0 0.0 0.06677414355430192 0.0 0.03170331325861127 0.0 0.0 0.0 0.036349091642269564 0.0 0.0 0.0 2.9046542902275223e-07 0.0 0.0 0.0 0.03035665991289882 0.0 0.0 0.0 0.0 2.063436193005257e-06 0.0 0.0 0.0 5.855573847149312e-06 0.0 0.0 0.0 7.526079119874735e-08 0.0 0.0 0.0 9.197170702035279e-07 0.0 2.1628830105519014e-08 0.0 0.0 0.007759974729965076 1.256204959413066e-08 0.0 0.0 0.03249787660363925 0.009251755107382824 0.0 0.0 0.07371102109496408 0.07568077329499237 0.0 0.0 0.04729062334191794 0.0056437219749952685 0.0 0.0 0.31470830741102696 4.2701550637105244e-07 0.0 0.0 0.4451715972307191 0.02871100236688011 0.0 0.0 0.24814325814417462 0.2060287501233884 0.0 0.0 0.20606962030056658 0.0 0.29621338659388086 0.0 0.0 0.0 0.22766516814158347 0.0 0.0 0.0 8.366607029206256e-06 0.0 0.0 0.0 0.0 0.0 0.0 0.0 0.0 0.003983524904982834 0.0 0.0 0.0 0.008794433591335627 0.0 0.0 0.0 0.02039745500373474 0.0 0.0 0.0 0.0 0.0 0.0003677530173568004 0.0 0.0 0.0072453092573186995 5.701129441994672e-08 0.0 0.0 0.05074077102259166 0.006960898593539644 0.0 0.0 0.10013746105441862 0.0 0.0 0.0 0.0 0.0013815804726414985 0.0 0.0 0.05062584819344109 5.975812167865501e-08 0.0 0.0 0.07261691291469496 0.013322733947922747 0.0 0.0 0.2189904872329768 0.0 0.0 0.0 0.0
0.0 0.015796713604156618 0.0 0.0 0.0 0.006098523454010923 0.0 0.0 0.0 9.658442209506461e-08 0.0 0.0 0.0 0.00302830089872653 0.0 0.0 0.0 0.0 0.07467821005435854 0.0 0.0 0.0 0.059737853748146365 0.0 0.0 0.0 0.026449568205059185 0.0 0.0 0.0 0.0702318925086599 0.0 1.931415194228016e-05 0.0 0.0 0.04708392269883592 2.290161568223509e-09 0.0 0.0 0.027995188646767602 0.00042937111395555436 0.0 0.0 0.008472057204744825 0.023921551256729994 0.0 0.0 0.009262689818191214 0.0064258902981458145 0.0 0.0 0.18255733735555918 2.0287842246769164e-07 0.0 0.0 0.20304221822158044 0.01211237576011573 0.0 0.0 0.19003572252297418 0.034609129508699536 0.0 0.0 0.03707082955244648 0.0 4.901957216482378e-07 0.0 0.0 0.0 4.3370786856184784e-07 0.0 0.0 0.0 3.1625644108613297e-12 0.0 0.0 0.0 1.6352684656100117e-07 0.0 0.0 0.0 0.0 0.004640957380965568 0.0 0.0 0.0 0.010118513170987458 0.0 0.0 0.0 0.012692068642962519 0.0 0.0 0.0 0.0016458882524119883 0.0 0.00031587335775940396 0.0 0.0 0.007325488974148153 9.309230320788978e-09 0.0 0.0 0.008631675110032802 0.0020229104079980496 0.0 0.0 0.0381312831899576 0.025854035889903884 0.0 0.0 0.0032934618133582875 0.005103039870431956 0.0 0.0 0.1607385437644269 4.5005539738404953e-07 0.0 0.0 0.18906071111384606 0.012200073622180554 0.0 0.0 0.17245285552501027 0.07252748994682295 0.0 0.0 0.04511595519020104 0.0 0.022370872405868082 0.0 0.0 0.0 0.011131045613590414 0.0 0.0 0.0 7.240964997501617e-08 0.0 0.0 0.0 0.001839211511356985 0.0 0.0 0.0 0.0 5.424032991406687e-07 0.0 0.0 0.0 1.1635317219917798e-06 0.0 0.0 0.0 4.375746406165516e-08 0.0 0.0 0.0 4.6296687202815095e-08 0.0 0.00020572928775290083 0.0 0.0 0.0044542022928083175 5.882036820056326e-08 0.0 0.0 0.023530092717932494 7.119210306158698e-09 0.0 0.0 0.010376493497918455 0.001291488318953362 0.0 0.0 0.0004654703274167403 0.010716287505390183 0.0 0.0 0.19975155749615292 2.482775277319236e-07 0.0 0.0 0.17314918350622174 0.0045075897787192395 0.0 0.0 0.13355278805658272 0.031399173110955324 0.0 0.0 0.024379408282448244 0.0 0.18453217494337004 0.0 0.0 0.0 0.011867424671857633 0.0 0.0 0.0 1.6269925533683772e-06 0.0 0.0 0.0 0.04849296087006636 0.0 0.0 0.0 0.0 0.033623574178011914 0.0 0.0 0.0 0.01571720760153268 0.0 0.0 0.0 0.0013378858558840577 0.0 0.0 0.0 0.0026819691715677884 0.0 0.0003800460318811701 0.0 0.0 0.013046737898302603 1.1203766628899564e-07 0.0 0.0 0.02696307857349616 0.0007325661414057218 0.0 0.0 0.00492228779306898 0.022577553011497983 0.0 0.0 0.005937414742007962 0.0011978662280339933 0.0 0.0 0.03440619103558071 3.764825373261577e-09 0.0 0.0 0.0048269711984397536 0.004717909661962081 0.0 0.0 0.04766252140294368 0.03271376643428438 0.0 0.0 0.00634593146621128
0.0 0.0 0.0 0.0 0.0 0.001950726654113584 0.0 0.0 0.0 2.704406053639926e-08 0.0 0.0 0.0 0.00015700929882178627 0.0 0.0 0.0 0.0 0.0 0.0 0.0 0.0 0.027647605568619057 0.0 0.0 0.0 0.05617002115618631 0.0 0.0 0.0 0.017476943853879733 0.0 0.0 0.0 0.0 0.0 3.830600569035903e-13 0.0 0.0 0.0208530329000292 0.0014079369599948749 0.0 0.0 0.02600566521896766 0.02044955996055259 0.0 0.0 0.004515024417135095 0.0 0.0 0.0 0.0 2.2509952624409977e-08 0.0 0.0 0.047476341306142915 0.002979944490767602 0.0 0.0 0.06032799853888363 0.005102309301395494 0.0 0.0 0.0012630176378354858 0.0 1.1464831482996925e-07 0.0 0.0 0.0 3.700794375027586e-07 0.0 0.0 0.0 1.1550058491435879e-11 0.0 0.0 0.0 2.745493667665305e-07 0.0 0.0 0.0 0.0 0.0022040455729306196 0.0 0.0 0.0 0.09476127537249113 0.0 0.0 0.0 0.13851861036521562 0.0 0.0 0.0 0.0745941755472474 0.0 1.8894807738953804e-14 0.0 0.0 3.976361471463025e-08 3.9401252912289336e-08 0.0 0.0 0.08336532473083282 0.0021689962311065842 0.0 0.0 0.08755206023873653 0.031432165701005654 0.0 0.0 0.011460303784474794 1.981806848962389e-08 0.0 0.0 0.04675964466667267 1.8822697478578634e-07 0.0 0.0 0.21358371794597242 0.021432269671113384 0.0 0.0 0.4847860305265809 0.17223935199246465 0.0 0.0 0.053020779712782094 0.0 0.0057368899294668 0.0 0.0 0.0 0.021702724776106498 0.0 0.0 0.0 4.554136811092323e-07 0.0 0.0 0.0 0.025609535417724566 0.0 0.0 0.0 0.0 2.2406602126004968e-08 0.0 0.0 0.0 1.8412587759211258e-07 0.0 0.0 0.0 2.671331685686325e-07 0.0 0.0 0.0 1.9637026825782375e-07 0.0 1.075918984288019e-09 0.0 0.0 2.225195805175419e-08 1.1848504647381832e-08 0.0 0.0 0.1094162416075241 0.002370201884184592 0.0 0.0 0.07603406299528367 0.013139613131550838 0.0 0.0 0.003746466993803085 0.0017871549856080468 0.0 0.0 0.04143977382006621 3.881262149355577e-07 0.0 0.0 0.3585190942119742 0.020778110689185548 0.0 0.0 0.5863110044591793 0.26418671573675845 0.0 0.0 0.13399225257647665 0.0 0.1044812776382109 0.0 0.0 0.0 0.28642428534822717 0.0 0.0 0.0 9.433232408167494e-08 0.0 0.0 0.0 0.26746647807215346 0.0 0.0 0.0 0.0 0.07662888274054544 0.0 0.0 0.0 0.09356986478405513 0.0 0.0 0.0 1.3398272562344366e-08 0.0 0.0 0.0 0.12303453641519345 0.0 0.0010699498462766082 0.0 0.0 0.04061150057121953 3.5521979104031166e-08 0.0 0.0 0.07177306410004905 2.6669995320343104e-08 0.0 0.0 0.04550362516737648 0.04317037069139332 0.0 0.0 0.012977279618299444 0.00020774243219044838 0.0 0.0 0.02181996911965808 7.365340708823644e-08 0.0 0.0 0.08683518575810467 1.8088372105678637e-09 0.0 0.0 0.0034601030928145564 0.1086520488757946 0.0 0.0 0.032265659962608176
0.0 0.0047373165232185484 0.0 0.0 0.0 0.0033902148066703654 0.0 0.0 0.0 5.0961338261282226e-08 0.0 0.0 0.0 0.0026488066817726757 0.0 0.0 0.0 0.0 0.007167230672904328 0.0 0.0 0.0 0.14841836053021196 0.0 0.0 0.0 0.11656908768197352 0.0 0.0 0.0 0.06067936079143982 0.0 4.375080972463629e-05 0.0 0.0 0.002820467931939761 5.8818701390374476e-08 0.0 0.0 0.0586429214885163 0.00015406458243886125 0.0 0.0 0.004246350142195042 0.006599941638938096 0.0 0.0 0.002924373082471177 0.002002957908275484 0.0 0.0 0.0922265091449807 1.2121578927536045e-07 0.0 0.0 0.08021027778289326 0.003777033081125282 0.0 0.0 0.12958262386336372 0.07943235577905003 0.0 0.0 0.029378883678067336 0.0 5.472767167622929e-08 0.0 0.0 0.0 1.0507406476229881e-08 0.0 0.0 0.0 2.1316327679848717e-12 0.0 0.0 0.0 2.4315509182581694e-07 0.0 0.0 0.0 0.0 9.142615091546185e-05 0.0 0.0 0.0 0.017466640971548444 0.0 0.0 0.0 0.061824846520308396 0.0 0.0 0.0 0.04009313990585449 0.0 0.001006327975102244 0.0 0.0 0.022837481199866186 1.2457890345470483e-08 0.0 0.0 0.046921806772608834 0.008577804242211705 0.0 0.0 0.09380200383887422 0.051542514202505815 0.0 0.0 0.025642842107901454 0.000468829803941143 0.0 0.0 0.011928624472851129 1.869245004457981e-09 0.0 0.0 0.00827701608199654 0.005227397795397318 0.0 0.0 0.1212299022438593 0.12113760243596766 0.0 0.0 0.05224561283546131 0.0 0.014804645207971201 0.0 0.0 0.0 0.005411443219574429 0.0 0.0 0.0 1.308199671970048e-07 0.0 0.0 0.0 0.01394495425561331 0.0 0.0 0.0 0.0 4.1420888240932276e-08 0.0 0.0 0.0 4.645589849779e-13 0.0 0.0 0.0 5.399768482581703e-08 0.0 0.0 0.0 8.636439946532074e-08 0.0 1.0244008455199316e-08 0.0 0.0 0.027562815485608114 9.634178439344038e-11 0.0 0.0 5.465103336080026e-05 0.006058027369193395 0.0 0.0 0.07953022730569413 0.05185618525995268 0.0 0.0 0.013332071405807371 0.004375591908489474 0.0 0.0 0.13492061738477362 4.8533166195829433e-08 0.0 0.0 0.030866601447440054 0.01036684643275958 0.0 0.0 0.19470666871748343 0.17668495579461663 0.0 0.0 0.07117644589274082 0.0 0.2962471548633039 0.0 0.0 0.0 0.11067438501497553 0.0 0.0 0.0 0.0 0.0 0.0 0.0 0.2180342860879003 0.0 0.0 0.0 0.0 0.06443147697865916 0.0 0.0 0.0 0.08444579129473581 0.0 0.0 0.0 0.0 0.0 0.0 0.0 0.08514007664156459 0.0 0.001450942056865078 0.0 0.0 0.05661589373143532 4.572645211910104e-08 0.0 0.0 0.057352418949333656 0.0 0.0 0.0 0.0 0.05734522562116913 0.0 0.0 0.013148131626311378 0.0009286097800663689 0.0 0.0 0.05265159888419186 1.967471549605683e-08 0.0 0.0 0.03818929398256994 0.0 0.0 0.0 0.0 0.10598174224755455 0.0 0.0 0.02900895840036956
0.0 0.0 0.0 0.0 0.0 0.002293578167760862 0.0 0.0 0.0 1.6890873879512142e-08 0.0 0.0 0.0 0.006799796840856175 0.0 0.0 0.0 0.0 0.0 0.0 0.0 0.0 0.09905869410160097 0.0 0.0 0.0 0.05357838428322971 0.0 0.0 0.0 0.11323825324382199 0.0 0.0 0.0 0.0 0.0 8.42023589048917e-15 0.0 0.0 0.0003638296627064512 0.0029713737186916763 0.0 0.0 0.030062793718478004 7.904342095384988e-08 0.0 0.0 2.881355289658403e-08 0.0 0.0 0.0 0.0 1.6323532724693294e-12 0.0 0.0 0.08568931379436685 0.0037826383698497347 0.0 0.0 0.03454173683759426 0.16011511436663592 0.0 0.0 0.06342332319318457 0.0 0.0 0.0 0.0 0.0 0.0 0.0 0.0 0.0 6.914963472367867e-12 0.0 0.0 0.0 3.265610893498644e-08 0.0 0.0 0.0 0.0 0.0 0.0 0.0 0.0 0.0 0.0 0.0 0.0 0.011950784042142181 0.0 0.0 0.0 0.0374588631665771 0.0 0.0 0.0 0.0 0.0 0.0 0.0 0.0 0.0 0.0022956905519262456 0.0 0.0 0.09676416154644395 0.11119525225712998 0.0 0.0 0.017914552979887897 0.0 0.0 0.0 0.0 0.0 0.0 0.0 0.0 0.01006665625928648 0.0 0.0 0.2849677750041173 0.04352611533314412 0.0 0.0 0.0085448352899072 0.0 0.03215649159769689 0.0 0.0 0.0 0.011001792470032494 0.0 0.0 0.0 1.290470215170938e-07 0.0 0.0 0.0 0.006523948819365311 0.0 0.0 0.0 0.0 1.1196645461184941e-07 0.0 0.0 0.0 1.1579975172571746e-06 0.0 0.0 0.0 8.656050956300435e-07 0.0 0.0 0.0 8.316780430659319e-09 0.0 0.00023692129063846633 0.0 0.0 0.007905049852589273 1.0320001575588366e-09 0.0 0.0 0.018522104460536436 0.0015639341446408391 0.0 0.0 0.00948857571677133 0.02341956241300108 0.0 0.0 0.014257202365389054 0.006620796953948541 0.0 0.0 0.20295451597610678 1.823140865832411e-08 0.0 0.0 0.22034881344593957 0.029074091973406206 0.0 0.0 0.2097462911504991 0.03672939760160097 0.0 0.0 0.044006824302580426 0.0 0.23371884003095578 0.0 0.0 0.0 0.036114276570925925 0.0 0.0 0.0 2.021628137600017e-06 0.0 0.0 0.0 0.16198440263938568 0.0 0.0 0.0 0.0 0.03339799299040378 0.0 0.0 0.0 0.12910980523626983 0.0 0.0 0.0 0.009863317345158981 0.0 0.0 0.0 0.008479682103014334 0.0 0.0016793298004358608 0.0 0.0 0.09618975444885704 3.1524096261759673e-09 0.0 0.0 0.0047283670178912005 3.0687402177182284e-08 0.0 0.0 0.053123233103356864 0.012587147043675482 0.0 0.0 0.005738096776779536 0.0005563438544680483 0.0 0.0 0.04050280628571061 1.0245564682891532e-08 0.0 0.0 0.017452953505014638 0.001387483330343449 0.0 0.0 0.06056085772431821 0.0442465773234162 0.0 0.0 0.016837981751163324
0.0 0.006254847052657042 0.0 0.0 0.0 0.006281471924423008 0.0 0.0 0.0 4.584236378147623e-08 0.0 0.0 0.0 0.0011251056561358006 0.0 0.0 0.0 0.0 0.04014902298859274 0.0 0.0 0.0 0.011087381789870983 0.0 0.0 0.0 0.08089737282730276 0.0 0.0 0.0 0.010250927703976181 0.0 0.0011504176432527902 0.0 0.0 0.03766579631832246 2.0810036730292965e-08 0.0 0.0 0.005715291775705825 2.9366404731292892e-08 0.0 0.0 0.034198215240616656 0.0045289749217970465 0.0 0.0 0.0013625578319952578 0.004995459692686193 0.0 0.0 0.11314341918543189 1.134113659163441e-07 0.0 0.0 0.07859520172906911 0.002177657713554874 0.0 0.0 0.1369253826109361 0.02510436963775793 0.0 0.0 0.008467804968573566 0.0 3.7815438876358716e-08 0.0 0.0 0.0 1.1186285077071917e-07 0.0 0.0 0.0 6.031494897961305e-12 0.0 0.0 0.0 2.94097380417109e-07 0.0 0.0 0.0 0.0 0.03304725819196748 0.0 0.0 0.0 0.05427533057221725 0.0 0.0 0.0 0.04002801122329136 0.0 0.0 0.0 0.01683406247281595 0.0 1.0212221868553508e-09 0.0 0.0 0.0030914668432148475 1.688891291964974e-08 0.0 0.0 0.0853518147984214 0.0077992213823433 0.0 0.0 0.10686946421464684 0.03427309139153312 0.0 0.0 0.016982648733987197 4.3314690646036246e-09 0.0 0.0 0.014700972516923316 5.000173924973615e-08 0.0 0.0 0.06373163875680157 0.01339538964400413 0.0 0.0 0.2894655800118049 0.07549493385076074 0.0 0.0 0.05977393233446573 0.0 0.00863200197849926 0.0 0.0 0.0 0.011320419170558609 0.0 0.0 0.0 4.933702602186067e-07 0.0 0.0 0.0 0.045477763544533305 0.0 0.0 0.0 0.0 6.557044787168526e-07 0.0 0.0 0.0 1.8405251382823073e-06 0.0 0.0 0.0 2.6590761558461466e-06 0.0 0.0 0.0 5.981892498122338e-07 0.0 1.8177003712703056e-08 0.0 0.0 0.04754536888597165 5.966018524388618e-09 0.0 0.0 0.002379296697836127 0.003263561574651812 0.0 0.0 0.10439009842751514 0.01740601809736543 0.0 0.0 0.012158943834268023 0.0019484562595484267 0.0 0.0 0.0943927211552056 9.989533579523841e-08 0.0 0.0 0.1896573006260558 0.025392710900488544 0.0 0.0 0.5787068467342295 0.38551912901389357 0.0 0.0 0.20035417668375508 0.0 0.13004863332686808 0.0 0.0 0.0 0.12658265950245964 0.0 0.0 0.0 5.214276367162559e-06 0.0 0.0 0.0 0.43353981512586365 0.0 0.0 0.0 0.0 0.01337280829995233 0.0 0.0 0.0 0.1890031723870553 0.0 0.0 0.0 0.06621526853388046 0.0 0.0 0.0 0.2198046600135486 0.0 0.006166361070356567 0.0 0.0 0.0770360321099824 6.808677758173145e-08 0.0 0.0 0.04512988647022031 0.008767763562031392 0.0 0.0 0.06830785309845462 0.05231564181264007 0.0 0.0 0.013919758841459254 0.0005694150896567819 0.0 0.0 0.027005453704362754 6.872151484170338e-08 0.0 0.0 0.046002070593858566 0.004634343920372602 0.0 0.0 0.15710800093030844 0.09553368839195624 0.0 0.0 0.04916202805854054
0.0 0.010751782456886336 0.0 0.0 0.0 0.010025944113341527 0.0 0.0 0.0 3.1717820090079375e-08 0.0 0.0 0.0 0.0019745807498702606 0.0 0.0 0.0 0.0 0.05943268375935132 0.0 0.0 0.0 0.12608261395545736 0.0 0.0 0.0 0.026644773909021213 0.0 0.0 0.0 0.05829013159021077 0.0 0.0014326408937700408 0.0 0.0 0.024074032039123044 9.258026609099921e-09 0.0 0.0 0.007477291458252398 0.0026779714986688297 0.0 0.0 0.04201887504238102 0.005600925800628107 0.0 0.0 0.001068397902221316 0.005729560451369715 0.0 0.0 0.16295695188799594 4.2673755123432047e-07 0.0 0.0 0.27186430967357944 0.007770238893540151 0.0 0.0 0.10972928857320909 0.06174438845398737 0.0 0.0 0.022394519210794415 0.0 3.784545248632216e-07 0.0 0.0 0.0 2.9532833316473417e-07 0.0 0.0 0.0 3.068111903283869e-12 0.0 0.0 0.0 3.1748117629364725e-07 0.0 0.0 0.0 0.0 0.002681367515516881 0.0 0.0 0.0 0.03584479262964649 0.0 0.0 0.0 0.006367984464585514 0.0 0.0 0.0 0.07087964079236143 0.0 0.002262792798534349 0.0 0.0 0.02717042615126307 1.4028102544838486e-08 0.0 0.0 0.007241526205246723 0.006025439740315792 0.0 0.0 0.1002559114755859 0.015433911381286598 0.0 0.0 0.003833043815237182 0.005379009722470579 0.0 0.0 0.11357896906540244 2.8997211774069447e-07 0.0 0.0 0.18352249739812176 0.002397141049954221 0.0 0.0 0.18709941068191513 0.22409567675903205 0.0 0.0 0.06343976904018701 0.0 0.02268428096436914 0.0 0.0 0.0 0.012996604233876649 0.0 0.0 0.0 2.4807739668807537e-07 0.0 0.0 0.0 0.0 0.0 0.0 0.0 0.0 4.762659797173946e-08 0.0 0.0 0.0 1.7217694053353273e-07 0.0 0.0 0.0 5.999474638478585e-08 0.0 0.0 0.0 0.0 0.0 9.997460596293551e-05 0.0 0.0 0.002981900675200257 5.160021953300911e-10 0.0 0.0 0.0006582972137719511 0.0014649787088714381 0.0 0.0 0.02780766664854433 0.0 0.0 0.0 0.0 0.004524933213424603 0.0 0.0 0.19631827847601346 2.0126258436881905e-07 0.0 0.0 0.25072237608532094 0.015345363384292045 0.0 0.0 0.33306404245543 0.0 0.0 0.0 0.0 0.0 0.2370137613382603 0.0 0.0 0.0 0.09275094172655898 0.0 0.0 0.0 0.0 0.0 0.0 0.0 0.09139828327213381 0.0 0.0 0.0 0.0 0.022236044991605194 0.0 0.0 0.0 0.0002954868335277669 0.0 0.0 0.0 0.0 0.0 0.0 0.0 0.07276062820573811 0.0 0.0021966984671656 0.0 0.0 0.07212587855206874 2.473603819925171e-08 0.0 0.0 0.029691672920675427 0.0 0.0 0.0 0.0 0.08716920022650752 0.0 0.0 0.015946056177169623 0.0011267288852203922 0.0 0.0 0.04298324703496042 2.4756679541152044e-08 0.0 0.0 0.02833479273423228 0.0 0.0 0.0 0.0 0.026733625217994675 0.0 0.0 0.008138094315880647
0.0 0.004143930045720719 0.0 0.0 0.0 0.002861409628883771 0.0 0.0 0.0 7.041105655536522e-08 0.0 0.0 0.0 0.0011836270972750865 0.0 0.0 0.0 0.0 0.013781223822449071 0.0 0.0 0.0 0.005024907782640372 0.0 0.0 0.0 0.07105114626094673 0.0 0.0 0.0 0.0658614491453997 0.0 0.0003826049393755695 0.0 0.0 0.02784791150388726 1.3798472024968642e-08 0.0 0.0 0.010151344781231024 0.0006291024815896175 0.0 0.0 0.011016777471225224 0.02736752232797393 0.0 0.0 0.006271795484296374 0.0005815650560971927 0.0 0.0 0.07895474628563197 7.47305849958449e-08 0.0 0.0 0.07623123551805916 0.011218501738015417 0.0 0.0 0.18889136035678042 0.04691560685362947 0.0 0.0 0.009514976157877678 0.0 1.3660495040006822e-07 0.0 0.0 0.0 3.69063648073356e-08 0.0 0.0 0.0 1.4738504790504358e-12 0.0 0.0 0.0 1.6725654914292654e-07 0.0 0.0 0.0 0.0 0.021633865479925993 0.0 0.0 0.0 0.03604683627927907 0.0 0.0 0.0 0.0407051677635257 0.0 0.0 0.0 0.03736415407168668 0.0 8.381747226865918e-05 0.0 0.0 0.001774492951718624 2.3078126498771094e-14 0.0 0.0 0.0015384749597890204 0.004579829155503545 0.0 0.0 0.05848834191778654 0.02562191382385799 0.0 0.0 0.008845288995609974 0.0011528179468278394 0.0 0.0 0.038200860370889385 3.67227341551237e-13 0.0 0.0 0.025260642680757703 0.0037746814980269276 0.0 0.0 0.08098995214342614 0.08361518675041697 0.0 0.0 0.03309126158162192 0.0 0.013451798765361879 0.0 0.0 0.0 0.003056674181905787 0.0 0.0 0.0 1.0031907727756903e-07 0.0 0.0 0.0 0.01399204639358437 0.0 0.0 0.0 0.0 1.7821586901443676e-08 0.0 0.0 0.0 5.125315501399101e-08 0.0 0.0 0.0 2.016299143038042e-08 0.0 0.0 0.0 8.149387433759822e-08 0.0 0.00023919526839400178 0.0 0.0 0.0405538462261174 3.0727242703639375e-14 0.0 0.0 7.199713270733603e-09 0.0029065819021504647 0.0 0.0 0.04297243272708087 0.015285857147157196 0.0 0.0 0.009798413716819943 0.0036666784413273445 0.0 0.0 0.13062643595695514 1.4483669320757393e-07 0.0 0.0 0.0597891133550829 0.0073919228846433425 0.0 0.0 0.10384391907050887 0.12888874435694425 0.0 0.0 0.05199582478465299 0.0 0.13812286159540288 0.0 0.0 0.0 0.12983190287726307 0.0 0.0 0.0 0.0 0.0 0.0 0.0 0.29481221082429143 0.0 0.0 0.0 0.0 0.048251965664089055 0.0 0.0 0.0 0.05986036396148298 0.0 0.0 0.0 0.0 0.0 0.0 0.0 0.19689419748482717 0.0 0.0016846511195805869 0.0 0.0 0.06947829887817594 5.8745034826451494e-08 0.0 0.0 0.044651898898177576 0.0 0.0 0.0 0.0 0.13666609795964108 0.0 0.0 0.0367280705394399 0.00039770693906493974 0.0 0.0 0.024871474523300584 4.86581321132597e-08 0.0 0.0 0.048462685579523476 0.0 0.0 0.0 0.0 0.08711880404330906 0.0 0.0 0.03335550448075232
0.0 0.020705963868899998 0.0 0.0 0.0 0.006672347113094802 0.0 0.0 0.0 4.516161411323348e-09 0.0 0.0 0.0 0.004916113140021148 0.0 0.0 0.0 0.0 0.12378075827666253 0.0 0.0 0.0 0.060682310309815565 0.0 0.0 0.0 0.023149080811202975 0.0 0.0 0.0 0.07217987347521858 0.0 0.005775064839740148 0.0 0.0 0.10337899470513562 8.364323843217636e-09 0.0 0.0 0.006966781887933998 0.001966339606226304 0.0 0.0 0.02305421836406753 0.06868156704616356 0.0 0.0 0.010841509171209436 0.014447221098495762 0.0 0.0 0.35341873706341453 2.2626694390009197e-07 0.0 0.0 0.20535635899144475 0.0017561555960314923 0.0 0.0 0.012224875091545129 0.16031790112734584 0.0 0.0 0.05596707995145058 0.0 5.063852249146522e-07 0.0 0.0 0.0 5.66189163660543e-07 0.0 0.0 0.0 2.014291379052013e-12 0.0 0.0 0.0 1.0741438286540641e-07 0.0 0.0 0.0 0.0 0.0643949366321282 0.0 0.0 0.0 0.05457196544575308 0.0 0.0 0.0 0.0020740185920763076 0.0 0.0 0.0 0.0001086415783829593 0.0 0.0002515577877405599 0.0 0.0 0.005952594271762586 1.295156012625811e-07 0.0 0.0 0.05010883434055503 0.0002314567251221297 0.0 0.0 0.010810997646442486 0.04108288534679436 0.0 0.0 0.010409286289299508 0.005390588926718716 0.0 0.0 0.1726125119373644 5.342089822891112e-07 0.0 0.0 0.29929735120397116 0.003938212521178552 0.0 0.0 0.10724666248363594 0.05370784649459452 0.0 0.0 0.0189925808470155 0.0 0.00947103662200714 0.0 0.0 0.0 0.0023167665837266903 0.0 0.0 0.0 3.8558166578856334e-08 0.0 0.0 0.0 0.0026447801091921265 0.0 0.0 0.0 0.0 4.286638252983772e-08 0.0 0.0 0.0 2.5918963818514177e-09 0.0 0.0 0.0 8.518489520241307e-13 0.0 0.0 0.0 1.749897325216934e-08 0.0 0.0011195686224247348 0.0 0.0 0.02744203490668909 6.551287494145853e-10 0.0 0.0 0.00025955141841784335 5.535431067355111e-05 0.0 0.0 0.0013658016001934685 2.8214312143854048e-08 0.0 0.0 1.1596091796051603e-08 0.0027492168503302655 0.0 0.0 0.052444111110018524 6.416018947679483e-08 0.0 0.0 0.02849895158325828 0.0021122895509737504 0.0 0.0 0.05861718996437565 0.044750426020325466 0.0 0.0 0.014755410546340069 0.0 0.24961451599676765 0.0 0.0 0.0 0.11215988236235543 0.0 0.0 0.0 0.0 0.0 0.0 0.0 0.03050700965648313 0.0 0.0 0.0 0.0 0.032488746209627176 0.0 0.0 0.0 0.003593463575852878 0.0 0.0 0.0 0.0 0.0 0.0 0.0 0.0019858005345992163 0.0 0.0011318273967715886 0.0 0.0 0.03656382363288998 1.21016740974319e-07 0.0 0.0 0.02934457381244988 0.0 0.0 0.0 0.0 0.005964494463742531 0.0 0.0 0.0012694927645790512 0.001429383115955578 0.0 0.0 0.051675747559397196 9.580287523645058e-08 0.0 0.0 0.041353885385430174 0.0 0.0 0.0 0.0 0.01777625930232777 0.0 0.0 0.004647617263503159
0.0 0.009886615313886953 0.0 0.0 0.0 0.007639544022830509 0.0 0.0 0.0 4.740044350760755e-08 0.0 0.0 0.0 0.0016496423070107183 0.0 0.0 0.0 0.0 0.045616298969152265 0.0 0.0 0.0 0.05670185821692479 0.0 0.0 0.0 0.07175412754845224 0.0 0.0 0.0 0.03010439050971527 0.0 2.9623260802439968e-05 0.0 0.0 0.021967524496516674 2.8904693229820415e-08 0.0 0.0 0.01452962990864958 0.006561589166350412 0.0 0.0 0.06408615717060327 0.0010774011762312928 0.0 0.0 0.00021559051604451727 0.004973570118838671 0.0 0.0 0.19038283037196813 1.7461816104430095e-07 0.0 0.0 0.10303307268285092 0.00792073850436042 0.0 0.0 0.15285118746664028 0.06520163735480257 0.0 0.0 0.023020877038935687 0.0 6.96667181206218e-08 0.0 0.0 0.0 3.7337914628583215e-08 0.0 0.0 0.0 2.1256917144564972e-12 0.0 0.0 0.0 2.225877942440924e-07 0.0 0.0 0.0 0.0 3.211254394862055e-08 0.0 0.0 0.0 0.008073855899283744 0.0 0.0 0.0 0.040489800097416796 0.0 0.0 0.0 0.008304467684145273 0.0 5.451589300052058e-05 0.0 0.0 0.0009471330351907856 9.522574693135953e-09 0.0 0.0 0.023379345427487336 0.0028266436594017097 0.0 0.0 0.08343756995915769 0.0261882772658525 0.0 0.0 0.01952296934075247 0.0014315359217970838 0.0 0.0 0.02788409809643457 6.014473169482325e-08 0.0 0.0 0.02918146111937796 0.004760944807475363 0.0 0.0 0.08070673455421783 0.07002360614449304 0.0 0.0 0.057864765331072474 0.0 0.023486681369986134 0.0 0.0 0.0 0.0023046051708297964 0.0 0.0 0.0 1.8875826539645865e-07 0.0 0.0 0.0 0.010919570788881476 0.0 0.0 0.0 0.0 3.329435525406238e-07 0.0 0.0 0.0 2.7587165176492937e-08 0.0 0.0 0.0 8.015872210310573e-07 0.0 0.0 0.0 1.0988402013371164e-07 0.0 0.0008473332735674786 0.0 0.0 0.04040969974860765 1.759937965834736e-08 0.0 0.0 0.021257222960764405 0.003542507744344925 0.0 0.0 0.041995472816388296 0.005574893309065841 0.0 0.0 0.0017079386767537778 0.010268195825086512 0.0 0.0 0.19784421937036473 3.357891497704927e-08 0.0 0.0 0.037072862554315994 0.010508848022422673 0.0 0.0 0.21680864360252286 0.13459745820124078 0.0 0.0 0.059421722219833155 0.0 0.17080330889365336 0.0 0.0 0.0 0.04361489173760035 0.0 0.0 0.0 1.0381370938380991e-06 0.0 0.0 0.0 0.17546888109418066 0.0 0.0 0.0 0.0 0.06285088057464265 0.0 0.0 0.0 0.08419897264906905 0.0 0.0 0.0 0.0033526323909101896 0.0 0.0 0.0 0.037635831163245245 0.0 0.0007666361995054928 0.0 0.0 0.030267311791038986 2.4172738663502735e-09 0.0 0.0 0.006441409757142581 0.0012738365383650448 0.0 0.0 0.01757595044525085 0.007575396668434816 0.0 0.0 0.012144255424114294 0.0008044385515734889 0.0 0.0 0.037681271246436145 2.8085303117678954e-09 0.0 0.0 0.01733164425880892 0.0008473201340922286 0.0 0.0 0.037583991805657885 0.07964944974240741 0.0 0.0 0.021017417890152726
0.0 0.0035227412182006405 0.0 0.0 0.0 0.002078155031248214 0.0 0.0 0.0 2.0107979586542616e-07 0.0 0.0 0.0 0.00443957582900171 0.0 0.0 0.0 0.0 0.021626240413609946 0.0 0.0 0.0 0.009639549455215002 0.0 0.0 0.0 0.2614406858365896 0.0 0.0 0.0 0.11787982953212302 0.0 7.513146428458844e-09 0.0 0.0 0.0266463407337212 1.7757458179650628e-08 0.0 0.0 0.01008623798835086 0.0021937039807700134 0.0 0.0 0.057944885143153664 0.000982058808736041 0.0 0.0 0.0038530274976872024 0.0010332519097932741 0.0 0.0 0.05071094796623329 9.837622076935453e-08 0.0 0.0 0.08173547114621176 0.026914397979855224 0.0 0.0 0.4280525991401214 0.12589654787781895 0.0 0.0 0.0575675497187474 0.0 1.343290618878103e-07 0.0 0.0 0.0 1.2307848038478701e-08 0.0 0.0 0.0 2.5781050589539415e-12 0.0 0.0 0.0 1.3267689169041702e-07 0.0 0.0 0.0 0.0 0.009391126138005065 0.0 0.0 0.0 0.017540363382035098 0.0 0.0 0.0 0.04923655441142065 0.0 0.0 0.0 1.2307848038478701e-08 0.0 2.1271594554702412e-08 0.0 0.0 0.04330031385039376 1.1330256651270716e-07 0.0 0.0 0.028722716000514743 0.00027418925934117927 0.0 0.0 0.042606035866274095 0.013191591617124321 0.0 0.0 0.004348771764910776 1.7012337272636118e-08 0.0 0.0 0.050847917153312217 1.9374325177709888e-08 0.0 0.0 0.005506540510062819 0.006019477025480415 0.0 0.0 0.16071256782166746 0.024992094372161017 0.0 0.0 0.009237162138416553 0.0 0.03825664487768033 0.0 0.0 0.0 0.005336354662339301 0.0 0.0 0.0 3.998875193297603e-07 0.0 0.0 0.0 0.030266504418061252 0.0 0.0 0.0 0.0 1.6125385980136804e-07 0.0 0.0 0.0 1.0675737728318436e-06 0.0 0.0 0.0 1.652080206959079e-07 0.0 0.0 0.0 3.2941425314042986e-07 0.0 0.0011536661740593388 0.0 0.0 0.04459616880177965 3.085755505412074e-14 0.0 0.0 0.0017330727948639733 0.00223184653612334 0.0 0.0 0.2282265584033932 0.03125547370047164 0.0 0.0 0.014034469678561574 0.005772683867674719 0.0 0.0 0.37614855892111765 1.5320260031455574e-12 0.0 0.0 0.09646903472216578 0.03248839285283159 0.0 0.0 0.6171386400271024 0.35884461970601017 0.0 0.0 0.13506601673351842 0.0 0.36998578559334844 0.0 0.0 0.0 0.0687535342378733 0.0 0.0 0.0 1.037836918181765e-06 0.0 0.0 0.0 0.2269784037370398 0.0 0.0 0.0 0.0 0.07068875416535782 0.0 0.0 0.0 0.10526277252169704 0.0 0.0 0.0 0.0017330708499138675 0.0 0.0 0.0 0.08400001912402574 0.0 0.0029661086477128823 0.0 0.0 0.1504063953931097 1.1327090548464481e-08 0.0 0.0 0.006853137685580419 0.0013256061397918157 0.0 0.0 0.022440856429167995 0.016036167203954423 0.0 0.0 0.0018519075518421335 0.0004977005923608828 0.0 0.0 0.07846219901369121 1.9177155650320117e-08 0.0 0.0 0.02620958456001256 0.001314788232176857 0.0 0.0 0.02495440538938367 0.09452020811890322 0.0 0.0 0.04254117816040614
0.0 0.0 0.0 0.0 0.0 0.0007490241091489051 0.0 0.0 0.0 3.792377534805264e-08 0.0 0.0 0.0 0.001228893457264845 0.0 0.0 0.0 0.0 0.0 0.0 0.0 0.0 0.002735847770310454 0.0 0.0 0.0 0.09526295529356496 0.0 0.0 0.0 0.072685669681379 0.0 0.0 0.0 0.0 0.0 5.458591251194341e-15 0.0 0.0 1.2071586231550981e-09 0.004272974398176857 0.0 0.0 0.03531138261654426 0.005264408194650741 0.0 0.0 0.008254494251476167 0.0 0.0 0.0 0.0 1.1175899102977458e-07 0.0 0.0 0.027709758187839908 0.0033994461930421417 0.0 0.0 0.14250589087598572 0.024750922331815483 0.0 0.0 0.012594584217231248 0.0 1.3253530246723063e-07 0.0 0.0 0.0 6.933408674970024e-08 0.0 0.0 0.0 9.642071806829669e-13 0.0 0.0 0.0 1.579796901525025e-07 0.0 0.0 0.0 0.0 0.02289881013478851 0.0 0.0 0.0 0.021503295365250304 0.0 0.0 0.0 0.025686601188614024 0.0 0.0 0.0 0.051818092218536144 0.0 8.654106196495568e-05 0.0 0.0 0.0028764225165063117 2.42926602076425e-08 0.0 0.0 0.007744284309923572 3.843331613795248e-09 0.0 0.0 0.006029147969364862 0.01859503710020631 0.0 0.0 0.0033548500132901922 0.0007844848797208859 0.0 0.0 0.03574309493862561 6.208432639905662e-08 0.0 0.0 0.033141750680661504 9.797013650858975e-08 0.0 0.0 0.06186837812795191 0.0897804555377641 0.0 0.0 0.023619865351239274 0.0 0.01178112705544604 0.0 0.0 0.0 0.006787346213203212 0.0 0.0 0.0 3.5512426250788087e-07 0.0 0.0 0.0 0.013071466907747907 0.0 0.0 0.0 0.0 3.655898968636647e-08 0.0 0.0 0.0 4.374370580475306e-07 0.0 0.0 0.0 1.0010832916035697e-06 0.0 0.0 0.0 5.332247022520382e-07 0.0 0.0002821192430454351 0.0 0.0 0.034973902911095665 2.664669901465319e-10 0.0 0.0 0.0002282439765783577 0.0049164353247279115 0.0 0.0 0.08210824038900387 0.08981733323061376 0.0 0.0 0.02050419368751686 0.0004669345087866085 0.0 0.0 0.10846959488990841 1.2242500774572162e-07 0.0 0.0 0.11776282181550313 0.01540669676813349 0.0 0.0 0.33429367377894176 0.1620968906788665 0.0 0.0 0.08884649867200514 0.0 0.1589032131545059 0.0 0.0 0.0 0.11437035925075013 0.0 0.0 0.0 1.638354733056704e-06 0.0 0.0 0.0 0.23281278197729238 0.0 0.0 0.0 0.0 0.03020441397423391 0.0 0.0 0.0 0.014446730534629224 0.0 0.0 0.0 0.11187991834937396 0.0 0.0 0.0 0.09312254367474772 0.0 0.00015646682360365784 0.0 0.0 0.005710304950436464 1.3770033607898127e-09 0.0 0.0 0.024669368235421624 0.003995735993730619 0.0 0.0 0.1408894005685987 0.04687981893217504 0.0 0.0 0.008539441827121755 0.00020140897306755528 0.0 0.0 0.0231873933583331 3.764558238489109e-08 0.0 0.0 0.033681961157339464 0.0011060769926756232 0.0 0.0 0.05407466007543173 0.06213774979654299 0.0 0.0 0.0244288092939356
0.0 0.0 0.0 0.0 0.0 0.0076332508426533744 0.0 0.0 0.0 2.121896631387551e-08 0.0 0.0 0.0 0.0037040046094394484 0.0 0.0 0.0 0.0 0.0 0.0 0.0 0.0 0.05125507577476898 0.0 0.0 0.0 0.03738485534630003 0.0 0.0 0.0 0.11268580912565498 0.0 0.0 0.0 0.0 0.0 3.559165175431512e-09 0.0 0.0 0.0025289645180105445 0.001825725455393356 0.0 0.0 0.012671237398782747 0.030654307293690577 0.0 0.0 0.008048812423994032 0.0 0.0 0.0 0.0 2.2371507688357255e-07 0.0 0.0 0.186179954196271 0.014492063254531841 0.0 0.0 0.07511036738656625 0.04375629484744975 0.0 0.0 0.0487482443057171 0.0 2.0823714375140312e-07 0.0 0.0 0.0 6.90271322665063e-07 0.0 0.0 0.0 3.633688760195544e-12 0.0 0.0 0.0 1.7050835673142134e-07 0.0 0.0 0.0 0.0 0.0031214703750779083 0.0 0.0 0.0 0.01538849494076645 0.0 0.0 0.0 0.014602033920732792 0.0 0.0 0.0 0.08612884718770418 0.0 4.261565599765065e-14 0.0 0.0 2.872377358070741e-08 1.5950259345328868e-08 0.0 0.0 0.008991163890441595 0.004876012750736399 0.0 0.0 0.06283497111696026 0.005668223418244656 0.0 0.0 0.014028073292885565 0.001262948322881031 0.0 0.0 0.06635747937135139 3.9588543616361886e-07 0.0 0.0 0.40007204924339557 0.01633299621164824 0.0 0.0 0.2196935936325048 0.13551178467335304 0.0 0.0 0.04163144104053677 0.0 0.04279862029356326 0.0 0.0 0.0 0.012169126130618414 0.0 0.0 0.0 2.115536708481551e-07 0.0 0.0 0.0 0.002206139188162771 0.0 0.0 0.0 0.0 8.983593699233464e-08 0.0 0.0 0.0 6.822409148810319e-07 0.0 0.0 0.0 6.7650409859804e-07 0.0 0.0 0.0 3.3172039575820664e-08 0.0 0.0005206761765444092 0.0 0.0 0.011663860726143496 1.5281991312541275e-10 0.0 0.0 9.830224703470246e-05 0.0036332710907508487 0.0 0.0 0.037746961741963764 1.1150475633724178e-08 0.0 0.0 3.929264270884336e-09 0.007859683852964228 0.0 0.0 0.2201256092359286 3.665841016940991e-07 0.0 0.0 0.23532899525045634 0.009507774431056578 0.0 0.0 0.26745071231467554 0.023772755144800733 0.0 0.0 0.00939212493039212 0.0 0.158526911716017 0.0 0.0 0.0 0.09943777917968688 0.0 0.0 0.0 1.2489767191964362e-06 0.0 0.0 0.0 0.13175134032499522 0.0 0.0 0.0 0.0 0.052607490438021536 0.0 0.0 0.0 0.029754236186893705 0.0 0.0 0.0 0.0016755214438656154 0.0 0.0 0.0 0.034382193501656826 0.0 0.0011679947883149137 0.0 0.0 0.0453002066139571 3.546805911084517e-08 0.0 0.0 0.028046813433956794 0.005575666692100203 0.0 0.0 0.05994968820077414 0.07593132597940813 0.0 0.0 0.02601045405393267 0.0005259735303119397 0.0 0.0 0.024839963034458585 2.770553855062639e-08 0.0 0.0 0.01961644560154051 0.0009305872797978322 0.0 0.0 0.03798048995214837 0.06847153652230487 0.0 0.0 0.017163824769053548
0.0 0.0027550832457057073 0.0 0.0 0.0 0.000718312848640405 0.0 0.0 0.0 4.961716657681482e-08 0.0 0.0 0.0 0.00135866836710118 0.0 0.0 0.0 0.0 0.02377229844094666 0.0 0.0 0.0 0.028747666568580747 0.0 0.0 0.0 0.08377044796037961 0.0 0.0 0.0 0.10386378244917976 0.0 4.3575499087873637e-10 0.0 0.0 4.946417996370374e-09 1.6183341860291116e-09 0.0 0.0 0.0005358869470817024 0.0008688980140240968 0.0 0.0 0.03269566540070757 0.02333804176318142 0.0 0.0 0.028971230557555953 0.00039375672973286245 0.0 0.0 0.032371024596603036 7.617794840887125e-08 0.0 0.0 0.029290224234575824 0.0035347416802812693 0.0 0.0 0.11629887090808602 0.03539253162073592 0.0 0.0 0.01459833462531017 0.0 7.779628259490036e-08 0.0 0.0 0.0 7.246376234472791e-08 0.0 0.0 0.0 3.2081202447090564e-12 0.0 0.0 0.0 1.0997743393650718e-07 0.0 0.0 0.0 0.0 0.000718312848640405 0.0 0.0 0.0 0.06748956680063727 0.0 0.0 0.0 0.07940713537209955 0.0 0.0 0.0 0.011474995585848302 0.0 1.077240632940127e-08 0.0 0.0 0.028747655796174425 5.929024151512568e-14 0.0 0.0 0.00128933001777272 0.0033102154176863933 0.0 0.0 0.04838739539024486 0.032882103707712745 0.0 0.0 0.009487569947120833 8.638395595434704e-09 0.0 0.0 0.029826102543261932 5.382831918868163e-09 0.0 0.0 0.04980536212525899 0.0037527550111559494 0.0 0.0 0.1616033407814115 0.07388077838501714 0.0 0.0 0.02050486338477021 0.0 0.007100325293521188 0.0 0.0 0.0 0.009186298221493697 0.0 0.0 0.0 2.0853792038250794e-07 0.0 0.0 0.0 0.01020412422468162 0.0 0.0 0.0 0.0 1.9145733010296912e-08 0.0 0.0 0.0 5.769636727100401e-08 0.0 0.0 0.0 7.225988697712099e-08 0.0 0.0 0.0 6.583263914817098e-07 0.0 0.000958533268294361 0.0 0.0 0.017820864764511356 2.0842153135485535e-13 0.0 0.0 0.010092063162056979 0.0034073685658943037 0.0 0.0 0.06814527386823566 0.04880124758962498 0.0 0.0 0.01434604079104612 0.0014202570095405275 0.0 0.0 0.06163825311114147 8.962388917897751e-08 0.0 0.0 0.15859799648146825 0.011131164155788218 0.0 0.0 0.27306892298324215 0.1626741307941294 0.0 0.0 0.06043464024993277 0.0 0.2302987090835773 0.0 0.0 0.0 0.1440041170878869 0.0 0.0 0.0 5.492700836605644e-07 0.0 0.0 0.0 0.09082392731315288 0.0 0.0 0.0 0.0 0.06191909924773786 0.0 0.0 0.0 0.02081862136909064 0.0 0.0 0.0 0.00039373641750604997 0.0 0.0 0.0 0.019160943309952213 0.0 0.00010674121802827039 0.0 0.0 0.02014216488785942 2.578417138776464e-08 0.0 0.0 0.022407598341006318 2.4746103399663228e-05 0.0 0.0 0.001314156982009748 0.040492228371135794 0.0 0.0 0.024368877677065998 0.0019528060064609315 0.0 0.0 0.04133348992730384 2.7474310735692397e-08 0.0 0.0 0.04993828352417909 0.0004610673293869971 0.0 0.0 0.027451828095194503 0.050418969667067805 0.0 0.0 0.011903727242270361
0.0 0.02168441763433466 0.0 0.0 0.0 0.0047320889670770215 0.0 0.0 0.0 1.3712177110281552e-07 0.0 0.0 0.0 0.0015386465124811852 0.0 0.0 0.0 0.0 0.03313666436900065 0.0 0.0 0.0 0.018513929781252242 0.0 0.0 0.0 0.1096212103804528 0.0 0.0 0.0 0.07858876296578632 0.0 8.077447261810951e-05 0.0 0.0 0.048021600821278626 1.9142124755933194e-08 0.0 0.0 0.006369972031390328 0.0007864483460474961 0.0 0.0 0.04510130189046891 0.005505641761077545 0.0 0.0 0.0008363531943271966 0.010743755864920572 0.0 0.0 0.42003591184693695 2.447655390487042e-07 0.0 0.0 0.16445760895228553 0.019433578942704487 0.0 0.0 0.4072789142375621 0.045048356553762166 0.0 0.0 0.014037636742317314 0.0 3.4493570561611287e-07 0.0 0.0 0.0 2.949960136122337e-07 0.0 0.0 0.0 5.57396258895868e-12 0.0 0.0 0.0 1.2975030239267028e-07 0.0 0.0 0.0 0.0 0.06578812871800004 0.0 0.0 0.0 0.008161013091514608 0.0 0.0 0.0 0.010868730275120555 0.0 0.0 0.0 0.11326682796230524 0.0 0.0003820407081649988 0.0 0.0 0.009886564122520855 4.501104433727001e-09 0.0 0.0 0.004555926431895524 2.4674408387029323e-08 0.0 0.0 0.012602318842776874 0.031186780076934553 0.0 0.0 0.006503784931036965 0.0034880931636555356 0.0 0.0 0.11452869199162186 2.259130203922088e-07 0.0 0.0 0.18135639870612036 0.0058099638840150725 0.0 0.0 0.3103482236875258 0.06780855955809084 0.0 0.0 0.02382624727091619 0.0 0.024494438096620684 0.0 0.0 0.0 0.01890129972361177 0.0 0.0 0.0 4.2923959034387043e-07 0.0 0.0 0.0 0.009940386684526091 0.0 0.0 0.0 0.0 1.0682725716531149e-07 0.0 0.0 0.0 1.5406817146102456e-07 0.0 0.0 0.0 2.3408929874227148e-07 0.0 0.0 0.0 1.5231136465058424e-07 0.0 0.002384312866148035 0.0 0.0 0.046878410738729705 9.99518188247228e-09 0.0 0.0 0.01104116374822037 0.000607080068633269 0.0 0.0 0.02102120322741937 0.036522515444743615 0.0 0.0 0.011649874657693344 0.008107067095728632 0.0 0.0 0.25776492574493653 2.1571652573492358e-07 0.0 0.0 0.30968641811770947 0.026699434801212237 0.0 0.0 0.6309301413126874 0.18080338889694705 0.0 0.0 0.052194477464228575 0.0 0.1936813668298311 0.0 0.0 0.0 0.1744510971797257 0.0 0.0 0.0 0.0 0.0 0.0 0.0 0.04036095278807034 0.0 0.0 0.0 0.0 0.007777211745075114 0.0 0.0 0.0 0.04159825552208979 0.0 0.0 0.0 0.0 0.0 0.0 0.0 0.0024646484682151054 0.0 0.0023724228137764246 0.0 0.0 0.14011689823838785 9.078072540542936e-09 0.0 0.0 0.011606184073495264 0.0 0.0 0.0 0.0 0.03157045582067316 0.0 0.0 0.00865442168326608 0.0003968232506516565 0.0 0.0 0.04380300440161572 1.0290543579415792e-07 0.0 0.0 0.0634551467006843 0.0 0.0 0.0 0.0 0.010047718685398187 0.0 0.0 0.003938734374211597
0.0 0.017719570800459498 0.0 0.0 0.0 0.004187501154557981 0.0 0.0 0.0 1.0077551636677119e-07 0.0 0.0 0.0 0.005861783491393027 0.0 0.0 0.0 0.0 0.029877963346801505 0.0 0.0 0.0 0.04288380322481567 0.0 0.0 0.0 0.04335942275350442 0.0 0.0 0.0 0.022394692052770213 0.0 0.003703938585285826 0.0 0.0 0.037929143482082386 3.1321218560589363e-08 0.0 0.0 0.007823827158610944 0.001107898892622375 0.0 0.0 0.013438369245684662 0.018063473583048634 0.0 0.0 0.003910486819745169 0.012300332733977593 0.0 0.0 0.24147666750191457 2.619729091994697e-07 0.0 0.0 0.15090914503820044 0.01355303986981477 0.0 0.0 0.20294726162327453 0.09217054939914963 0.0 0.0 0.06340358452420614 0.0 4.812232164573982e-07 0.0 0.0 0.0 1.858374389777525e-07 0.0 0.0 0.0 6.905011962971192e-12 0.0 0.0 0.0 0.0 0.0 0.0 0.0 0.0 0.006929237382747494 0.0 0.0 0.0 0.0321639606664569 0.0 0.0 0.0 0.05239063288766079 0.0 0.0 0.0 0.0 0.0 0.00025355309181999687 0.0 0.0 0.032096939673174 3.9523740794566654e-13 0.0 0.0 0.005533641564963182 0.004438221871617403 0.0 0.0 0.0617945011287284 0.0 0.0 0.0 0.0 0.002845906551827341 0.0 0.0 0.09507692865742325 2.1751217079164383e-07 0.0 0.0 0.13380580264383568 0.02512789688875989 0.0 0.0 0.3364594102470584 0.0 0.0 0.0 0.0 0.0 0.031696060059905336 0.0 0.0 0.0 0.010849345885543742 0.0 0.0 0.0 1.4357106114637546e-07 0.0 0.0 0.0 0.015833196066368734 0.0 0.0 0.0 0.0 3.90626788497625e-08 0.0 0.0 0.0 2.2404854444342286e-06 0.0 0.0 0.0 8.481122552968776e-07 0.0 0.0 0.0 1.3884823750505667e-07 0.0 0.00018056077769797928 0.0 0.0 0.010967161813587195 3.7735461629513985e-08 0.0 0.0 0.07821697567149481 0.0004828352348743957 0.0 0.0 0.007646560992408124 0.004197397867930705 0.0 0.0 0.003589389410729059 0.006491550909919687 0.0 0.0 0.29367224382673235 9.876275217845843e-08 0.0 0.0 0.1853373946197203 0.010134627485882904 0.0 0.0 0.11893803118372674 0.11652225513417733 0.0 0.0 0.09996295418792174 0.0 0.10301900937548941 0.0 0.0 0.0 0.0764467980593245 0.0 0.0 0.0 3.022155133560816e-06 0.0 0.0 0.0 0.09007572855320314 0.0 0.0 0.0 0.0 0.044243630828382396 0.0 0.0 0.0 0.029066852953981207 0.0 0.0 0.0 0.009530015750763373 0.0 0.0 0.0 0.028930208577837912 0.0 0.00036022203813913356 0.0 0.0 0.037221758139630225 4.94791485886084e-09 0.0 0.0 0.0018552679873630518 0.0003245832433786714 0.0 0.0 0.006585446196649105 0.0032332425233918298 0.0 0.0 0.001744514402378757 0.00032283913553634317 0.0 0.0 0.020637110353135348 1.4814737991169508e-08 0.0 0.0 0.02983410781688698 0.0032096420959285533 0.0 0.0 0.08324957549330318 0.03535763963545247 0.0 0.0 0.012162474532996619
0.0 0.007118586930751367 0.0 0.0 0.0 0.007125702501685811 0.0 0.0 0.0 1.3168449859804373e-07 0.0 0.0 0.0 0.0036658654196087843 0.0 0.0 0.0 0.0 0.01617436775560417 0.0 0.0 0.0 0.0521296175046161 0.0 0.0 0.0 0.011560232760930577 0.0 0.0 0.0 0.021189414651565087 0.0 0.0007922566926005787 0.0 0.0 0.01723174657231902 7.957821633522919e-09 0.0 0.0 0.0028979256869134085 0.00010222536014416559 0.0 0.0 0.005253713342498496 3.238549935102464e-11 0.0 0.0 7.331888180234526e-07 0.0028416827994190747 0.0 0.0 0.1495497224053972 2.9350403510364777e-07 0.0 0.0 0.17998190679004225 0.006401010849315643 0.0 0.0 0.2188181399477269 0.027124774291058133 0.0 0.0 0.044873393994610204 0.0 4.5893237367866553e-07 0.0 0.0 0.0 5.840321496719892e-07 0.0 0.0 0.0 8.999266726569055e-12 0.0 0.0 0.0 2.3282358402280622e-07 0.0 0.0 0.0 0.0 0.002090787103847543 0.0 0.0 0.0 0.09170721838292087 0.0 0.0 0.0 0.0990961673984151 0.0 0.0 0.0 0.008514669861554984 0.0 9.700665891538822e-09 0.0 0.0 0.011797040352852785 9.92076968228223e-08 0.0 0.0 0.11208249151470383 0.0015544054419393486 0.0 0.0 0.016135533071422695 0.0013885362743883002 0.0 0.0 0.041180547622222174 0.0036805778124907925 0.0 0.0 0.12771239846483792 4.4854128030902303e-07 0.0 0.0 0.3289071570005 0.028957558830394418 0.0 0.0 0.38695433392808065 0.1420830461493517 0.0 0.0 0.048968421214013194 0.0 0.04393758335537653 0.0 0.0 0.0 0.02268089051418122 0.0 0.0 0.0 3.95571076171612e-07 0.0 0.0 0.0 0.017242887153637736 0.0 0.0 0.0 0.0 1.976945567260785e-06 0.0 0.0 0.0 1.430469756818011e-06 0.0 0.0 0.0 1.5891866329875953e-06 0.0 0.0 0.0 9.386265683881079e-08 0.0 0.0003167959671317799 0.0 0.0 0.012825041191931872 5.978730684048682e-09 0.0 0.0 0.006536377608628178 0.002029376623770572 0.0 0.0 0.11137414286841903 0.0016796233058169916 0.0 0.0 0.03119267914443761 0.007953645458905884 0.0 0.0 0.2739545926042467 4.240906289053738e-07 0.0 0.0 0.40662468843927996 0.018835798081075657 0.0 0.0 0.5941650595043686 0.14136803294606695 0.0 0.0 0.09907922832152108 0.0 0.04061751249551625 0.0 0.0 0.0 0.17446720179192535 0.0 0.0 0.0 4.56320003986882e-06 0.0 0.0 0.0 0.11867841202846925 0.0 0.0 0.0 0.0 0.0008059879193132432 0.0 0.0 0.0 0.0403004365418842 0.0 0.0 0.0 0.05529605334288808 0.0 0.0 0.0 0.04318491962121428 0.0 3.113047326959235e-09 0.0 0.0 1.9164066019447976e-08 1.2671116247946825e-08 0.0 0.0 0.01213229369338442 0.00420418314145055 0.0 0.0 0.054315626399224194 0.00195200563682022 0.0 0.0 0.00028495417788221967 0.0008863148532447806 0.0 0.0 0.006117253243835248 4.644868944128499e-08 0.0 0.0 0.06366255358713752 0.021777198266181307 0.0 0.0 0.15496492038435325 0.018171670880062947 0.0 0.0 0.011436400811642593
0.0 0.009729817458367204 0.0 0.0 0.0 0.0006272906311012349 0.0 0.0 0.0 1.4154178414736538e-07 0.0 0.0 0.0 0.003676336016498864 0.0 0.0 0.0 0.0 0.043547279343776495 0.0 0.0 0.0 0.08562365512647979 0.0 0.0 0.0 0.03877975278593322 0.0 0.0 0.0 0.2503141475116369 0.0 3.3201991357909056e-09 0.0 0.0 0.003603257412572505 3.602110856412805e-14 0.0 0.0 4.601398752169112e-08 0.0004380740755574959 0.0 0.0 0.02015400929710565 0.04407548830890087 0.0 0.0 0.026250845066577398 0.0029864200381977297 0.0 0.0 0.19486249508232106 1.0940056837554118e-08 0.0 0.0 0.01564070635051223 0.009041313165992841 0.0 0.0 0.2882076908512343 0.09429114199317684 0.0 0.0 0.039904731882990284 0.0 0.0 0.0 0.0 0.0 1.5905653190210677e-08 0.0 0.0 0.0 1.6628621083170293e-12 0.0 0.0 0.0 1.9279277999635055e-07 0.0 0.0 0.0 0.0 0.0 0.0 0.0 0.0 0.053542003953044565 0.0 0.0 0.0 0.07497654995394526 0.0 0.0 0.0 0.023807086929178302 0.0 0.0 0.0 0.0 0.0 4.652883559309865e-08 0.0 0.0 0.03498365060431513 0.0016385094794765568 0.0 0.0 0.0829819894080321 0.08253838848757117 0.0 0.0 0.022066326755288204 0.0 0.0 0.0 0.0 3.464855559940348e-08 0.0 0.0 0.013365957421769594 0.0020254613503029747 0.0 0.0 0.042160907930927374 0.1644163311910857 0.0 0.0 0.06379265556170441 0.0 0.014268044888319462 0.0 0.0 0.0 0.01361992551960882 0.0 0.0 0.0 3.799119898829615e-07 0.0 0.0 0.0 0.021783255192539694 0.0 0.0 0.0 0.0 5.052466799089991e-07 0.0 0.0 0.0 2.336416987693955e-06 0.0 0.0 0.0 7.98553285440277e-07 0.0 0.0 0.0 2.7072481435895146e-07 0.0 0.00222982884129462 0.0 0.0 0.04480188257160486 2.249765091645818e-09 0.0 0.0 0.004311944862871576 0.0032525075798727886 0.0 0.0 0.06281636963005238 0.0062409654909357515 0.0 0.0 0.03888954663074909 0.004335671955617958 0.0 0.0 0.1890933391519173 7.31458056483354e-08 0.0 0.0 0.1349032813982217 0.02195240732187683 0.0 0.0 0.4723819368448774 0.2108453310252942 0.0 0.0 0.12980746718436123 0.0 0.38953805487202153 0.0 0.0 0.0 0.1380784087798049 0.0 0.0 0.0 3.3894863305097475e-06 0.0 0.0 0.0 0.2805249440286322 0.0 0.0 0.0 0.0 0.049855437537841815 0.0 0.0 0.0 0.0850409157670067 0.0 0.0 0.0 0.04878594656398223 0.0 0.0 0.0 0.12230242816161996 0.0 0.003806432950743286 0.0 0.0 0.14887825052772916 2.2924025619910647e-08 0.0 0.0 0.03242359330892238 0.008079730921435685 0.0 0.0 0.10643604052314583 0.07882131008146248 0.0 0.0 0.017978552089785056 0.0017357335257384508 0.0 0.0 0.06848219949005407 1.8263015637612853e-08 0.0 0.0 0.05013216814374557 0.0032436016179426784 0.0 0.0 0.08818056354259714 0.12691584058836214 0.0 0.0 0.03575303395426645
0.0 0.028341506710058754 0.0 0.0 0.0 0.006070735492985427 0.0 0.0 0.0 3.140519380553889e-08 0.0 0.0 0.0 0.006202946056896935 0.0 0.0 0.0 0.0 0.07981961592961481 0.0 0.0 0.0 0.011370023228777788 0.0 0.0 0.0 0.06394376139686822 0.0 0.0 0.0 0.10202723158541627 0.0 0.0005218468762849585 0.0 0.0 0.016173153900410284 3.027424381376277e-08 0.0 0.0 0.007545777928618642 0.006413313970602634 0.0 0.0 0.06100117129864806 0.01845992737858936 0.0 0.0 0.008138136534553541 0.022283258142315642 0.0 0.0 0.30289512383919026 4.933618237865312e-07 0.0 0.0 0.17957407853076635 0.00894327044932609 0.0 0.0 0.10517181806002016 0.10681664230336706 0.0 0.0 0.08565293824872207 0.0 2.3275666300205344e-07 0.0 0.0 0.0 7.051896114759565e-07 0.0 0.0 0.0 3.17366351420552e-12 0.0 0.0 0.0 2.672737472126804e-07 0.0 0.0 0.0 0.0 0.01067330176766047 0.0 0.0 0.0 0.005110856640077976 0.0 0.0 0.0 0.02277384275116099 0.0 0.0 0.0 0.03259807603699419 0.0 0.00022697832156368464 0.0 0.0 0.0329701663994608 1.4806047318740515e-08 0.0 0.0 0.006948438803576903 0.00012459063534550887 0.0 0.0 0.018177576308094703 0.01427361463100499 0.0 0.0 0.010340335740683966 0.0029240089918938688 0.0 0.0 0.07594199505308763 3.834623597427943e-07 0.0 0.0 0.27432519544242867 0.0035334549970090366 0.0 0.0 0.15995167412243189 0.12302891198658612 0.0 0.0 0.06523216091164245 0.0 0.025508014024679882 0.0 0.0 0.0 0.008338326983691437 0.0 0.0 0.0 1.8061606067107317e-07 0.0 0.0 0.0 0.005820286456985042 0.0 0.0 0.0 0.0 1.2307963466117175e-07 0.0 0.0 0.0 1.3964873293882424e-06 0.0 0.0 0.0 1.30779510764288e-06 0.0 0.0 0.0 4.414691258101822e-08 0.0 0.001931020598994007 0.0 0.0 0.03840753045881257 5.8477721904033834e-08 0.0 0.0 0.03419068774268298 0.00010848976261610931 0.0 0.0 0.054105396715148954 9.822904826003178e-07 0.0 0.0 1.322869956101542e-07 0.010018680620647378 0.0 0.0 0.2514324533247768 1.8385319415732376e-07 0.0 0.0 0.16203048527259598 0.015769225352544457 0.0 0.0 0.2982254496295106 0.06145841302195816 0.0 0.0 0.01454459732355229 0.0 0.20331087864927547 0.0 0.0 0.0 0.08591256819674165 0.0 0.0 0.0 2.6031766523095477e-06 0.0 0.0 0.0 0.16111599378111655 0.0 0.0 0.0 0.0 0.027760317385041353 0.0 0.0 0.0 0.06865652146131555 0.0 0.0 0.0 0.034414597111132844 0.0 0.0 0.0 0.04230805761125599 0.0 0.0018240495790852803 0.0 0.0 0.05289138808722624 1.770075458794804e-08 0.0 0.0 0.01686427060683853 0.000399730602975982 0.0 0.0 0.010360598465445623 0.07618542132795739 0.0 0.0 0.018407933010295426 0.0008853765343500957 0.0 0.0 0.04062581187256687 3.65723959272623e-08 0.0 0.0 0.03312772427916949 0.001624419384790472 0.0 0.0 0.07593473454933221 0.050118130863840295 0.0 0.0 0.020074513276522644
0.0 0.0 0.0 0.0 0.0 0.0 0.0 0.0 0.0 9.755757283089722e-08 0.0 0.0 0.0 0.0027694099668620848 0.0 0.0 0.0 0.0 0.0 0.0 0.0 0.0 0.0 0.0 0.0 0.0 0.01597729373440163 0.0 0.0 0.0 0.06758824903360744 0.0 0.0 0.0 0.0 0.0 0.0 0.0 0.0 0.0 2.4661872858853644e-08 0.0 0.0 0.02824228643309687 6.767137632770363e-07 0.0 0.0 0.0001143751625714542 0.0 0.0 0.0 0.0 0.0 0.0 0.0 0.0 0.015737859281910658 0.0 0.0 0.18876845776480983 0.09635802573061887 0.0 0.0 0.019713777967825457 0.0 9.988301443270942e-08 0.0 0.0 0.0 1.4742118762982532e-07 0.0 0.0 0.0 4.584593289049423e-12 0.0 0.0 0.0 6.128610435870835e-08 0.0 0.0 0.0 0.0 0.021573407406772608 0.0 0.0 0.0 0.006273449312943312 0.0 0.0 0.0 0.0075285177999387855 0.0 0.0 0.0 0.006523963486827714 0.0 4.34296299599947e-10 0.0 0.0 0.0019841796300644923 8.499142687974214e-14 0.0 0.0 4.8758666308636756e-08 0.0007173573864396894 0.0 0.0 0.009469649761867599 0.018116975130509208 0.0 0.0 0.005329725053465459 8.277594305067291e-09 0.0 0.0 0.03862380922667403 1.2695858058037258e-07 0.0 0.0 0.08699848483616146 0.007215747551068342 0.0 0.0 0.16161324207134956 0.0225216866293505 0.0 0.0 0.009689093272158937 0.0 0.020249653834597828 0.0 0.0 0.0 0.011575026520427086 0.0 0.0 0.0 3.566924736342667e-07 0.0 0.0 0.0 0.026581312239358522 0.0 0.0 0.0 0.0 8.041368117579207e-07 0.0 0.0 0.0 2.3535342329683243e-06 0.0 0.0 0.0 5.494653914329685e-07 0.0 0.0 0.0 7.716873623380111e-06 0.0 0.0002477338427767781 0.0 0.0 0.011083140514425507 7.268449379314434e-09 0.0 0.0 0.017653168885685945 0.0025676905235003074 0.0 0.0 0.08464550303323833 0.024129362366276434 0.0 0.0 0.010662030179546029 0.0023092055471973594 0.0 0.0 0.24592623398706362 1.4015654016525478e-07 0.0 0.0 0.1884045706391211 0.020168742321205434 0.0 0.0 0.4522507016899367 0.10082339469090329 0.0 0.0 0.1487037079423733 0.0 0.0633157890503968 0.0 0.0 0.0 0.030324164064867706 0.0 0.0 0.0 1.0915984799002855e-05 0.0 0.0 0.0 0.20287766337800384 0.0 0.0 0.0 0.0 0.006783151427720096 0.0 0.0 0.0 0.029342133308217774 0.0 0.0 0.0 0.12156391273932966 0.0 0.0 0.0 0.07453924939506129 0.0 4.9587876005362086e-05 0.0 0.0 0.0196715839031064 4.41380939684682e-09 0.0 0.0 0.021152558878973 0.0015834528923643141 0.0 0.0 0.09069956250422313 0.009446266917269668 0.0 0.0 0.006056161403368542 0.00016297154656481208 0.0 0.0 0.0032891734838308307 2.979742650131667e-08 0.0 0.0 0.012453366824329888 0.010643791420150815 0.0 0.0 0.14858739360963025 0.0251321442993761 0.0 0.0 0.023946791328209597
0.0 0.019286897335144836 0.0 0.0 0.0 0.0017881237930122197 0.0 0.0 0.0 8.465084204000297e-08 0.0 0.0 0.0 0.004431210654004973 0.0 0.0 0.0 0.0 0.0696380015873401 0.0 0.0 0.0 0.003342373441401411 0.0 0.0 0.0 0.17847560322298658 0.0 0.0 0.0 0.15373319654511228 0.0 0.0004848622102750588 0.0 0.0 0.030288316850460576 3.984367695223844e-08 0.0 0.0 0.03178861302070413 0.002258418471158879 0.0 0.0 0.023589047547065468 0.0664967674652943 0.0 0.0 0.01198285941157571 0.008526665732112738 0.0 0.0 0.30805158660225923 2.0139025343820666e-08 0.0 0.0 0.060031125388311644 0.009792104307592224 0.0 0.0 0.1736859243048816 0.15314001198969274 0.0 0.0 0.04649228425191259 0.0 2.0498175585685584e-07 0.0 0.0 0.0 8.767918747375851e-08 0.0 0.0 0.0 4.099875476395175e-12 0.0 0.0 0.0 3.0821528938438297e-07 0.0 0.0 0.0 0.0 0.03050767292632387 0.0 0.0 0.0 0.07529392216816476 0.0 0.0 0.0 0.040782036346392984 0.0 0.0 0.0 0.044262108783509245 0.0 8.815363721401745e-05 0.0 0.0 0.03689244196355156 5.417035234167972e-09 0.0 0.0 0.0024083373828113963 0.003189031717406611 0.0 0.0 0.11229129845331899 0.015292792086529082 0.0 0.0 0.010549783160110468 0.006286674856614997 0.0 0.0 0.07165029507373726 1.3070674443529114e-07 0.0 0.0 0.06772296008525426 0.010032139512681497 0.0 0.0 0.2215066764706268 0.09285571103558678 0.0 0.0 0.07941503578430428 0.0 0.017529296549445822 0.0 0.0 0.0 0.024928593818206682 0.0 0.0 0.0 6.215952898933807e-08 0.0 0.0 0.0 0.008547942842210656 0.0 0.0 0.0 0.0 4.052851753272099e-08 0.0 0.0 0.0 3.274162293737156e-06 0.0 0.0 0.0 6.985371430641718e-13 0.0 0.0 0.0 6.579063938708096e-08 0.0 0.0031156388127765848 0.0 0.0 0.0740693912939204 2.9709158922081194e-08 0.0 0.0 0.027622792381643682 0.001004965749121658 0.0 0.0 0.008076092620798295 0.09620312641689834 0.0 0.0 0.027529939898429206 0.006373283628338033 0.0 0.0 0.18976323606539666 2.4159818609926446e-07 0.0 0.0 0.23829595520890592 0.007926444146980849 0.0 0.0 0.07994273094900332 0.14694342042557723 0.0 0.0 0.06010153931770608 0.0 0.37344148313451114 0.0 0.0 0.0 0.1641289349339845 0.0 0.0 0.0 3.1368943819755963e-06 0.0 0.0 0.0 0.21797393513466296 0.0 0.0 0.0 0.0 0.06674323144413054 0.0 0.0 0.0 0.10207227404611745 0.0 0.0 0.0 0.010682289812370835 0.0 0.0 0.0 0.051455601543549154 0.0 0.00035792049294967843 0.0 0.0 0.019665384558355932 4.5796088623168515e-08 0.0 0.0 0.06802722936480554 0.0012019291061498673 0.0 0.0 0.00909267525409364 0.09553088366602554 0.0 0.0 0.05557490442434123 0.0013574787313101258 0.0 0.0 0.0716611275824668 8.767041698044134e-08 0.0 0.0 0.05357261069311364 0.005892704719605606 0.0 0.0 0.07007755983952975 0.08908477701193665 0.0 0.0 0.02360652416320876
0.0 0.00591686684187574 0.0 0.0 0.0 0.00018329689066997427 0.0 0.0 0.0 6.81571842249795e-08 0.0 0.0 0.0 0.0016269736090904574 0.0 0.0 0.0 0.0 0.03225798544257561 0.0 0.0 0.0 0.022247090494204303 0.0 0.0 0.0 0.039143773336359676 0.0 0.0 0.0 0.10407075768868161 0.0 9.332194832335944e-05 0.0 0.0 0.0028874137607904503 3.6462348386982574e-14 0.0 0.0 0.0014235895531679197 0.0004425292123878689 0.0 0.0 0.022011358265261603 0.02363027419570177 0.0 0.0 0.0033815385019167225 0.002838702167326031 0.0 0.0 0.11030749580756036 1.6006156194242091e-13 0.0 0.0 0.007006380255451598 0.009724786744343497 0.0 0.0 0.2064206990276759 0.03847668071032224 0.0 0.0 0.013975918456429058 0.0 0.0 0.0 0.0 0.0 9.776345665188124e-08 0.0 0.0 0.0 3.7617896845269365e-12 0.0 0.0 0.0 6.979431066410247e-08 0.0 0.0 0.0 0.0 0.0 0.0 0.0 0.0 0.002129960055539777 0.0 0.0 0.0 0.056263593190159895 0.0 0.0 0.0 0.05425719342562735 0.0 0.0 0.0 0.0 0.0 9.079133301625092e-14 0.0 0.0 0.002129924557965588 0.0013676097971683958 0.0 0.0 0.06671808153091639 0.04174069007115617 0.0 0.0 0.00784597101365375 0.0 0.0 0.0 0.0 3.769615085896192e-08 0.0 0.0 0.05746069431417697 0.006071892531566584 0.0 0.0 0.1781823948833301 0.039422874801600775 0.0 0.0 0.011034986862102832 0.0 0.014312673870490407 0.0 0.0 0.0 0.006642997292388486 0.0 0.0 0.0 2.1640405688920233e-07 0.0 0.0 0.0 0.008628483378477833 0.0 0.0 0.0 0.0 5.614846849914127e-08 0.0 0.0 0.0 5.009061040140182e-08 0.0 0.0 0.0 7.436940720633511e-08 0.0 0.0 0.0 8.893732848071183e-08 0.0 0.0004461918467012835 0.0 0.0 0.0338529703280498 4.082924945160392e-14 0.0 0.0 0.00018336525930796432 0.0014351359529610754 0.0 0.0 0.04736380733396767 0.008867235155647716 0.0 0.0 0.003258733695051526 0.003368441734853222 0.0 0.0 0.16404216642726893 6.006978503831478e-08 0.0 0.0 0.11661495606262853 0.012042498505600326 0.0 0.0 0.3094825537582906 0.14702407059350914 0.0 0.0 0.04824388859581747 0.0 0.17749006624945501 0.0 0.0 0.0 0.10582435472481193 0.0 0.0 0.0 0.0 0.0 0.0 0.0 0.1669876322137933 0.0 0.0 0.0 0.0 0.021611983846542046 0.0 0.0 0.0 0.0954251763305966 0.0 0.0 0.0 0.0 0.0 0.0 0.0 0.06162958837173802 0.0 0.00031080666028378485 0.0 0.0 0.049306068951294454 5.0647173766031215e-08 0.0 0.0 0.06407068639136074 0.0 0.0 0.0 0.0 0.08390021669037433 0.0 0.0 0.026535968418601553 0.0006697411413327157 0.0 0.0 0.02835454789430472 1.9148091297867533e-08 0.0 0.0 0.043283284694868786 0.0 0.0 0.0 0.0 0.04499292047554384 0.0 0.0 0.017138317347922913
0.0 0.016765058017569112 0.0 0.0 0.0 0.006118019968205696 0.0 0.0 0.0 0.0 0.0 0.0 0.0 0.02297414944518736 0.0 0.0 0.0 0.0 0.05940868994065859 0.0 0.0 0.0 0.13291443391610397 0.0 0.0 0.0 0.0 0.0 0.0 0.0 0.7640766539280492 0.0 0.0004150085768364721 0.0 0.0 0.004044065879600386 2.2805212525531434e-08 0.0 0.0 0.00736652252434469 0.0 0.0 0.0 0.0 0.05538048649824025 0.0 0.0 0.032327101858570184 0.010277322628706516 0.0 0.0 0.15720975139625043 3.987716907108375e-07 0.0 0.0 0.2257804466738746 0.0 0.0 0.0 0.0 0.568334029577964 0.0 0.0 0.2937468537693391 0.0 1.9301863160937027e-06 0.0 0.0 0.0 0.0 0.0 0.0 0.0 5.668573717148301e-12 0.0 0.0 0.0 1.7007400891215082e-07 0.0 0.0 0.0 0.0 0.017587384239068152 0.0 0.0 0.0 0.0 0.0 0.0 0.0 0.0059368277754002444 0.0 0.0 0.0 0.020724490271737478 0.0 0.0005255775267546744 0.0 0.0 0.052521585500530904 0.0 0.0 0.0 0.0 0.006085734947840527 0.0 0.0 0.0737847927746199 7.449692643815833e-09 0.0 0.0 0.00016982728027475517 0.012579990698811081 0.0 0.0 0.413023324727762 0.0 0.0 0.0 0.0 0.00972321328386395 0.0 0.0 0.1525893276522283 1.6093999020600058e-06 0.0 0.0 0.041133869634289534 0.0 0.0 0.0 0.0 0.0 0.017406192046262703 0.0 0.0 0.0 0.0 0.0 0.0 0.0 0.01697069242295896 0.0 0.0 0.0 0.0 0.0 0.0 0.0 0.0 3.256833642037177e-06 0.0 0.0 0.0 0.0 0.0 0.0 0.0 3.3918546079430495e-06 0.0 0.0 0.0 0.0 0.0 5.62735863377189e-08 0.0 0.0 0.00618790326386667 0.0 0.0 0.0 0.0 0.015912758337051996 0.0 0.0 0.003430490390203218 0.0 0.0 0.0 0.0 1.4523414950933324e-06 0.0 0.0 0.3485809839005794 0.0 0.0 0.0 0.0 0.2844396598792997 0.0 0.0 0.11345282588521582 0.0 0.9033364784413135 0.0 0.0 0.0 0.020724490271737478 0.0 0.0 0.0 7.58242909941031e-06 0.0 0.0 0.0 0.0 0.0 0.0 0.0 0.0 0.017959128599464212 0.0 0.0 0.0 0.00016983472996739897 0.0 0.0 0.0 0.021816048612723613 0.0 0.0 0.0 0.0 0.0 0.01643515507070643 0.0 0.0 0.4039292277489367 1.6425560764481195e-07 0.0 0.0 0.03956420336068991 0.01374675840329248 0.0 0.0 0.31112902721516184 0.0 0.0 0.0 0.0 0.003883910043368811 0.0 0.0 0.20520545284384453 5.818401267338914e-09 0.0 0.0 0.0015712756735017138 0.0077839470737241035 0.0 0.0 0.2658163773650523 0.0 0.0 0.0 0.0
0.0 0.0016500345667643326 0.0 0.0 0.0 0.0023014250856029316 0.0 0.0 0.0 3.2607896382051574e-08 0.0 0.0 0.0 0.005534212461649086 0.0 0.0 0.0 0.0 0.03838158928919643 0.0 0.0 0.0 0.044855212207576683 0.0 0.0 0.0 0.09457390012315123 0.0 0.0 0.0 0.026250588868232633 0.0 5.893627676951075e-09 0.0 0.0 0.014605238765134834 2.924034304878458e-08 0.0 0.0 0.011191317266702616 0.001103702652376189 0.0 0.0 0.018511167138454857 0.02837696805100811 0.0 0.0 0.009415332282430135 0.0001862842490515356 0.0 0.0 0.036110538195550344 6.940451263817567e-08 0.0 0.0 0.06289686807436232 0.004947992630778047 0.0 0.0 0.09304181708576864 0.050428939754552114 0.0 0.0 0.031550110181003156 0.0 8.141389605346029e-09 0.0 0.0 0.0 1.477535891437534e-07 0.0 0.0 0.0 1.45195313293518e-12 0.0 0.0 0.0 2.9572262746766166e-07 0.0 0.0 0.0 0.0 0.005389205768189603 0.0 0.0 0.0 0.02388141747159562 0.0 0.0 0.0 0.031964186609850107 0.0 0.0 0.0 0.041602996090839006 0.0 0.0007240030804704871 0.0 0.0 0.02193846165853646 5.789328815058427e-08 0.0 0.0 0.024983680950882624 0.000659874649094852 0.0 0.0 0.03943464485340387 0.07403084491975945 0.0 0.0 0.015706982852955933 6.460869764575547e-05 0.0 0.0 0.002194942973543117 9.463471695425315e-08 0.0 0.0 0.07237952257502765 0.003128821309414924 0.0 0.0 0.07636862417565961 0.13824103879879504 0.0 0.0 0.06384137513254863 0.0 0.01516686067871702 0.0 0.0 0.0 0.009972535247188517 0.0 0.0 0.0 8.90403108610711e-08 0.0 0.0 0.0 0.0070118374673033565 0.0 0.0 0.0 0.0 3.629976793078174e-07 0.0 0.0 0.0 1.768763920702392e-07 0.0 0.0 0.0 1.8048006262468034e-08 0.0 0.0 0.0 6.254864690390848e-08 0.0 0.0011246410079755406 0.0 0.0 0.02443176742182821 4.57316387788831e-08 0.0 0.0 0.027003514961787344 0.008117167118280443 0.0 0.0 0.06776821392095654 0.01831080257566554 0.0 0.0 0.004112378080780694 0.00538957943858099 0.0 0.0 0.1054429400540942 1.1795102785512443e-07 0.0 0.0 0.08426853051106566 0.011014838482611273 0.0 0.0 0.12527828562826002 0.09782294971164757 0.0 0.0 0.024298121214831155 0.0 0.18724438710128602 0.0 0.0 0.0 0.08699832282877606 0.0 0.0 0.0 4.988210653481774e-07 0.0 0.0 0.0 0.26994460716783475 0.0 0.0 0.0 0.0 0.039432603235012124 0.0 0.0 0.0 0.10147640481683297 0.0 0.0 0.0 0.024330426037905493 0.0 0.0 0.0 0.11227932626163663 0.0 0.0012906156944567041 0.0 0.0 0.038668708885168844 7.804740741014705e-09 0.0 0.0 0.026740018700876673 0.001647221580673497 0.0 0.0 0.016170235294422287 0.055163553007008745 0.0 0.0 0.017866597098279778 0.000705966660104044 0.0 0.0 0.0357700216217228 2.8958493364179098e-08 0.0 0.0 0.0272750594484805 0.0015317040102905324 0.0 0.0 0.016942374895192916 0.0837624303955755 0.0 0.0 0.03689686214539058
0.0 0.001243347000325939 0.0 0.0 0.0 0.006259698752904595 0.0 0.0 0.0 9.658643002113249e-08 0.0 0.0 0.0 0.002467159524895029 0.0 0.0 0.0 0.0 0.030383508558330316 0.0 0.0 0.0 0.018148484990766264 0.0 0.0 0.0 0.046675148379105316 0.0 0.0 0.0 0.10087585741391583 0.0 0.0009972134912934639 0.0 0.0 0.022945794935110505 3.629711772573468e-09 0.0 0.0 0.0016335881629186949 0.0016367096530379426 0.0 0.0 0.05154969309209875 0.002947022826681212 0.0 0.0 0.008714107681330597 0.00048162594515802087 0.0 0.0 0.019484981904505025 2.4759159262923877e-07 0.0 0.0 0.16279915645891418 0.021218018802166623 0.0 0.0 0.218834456743416 0.0382126531449008 0.0 0.0 0.035624378995084686 0.0 5.565995084762901e-07 0.0 0.0 0.0 7.211753733707983e-07 0.0 0.0 0.0 4.663762449963691e-12 0.0 0.0 0.0 2.920928275748351e-07 0.0 0.0 0.0 0.0 0.02888639379741521 0.0 0.0 0.0 0.05300015838567637 0.0 0.0 0.0 0.051496887880278425 0.0 0.0 0.0 0.030208585356181823 0.0 0.00019748529859840486 0.0 0.0 0.03229515470691902 1.1796570480302663e-07 0.0 0.0 0.04751782184409956 0.0006513840779545987 0.0 0.0 0.016547808231429192 0.014845324275159132 0.0 0.0 0.0027086206826664266 0.002548822234291408 0.0 0.0 0.2004492387847989 6.575868217443004e-07 0.0 0.0 0.39046758996802516 0.008724121790854363 0.0 0.0 0.14918921351898942 0.13907572061552076 0.0 0.0 0.03977087248181403 0.0 0.022778720856787164 0.0 0.0 0.0 0.011870427701055059 0.0 0.0 0.0 1.2678189228830077e-07 0.0 0.0 0.0 0.01143633178159398 0.0 0.0 0.0 0.0 1.588525289849142e-07 0.0 0.0 0.0 6.652414637388186e-08 0.0 0.0 0.0 7.144341539006927e-07 0.0 0.0 0.0 3.3950760058775333e-07 0.0 0.00024528882558053826 0.0 0.0 0.03627028273239927 4.0442616220810594e-08 0.0 0.0 0.024762035087073503 0.002051165089788458 0.0 0.0 0.06838767614630034 0.00024847119139729455 0.0 0.0 0.0006575321171847418 0.004161667930569969 0.0 0.0 0.12538506038894218 4.079587318331538e-07 0.0 0.0 0.22774467370790838 0.00883850104209176 0.0 0.0 0.18509946792730464 0.1275996516073153 0.0 0.0 0.08666708929907792 0.0 0.17206037488549616 0.0 0.0 0.0 0.1387302037296207 0.0 0.0 0.0 1.0559454437753586e-06 0.0 0.0 0.0 0.09229117382130042 0.0 0.0 0.0 0.0 0.031154072263908438 0.0 0.0 0.0 0.03518394536481181 0.0 0.0 0.0 0.034449740938802716 0.0 0.0 0.0 0.005407142295863807 0.0 0.000796238949661836 0.0 0.0 0.03059549270940356 3.594424589779172e-09 0.0 0.0 0.0027631202251648746 0.002332721858132069 0.0 0.0 0.04330312202957619 0.04728867493581365 0.0 0.0 0.00941246788668325 0.0005419591894019428 0.0 0.0 0.029229513423659516 5.207856952887543e-08 0.0 0.0 0.04993209051157832 0.0006329848073026793 0.0 0.0 0.03258508217282745 0.059359978776734545 0.0 0.0 0.012849977787774131
0.0 0.0025670906706175126 0.0 0.0 0.0 0.0022149842642279795 0.0 0.0 0.0 2.2869548807663217e-08 0.0 0.0 0.0 0.0016964143240072323 0.0 0.0 0.0 0.0 0.026744949721887824 0.0 0.0 0.0 0.09092097122731677 0.0 0.0 0.0 0.02813701283138886 0.0 0.0 0.0 0.16492642738183527 0.0 2.1471687699966338e-05 0.0 0.0 0.0018363132970904506 1.1962140322409906e-08 0.0 0.0 0.02528795560939046 1.5175441599601597e-09 0.0 0.0 3.387480495289594e-08 0.0036178532715606723 0.0 0.0 0.0008364708447300188 0.0008559058774259248 0.0 0.0 0.06155190335442839 1.2496806986229997e-07 0.0 0.0 0.06873122118715477 0.00204303314897511 0.0 0.0 0.06339753036688818 0.06056037653885835 0.0 0.0 0.017902816596741974 0.0 1.1286779297144287e-07 0.0 0.0 0.0 1.6961537721716992e-07 0.0 0.0 0.0 6.373721068603674e-12 0.0 0.0 0.0 9.892613331799114e-08 0.0 0.0 0.0 0.0 0.0006790795688595281 0.0 0.0 0.0 0.011853292937151256 0.0 0.0 0.0 0.07345077203469672 0.0 0.0 0.0 0.03835583298685857 0.0 0.00014950188880002586 0.0 0.0 0.003939228436764571 6.70880762079112e-08 0.0 0.0 0.03425015786228134 0.0015810518177728418 0.0 0.0 0.05452254853999679 0.04211746175466373 0.0 0.0 0.009230332071183843 0.0008652068125325693 0.0 0.0 0.02555941529496702 9.330208037958062e-08 0.0 0.0 0.10985894354361703 0.011723195922633494 0.0 0.0 0.3266106047242768 0.10731208484105319 0.0 0.0 0.02133200350812419 0.0 0.008737786917169353 0.0 0.0 0.0 0.011827059806354599 0.0 0.0 0.0 1.3411288901391998e-07 0.0 0.0 0.0 0.00564450803987995 0.0 0.0 0.0 0.0 4.217868978844766e-08 0.0 0.0 0.0 3.880293997740667e-08 0.0 0.0 0.0 8.463235297509907e-08 0.0 0.0 0.0 9.84804876552211e-08 0.0 0.0008775571006006092 0.0 0.0 0.03577208073659963 1.8467677630017859e-09 0.0 0.0 0.029073619904702905 0.00032546259379635735 0.0 0.0 0.008836065957557803 0.022272590535491257 0.0 0.0 0.005514335737162147 0.0013115800716396065 0.0 0.0 0.07807113247416776 1.7954950505271976e-08 0.0 0.0 0.23983216551173447 0.007072460842261525 0.0 0.0 0.17092106107944247 0.1491349056057185 0.0 0.0 0.03578137568927739 0.0 0.29942437070684885 0.0 0.0 0.0 0.11029676384160628 0.0 0.0 0.0 5.388819624174818e-08 0.0 0.0 0.0 0.04166641955948199 0.0 0.0 0.0 0.0 0.00417604059552386 0.0 0.0 0.0 0.04301604649213135 0.0 0.0 0.0 0.00017123361318274247 0.0 0.0 0.0 0.00164412014866454 0.0 0.001150341603733446 0.0 0.0 0.025315846764283462 4.3592815983188295e-08 0.0 0.0 0.05722577734925171 0.004507691448310438 0.0 0.0 0.05514680526316796 0.050568820825656405 0.0 0.0 0.011011152150626641 0.0012469470859693842 0.0 0.0 0.042996991680241264 2.0700776204008795e-08 0.0 0.0 0.03900170698115202 0.00016624220346207822 0.0 0.0 0.0023930633231139314 0.015803514623131308 0.0 0.0 0.004076152171305861
0.0 0.0 0.0 0.0 0.0 0.00183750848325331 0.0 0.0 0.0 4.410271648496593e-08 0.0 0.0 0.0 0.002239795684996857 0.0 0.0 0.0 0.0 0.0 0.0 0.0 0.0 0.06501258452960687 0.0 0.0 0.0 0.05989649264054275 0.0 0.0 0.0 0.1295646807720468 0.0 0.0 0.0 0.0 0.0 4.156274596801431e-13 0.0 0.0 0.021382610770418108 6.308103051858359e-10 0.0 0.0 0.0011425013513761792 0.0059939057582649655 0.0 0.0 0.0024853594622027205 0.0 0.0 0.0 0.0 1.6113587794135153e-08 0.0 0.0 0.0617609611367704 0.0011425329817899368 0.0 0.0 0.13781000300483368 0.041070775272143145 0.0 0.0 0.018637057762414963 0.0 4.173277101319865e-08 0.0 0.0 0.0 4.217289290117059e-07 0.0 0.0 0.0 9.188203354517036e-12 0.0 0.0 0.0 2.392795711796287e-07 0.0 0.0 0.0 0.0 0.007304668213915237 0.0 0.0 0.0 0.04086398071533132 0.0 0.0 0.0 0.23426474984890888 0.0 0.0 0.0 0.038017417750266666 0.0 0.0013160952002967301 0.0 0.0 0.03273159717466119 6.574394999692646e-08 0.0 0.0 0.0799867892805751 0.0023262488500491907 0.0 0.0 0.057228578153180096 0.0027881857983917445 0.0 0.0 0.003722861713342454 0.00029932344033276157 0.0 0.0 0.008346167916040441 2.0802100277156738e-07 0.0 0.0 0.07914010922228122 0.017115561569153 0.0 0.0 0.4390332667397807 0.09368980074384187 0.0 0.0 0.06177306942665555 0.0 0.00827182567111556 0.0 0.0 0.0 0.009696950112291087 0.0 0.0 0.0 3.647126982508112e-07 0.0 0.0 0.0 0.02753328784635837 0.0 0.0 0.0 0.0 5.0368004478912825e-09 0.0 0.0 0.0 3.297365666925056e-07 0.0 0.0 0.0 1.711052352451181e-07 0.0 0.0 0.0 4.543241562413545e-06 0.0 0.0009199382281965215 0.0 0.0 0.06392927392880252 4.68648415733841e-08 0.0 0.0 0.104976419911658 0.00518928506663105 0.0 0.0 0.09632288606530896 0.06372513953289856 0.0 0.0 0.008611014392991435 0.00037755555910255165 0.0 0.0 0.07649508261003447 3.429793114290199e-07 0.0 0.0 0.18531327246343526 0.01667441209351564 0.0 0.0 0.4817876050928191 0.40291644605691007 0.0 0.0 0.14718218674350458 0.0 0.24620189053830988 0.0 0.0 0.0 0.3034925763285143 0.0 0.0 0.0 4.640295561859928e-06 0.0 0.0 0.0 0.2046081772277647 0.0 0.0 0.0 0.0 0.023699704722772226 0.0 0.0 0.0 0.062419219188817675 0.0 0.0 0.0 0.049512590396641715 0.0 0.0 0.0 0.09874998573045943 0.0 0.0002634345835592829 0.0 0.0 0.04042654857442005 5.2016997344323907e-08 0.0 0.0 0.0589166479674444 8.777008947968064e-05 0.0 0.0 0.04219062030127585 0.09225794846242164 0.0 0.0 0.0321936054987371 0.0009010012594788043 0.0 0.0 0.038492676067581284 4.592871047425786e-08 0.0 0.0 0.12514828902770658 0.002966617061034462 0.0 0.0 0.055231442890058456 0.0518650827652787 0.0 0.0 0.020304137095511862
0.0 0.0011567957958657402 0.0 0.0 0.0 0.004895187374191883 0.0 0.0 0.0 8.458823973343808e-08 0.0 0.0 0.0 0.0001632964132452698 0.0 0.0 0.0 0.0 0.018189517614835837 0.0 0.0 0.0 0.06723957786559721 0.0 0.0 0.0 0.03103564796248967 0.0 0.0 0.0 0.0447939372163568 0.0 0.0007948492552840413 0.0 0.0 0.020129025769361972 2.639799320922065e-08 0.0 0.0 0.019393821897401825 0.0015572059148522574 0.0 0.0 0.024896869831278555 0.004053680598267609 0.0 0.0 0.004425627631413196 0.0003645687299741461 0.0 0.0 0.01845898292687971 2.2665254549894526e-07 0.0 0.0 0.1448461201810763 0.010973530447265747 0.0 0.0 0.19745849167078064 0.0034180365713170086 0.0 0.0 0.0022391616616016393 0.0 5.718669385880018e-07 0.0 0.0 0.0 5.910296989717496e-07 0.0 0.0 0.0 3.5500021252647867e-12 0.0 0.0 0.0 7.213021331883633e-08 0.0 0.0 0.0 0.0 0.024415946432902572 0.0 0.0 0.0 0.012124424239770393 0.0 0.0 0.0 0.04146710909067389 0.0 0.0 0.0 0.029944741600132864 0.0 0.00014155913221854962 0.0 0.0 0.01865199410366599 1.0362572819869313e-07 0.0 0.0 0.0419364120974671 0.0036399452924342074 0.0 0.0 0.05136278311709713 0.014943688453771442 0.0 0.0 0.0047864593571014784 0.0023162789462673247 0.0 0.0 0.19084860988681285 5.484657248681421e-07 0.0 0.0 0.3300472311409202 0.0034575974126871693 0.0 0.0 0.10690065540626276 0.05610763301674185 0.0 0.0 0.012404885626441948 0.0 0.008950167496808078 0.0 0.0 0.0 0.006164651295697203 0.0 0.0 0.0 8.666916814622218e-08 0.0 0.0 0.0 0.010524007583551374 0.0 0.0 0.0 0.0 2.8696845417777815e-08 0.0 0.0 0.0 3.5937308388692373e-08 0.0 0.0 0.0 4.567577705777744e-08 0.0 0.0 0.0 6.09510270175379e-08 0.0 6.233358280410356e-05 0.0 0.0 0.002164590490798425 4.0373678139932116e-13 0.0 0.0 9.246844689727919e-05 1.3842070327271561e-08 0.0 0.0 0.021711654572327016 0.03406910849366767 0.0 0.0 0.014402633299972059 0.0015784571691933602 0.0 0.0 0.07588503270185287 2.3605606630334974e-07 0.0 0.0 0.11193008844803011 0.0060106201359150895 0.0 0.0 0.1495587993813468 0.13607421281828475 0.0 0.0 0.07085180726840362 0.0 0.15115114549966713 0.0 0.0 0.0 0.09689179166389167 0.0 0.0 0.0 0.0 0.0 0.0 0.0 0.12119250644476517 0.0 0.0 0.0 0.0 0.03264561455126884 0.0 0.0 0.0 0.0560989071368081 0.0 0.0 0.0 0.0 0.0 0.0 0.0 0.044879238637808835 0.0 0.00039018013652045223 0.0 0.0 0.02812411561968247 5.632320324761187e-08 0.0 0.0 0.01913383421443687 0.0 0.0 0.0 0.0 0.041039903443759344 0.0 0.0 0.01047152726199799 0.0005671372192806485 0.0 0.0 0.02349676734238634 3.750873581796898e-08 0.0 0.0 0.034703463475629304 0.0 0.0 0.0 0.0 0.06377493174568484 0.0 0.0 0.014110592926991064
0.0 0.017789414697213332 0.0 0.0 0.0 0.00781773996100705 0.0 0.0 0.0 4.4283612243267145e-08 0.0 0.0 0.0 0.0008525649185278772 0.0 0.0 0.0 0.0 0.07517976195789895 0.0 0.0 0.0 0.06435624601095401 0.0 0.0 0.0 0.0172726880338782 0.0 0.0 0.0 0.04065391011707898 0.0 0.00022025140895486073 0.0 0.0 0.0059438697180676184 2.5251161209535047e-08 0.0 0.0 0.008717188461361023 0.0022190325347033364 0.0 0.0 0.0793137872707638 0.002182450887099962 0.0 0.0 0.0003486693517784572 0.01021409161694976 0.0 0.0 0.3034502245053018 5.308666788471239e-07 0.0 0.0 0.27686620149930613 0.004139875826452626 0.0 0.0 0.14473314039322166 0.05367269824524221 0.0 0.0 0.012369070188108853 0.0 6.373953332554216e-07 0.0 0.0 0.0 3.0782433350569504e-07 0.0 0.0 0.0 3.150605944967865e-12 0.0 0.0 0.0 6.436856716013581e-09 0.0 0.0 0.0 0.0 0.006074327464332635 0.0 0.0 0.0 0.0023782126744276598 0.0 0.0 0.0 0.004240396614175856 0.0 0.0 0.0 0.010579829163126091 0.0 0.000706156621169511 0.0 0.0 0.03307921183026391 3.549432930964234e-08 0.0 0.0 0.018696975971077036 0.0006745086862760997 0.0 0.0 0.013577582977584837 0.003895089727732507 0.0 0.0 0.0005435145020490787 0.007638473188315147 0.0 0.0 0.22769960277017642 2.368295664386701e-07 0.0 0.0 0.17156311769497976 0.007457527799054973 0.0 0.0 0.16668887040847125 0.010810204564727723 0.0 0.0 0.0016911965324669961 0.0 0.013727021317224414 0.0 0.0 0.0 0.004874888967595594 0.0 0.0 0.0 8.787439048228917e-08 0.0 0.0 0.0 0.005281442166586226 0.0 0.0 0.0 0.0 4.242821765000702e-08 0.0 0.0 0.0 1.2895319043875423e-08 0.0 0.0 0.0 2.997841843609138e-08 0.0 0.0 0.0 4.6859198201527455e-08 0.0 0.00017833817288991828 0.0 0.0 0.004379979932088062 3.342818872504189e-09 0.0 0.0 0.0024812749637935006 0.0014438292417595304 0.0 0.0 0.011165479748185905 0.0016177220964043915 0.0 0.0 0.00024648712853231054 0.00487436937698755 0.0 0.0 0.14195929433434695 1.1343826268958606e-07 0.0 0.0 0.10272307010004665 0.00794866623755015 0.0 0.0 0.11704111155449094 0.1206169570745728 0.0 0.0 0.037356390236460625 0.0 0.18872885850882765 0.0 0.0 0.0 0.010579829163126091 0.0 0.0 0.0 0.0 0.0 0.0 0.0 0.01384822422463028 0.0 0.0 0.0 0.0 0.018284000631664375 0.0 0.0 0.0 0.004438604229781587 0.0 0.0 0.0 0.0 0.0 0.0 0.0 0.0016982371149367249 0.0 0.0015300578355435701 0.0 0.0 0.05140192739128621 3.9030777342275205e-09 0.0 0.0 0.007235332446109279 0.0 0.0 0.0 0.0 3.169441500080375e-08 0.0 0.0 6.333095223502776e-09 0.0012015408264709718 0.0 0.0 0.041571865002757266 2.533778981786061e-09 0.0 0.0 0.005266068651085443 0.0 0.0 0.0 0.0 0.00978192844326331 0.0 0.0 0.0021914131166185552
0.0 0.014781929044989699 0.0 0.0 0.0 0.0038423595346939966 0.0 0.0 0.0 4.2665975580748495e-08 0.0 0.0 0.0 0.0014523225907820667 0.0 0.0 0.0 0.0 0.03830929225911384 0.0 0.0 0.0 0.01644499280591552 0.0 0.0 0.0 0.014135736310487226 0.0 0.0 0.0 0.07026338329374791 0.0 0.0015897740358646033 0.0 0.0 0.03751820011110507 1.5936850803748614e-09 0.0 0.0 0.005812843060231474 0.00019413979437559917 0.0 0.0 0.0027783300455019766 0.020653960776535182 0.0 0.0 0.006871550562709292 0.01280849624358078 0.0 0.0 0.31089945322542895 6.179380435741972e-08 0.0 0.0 0.15214566046313371 0.0015010955894114468 0.0 0.0 0.12992892163713507 0.06405944926566717 0.0 0.0 0.014945252762022545 0.0 2.45379651316942e-07 0.0 0.0 0.0 7.364156231815339e-08 0.0 0.0 0.0 3.0441383613079013e-12 0.0 0.0 0.0 1.47016498492475e-07 0.0 0.0 0.0 0.0 0.031325724202236935 0.0 0.0 0.0 0.004978094661401091 0.0 0.0 0.0 0.02370678904859986 0.0 0.0 0.0 0.07306018749269869 0.0 0.0006763162023878825 0.0 0.0 0.023328859836675944 8.633703132290747e-09 0.0 0.0 0.0019237392381746107 0.0010627012231949422 0.0 0.0 0.015539669103503082 0.007131492502541181 0.0 0.0 0.0019170659840727635 0.0009700624897370394 0.0 0.0 0.06252940472362031 1.1501399798103817e-07 0.0 0.0 0.052513275228315594 0.00650328963611319 0.0 0.0 0.16114112344558634 0.10140447312161323 0.0 0.0 0.024440206342617198 0.0 0.015288114088671362 0.0 0.0 0.0 0.006390578658625405 0.0 0.0 0.0 2.2959922786276234e-07 0.0 0.0 0.0 0.0052110268685614716 0.0 0.0 0.0 0.0 5.204762545584587e-08 0.0 0.0 0.0 7.061727304930043e-08 0.0 0.0 0.0 2.2374346577420226e-07 0.0 0.0 0.0 3.724204631097838e-08 0.0 2.3229893200442097e-05 0.0 0.0 0.020331796706277848 6.59497202361815e-10 0.0 0.0 0.0006160984546635653 0.0015819828896964068 0.0 0.0 0.019406692348347573 0.0013366164962329268 0.0 0.0 0.0004583202513555669 0.0016087747948209238 0.0 0.0 0.14099395172086818 9.485417272815895e-08 0.0 0.0 0.1118237695900775 0.017455712324952057 0.0 0.0 0.34775465080581613 0.05867925776461387 0.0 0.0 0.023437701002921963 0.0 0.10908311615595213 0.0 0.0 0.0 0.12283778357005488 0.0 0.0 0.0 6.445696070031917e-08 0.0 0.0 0.0 0.08070892330290802 0.0 0.0 0.0 0.0 0.005783731471032036 0.0 0.0 0.0 0.03015669463966388 0.0 0.0 0.0 9.375465703180585e-09 0.0 0.0 0.0 0.05143198429258845 0.0 0.0018686331515925475 0.0 0.0 0.06818565041901775 1.1068195826213361e-07 0.0 0.0 0.0466149101835876 1.7261382564164754e-08 0.0 0.0 0.02732258377660584 0.04254538989383196 0.0 0.0 0.008218296953104819 0.000531367025257123 0.0 0.0 0.022501074237189944 7.28099375221539e-08 0.0 0.0 0.038051653783416794 1.343914093749864e-09 0.0 0.0 0.0023849769942484536 0.016819247664840217 0.0 0.0 0.008229730352768068
0.0 0.00959712018707358 0.0 0.0 0.0 0.0 0.0 0.0 0.0 2.067080319543182e-07 0.0 0.0 0.0 0.004214148105747577 0.0 0.0 0.0 0.0 0.021028229344154582 0.0 0.0 0.0 0.0 0.0 0.0 0.0 0.07718296902478737 0.0 0.0 0.0 0.16785837093032385 0.0 5.93895299263613e-09 0.0 0.0 0.014694983551116652 0.0 0.0 0.0 0.0 0.004789113091942188 0.0 0.0 0.06418831406515073 0.004190414312220769 0.0 0.0 0.010306147801697842 0.0005580711594840666 0.0 0.0 0.1979160778548147 0.0 0.0 0.0 0.0 0.030113018140804186 0.0 0.0 0.506350945468954 0.1252372751589011 0.0 0.0 0.02950592694094408 0.0 1.0805067768664551e-07 0.0 0.0 0.0 3.04233490603853e-09 0.0 0.0 0.0 8.76760976531362e-12 0.0 0.0 0.0 1.84958052999334e-08 0.0 0.0 0.0 0.0 0.007557772087602051 0.0 0.0 0.0 0.037579415868028335 0.0 0.0 0.0 0.04592239505204529 0.0 0.0 0.0 0.03775544340895158 0.0 8.210957502311366e-10 0.0 0.0 1.602550651038391e-08 2.9196951520290873e-10 0.0 0.0 0.0017997307076383666 0.0002516966293076409 0.0 0.0 0.03920216462184839 0.03755797670633065 0.0 0.0 0.0019924840054664065 0.001800595773397797 0.0 0.0 0.03940040484883951 1.357233524115441e-09 0.0 0.0 0.009379746339914686 0.004615576937981967 0.0 0.0 0.34883824521412293 0.016874555121773337 0.0 0.0 0.0033373174759113748 0.0 0.04367381816536784 0.0 0.0 0.0 0.013101106438137078 0.0 0.0 0.0 3.2988246298615236e-07 0.0 0.0 0.0 0.015962175445513194 0.0 0.0 0.0 0.0 1.9343328049258308e-07 0.0 0.0 0.0 5.225730157164967e-07 0.0 0.0 0.0 4.3037443391030435e-07 0.0 0.0 0.0 1.3477690825956764e-07 0.0 0.0002637574732596171 0.0 0.0 0.05398710877631663 1.1276915605476184e-12 0.0 0.0 0.06587252012837444 0.0010736438853061908 0.0 0.0 0.020636898244466906 0.012160039952027128 0.0 0.0 0.006849788035368359 0.009379874735828795 0.0 0.0 0.47780201870137845 7.076012953058583e-12 0.0 0.0 0.2623381341021042 0.03134722835536622 0.0 0.0 0.48328934293627623 0.1918689132286439 0.0 0.0 0.1144712318113744 0.0 0.2078323263262649 0.0 0.0 0.0 0.11571391693615526 0.0 0.0 0.0 7.44558375828716e-07 0.0 0.0 0.0 0.18030927673651206 0.0 0.0 0.0 0.0 0.06244563456161103 0.0 0.0 0.0 0.043224131368119166 0.0 0.0 0.0 0.037737962044980394 0.0 0.0 0.0 0.057077890808867514 0.0 0.0007923699637372282 0.0 0.0 0.08746650659836185 9.991766394663278e-08 0.0 0.0 0.04968991066245482 0.00012566920496947804 0.0 0.0 0.08563767249517448 0.02590656047712062 0.0 0.0 0.013073050605568792 0.0004705623596572997 0.0 0.0 0.03106378104732225 2.8022514811918054e-08 0.0 0.0 0.03516640112868856 0.0004214836858032223 0.0 0.0 0.02235316083205454 0.09006052960029058 0.0 0.0 0.023643872628594985
0.0 0.000569294556971898 0.0 0.0 0.0 0.002669196747442416 0.0 0.0 0.0 3.08867583459788e-08 0.0 0.0 0.0 0.0009646081227198537 0.0 0.0 0.0 0.0 0.049674426455904225 0.0 0.0 0.0 0.03285999983367787 0.0 0.0 0.0 0.07611503806654109 0.0 0.0 0.0 0.08620134645105633 0.0 6.652650639214465e-06 0.0 0.0 0.0009508557736567214 1.4188857128130223e-10 0.0 0.0 0.0016264559039523715 0.0023250742984728475 0.0 0.0 0.025204166203416718 0.027664997963898996 0.0 0.0 0.006815140039166968 0.00014139632355306725 0.0 0.0 0.010826404379352917 6.484698963750012e-08 0.0 0.0 0.08718234280620518 0.0038408254993361206 0.0 0.0 0.07902195546570895 0.05337423984238741 0.0 0.0 0.011486758001004547 0.0 1.1291170098852261e-07 0.0 0.0 0.0 4.180020415338399e-07 0.0 0.0 0.0 6.57849229359043e-12 0.0 0.0 0.0 7.061996583577328e-08 0.0 0.0 0.0 0.0 0.001363639409678399 0.0 0.0 0.0 0.039438363045796704 0.0 0.0 0.0 0.05695710733699347 0.0 0.0 0.0 0.024199890377096748 0.0 1.60110890265181e-14 0.0 0.0 5.193610279801602e-13 1.6029330102437763e-08 0.0 0.0 0.032185282031348905 0.0006661957101817779 0.0 0.0 0.021355804101814625 0.037774752730712575 0.0 0.0 0.009500933233462416 0.0007953612228450063 0.0 0.0 0.02892540152527924 2.586232753954057e-07 0.0 0.0 0.20813629789855845 0.013007237624288572 0.0 0.0 0.24994332099057218 0.03845653181537416 0.0 0.0 0.014405881503544325 0.0 0.008907895030215782 0.0 0.0 0.0 0.0064661999914530964 0.0 0.0 0.0 1.1099042911713855e-07 0.0 0.0 0.0 0.011504347105571164 0.0 0.0 0.0 0.0 1.7346504861239983e-08 0.0 0.0 0.0 3.8992340462577866e-08 0.0 0.0 0.0 7.916825459698041e-07 0.0 0.0 0.0 3.751993392721618e-08 0.0 1.7140789086455906e-09 0.0 0.0 0.00025284647899202913 2.7172332973348757e-09 0.0 0.0 0.02713530757200712 0.0007570655253470093 0.0 0.0 0.04194442999516914 0.05166967563110383 0.0 0.0 0.012373869268249588 0.0010235765631359584 0.0 0.0 0.08306920807718948 1.703559616282157e-07 0.0 0.0 0.12182085572119944 0.007614717551324336 0.0 0.0 0.16727448974545753 0.1407137516706893 0.0 0.0 0.0634989544348033 0.0 0.23537350830829087 0.0 0.0 0.0 0.11282318542862826 0.0 0.0 0.0 7.539162717717261e-07 0.0 0.0 0.0 0.13885657836312382 0.0 0.0 0.0 0.0 0.013555259763004934 0.0 0.0 0.0 0.029184581965570718 0.0 0.0 0.0 0.003617338388587021 0.0 0.0 0.0 0.10893474140519224 0.0 0.0013074127521736827 0.0 0.0 0.07585987830080723 6.205989545397004e-08 0.0 0.0 0.03950363273888199 1.3361113441850367e-18 0.0 0.0 2.304463436017886e-12 0.08960903300392907 0.0 0.0 0.02017897865118067 0.0009287290874506648 0.0 0.0 0.04598939262874083 2.676571276428388e-08 0.0 0.0 0.03608011653158391 1.4203919689989098e-08 0.0 0.0 0.02746640855895606 0.03298012416604854 0.0 0.0 0.013539240321032845
0.0 0.0 0.0 0.0 0.0 0.004998221003034171 0.0 0.0 0.0 0.0 0.0 0.0 0.0 0.005595486280511322 0.0 0.0 0.0 0.0 0.0 0.0 0.0 0.0 0.19971123818863762 0.0 0.0 0.0 0.0 0.0 0.0 0.0 0.343120912524022 0.0 0.0 0.0 0.0 0.0 1.172453560397936e-09 0.0 0.0 0.005841255923807805 0.0 0.0 0.0 0.0 0.009383324484819844 0.0 0.0 0.0014808875409855439 0.0 0.0 0.0 0.0 7.2193499097541624e-09 0.0 0.0 0.1749999987770866 0.0 0.0 0.0 0.0 0.25349879874216097 0.0 0.0 0.06904879139215432 0.0 2.237830284108791e-07 0.0 0.0 0.0 0.0 0.0 0.0 0.0 3.3919071814850785e-12 0.0 0.0 0.0 0.0 0.0 0.0 0.0 0.0 0.0027481522585883476 0.0 0.0 0.0 0.0 0.0 0.0 0.0 0.008515133898604454 0.0 0.0 0.0 0.0 0.0 0.00025103011184675393 0.0 0.0 0.024963613832357977 0.0 0.0 0.0 0.0 0.005402188939174499 0.0 0.0 0.17618652863366444 0.0 0.0 0.0 0.0 0.0015436279062667983 0.0 0.0 0.05946659571199699 0.0 0.0 0.0 0.0 0.005578790101100123 0.0 0.0 0.18986808070843428 0.0 0.0 0.0 0.0 0.0 0.0 0.0 0.0 0.0 0.002646384165496961 0.0 0.0 0.0 0.0 0.0 0.0 0.0 0.009268651848870445 0.0 0.0 0.0 0.0 0.0 0.0 0.0 0.0 8.656401541883699e-13 0.0 0.0 0.0 0.0 0.0 0.0 0.0 3.016703566922976e-07 0.0 0.0 0.0 0.0 0.0 4.363980727756138e-09 0.0 0.0 0.0010263108728218173 0.0 0.0 0.0 0.0 0.006810876639981391 0.0 0.0 0.0014903905862085113 0.0 0.0 0.0 0.0 2.110302420178006e-07 0.0 0.0 0.055642585302649705 0.0 0.0 0.0 0.0 0.2759284560247418 0.0 0.0 0.06239429764618231 0.0 0.5428319269296312 0.0 0.0 0.0 0.0 0.0 0.0 0.0 3.016678304252703e-07 0.0 0.0 0.0 0.0 0.0 0.0 0.0 0.0 0.013957316863478404 0.0 0.0 0.0 0.0 0.0 0.0 0.0 0.0008124485643879956 0.0 0.0 0.0 0.0 0.0 0.006963866251639699 0.0 0.0 0.29129524380051824 0.0 0.0 0.0 0.0 0.0006460843993303854 0.0 0.0 0.018610744352480117 0.0 0.0 0.0 0.0 0.0018351830137922417 0.0 0.0 0.12182214278587856 0.0 0.0 0.0 0.0 0.0002879725747623998 0.0 0.0 0.009300196309237101 0.0 0.0 0.0 0.0
0.0 0.0014555059113859669 0.0 0.0 0.0 0.0051986678532591 0.0 0.0 0.0 2.0222951841873752e-08 0.0 0.0 0.0 0.007016249997584565 0.0 0.0 0.0 0.0 0.017552742845418613 0.0 0.0 0.0 0.0958202821369017 0.0 0.0 0.0 0.02403268358649126 0.0 0.0 0.0 0.4248066094612292 0.0 0.0005256264818392135 0.0 0.0 0.016778486094224623 1.6387820218391538e-10 0.0 0.0 0.0015830745278949201 0.00010130537508759668 0.0 0.0 0.0009813197566928388 0.009882983754696461 0.0 0.0 0.0017421506839093701 0.0011778525490990213 0.0 0.0 0.024053770122555572 5.4411931677061426e-08 0.0 0.0 0.17434584892648797 0.005299293523500717 0.0 0.0 0.061901353542060236 0.32838772308685366 0.0 0.0 0.08978005907904892 0.0 5.457318147136211e-08 0.0 0.0 0.0 0.0 0.0 0.0 0.0 2.628407883228026e-12 0.0 0.0 0.0 0.0 0.0 0.0 0.0 0.0 0.0006402591026002787 0.0 0.0 0.0 0.0 0.0 0.0 0.0 0.0045584087506588215 0.0 0.0 0.0 0.0 0.0 2.1463633771340295e-09 0.0 0.0 0.006903793977829455 0.0 0.0 0.0 0.0 0.002889015216061949 0.0 0.0 0.08602747079664691 0.0 0.0 0.0 0.0 6.441076004240127e-09 0.0 0.0 0.023227875761210912 0.0 0.0 0.0 0.0 0.004279476573483373 0.0 0.0 0.1484215646786126 0.0 0.0 0.0 0.0 0.0 0.014650672649742727 0.0 0.0 0.0 0.0 0.0 0.0 0.0 0.0 0.0 0.0 0.0 0.008163156920350838 0.0 0.0 0.0 0.0 5.1727795374288284e-08 0.0 0.0 0.0 0.0 0.0 0.0 0.0 0.0 0.0 0.0 0.0 6.832885027564855e-07 0.0 0.0006696024420222697 0.0 0.0 0.027657179063854044 0.0 0.0 0.0 0.0 0.0 0.0 0.0 0.0 0.004949068309836775 0.0 0.0 0.0011690697937025282 0.002006512142834638 0.0 0.0 0.07810394998279692 0.0 0.0 0.0 0.0 0.0 0.0 0.0 0.0 0.20824158297986706 0.0 0.0 0.054424366728093636 0.0 0.5461060848957306 0.0 0.0 0.0 0.0 0.0 0.0 0.0 6.832858743486027e-07 0.0 0.0 0.0 0.0 0.0 0.0 0.0 0.0 0.013401893162408963 0.0 0.0 0.0 0.0 0.0 0.0 0.0 0.0015597293528804815 0.0 0.0 0.0 0.0 0.0 0.007516047067218553 0.0 0.0 0.3851114480602414 0.0 0.0 0.0 0.0 0.00033919370713293777 0.0 0.0 0.008910880044021475 0.0 0.0 0.0 0.0 0.0017747947147283966 0.0 0.0 0.12310945217882488 0.0 0.0 0.0 0.0 0.00065547142367258 0.0 0.0 0.019306034188679676 0.0 0.0 0.0 0.0
0.0 0.0023483677211129724 0.0 0.0 0.0 0.0035141669493170347 0.0 0.0 0.0 1.6521626201399918e-08 0.0 0.0 0.0 0.004980902810859453 0.0 0.0 0.0 0.0 0.04932849695283857 0.0 0.0 0.0 0.12282077540566474 0.0 0.0 0.0 0.05596143714465246 0.0 0.0 0.0 0.16229469155028334 0.0 2.914185840532486e-05 0.0 0.0 0.0011656274062357016 1.6401030515541918e-09 0.0 0.0 0.001428007566606942 0.002225018905561663 0.0 0.0 0.03910055240704742 0.020883530652323432 0.0 0.0 0.010968832654572191 0.0005448533159324144 0.0 0.0 0.03652682806156632 5.8775132235030504e-08 0.0 0.0 0.11208583050608631 0.0033013017708253623 0.0 0.0 0.04931719877710579 0.2789684899932993 0.0 0.0 0.06156344423521041 0.0 1.2126431816758688e-07 0.0 0.0 0.0 0.0 0.0 0.0 0.0 4.0378011475642636e-12 0.0 0.0 0.0 5.3790121207053825e-08 0.0 0.0 0.0 0.0 0.003099122379345061 0.0 0.0 0.0 0.0 0.0 0.0 0.0 0.036483549348162864 0.0 0.0 0.0 0.021084450591759854 0.0 0.0003693119005249784 0.0 0.0 0.025156103447926955 0.0 0.0 0.0 0.0 0.0036832275886343065 0.0 0.0 0.10927048775561739 0.00400171570991861 0.0 0.0 0.0013786291873433207 0.0005636519672283475 0.0 0.0 0.06075500435674788 0.0 0.0 0.0 0.0 0.007419789530723807 0.0 0.0 0.17293510193182557 0.02393347696010956 0.0 0.0 0.009563883971475057 0.0 0.01785343439216816 0.0 0.0 0.0 0.005637072947886914 0.0 0.0 0.0 4.179767423444035e-08 0.0 0.0 0.0 0.008928261559079881 0.0 0.0 0.0 0.0 8.698040230645868e-08 0.0 0.0 0.0 1.0419367671923273e-06 0.0 0.0 0.0 5.911709491396391e-13 0.0 0.0 0.0 4.1845360881659405e-06 0.0 0.0009904956403633668 0.0 0.0 0.06058370504685615 3.07070470524694e-09 0.0 0.0 0.005441508551593959 0.00011806446243477438 0.0 0.0 0.0048977490671402776 0.007020044992861769 0.0 0.0 0.02317157999439083 0.0044441252106426745 0.0 0.0 0.15597699357247763 1.0566383286498963e-07 0.0 0.0 0.10884468825066956 0.007728936452041524 0.0 0.0 0.0771985235362094 0.10899289721818439 0.0 0.0 0.06175076743694142 0.0 0.3702034776758398 0.0 0.0 0.0 0.05151588242206382 0.0 0.0 0.0 5.214024618261139e-06 0.0 0.0 0.0 0.036085736501372756 0.0 0.0 0.0 0.0 0.023373006778269784 0.0 0.0 0.0 0.021037658247533605 0.0 0.0 0.0 0.004474953420050501 0.0 0.0 0.0 0.0009752877170874498 0.0 0.0020084139316377076 0.0 0.0 0.12837509489189577 5.649925511407049e-13 0.0 0.0 0.02482838893967246 2.293765040309228e-07 0.0 0.0 3.9427135401308945e-06 0.0031501317669224895 0.0 0.0 0.00109237190801033 0.0018934601781808458 0.0 0.0 0.0737686486514517 5.9081393264158594e-09 0.0 0.0 0.02254248490348097 0.004661363686524411 0.0 0.0 0.05081650698949023 0.014336355992148385 0.0 0.0 0.004322326325186178
0.0 0.0 0.0 0.0 0.0 0.0014319052677641863 0.0 0.0 0.0 1.4903561205357237e-08 0.0 0.0 0.0 0.0024543206253779476 0.0 0.0 0.0 0.0 0.0 0.0 0.0 0.0 0.06665248663290864 0.0 0.0 0.0 0.035095959807042616 0.0 0.0 0.0 0.08941764815419596 0.0 0.0 0.0 0.0 0.0 2.95910456989e-11 0.0 0.0 0.0007203432921601079 8.664730149753593e-05 0.0 0.0 0.0009501072745259944 0.024418012621550775 0.0 0.0 0.003139370121276874 0.0 0.0 0.0 0.0 1.2387498641942466e-08 0.0 0.0 0.053932193167754224 0.0005910728733764031 0.0 0.0 0.04510082502511412 0.012296104838216694 0.0 0.0 0.031923798009617574 0.0 0.0 0.0 0.0 0.0 1.231477195054338e-07 0.0 0.0 0.0 7.280192624093318e-12 0.0 0.0 0.0 3.405460578823976e-07 0.0 0.0 0.0 0.0 0.0 0.0 0.0 0.0 0.044005022318175574 0.0 0.0 0.0 0.06128560153795015 0.0 0.0 0.0 0.1893129808511695 0.0 0.0 0.0 0.0 0.0 1.1389740245270466e-13 0.0 0.0 6.08777023422833e-08 0.002110438641247952 0.0 0.0 0.07673747909829172 0.08027595914210262 0.0 0.0 0.02618824133020186 0.0 0.0 0.0 0.0 8.050368951659243e-08 0.0 0.0 0.078731653930276 0.021369313452123107 0.0 0.0 0.24762030318869635 0.18748136102620053 0.0 0.0 0.04860119380753389 0.0 0.01882048316005482 0.0 0.0 0.0 0.0065262725010984115 0.0 0.0 0.0 3.171305278577792e-07 0.0 0.0 0.0 0.022304368302700744 0.0 0.0 0.0 0.0 8.753730713020965e-07 0.0 0.0 0.0 1.1912620776013588e-06 0.0 0.0 0.0 7.868348079073543e-07 0.0 0.0 0.0 1.4118155841041082e-06 0.0 0.0005308306089966598 0.0 0.0 0.011521412001358602 5.473282433509071e-08 0.0 0.0 0.04349404484619443 0.00043938595411830496 0.0 0.0 0.05016332745354104 0.017196066853184314 0.0 0.0 0.010508852335693812 0.0024081920769398247 0.0 0.0 0.08945514755725562 5.641188701798203e-08 0.0 0.0 0.11362763461615398 0.014057068260817674 0.0 0.0 0.34446225029177685 0.22726016706869323 0.0 0.0 0.13185226954973323 0.0 0.17234561143409244 0.0 0.0 0.0 0.3158199793793743 0.0 0.0 0.0 3.8287695143322485e-06 0.0 0.0 0.0 0.18618909793288269 0.0 0.0 0.0 0.0 0.029313605267531028 0.0 0.0 0.0 0.07671943894487578 0.0 0.0 0.0 0.029273774427378427 0.0 0.0 0.0 0.07564130876723402 0.0 0.0003839226056988926 0.0 0.0 0.014386493216553595 1.267998923997972e-07 0.0 0.0 0.2034022716507129 0.0006473212328137784 0.0 0.0 0.010209563105567938 0.080718209254224 0.0 0.0 0.044625441722720066 0.0005632955050679628 0.0 0.0 0.028480953526409846 1.4612474178057806e-07 0.0 0.0 0.09956736817390496 0.006207545560152239 0.0 0.0 0.11730722127480905 0.04471263671169146 0.0 0.0 0.018148755129396267
0.0 0.00809747308186296 0.0 0.0 0.0 0.007966782263743602 0.0 0.0 0.0 1.4797540774573172e-07 0.0 0.0 0.0 0.0005347904968447179 0.0 0.0 0.0 0.0 0.03769472181675336 0.0 0.0 0.0 0.13408029460803297 0.0 0.0 0.0 0.025821569524893354 0.0 0.0 0.0 0.04942296794677355 0.0 8.069416223536576e-05 0.0 0.0 0.005284501788733278 1.2966441130205965e-07 0.0 0.0 0.06418098683648682 0.0003971314536227609 0.0 0.0 0.002910665892373626 9.318896391207877e-13 0.0 0.0 6.829416775092892e-09 0.001260806720736789 0.0 0.0 0.14166682753640306 3.068616896456876e-07 0.0 0.0 0.23046280625576634 0.01894704602430929 0.0 0.0 0.4371360018962054 0.039220824392926464 0.0 0.0 0.007863922886469055 0.0 5.535551850040323e-07 0.0 0.0 0.0 2.7553781503516347e-07 0.0 0.0 0.0 1.0293421257132515e-11 0.0 0.0 0.0 1.296594064228506e-07 0.0 0.0 0.0 0.0 0.007581281959976645 0.0 0.0 0.0 0.04183018125740004 0.0 0.0 0.0 0.049492742142624155 0.0 0.0 0.0 7.817485006456353e-08 0.0 3.315658835501514e-05 0.0 0.0 0.0036857623450681537 9.608988701922145e-08 0.0 0.0 0.08446801925824611 0.004105776015332572 0.0 0.0 0.08359641774361769 0.00189723617938779 0.0 0.0 0.00014361158107671003 0.007417873121610047 0.0 0.0 0.2238876538132111 8.327384757037123e-08 0.0 0.0 0.2133501385195725 0.02523840810004491 0.0 0.0 0.46834298758494286 0.11975335992077167 0.0 0.0 0.0237693533145509 0.0 0.04649630135046189 0.0 0.0 0.0 0.02139391588076751 0.0 0.0 0.0 2.5940504032878275e-07 0.0 0.0 0.0 0.011051430769752109 0.0 0.0 0.0 0.0 1.1315241959232813e-07 0.0 0.0 0.0 9.86057996009557e-07 0.0 0.0 0.0 1.0194754491580794e-07 0.0 0.0 0.0 3.379454534977855e-08 0.0 2.115846157205145e-05 0.0 0.0 0.04119259534502567 5.3302754138054415e-09 0.0 0.0 0.017682131413000526 0.001167229301258773 0.0 0.0 0.01434652517317491 0.006743803413161927 0.0 0.0 0.0024845332618861848 0.006463052668642542 0.0 0.0 0.43956059806537157 3.2334416401690736e-07 0.0 0.0 0.4461352007406086 0.024831029625306447 0.0 0.0 0.3963461610378055 0.11959639196684661 0.0 0.0 0.054208831900532585 0.0 0.19742290631912623 0.0 0.0 0.0 0.06954330985252476 0.0 0.0 0.0 8.275617643717003e-07 0.0 0.0 0.0 0.05755499994044125 0.0 0.0 0.0 0.0 0.027578011745418737 0.0 0.0 0.0 0.002018613877542028 0.0 0.0 0.0 0.008323568084293022 0.0 0.0 0.0 0.039414805467177565 0.0 0.0010656817799197748 0.0 0.0 0.03583343444853904 1.5714664932744085e-18 0.0 0.0 1.527821249397429e-08 0.003442383651583838 0.0 0.0 0.06645605075230572 0.004773277278488383 0.0 0.0 0.0006577751801205234 0.0013440587515208588 0.0 0.0 0.027883444615562566 1.4198424913679407e-08 0.0 0.0 0.025480559346658133 0.0008129032345632454 0.0 0.0 0.01800677926885225 0.03253639676161106 0.0 0.0 0.010626514202204774
0.0 0.0 0.0 0.0 0.0 0.0015891152206832942 0.0 0.0 0.0 7.951531214844028e-09 0.0 0.0 0.0 0.002737881226635734 0.0 0.0 0.0 0.0 0.0 0.0 0.0 0.0 0.11960424085878028 0.0 0.0 0.0 0.018738376054935713 0.0 0.0 0.0 0.08519869607175382 0.0 0.0 0.0 0.0 0.0 2.246302129256745e-08 0.0 0.0 0.008427834731894861 1.3782848688869919e-08 0.0 0.0 0.018675921802724746 0.005379800899186322 0.0 0.0 0.0009698029347312922 0.0 0.0 0.0 0.0 1.376397691899973e-07 0.0 0.0 0.055547968424374546 1.2831787617098628e-08 0.0 0.0 0.02430877402234648 0.05630830421110684 0.0 0.0 0.034574833995109404 0.0 1.5701649927648822e-07 0.0 0.0 0.0 9.025436779353168e-09 0.0 0.0 0.0 4.88888147142813e-12 0.0 0.0 0.0 6.696323365718747e-08 0.0 0.0 0.0 0.0 0.0005522263173665713 0.0 0.0 0.0 0.023081917025069548 0.0 0.0 0.0 0.08713521101674022 0.0 0.0 0.0 0.0246955283120292 0.0 0.0003105165838668991 0.0 0.0 0.00730637811778284 3.0732598446018357e-14 0.0 0.0 0.0013416671538987418 0.005347292112575822 0.0 0.0 0.10890602375516252 0.022418794702459176 0.0 0.0 0.00534870147473139 0.0008287735416070204 0.0 0.0 0.021863501645964633 1.315334682577265e-13 0.0 0.0 0.006437960018519895 0.008313475771023635 0.0 0.0 0.22235974246283022 0.02864625133636657 0.0 0.0 0.011475316880441727 0.0 0.0 0.0 0.0 0.0 0.008464451276183808 0.0 0.0 0.0 1.7334242113398863e-07 0.0 0.0 0.0 0.02052237035467922 0.0 0.0 0.0 0.0 0.0 0.0 0.0 0.0 2.467332962360845e-06 0.0 0.0 0.0 2.842595586039109e-08 0.0 0.0 0.0 2.078872536867373e-06 0.0 0.0 0.0 0.0 0.0 8.980731716931426e-09 0.0 0.0 0.01109270557830889 0.0005747421918026811 0.0 0.0 0.03439101518979796 0.04403715447253071 0.0 0.0 0.030430852363251115 0.0 0.0 0.0 0.0 4.6908471357200617e-08 0.0 0.0 0.13474808603877805 0.007718989482507404 0.0 0.0 0.14248437070603834 0.24676069426254077 0.0 0.0 0.12117014802076984 0.0 0.2147120199780727 0.0 0.0 0.0 0.12541130714890167 0.0 0.0 0.0 4.408368584840739e-06 0.0 0.0 0.0 0.18744235453649652 0.0 0.0 0.0 0.0 0.028801818865364995 0.0 0.0 0.0 0.008290748683695958 0.0 0.0 0.0 0.014652864526046347 0.0 0.0 0.0 0.15895724100593783 0.0 0.0019182382220221327 0.0 0.0 0.07832035862388781 1.0686231134789015e-12 0.0 0.0 0.03464249607263281 0.003469759136838521 0.0 0.0 0.05013206912486704 0.06695119641185433 0.0 0.0 0.033419426669086476 0.0007218507847227179 0.0 0.0 0.04586435220297643 1.7016834148623266e-08 0.0 0.0 0.04768630363847745 0.005062875112719341 0.0 0.0 0.08098578984638011 0.057067893736011045 0.0 0.0 0.020808292433096766
0.0 0.006405903575436123 0.0 0.0 0.0 0.0032782448216432235 0.0 0.0 0.0 2.1673412456726052e-08 0.0 0.0 0.0 0.0048765652967512705 0.0 0.0 0.0 0.0 0.014534821580445252 0.0 0.0 0.0 0.08731351794781272 0.0 0.0 0.0 0.07244211405272381 0.0 0.0 0.0 0.037541415849481 0.0 0.0001321712800769603 0.0 0.0 0.004129559839676605 6.833648235621846e-08 0.0 0.0 0.025483337541075183 0.0013839063036302736 0.0 0.0 0.018976767517027947 0.0046639599137490075 0.0 0.0 0.0015970962161350325 0.003457619158424025 0.0 0.0 0.1218254491266432 6.425259938831776e-08 0.0 0.0 0.10965305394144048 0.004337247574778333 0.0 0.0 0.05334546743912932 0.10764470346957734 0.0 0.0 0.031783164955184025 0.0 2.0328233706857765e-07 0.0 0.0 0.0 1.101903158779907e-07 0.0 0.0 0.0 4.7952773165427695e-12 0.0 0.0 0.0 1.1872084509008684e-07 0.0 0.0 0.0 0.0 0.00011304424921776913 0.0 0.0 0.0 0.04063023503301918 0.0 0.0 0.0 0.08976525665972244 0.0 0.0 0.0 0.01801489644137474 0.0 0.0007628151053837088 0.0 0.0 0.024795492438837247 1.0515400573055352e-07 0.0 0.0 0.03166526487542136 0.008372030215207776 0.0 0.0 0.14307578856970618 0.051104522067335345 0.0 0.0 0.01380034518346584 0.0013719008918752146 0.0 0.0 0.04819930631270007 3.681364164745524e-08 0.0 0.0 0.07818977249429841 0.00906763567954981 0.0 0.0 0.23879724369330063 0.07951045461881726 0.0 0.0 0.025676568669039466 0.0 0.011064561900279199 0.0 0.0 0.0 0.007644290564929255 0.0 0.0 0.0 1.9564983082310395e-07 0.0 0.0 0.0 0.016068167214470148 0.0 0.0 0.0 0.0 2.0028235257849787e-08 0.0 0.0 0.0 4.5205959830729665e-08 0.0 0.0 0.0 2.922590256034773e-08 0.0 0.0 0.0 1.2286794090821936e-07 0.0 0.0017355701808998891 0.0 0.0 0.028345425989544645 4.2562363380802325e-09 0.0 0.0 0.00935302349532636 0.0011466265977182995 0.0 0.0 0.05147199100445565 0.05281377504995283 0.0 0.0 0.017340983364214788 0.0036554546749208512 0.0 0.0 0.10568449178682231 8.160736085009307e-08 0.0 0.0 0.13348807943088953 0.010469768958624934 0.0 0.0 0.20026105654469661 0.17108146589637696 0.0 0.0 0.0812879158686243 0.0 0.1943612006724104 0.0 0.0 0.0 0.1376007868064458 0.0 0.0 0.0 0.0 0.0 0.0 0.0 0.26196281941373095 0.0 0.0 0.0 0.0 0.04171898108995508 0.0 0.0 0.0 0.14563256542257144 0.0 0.0 0.0 0.0 0.0 0.0 0.0 0.096052286606779 0.0 0.002938669005937549 0.0 0.0 0.06419027327217823 5.14490392832101e-08 0.0 0.0 0.044739212979457446 0.0 0.0 0.0 0.0 0.03910163593195457 0.0 0.0 0.007774300588767198 0.0005065350697248754 0.0 0.0 0.03487677115137378 2.0328927720043398e-08 0.0 0.0 0.04824117441531375 0.0 0.0 0.0 0.0 0.09021052221933934 0.0 0.0 0.03159777120188641
0.0 0.0010670006652801938 0.0 0.0 0.0 0.0022641606703495526 0.0 0.0 0.0 5.493822796768401e-08 0.0 0.0 0.0 0.0024744302345745483 0.0 0.0 0.0 0.0 0.023548287640999525 0.0 0.0 0.0 0.010560020364388998 0.0 0.0 0.0 0.09592494193895236 0.0 0.0 0.0 0.0480368180623532 0.0 0.0005959389034238126 0.0 0.0 0.03494932456213783 3.247272582269059e-14 0.0 0.0 2.0306106013013388e-08 1.259967320367252e-05 0.0 0.0 0.0007385036806858264 0.021554767580946304 0.0 0.0 0.016476343428600042 0.00023462846085048144 0.0 0.0 0.021911266577161713 7.357995901355493e-08 0.0 0.0 0.06948217188901756 0.006117035668801348 0.0 0.0 0.10297298112476287 0.0713043822670339 0.0 0.0 0.0459193754511261 0.0 1.7378781511438347e-07 0.0 0.0 0.0 1.4556336870636778e-07 0.0 0.0 0.0 3.3052777777062786e-12 0.0 0.0 0.0 2.429219107169706e-07 0.0 0.0 0.0 0.0 0.006645614561636494 0.0 0.0 0.0 0.06961796354590773 0.0 0.0 0.0 0.045618911666760124 0.0 0.0 0.0 0.07251225815148195 0.0 0.000456276238149184 0.0 0.0 0.030195961319565014 1.4610407063666785e-08 0.0 0.0 0.0124829361355358 0.004638988570278458 0.0 0.0 0.05639141024289532 0.05297458438842841 0.0 0.0 0.029476834792378455 0.0005652214545810263 0.0 0.0 0.04444319944810679 1.0823942912723469e-07 0.0 0.0 0.08251172552505888 0.009044023071454547 0.0 0.0 0.172379230279794 0.13110397740375432 0.0 0.0 0.04315788958146073 0.0 0.018854335343139343 0.0 0.0 0.0 0.008880488579552984 0.0 0.0 0.0 1.3073131752758587e-07 0.0 0.0 0.0 0.021129249196003876 0.0 0.0 0.0 0.0 3.6082627518716025e-08 0.0 0.0 0.0 1.9000364661341302e-06 0.0 0.0 0.0 5.4943080481223985e-08 0.0 0.0 0.0 4.634694931324205e-06 0.0 1.8391278135945793e-09 0.0 0.0 0.0015472758537718961 4.284566405027869e-08 0.0 0.0 0.03179189095438049 0.00642306938619377 0.0 0.0 0.07495837716910494 0.06572249026364733 0.0 0.0 0.038478005434458284 0.003237353706388031 0.0 0.0 0.14097389079465264 7.090305904148869e-08 0.0 0.0 0.16509172370551134 0.01318954180263827 0.0 0.0 0.15234816639722587 0.17267175686476172 0.0 0.0 0.11352609759546571 0.0 0.15814855821045942 0.0 0.0 0.0 0.21341466793718156 0.0 0.0 0.0 6.440084254685228e-06 0.0 0.0 0.0 0.3136667662922685 0.0 0.0 0.0 0.0 0.04413355984987243 0.0 0.0 0.0 0.10643718687814083 0.0 0.0 0.0 0.07737724519755561 0.0 0.0 0.0 0.11278615518042137 0.0 0.00019371505977608668 0.0 0.0 0.013586839856083284 1.4111326057240328e-07 0.0 0.0 0.06631788189243007 0.0031106219030347655 0.0 0.0 0.08059735188603298 0.041277376338068425 0.0 0.0 0.04203094388285077 0.0005225108461358266 0.0 0.0 0.030334156607233802 1.2624761449799095e-07 0.0 0.0 0.06651545338556758 0.006328323774408902 0.0 0.0 0.12065258098920087 0.11378788637907254 0.0 0.0 0.03490244640614767
0.0 0.015493121451418209 0.0 0.0 0.0 0.002738725777123646 0.0 0.0 0.0 8.565179887273467e-08 0.0 0.0 0.0 0.006285056405756163 0.0 0.0 0.0 0.0 0.06889199275567245 0.0 0.0 0.0 0.08480193926965038 0.0 0.0 0.0 0.0459344106226752 0.0 0.0 0.0 0.11934193727373707 0.0 0.00028841253524219826 0.0 0.0 0.05394952276546831 1.4046455341856001e-09 0.0 0.0 0.03625618226126968 0.0009228320820417641 0.0 0.0 0.029740913942960526 0.007812475993086536 0.0 0.0 0.003213721082159028 0.0036292012319081024 0.0 0.0 0.20229127357242419 1.4747429175723575e-08 0.0 0.0 0.10589881941463719 0.019298985108789538 0.0 0.0 0.30607021762255643 0.19836890647403138 0.0 0.0 0.0669453478020521 0.0 1.1457074145244606e-07 0.0 0.0 0.0 6.815673365672946e-07 0.0 0.0 0.0 6.581826876446953e-12 0.0 0.0 0.0 1.9526587904209882e-07 0.0 0.0 0.0 0.0 0.017981983967269653 0.0 0.0 0.0 0.09413883126811873 0.0 0.0 0.0 0.10979263508330923 0.0 0.0 0.0 0.012874795559887221 0.0 0.002560649511631885 0.0 0.0 0.07501652256446832 1.2922657179736196e-07 0.0 0.0 0.055858850053369276 0.013961290834120668 0.0 0.0 0.14933591206415756 0.03533962018384697 0.0 0.0 0.008830032098880234 0.000747949945941342 0.0 0.0 0.07596454159601404 4.577073999398612e-07 0.0 0.0 0.3668163366454039 0.021061978004852887 0.0 0.0 0.3375113119125559 0.010355549122882272 0.0 0.0 0.04744764920600209 0.0 0.03767562256994553 0.0 0.0 0.0 0.02083289299134521 0.0 0.0 0.0 1.9283137260530485e-07 0.0 0.0 0.0 0.02631395763086129 0.0 0.0 0.0 0.0 1.0690861979897132e-07 0.0 0.0 0.0 1.3480723337537003e-07 0.0 0.0 0.0 2.8911344973807313e-08 0.0 0.0 0.0 6.398699326995815e-06 0.0 0.00033195625337449554 0.0 0.0 0.0123015613812071 2.6296120851003283e-08 0.0 0.0 0.038566087491629666 0.002733434858389583 0.0 0.0 0.05869878456950524 0.032929621297067335 0.0 0.0 0.01677778568183592 0.012595298394307683 0.0 0.0 0.3964868202420566 2.9931582623717834e-07 0.0 0.0 0.1702962419726003 0.01800532673332685 0.0 0.0 0.2651057564081942 0.290160254562205 0.0 0.0 0.1506272685969037 0.0 0.25477346551221536 0.0 0.0 0.0 0.21121594554277942 0.0 0.0 0.0 6.390836771839048e-06 0.0 0.0 0.0 0.20507269523625724 0.0 0.0 0.0 0.0 0.05400170220537229 0.0 0.0 0.0 0.16196210119204424 0.0 0.0 0.0 0.006612183211800781 0.0 0.0 0.0 0.015095917929536478 0.0 0.0014467974948510745 0.0 0.0 0.04703562346716422 5.106117709516593e-09 0.0 0.0 0.010914773805948137 0.003655073711861787 0.0 0.0 0.06411185941872284 0.015233397072780956 0.0 0.0 0.004921519385041005 0.0011791361787615903 0.0 0.0 0.04353072017245774 5.760642764388524e-08 0.0 0.0 0.0752984824961942 0.005183744690141553 0.0 0.0 0.09270251028676789 0.08086867242212344 0.0 0.0 0.02335132226639433
0.0 0.004369662904722435 0.0 0.0 0.0 0.005146553619637431 0.0 0.0 0.0 7.956787545962973e-08 0.0 0.0 0.0 0.0022851611567386945 0.0 0.0 0.0 0.0 1.405034300668307e-07 0.0 0.0 0.0 0.0679959475260357 0.0 0.0 0.0 0.11684813144960278 0.0 0.0 0.0 0.08874713120234144 0.0 0.001280640044412637 0.0 0.0 0.02946742188751031 4.118646509864726e-08 0.0 0.0 0.02265112813868995 0.0002269111610069841 0.0 0.0 0.003718586642599727 0.02651229471418675 0.0 0.0 0.015977965141917624 0.0017077974632868035 0.0 0.0 0.060028517377917485 3.0120948065274424e-07 0.0 0.0 0.1463414787728906 0.012909176666576172 0.0 0.0 0.20528674514681813 0.08110854620708738 0.0 0.0 0.027504352030927562 0.0 5.901071464267812e-07 0.0 0.0 0.0 9.272530696563856e-07 0.0 0.0 0.0 2.7459633490919476e-12 0.0 0.0 0.0 1.0804361156065422e-07 0.0 0.0 0.0 0.0 0.06507853869710187 0.0 0.0 0.0 0.046113759222285645 0.0 0.0 0.0 0.08294519398122167 0.0 0.0 0.0 0.017326828633930393 0.0 0.0002439154774385942 0.0 0.0 0.007367206120148853 4.0324107859576826e-08 0.0 0.0 0.026395248872108965 0.005224312174245146 0.0 0.0 0.06963206574034424 0.09009387121568527 0.0 0.0 0.024513767252549484 0.0060990495612020645 0.0 0.0 0.2117732405808015 7.892519537415668e-07 0.0 0.0 0.5086143161641526 0.004323658351071528 0.0 0.0 0.1284373102942109 0.08991283439827263 0.0 0.0 0.02028804090915032 0.0 0.016790293192123572 0.0 0.0 0.0 0.013419147725921456 0.0 0.0 0.0 1.6898843152769584e-07 0.0 0.0 0.0 0.013058056145966805 0.0 0.0 0.0 0.0 5.0841354143114196e-08 0.0 0.0 0.0 1.0457570697879008e-07 0.0 0.0 0.0 1.5204496199077198e-07 0.0 0.0 0.0 4.549340526886852e-07 0.0 5.3081894504870906e-05 0.0 0.0 0.01657274293067238 9.225012127934019e-09 0.0 0.0 0.003131067710843812 0.0035518319313521006 0.0 0.0 0.12091893702863306 0.05706828125966335 0.0 0.0 0.022468347889323538 0.0018169583707099146 0.0 0.0 0.1584752331331947 3.950928684184108e-07 0.0 0.0 0.22558472612284666 0.014934383904418645 0.0 0.0 0.19958415673668192 0.18777503772341056 0.0 0.0 0.10704654277270227 0.0 0.25243080447741756 0.0 0.0 0.0 0.1957632275183027 0.0 0.0 0.0 4.399327082425706e-07 0.0 0.0 0.0 0.22908419233000896 0.0 0.0 0.0 0.0 0.03475625887490301 0.0 0.0 0.0 0.10936065913205685 0.0 0.0 0.0 0.01430407361370404 0.0 0.0 0.0 0.08600652605566209 0.0 0.0001522541677854216 0.0 0.0 0.015131036071826587 1.9488844301180256e-08 0.0 0.0 0.007431249071580203 0.0019733173526333973 0.0 0.0 0.12067891849512664 0.0408016385521671 0.0 0.0 0.005912507626022954 0.0004477602696337123 0.0 0.0 0.03607151677291298 9.223072756850705e-08 0.0 0.0 0.07486147328360775 0.00012404012605851488 0.0 0.0 0.00820048075168879 0.10400616018796444 0.0 0.0 0.018459876154573486
0.0 0.006987079101046076 0.0 0.0 0.0 0.0002836169918521231 0.0 0.0 0.0 5.254519931845011e-08 0.0 0.0 0.0 0.001173389427329673 0.0 0.0 0.0 0.0 0.008222132408969985 0.0 0.0 0.0 0.05228814990971294 0.0 0.0 0.0 0.1283762154174162 0.0 0.0 0.0 0.02861503802715182 0.0 0.00017208607858736874 0.0 0.0 0.011078848996882471 8.230056710884067e-10 0.0 0.0 0.0007816744432946095 0.0002513026765894624 0.0 0.0 0.007742818603203658 0.0011788532097705877 0.0 0.0 0.00016245994838109173 0.0035318257255583397 0.0 0.0 0.1565082609903821 5.571461155248044e-09 0.0 0.0 0.008813296694482269 0.008417559427485637 0.0 0.0 0.16604577349914962 0.05063405526935778 0.0 0.0 0.011486320768722207 0.0 9.321022369027011e-09 0.0 0.0 0.0 3.6286143516646344e-07 0.0 0.0 0.0 3.5186028612428624e-12 0.0 0.0 0.0 8.758421498912556e-08 0.0 0.0 0.0 0.0 0.006704546209738267 0.0 0.0 0.0 0.02376791687321419 0.0 0.0 0.0 0.023169379458280043 0.0 0.0 0.0 0.04560876990448861 0.0 0.0009756033711403539 0.0 0.0 0.019574142967691527 6.668213224608024e-09 0.0 0.0 0.030708613110217043 0.00015806016682151771 0.0 0.0 0.027781856668448603 0.02438761081884981 0.0 0.0 0.007111955118971448 0.00016297744501746152 0.0 0.0 0.003666092902294411 2.1554689290248316e-07 0.0 0.0 0.1941898626752625 0.006265629071721417 0.0 0.0 0.16020868014954043 0.09001598236584801 0.0 0.0 0.019375827509053447 0.0 0.010231972115529049 0.0 0.0 0.0 0.007541716559930004 0.0 0.0 0.0 1.7894774157681065e-07 0.0 0.0 0.0 0.00807783824042358 0.0 0.0 0.0 0.0 3.700827026009437e-08 0.0 0.0 0.0 5.756571891216425e-08 0.0 0.0 0.0 1.6674492286883757e-07 0.0 0.0 0.0 4.4054363815775385e-08 0.0 0.00018832550761043127 0.0 0.0 0.004566919138540845 5.815477951258269e-08 0.0 0.0 0.04471255420779338 0.0034503147687287884 0.0 0.0 0.06249591249051847 0.03332098167468385 0.0 0.0 0.007397873873340141 0.0030432085797227754 0.0 0.0 0.1063030265179442 1.0419756223389726e-07 0.0 0.0 0.13424574261564223 0.008760775098491302 0.0 0.0 0.2672097463355452 0.15942725406706892 0.0 0.0 0.04044298582535479 0.0 0.2002824752256534 0.0 0.0 0.0 0.09142491603250381 0.0 0.0 0.0 9.525424472650372e-08 0.0 0.0 0.0 0.1350240915421177 0.0 0.0 0.0 0.0 0.006441329152736411 0.0 0.0 0.0 0.0346417245417075 0.0 0.0 0.0 0.004587197228638065 0.0 0.0 0.0 0.10310415969298738 0.0 4.72466889554364e-05 0.0 0.0 0.0634168294117155 3.804161829836184e-08 0.0 0.0 0.035382023391834834 3.203369011142289e-08 0.0 0.0 0.05403591241133295 0.02508714086436246 0.0 0.0 0.006724540797996705 0.0003228646688350252 0.0 0.0 0.04032297702114806 3.076665812920783e-08 0.0 0.0 0.02505150052710375 1.8938793173723305e-09 0.0 0.0 0.003543505612023598 0.028822074397976013 0.0 0.0 0.012071714873603636
0.0 0.002454843038905867 0.0 0.0 0.0 0.005069944324184185 0.0 0.0 0.0 5.179097845104706e-08 0.0 0.0 0.0 0.00037226246287620486 0.0 0.0 0.0 0.0 0.047055990884741626 0.0 0.0 0.0 0.20176099403959463 0.0 0.0 0.0 0.01319884539018668 0.0 0.0 0.0 0.003843509414927224 0.0 1.8632372723788562e-08 0.0 0.0 0.0465814095543572 8.595833382293164e-08 0.0 0.0 0.07630864023958212 0.004159764070818284 0.0 0.0 0.07400404783220574 0.005579742804142488 0.0 0.0 0.0007627558340098887 1.512229031870723e-08 0.0 0.0 0.04739690490767704 1.316624081187149e-07 0.0 0.0 0.1473277501969314 0.004129765010701685 0.0 0.0 0.14365616280568375 0.03231825766741427 0.0 0.0 0.004953199196744833 0.0 8.83470880127661e-08 0.0 0.0 0.0 5.531003847828334e-07 0.0 0.0 0.0 6.2467448463968724e-12 0.0 0.0 0.0 6.018382271638922e-07 0.0 0.0 0.0 0.0 0.051879158442378774 0.0 0.0 0.0 0.09038557396107708 0.0 0.0 0.0 0.06801239766094502 0.0 0.0 0.0 0.03779354666691242 0.0 0.0003648699595570167 0.0 0.0 0.009210195124758451 3.266258863165712e-07 0.0 0.0 0.10038910794209269 0.004402476490088345 0.0 0.0 0.10872687655261064 0.08226966636241219 0.0 0.0 0.038559898800086645 0.0010126402433961806 0.0 0.0 0.03319250264305143 4.47930172857886e-07 0.0 0.0 0.1918618094813056 0.011296510960045825 0.0 0.0 0.1901995573709828 0.18854666430566333 0.0 0.0 0.08329716844773252 0.0 0.005730024041967372 0.0 0.0 0.0 0.005228574165093063 0.0 0.0 0.0 6.209463768335167e-08 0.0 0.0 0.0 0.021218608342939073 0.0 0.0 0.0 0.0 2.4276022560699407e-08 0.0 0.0 0.0 7.034891100437931e-09 0.0 0.0 0.0 1.2516176435276435e-08 0.0 0.0 0.0 7.006477278283136e-08 0.0 2.723978136672705e-15 0.0 0.0 9.492774253179231e-14 2.6918453815416803e-10 0.0 0.0 0.0009658354489873886 0.0006211686317338938 0.0 0.0 0.01028227040423141 0.054984145448282444 0.0 0.0 0.014357835364790815 0.001050623560977545 0.0 0.0 0.041049055501049786 4.527136101600716e-08 0.0 0.0 0.08946499257071273 0.007567583481249157 0.0 0.0 0.07718835763220125 0.26673012698293713 0.0 0.0 0.12100648759742702 0.0 0.25767438430148887 0.0 0.0 0.0 0.239042671496222 0.0 0.0 0.0 0.0 0.0 0.0 0.0 0.37993201001782345 0.0 0.0 0.0 0.0 0.10846129132267932 0.0 0.0 0.0 0.05799202532812376 0.0 0.0 0.0 0.0 0.0 0.0 0.0 0.24168098825805182 0.0 0.004109031978721093 0.0 0.0 0.160262291985398 1.2210946553734427e-07 0.0 0.0 0.048896045373955 0.0 0.0 0.0 0.0 0.06930840111744897 0.0 0.0 0.012576487591640253 0.001359902119627106 0.0 0.0 0.0420898268534646 1.3985896081736268e-07 0.0 0.0 0.08453654225430722 0.0 0.0 0.0 0.0 0.15614071473569247 0.0 0.0 0.049126218501526306
0.0 0.0 0.0 0.0 0.0 0.0009678757343655888 0.0 0.0 0.0 2.376505253871498e-08 0.0 0.0 0.0 0.001495100347194351 0.0 0.0 0.0 0.0 0.0 0.0 0.0 0.0 0.0769347728548241 0.0 0.0 0.0 0.004681744119367275 0.0 0.0 0.0 0.006627950035586472 0.0 0.0 0.0 0.0 0.0 6.887373422584146e-14 0.0 0.0 0.0026945118767658493 4.1832952592724464e-14 0.0 0.0 7.977629001515759e-13 6.223597040553557e-13 0.0 0.0 1.9698604726243808e-13 0.0 0.0 0.0 0.0 9.03323072631104e-13 0.0 0.0 0.03954102448869668 0.0024751520157881048 0.0 0.0 0.052912172576764685 0.03834044403273412 0.0 0.0 0.01360559806147792 0.0 1.1026385408536777e-07 0.0 0.0 0.0 8.626457873393908e-08 0.0 0.0 0.0 2.0449544154782637e-11 0.0 0.0 0.0 0.0 0.0 0.0 0.0 0.0 0.0012546335591324038 0.0 0.0 0.0 0.024935585817149487 0.0 0.0 0.0 0.05901538171306086 0.0 0.0 0.0 0.0 0.0 1.755797061826213e-14 0.0 0.0 6.383075129245455e-13 1.6337835401778848e-14 0.0 0.0 0.0006363434075647672 0.005783317285570556 0.0 0.0 0.096945962387865 0.0 0.0 0.0 0.0 0.0006891901621405027 0.0 0.0 0.028090612253123256 1.4780382678525983e-12 0.0 0.0 0.06453162322593096 0.045594290839135694 0.0 0.0 0.9640083510712565 0.0 0.0 0.0 0.0 0.0 0.011309694154953746 0.0 0.0 0.0 0.04589719505704193 0.0 0.0 0.0 7.004492449364725e-08 0.0 0.0 0.0 0.0014398783177023188 0.0 0.0 0.0 0.0 1.658941604062094e-12 0.0 0.0 0.0 1.6406250459034584e-07 0.0 0.0 0.0 1.3031160324670942e-12 0.0 0.0 0.0 9.897068909888098e-13 0.0 7.472279283083815e-05 0.0 0.0 0.004292350265513816 1.4145483034806313e-08 0.0 0.0 0.05508515821589116 0.0002116612293365917 0.0 0.0 0.003846031543735685 0.00391119238333359 0.0 0.0 0.0005347942681478788 0.0014204013194160517 0.0 0.0 0.10304101642125102 1.7058615338397408e-07 0.0 0.0 0.9201918700557334 0.004025903875993364 0.0 0.0 0.08201997202142505 0.07302347020763643 0.0 0.0 0.011194303538908388 0.0 0.07693466259097001 0.0 0.0 0.0 0.03834044403335648 0.0 0.0 0.0 0.0 0.0 0.0 0.0 0.0 0.0 0.0 0.0 0.0 0.0014398783177023188 0.0 0.0 0.0 0.0014951003471943515 0.0 0.0 0.0 0.0 0.0 0.0 0.0 0.0 0.0 2.6288425384845806e-14 0.0 0.0 9.63418465603964e-13 4.173460960437204e-09 0.0 0.0 0.00662794586212551 0.0 0.0 0.0 0.0 0.0 0.0 0.0 0.0 0.0002786855721812398 0.0 0.0 0.011450412234875028 7.641318411333912e-09 0.0 0.0 0.013605590420356495 0.0 0.0 0.0 0.0 0.0 0.0 0.0 0.0
0.0 0.010152094825300224 0.0 0.0 0.0 0.006707422040124953 0.0 0.0 0.0 7.170839958427859e-08 0.0 0.0 0.0 0.002867140615613669 0.0 0.0 0.0 0.0 0.0093498663865345 0.0 0.0 0.0 0.029570664674166823 0.0 0.0 0.0 0.12577414639922288 0.0 0.0 0.0 0.17825785388184903 0.0 0.0001446065536704046 0.0 0.0 0.003327380817250431 2.7537323644441572e-09 0.0 0.0 0.01570744793073099 2.920108699020403e-05 0.0 0.0 0.0007678551736276739 0.0016083716861707267 0.0 0.0 0.0068311825688296725 0.005259824822016665 0.0 0.0 0.1654737383488625 1.1395514870209959e-07 0.0 0.0 0.23857561627654825 0.009319838030454535 0.0 0.0 0.20309703317016578 0.09967533126839426 0.0 0.0 0.049748265548003066 0.0 2.325056581037466e-08 0.0 0.0 0.0 4.129528848561704e-07 0.0 0.0 0.0 1.1623061071049009e-11 0.0 0.0 0.0 1.2272184134858859e-07 0.0 0.0 0.0 0.0 0.010528680405720576 0.0 0.0 0.0 0.01974080854551278 0.0 0.0 0.0 0.07995188638483654 0.0 0.0 0.0 0.004284775064576439 0.0 0.0008351784611983717 0.0 0.0 0.031141623024371765 3.721366628990198e-08 0.0 0.0 0.02198915229911172 0.000532964680707635 0.0 0.0 0.03637614489019282 0.013862374401114682 0.0 0.0 0.002750626435095096 0.00013833360054627832 0.0 0.0 0.005783039196005893 1.4515030616266497e-07 0.0 0.0 0.2488307114689702 0.017795606414087565 0.0 0.0 0.49489281081786485 0.14040643415630347 0.0 0.0 0.032403178974703545 0.0 0.05227263120428769 0.0 0.0 0.0 0.012281484491376133 0.0 0.0 0.0 2.8369051134725833e-07 0.0 0.0 0.0 0.014705821976711308 0.0 0.0 0.0 0.0 1.162642833898891e-06 0.0 0.0 0.0 1.2446850684049407e-07 0.0 0.0 0.0 2.7621068089049187e-07 0.0 0.0 0.0 7.648460404240158e-08 0.0 0.0025482467559474736 0.0 0.0 0.08260498433590124 4.8065529604722e-09 0.0 0.0 0.07655524381628717 0.00511335216549613 0.0 0.0 0.034329781326938605 0.006784624863481195 0.0 0.0 0.003161996747837005 0.009018291968322498 0.0 0.0 0.3862503404152025 1.5866721325240749e-07 0.0 0.0 0.20172425138051536 0.0415123178546459 0.0 0.0 0.4033127681358136 0.12683239787262837 0.0 0.0 0.09064947174678144 0.0 0.28052778206161955 0.0 0.0 0.0 0.09039051441147289 0.0 0.0 0.0 1.284396091679671e-06 0.0 0.0 0.0 0.08152074487437826 0.0 0.0 0.0 0.0 0.00853633913591349 0.0 0.0 0.0 0.04719291124423891 0.0 0.0 0.0 0.005371925823701436 0.0 0.0 0.0 0.03799265398469073 0.0 0.0011755819188794781 0.0 0.0 0.0422873753597401 6.962389485729028e-08 0.0 0.0 0.11497135928694037 3.6562370699806775e-08 0.0 0.0 0.03976615714994245 0.019695999752542725 0.0 0.0 0.002638779761409568 0.0006066651088572613 0.0 0.0 0.054281279922259236 2.0270015884474223e-08 0.0 0.0 0.038006392793889045 0.004956904568133806 0.0 0.0 0.04675744737657722 0.04357479174292693 0.0 0.0 0.008284541637686478
0.0 0.007122983544094225 0.0 0.0 0.0 0.0023539967601365138 0.0 0.0 0.0 6.074839092676299e-08 0.0 0.0 0.0 0.00728634909149871 0.0 0.0 0.0 0.0 0.05989588817153318 0.0 0.0 0.0 0.008383570438857447 0.0 0.0 0.0 0.04564646172174949 0.0 0.0 0.0 0.09570274214653385 0.0 0.0004825760861598137 0.0 0.0 0.03817467390634257 2.1384107333595796e-08 0.0 0.0 0.005163194878814424 0.0011576505777984988 0.0 0.0 0.02244813507516485 0.02310415930726776 0.0 0.0 0.008083081448751698 0.0025933340675294687 0.0 0.0 0.13720438440386076 2.3642408378765417e-07 0.0 0.0 0.06592359350717382 0.009037891472258393 0.0 0.0 0.16718364058415788 0.1693034202859513 0.0 0.0 0.06473100798927672 0.0 2.631666130744634e-07 0.0 0.0 0.0 3.3736769076848975e-07 0.0 0.0 0.0 4.005633703865759e-12 0.0 0.0 0.0 4.6853333413779786e-07 0.0 0.0 0.0 0.0 0.027133998481671938 0.0 0.0 0.0 0.042517585362793826 0.0 0.0 0.0 0.03240678274687627 0.0 0.0 0.0 0.01803522503803548 0.0 0.00039099031185135693 0.0 0.0 0.009114147331514314 3.055153965055037e-08 0.0 0.0 0.05811922611156665 0.0014236834532925593 0.0 0.0 0.012230521999426085 0.017602679313315956 0.0 0.0 0.004372624273828544 0.0035340219801760463 0.0 0.0 0.08256349881793326 4.341800038811363e-07 0.0 0.0 0.1448362266059253 0.012613301765321477 0.0 0.0 0.18679955021059808 0.08541610295887715 0.0 0.0 0.03822212666895541 0.0 0.01771996229717733 0.0 0.0 0.0 0.007360699593770169 0.0 0.0 0.0 1.1191879864143458e-07 0.0 0.0 0.0 0.013279409339839223 0.0 0.0 0.0 0.0 3.480546255792013e-08 0.0 0.0 0.0 3.0432821603087865e-07 0.0 0.0 0.0 7.890897004174026e-07 0.0 0.0 0.0 9.221607500453888e-08 0.0 0.00030806706678799145 0.0 0.0 0.00622720034978138 5.130056483991805e-09 0.0 0.0 0.03381763538933382 0.006167373091183308 0.0 0.0 0.06639033272354262 0.00621859382015844 0.0 0.0 0.001817687242275194 0.0028497854571382488 0.0 0.0 0.17745648350658583 1.730575894217374e-07 0.0 0.0 0.12247040928738084 0.007531081543544277 0.0 0.0 0.16538415181275073 0.16960438918193813 0.0 0.0 0.05455366837923407 0.0 0.18478545347078934 0.0 0.0 0.0 0.13280070904699215 0.0 0.0 0.0 1.0477682588088387e-06 0.0 0.0 0.0 0.3015452003119537 0.0 0.0 0.0 0.0 0.01158357120573928 0.0 0.0 0.0 0.045139140831900085 0.0 0.0 0.0 0.04289286125479307 0.0 0.0 0.0 0.22249585398419341 0.0 0.005668425218288285 0.0 0.0 0.12696365506810195 5.357827675152514e-08 0.0 0.0 0.06114619846537298 0.00010177699025148854 0.0 0.0 0.045082675305064907 0.07583070048068422 0.0 0.0 0.02144042827879721 0.000936189956189164 0.0 0.0 0.038273465350172044 6.415248052307796e-08 0.0 0.0 0.047299980801084225 0.0003274242559353632 0.0 0.0 0.03433113451545638 0.07205236524980119 0.0 0.0 0.043056972233130174
0.0 0.006630040905037379 0.0 0.0 0.0 0.003066882077734831 0.0 0.0 0.0 2.7057265406513846e-08 0.0 0.0 0.0 0.004101227748040241 0.0 0.0 0.0 0.0 0.045359200791791385 0.0 0.0 0.0 0.07223248456405183 0.0 0.0 0.0 0.07020641763121441 0.0 0.0 0.0 0.14635454493437675 0.0 0.00012921505148268976 0.0 0.0 0.030332209662383543 6.090462093514502e-14 0.0 0.0 0.0021281791171425587 0.005645122791317529 0.0 0.0 0.020209933906512628 0.042070629526061394 0.0 0.0 0.01983262403241749 0.004662170928262432 0.0 0.0 0.10669705650005154 3.0497020101383107e-12 0.0 0.0 0.11638234807696918 0.010075650049952893 0.0 0.0 0.03922026894299389 0.06820771899816797 0.0 0.0 0.0586005689792019 0.0 0.0 0.0 0.0 0.0 3.922296689982729e-07 0.0 0.0 0.0 7.83935123058356e-12 0.0 0.0 0.0 4.6513906832617725e-07 0.0 0.0 0.0 0.0 0.0 0.0 0.0 0.0 0.05648047902684856 0.0 0.0 0.0 0.07905595790929573 0.0 0.0 0.0 0.14094633795331335 0.0 0.0 0.0 0.0 0.0 2.2329820421341955e-07 0.0 0.0 0.09635583760211924 0.0071350831289031715 0.0 0.0 0.08799410067098716 0.007970972168655057 0.0 0.0 0.004005884645017835 0.0 0.0 0.0 0.0 2.2528269545697576e-07 0.0 0.0 0.137877683318977 0.02338301293356553 0.0 0.0 0.2869565799469316 0.22825276398163147 0.0 0.0 0.10334831070983651 0.0 0.014795631139893977 0.0 0.0 0.0 0.012045583774853047 0.0 0.0 0.0 4.690173540769592e-08 0.0 0.0 0.0 0.02596618956408435 0.0 0.0 0.0 0.0 7.0376142748336116e-09 0.0 0.0 0.0 4.6905162422978946e-08 0.0 0.0 0.0 1.1666778340240635e-13 0.0 0.0 0.0 3.338066878189762e-06 0.0 0.0013971768111501314 0.0 0.0 0.029996041473381266 1.0117909635394257e-08 0.0 0.0 0.03761525196692531 1.2285063992586283e-05 0.0 0.0 0.0001946861484969637 0.03699187650559535 0.0 0.0 0.046239660224351206 0.0013339707164362314 0.0 0.0 0.049382119741028616 2.1712966548710937e-07 0.0 0.0 0.19260125740424536 0.002570703947354 0.0 0.0 0.04567475139805663 0.18621065171438542 0.0 0.0 0.09220807160272348 0.0 0.312726975876503 0.0 0.0 0.0 0.2641980108629688 0.0 0.0 0.0 3.3180429313899175e-06 0.0 0.0 0.0 0.25141094635209377 0.0 0.0 0.0 0.0 0.07498870625797306 0.0 0.0 0.0 0.07474909101901639 0.0 0.0 0.0 0.0031846127711756245 0.0 0.0 0.0 0.1337265317417653 0.0 0.005114727701326475 0.0 0.0 0.1316515861427149 1.6318945936795817e-07 0.0 0.0 0.14294268243548897 0.0008722593484961536 0.0 0.0 0.02282772907647782 0.10424979309477816 0.0 0.0 0.022682538794007442 0.0011609165794198982 0.0 0.0 0.0557867689590896 8.11543704711672e-08 0.0 0.0 0.09953965285572305 0.003113334116984917 0.0 0.0 0.06690369356343857 0.1271898063907367 0.0 0.0 0.03907501206315009
0.0 0.01087485109074289 0.0 0.0 0.0 0.001174178493580162 0.0 0.0 0.0 7.984515848209195e-08 0.0 0.0 0.0 0.0038374891294976 0.0 0.0 0.0 0.0 0.10812689639599704 0.0 0.0 0.0 0.005317642616861612 0.0 0.0 0.0 0.07003944866500383 0.0 0.0 0.0 0.17420281123545378 0.0 0.0001889733525476136 0.0 0.0 0.0060248981512676485 1.5459965749012564e-08 0.0 0.0 0.0038993203446409013 0.0013047870883784224 0.0 0.0 0.09283683272840264 0.022793938098568767 0.0 0.0 0.006161101394131625 0.008655634391441173 0.0 0.0 0.11612010810366977 8.954632715953431e-08 0.0 0.0 0.025321805179433846 0.0074973967450423125 0.0 0.0 0.2568780746177276 0.12974378529899627 0.0 0.0 0.05610444289225583 0.0 8.764545143425927e-08 0.0 0.0 0.0 1.0500629290854688e-07 0.0 0.0 0.0 3.6217544876971336e-13 0.0 0.0 0.0 5.767702975773663e-08 0.0 0.0 0.0 0.0 0.0017130800351939904 0.0 0.0 0.0 0.001174178493580162 0.0 0.0 0.0 0.033965594402654585 0.0 0.0 0.0 0.04030942758806466 0.0 1.4752044863052956e-15 0.0 0.0 4.021515109675244e-09 7.018236242368872e-09 0.0 0.0 0.005317635598625371 0.0028001367483795054 0.0 0.0 0.0510973675691312 0.01366234126564705 0.0 0.0 0.009879614007605488 1.1124314633239715e-08 0.0 0.0 0.033999868814332805 3.439848702748853e-08 0.0 0.0 0.029221091125587715 0.0013642267524088946 0.0 0.0 0.017911829449491976 0.026033277090087112 0.0 0.0 0.01725443729399422 0.0 0.026886544124691443 0.0 0.0 0.0 0.0017130800351939904 0.0 0.0 0.0 2.293576534794367e-07 0.0 0.0 0.0 0.00675127010959534 0.0 0.0 0.0 0.0 7.890831372314891e-07 0.0 0.0 0.0 4.021516584879731e-09 0.0 0.0 0.0 1.658433573002746e-07 0.0 0.0 0.0 7.822465721314195e-08 0.0 0.00034332175943617573 0.0 0.0 0.018780786399334073 1.2344749291050119e-09 0.0 0.0 0.00042778476099632136 0.0012035568559836346 0.0 0.0 0.03279465558457878 0.04033106526796592 0.0 0.0 0.012074190934064097 0.00328539011956621 0.0 0.0 0.3078336849219293 8.641097650515427e-08 0.0 0.0 0.03357209517765112 0.014935338672811407 0.0 0.0 0.4153357250161382 0.15946883336889695 0.0 0.0 0.031365923580486545 0.0 0.3199253160524306 0.0 0.0 0.0 0.07427491698442633 0.0 0.0 0.0 7.279694941928079e-07 0.0 0.0 0.0 0.1265321431808607 0.0 0.0 0.0 0.0 0.02336910110357511 0.0 0.0 0.0 0.07626528109718307 0.0 0.0 0.0 0.0019501538858182211 0.0 0.0 0.0 0.03164534247333929 0.0 0.0018322966730990496 0.0 0.0 0.06737350841139761 2.051201233254075e-13 0.0 0.0 0.004367495602151767 0.0037891714176105412 0.0 0.0 0.07082372500069346 0.08374218824931651 0.0 0.0 0.020592610317463685 0.0015809711385728023 0.0 0.0 0.05018847795144768 1.6260463543204668e-08 0.0 0.0 0.02365754825961735 0.0024565093465195352 0.0 0.0 0.028118867302292384 0.043811494393165014 0.0 0.0 0.015093686153139697
0.0 0.0022591873505906604 0.0 0.0 0.0 0.004407634244977105 0.0 0.0 0.0 0.0 0.0 0.0 0.0 0.00226481262233214 0.0 0.0 0.0 0.0 0.0028718511884222708 0.0 0.0 0.0 0.050742455634121005 0.0 0.0 0.0 0.0 0.0 0.0 0.0 0.07513037507897062 0.0 8.603123003816897e-15 0.0 0.0 2.9658158975520156e-13 4.89697444705077e-10 0.0 0.0 0.0031602353780670095 0.0 0.0 0.0 0.0 0.0008920665041835426 0.0 0.0 0.00017519205051430786 0.0008074889932518811 0.0 0.0 0.0312098128977621 9.584229279921404e-09 0.0 0.0 0.16457970725090082 0.0 0.0 0.0 0.0 0.11652063339029485 0.0 0.0 0.02790696293569712 0.0 0.0 0.0 0.0 0.0 2.1887040391298205e-08 0.0 0.0 0.0 8.11291940759573e-12 0.0 0.0 0.0 1.7516391790760598e-07 0.0 0.0 0.0 0.0 0.0 0.0 0.0 0.0 0.03806547134692702 0.0 0.0 0.0 0.10796595880363424 0.0 0.0 0.0 0.010073197580618 0.0 0.0 0.0 0.0 0.0 3.5802200705914397e-13 0.0 0.0 0.021024014304652755 0.006080491684763474 0.0 0.0 0.17718607635313774 0.028403269659547294 0.0 0.0 0.009051524360586996 0.0 0.0 0.0 0.0 3.0005516125141133e-13 0.0 0.0 0.015207173321385959 0.01676335930019998 0.0 0.0 0.3606742415961296 0.0724353473602543 0.0 0.0 0.028629847596403923 0.0 0.030131842095359164 0.0 0.0 0.0 0.007767594697126594 0.0 0.0 0.0 9.908462596304918e-08 0.0 0.0 0.0 0.014006740197584855 0.0 0.0 0.0 0.0 9.908493114776192e-08 0.0 0.0 0.0 2.870586919608295e-12 0.0 0.0 0.0 1.536727730258329e-12 0.0 0.0 0.0 8.778449238203366e-08 0.0 4.6517698318011957e-10 0.0 0.0 5.881221830950514e-09 4.643364131254797e-09 0.0 0.0 0.022859876447572855 0.007366447373011708 0.0 0.0 0.06149672039437666 0.017781096895486053 0.0 0.0 0.005965093159211896 0.006833948406110299 0.0 0.0 0.2602208275098574 1.149810417670708e-07 0.0 0.0 0.1179657709493525 0.019893543533925185 0.0 0.0 0.17128157262484847 0.1620448037240482 0.0 0.0 0.06024056125150137 0.0 0.09635365245556406 0.0 0.0 0.0 0.14392937690203517 0.0 0.0 0.0 0.0 0.0 0.0 0.0 0.32905628609743665 0.0 0.0 0.0 0.0 0.0013555441494140707 0.0 0.0 0.0 0.15293744937912765 0.0 0.0 0.0 0.0 0.0 0.0 0.0 0.189484342247466 0.0 0.0008998957873855485 0.0 0.0 0.03131166523079588 5.22746826674494e-08 0.0 0.0 0.09622407272261334 0.0 0.0 0.0 0.0 0.11242548428568569 0.0 0.0 0.03382683239029271 0.00039030056596659125 0.0 0.0 0.018282303532202254 1.508539785074201e-08 0.0 0.0 0.05268911880012858 0.0 0.0 0.0 0.0 0.08401969310639729 0.0 0.0 0.03130251090969589
0.0 0.006599021325616805 0.0 0.0 0.0 0.0026978801955841497 0.0 0.0 0.0 4.5776634797578686e-08 0.0 0.0 0.0 0.004054717561751247 0.0 0.0 0.0 0.0 0.04007976133538737 0.0 0.0 0.0 0.051445351506043624 0.0 0.0 0.0 0.052965791204031235 0.0 0.0 0.0 0.029779098249189943 0.0 0.00048725515604678706 0.0 0.0 0.01681822530768192 8.125237893026683e-08 0.0 0.0 0.021810423611151417 0.0019849105576240558 0.0 0.0 0.07487375364913733 0.0029232312929357933 0.0 0.0 0.002015754355503311 0.0009665827317369494 0.0 0.0 0.11306506646361048 1.1844581978514483e-07 0.0 0.0 0.10206205730910249 0.005221660525812939 0.0 0.0 0.13197770676688017 0.06193378684174951 0.0 0.0 0.047640005298937124 0.0 7.965233586021263e-07 0.0 0.0 0.0 3.7487952434937266e-08 0.0 0.0 0.0 3.671809993449974e-12 0.0 0.0 0.0 1.2745117043726594e-07 0.0 0.0 0.0 0.0 0.07792210600281126 0.0 0.0 0.0 0.0019705523890161092 0.0 0.0 0.0 0.0076287559769382795 0.0 0.0 0.0 0.026468749389725606 0.0 0.00012507468392049655 0.0 0.0 0.005231180692378935 1.3666701614493302e-23 0.0 0.0 6.32087683782313e-13 0.0037248107818292253 0.0 0.0 0.05583251859516772 0.006616325021882847 0.0 0.0 0.002355781012369553 0.004888648397535589 0.0 0.0 0.14918674346010227 5.341702855918809e-13 0.0 0.0 0.027698728841878607 0.008461339428422957 0.0 0.0 0.1913764436940906 0.06215121774269877 0.0 0.0 0.021085074262206335 0.0 0.010879692651609032 0.0 0.0 0.0 0.012382222743682914 0.0 0.0 0.0 2.2640527951934512e-07 0.0 0.0 0.0 0.007846759648094163 0.0 0.0 0.0 0.0 2.270623321547779e-08 0.0 0.0 0.0 1.2210071916509639e-07 0.0 0.0 0.0 1.176414230619366e-07 0.0 0.0 0.0 6.308139064624207e-07 0.0 0.000263035318120829 0.0 0.0 0.004059405439668614 3.420726359312457e-08 0.0 0.0 0.009988673722405106 0.001269885926523448 0.0 0.0 0.04966593181300308 0.0024772548099959435 0.0 0.0 0.0003819390606308739 0.0037577028427154937 0.0 0.0 0.09971741592170634 5.734824980046012e-07 0.0 0.0 0.2149829235035384 0.009167866642647706 0.0 0.0 0.32559711493129734 0.15433785499277164 0.0 0.0 0.042640791714694676 0.0 0.15679049179406773 0.0 0.0 0.0 0.09891002333127175 0.0 0.0 0.0 5.467267461229931e-07 0.0 0.0 0.0 0.05338149203579322 0.0 0.0 0.0 0.0 0.0029117451380276816 0.0 0.0 0.0 0.020469664792401972 0.0 0.0 0.0 0.002070358961065685 0.0 0.0 0.0 0.03983132780531374 0.0 0.0022125153815949223 0.0 0.0 0.04337268172988566 5.5184948515773745e-08 0.0 0.0 0.04568798936285446 7.15371720958056e-09 0.0 0.0 3.7300460252946254e-07 0.0035526902705006343 0.0 0.0 0.0012534941700318356 0.0006508503479159343 0.0 0.0 0.0314162653686152 9.889271028512622e-08 0.0 0.0 0.04261739947590676 0.00046415490866105654 0.0 0.0 0.02713387796522078 0.015090192915343702 0.0 0.0 0.0055680776830704035
0.0 0.0013441712668654637 0.0 0.0 0.0 0.0006831795673813125 0.0 0.0 0.0 4.153719109371545e-08 0.0 0.0 0.0 0.0024778649784342895 0.0 0.0 0.0 0.0 6.838322264337904e-08 0.0 0.0 0.0 0.10842644286385292 0.0 0.0 0.0 0.09966715165300208 0.0 0.0 0.0 0.08828289945382718 0.0 4.5045589609570404e-10 0.0 0.0 0.0014317481203843026 8.296274447298453e-10 0.0 0.0 0.022091896872063577 0.002682416161005783 0.0 0.0 0.03183780945517451 0.0035413412128155767 0.0 0.0 0.0006253034123148537 7.818874362938542e-09 0.0 0.0 0.027862820550780928 5.118575378506658e-09 0.0 0.0 0.021992557701417403 0.004809975141207333 0.0 0.0 0.13675195536767165 0.09215930437902095 0.0 0.0 0.02738500269767239 0.0 2.0217653133027534e-07 0.0 0.0 0.0 1.7317820115696177e-07 0.0 0.0 0.0 1.5691736432349574e-12 0.0 0.0 0.0 1.4597109127951353e-07 0.0 0.0 0.0 0.0 0.023014361847392032 0.0 0.0 0.0 0.004235479948306965 0.0 0.0 0.0 0.011519805069446675 0.0 0.0 0.0 0.05046132044137163 0.0 4.895001318313472e-09 0.0 0.0 2.0328455973642842e-07 4.233784511651087e-09 0.0 0.0 0.002114653848333797 0.0020383050493025297 0.0 0.0 0.09818388578320525 0.03814002054290098 0.0 0.0 0.020530809733738106 0.0021942109451270017 0.0 0.0 0.0667074666231394 1.1769168462809778e-07 0.0 0.0 0.08556602087143973 0.0038310049098222326 0.0 0.0 0.0988987153207394 0.07080982843544108 0.0 0.0 0.03452959100954215 0.0 0.007514352248221821 0.0 0.0 0.0 0.01251376308293671 0.0 0.0 0.0 1.2639382569558673e-07 0.0 0.0 0.0 0.005654389851058982 0.0 0.0 0.0 0.0 2.4037292602744498e-09 0.0 0.0 0.0 2.5651432760548206e-07 0.0 0.0 0.0 2.8664328266679456e-08 0.0 0.0 0.0 2.817187651037461e-08 0.0 0.00014293010578074374 0.0 0.0 0.010872761341836472 9.207130778844256e-08 0.0 0.0 0.0395020391015917 0.0017147244077322366 0.0 0.0 0.048901687095035944 0.0229671037090508 0.0 0.0 0.011526122654054177 0.00022941882499914192 0.0 0.0 0.07315698484718337 2.5758447458475384e-07 0.0 0.0 0.1624553077794468 0.010299422625113219 0.0 0.0 0.15355572694804986 0.1461894970231466 0.0 0.0 0.028134574724898175 0.0 0.28751783666228614 0.0 0.0 0.0 0.07603385147799814 0.0 0.0 0.0 1.4782167567986514e-07 0.0 0.0 0.0 0.1617730398355901 0.0 0.0 0.0 0.0 0.039196083879498 0.0 0.0 0.0 0.048345708044338714 0.0 0.0 0.0 0.02444047509961288 0.0 0.0 0.0 0.05683221835485629 0.0 0.0011723786756664886 0.0 0.0 0.07326210160207944 6.506557767225305e-09 0.0 0.0 0.0035810970703938406 0.00012711473255012156 0.0 0.0 0.0022793542298383267 0.08056291437486962 0.0 0.0 0.020894728040758738 0.0007663056339672054 0.0 0.0 0.05766754240525674 3.729138083698672e-08 0.0 0.0 0.025233382562248715 0.00017966854930974877 0.0 0.0 0.003612056157596833 0.05994486745467308 0.0 0.0 0.01829684761683897
0.0 0.001751045838362675 0.0 0.0 0.0 0.0024089029236399016 0.0 0.0 0.0 1.5342800756277167e-07 0.0 0.0 0.0 0.0002501283296918985 0.0 0.0 0.0 0.0 0.031894325424957556 0.0 0.0 0.0 0.01667749081412903 0.0 0.0 0.0 0.08513030277794716 0.0 0.0 0.0 0.05063845208051414 0.0 4.3077533335651e-10 0.0 0.0 0.0009067764980428155 2.735726996020436e-14 0.0 0.0 0.00173791260940019 0.002634640247195817 0.0 0.0 0.04552588016199893 0.0017562321696544525 0.0 0.0 0.007433154481095555 1.1357750490973292e-08 0.0 0.0 0.039572781088235545 1.38317479967375e-12 0.0 0.0 0.09036310460860696 0.010156773659596005 0.0 0.0 0.22717695291587658 0.010502875393154807 0.0 0.0 0.0035440981840135443 0.0 1.340821012732914e-07 0.0 0.0 0.0 1.442409392424931e-07 0.0 0.0 0.0 5.398763233284113e-12 0.0 0.0 0.0 1.0247919565446224e-07 0.0 0.0 0.0 0.0 0.001622502060222674 0.0 0.0 0.0 0.03533827726044306 0.0 0.0 0.0 0.015106527369163418 0.0 0.0 0.0 0.04031583352339594 0.0 8.765569989123215e-10 0.0 0.0 3.000602147925416e-08 1.300009287594705e-13 0.0 0.0 0.008391375061666132 0.004333990626804143 0.0 0.0 0.0741745541630422 0.04136831461263414 0.0 0.0 0.010559202502774392 0.0008999648559558088 0.0 0.0 0.03453983843820397 1.6354779752273059e-12 0.0 0.0 0.1045200847114349 0.00942033710753562 0.0 0.0 0.34171423455680233 0.041703711863096515 0.0 0.0 0.014302716295152234 0.0 0.02245636604871217 0.0 0.0 0.0 0.015955683476315118 0.0 0.0 0.0 4.145645474118891e-07 0.0 0.0 0.0 0.02089361028435415 0.0 0.0 0.0 0.0 1.0427720039972695e-06 0.0 0.0 0.0 2.750006263848037e-06 0.0 0.0 0.0 5.969402294929979e-08 0.0 0.0 0.0 3.83545464437793e-07 0.0 6.3442966721018746e-09 0.0 0.0 0.007334468243208424 1.5185715788012128e-08 0.0 0.0 0.014286621236793067 0.002325648410780179 0.0 0.0 0.0407038226605689 0.010460341491510948 0.0 0.0 0.008290554139422299 0.0022572734212433095 0.0 0.0 0.22738813540397082 2.624816867726188e-07 0.0 0.0 0.26625443016572314 0.021017308468597496 0.0 0.0 0.38070239003022954 0.16552166971394758 0.0 0.0 0.1654581440159226 0.0 0.16013302512837174 0.0 0.0 0.0 0.06784697620723393 0.0 0.0 0.0 3.6704735931017766e-06 0.0 0.0 0.0 0.14709052434133282 0.0 0.0 0.0 0.0 0.02647672634100622 0.0 0.0 0.0 0.07841760759131208 0.0 0.0 0.0 0.012499432112860184 0.0 0.0 0.0 0.05084059938939603 0.0 0.0007610609550786408 0.0 0.0 0.039978676292512706 3.9365813662943664e-08 0.0 0.0 0.019135223458624107 0.00232433744533961 0.0 0.0 0.025490771777060363 0.037251117475157886 0.0 0.0 0.01685404176918357 0.0004919122780447835 0.0 0.0 0.031595891238421325 3.1865383158502854e-08 0.0 0.0 0.019912473106944162 0.0074588626780705235 0.0 0.0 0.10047280678932503 0.06650993343137523 0.0 0.0 0.015016016465114322
0.0 0.012903473106666593 0.0 0.0 0.0 0.006135892355336696 0.0 0.0 0.0 3.561704244638154e-08 0.0 0.0 0.0 0.0022651258565933533 0.0 0.0 0.0 0.0 0.04490367590295552 0.0 0.0 0.0 0.019222661082706646 0.0 0.0 0.0 0.08428719762687983 0.0 0.0 0.0 0.07450197297461994 0.0 0.0004255194244605849 0.0 0.0 0.009217613905618127 1.8540293655751517e-08 0.0 0.0 0.013851562340194207 6.147626543721301e-06 0.0 0.0 0.0009812997010494751 0.04506022936522548 0.0 0.0 0.012310471246643251 0.007262144830660214 0.0 0.0 0.1803219521626076 2.133320712587418e-07 0.0 0.0 0.17939054892051354 0.004690615286204855 0.0 0.0 0.09220211795154301 0.06753444373951183 0.0 0.0 0.016928653388522133 0.0 7.324760746671309e-09 0.0 0.0 0.0 2.7126088255720604e-07 0.0 0.0 0.0 4.4434914271069305e-12 0.0 0.0 0.0 2.6878959890187763e-07 0.0 0.0 0.0 0.0 0.007234599268769972 0.0 0.0 0.0 0.029674851244018533 0.0 0.0 0.0 0.03979603239040564 0.0 0.0 0.0 0.004170865060981716 0.0 0.0003835886335765798 0.0 0.0 0.02588907343528299 8.376392842865836e-09 0.0 0.0 0.011549714093545167 0.002756175436140598 0.0 0.0 0.04822774990443037 0.022781479462046988 0.0 0.0 0.008672669447179806 3.816691080930338e-05 0.0 0.0 0.0028880471886530744 1.3094576242812322e-07 0.0 0.0 0.10450895512680912 0.008296815660658733 0.0 0.0 0.2652580542224478 0.12965419238092352 0.0 0.0 0.05332142143038503 0.0 0.016872888421603796 0.0 0.0 0.0 0.008266687430951563 0.0 0.0 0.0 1.8228352192531566e-07 0.0 0.0 0.0 0.005279741729325133 0.0 0.0 0.0 0.0 4.369079746543858e-08 0.0 0.0 0.0 6.035642483686656e-07 0.0 0.0 0.0 8.350682958528571e-08 0.0 0.0 0.0 3.09644172712518e-08 0.0 0.0006777258556504999 0.0 0.0 0.009219788452744612 1.4940863643576574e-08 0.0 0.0 0.03015400969442713 0.002370253988095924 0.0 0.0 0.06009168247761285 0.02153017100701785 0.0 0.0 0.006011967455771242 0.008982160692314374 0.0 0.0 0.18284828945800527 8.62456190786146e-08 0.0 0.0 0.14374601193315356 0.009883617819621262 0.0 0.0 0.2919890075428452 0.11817764421970915 0.0 0.0 0.031167858433022673 0.0 0.19313913873413083 0.0 0.0 0.0 0.06647349691700505 0.0 0.0 0.0 5.438212848275173e-07 0.0 0.0 0.0 0.20650272090338295 0.0 0.0 0.0 0.0 0.029714543287505547 0.0 0.0 0.0 0.07136234289762179 0.0 0.0 0.0 0.00597230034806868 0.0 0.0 0.0 0.1129709511760508 0.0 0.002708634383601273 0.0 0.0 0.09355307906580132 5.397932959613477e-08 0.0 0.0 0.05781368717794339 0.0014648988818602429 0.0 0.0 0.016231236264937488 0.029237382218138822 0.0 0.0 0.008330957142310748 0.0008265862045662588 0.0 0.0 0.04439284594292148 2.101935319337376e-08 0.0 0.0 0.022951294579862943 0.0009509751662770803 0.0 0.0 0.011813528279424343 0.05824272692580414 0.0 0.0 0.02191705477654458
0.0 0.0058574227301276035 0.0 0.0 0.0 0.004014425235098845 0.0 0.0 0.0 7.725621506519562e-08 0.0 0.0 0.0 0.004113544506734799 0.0 0.0 0.0 0.0 0.0797881027839262 0.0 0.0 0.0 0.015079673090092194 0.0 0.0 0.0 0.1641168825940651 0.0 0.0 0.0 0.07949162705993151 0.0 0.0021015537566446735 0.0 0.0 0.057374054810391366 8.666340986959484e-09 0.0 0.0 0.005566133546232777 0.0016142805279293867 0.0 0.0 0.036947489372003074 0.015469863051447217 0.0 0.0 0.0035739622394714786 0.004435553486022181 0.0 0.0 0.09802704737211997 1.972084038764121e-07 0.0 0.0 0.11681598221910676 0.01171765925340845 0.0 0.0 0.24540197588352405 0.07737945815422263 0.0 0.0 0.0321861749361055 0.0 9.096099229455138e-08 0.0 0.0 0.0 4.494329794335393e-08 0.0 0.0 0.0 2.8315802035572818e-12 0.0 0.0 0.0 9.28773752531658e-08 0.0 0.0 0.0 0.0 0.0008216534884788461 0.0 0.0 0.0 0.0013330019703836902 0.0 0.0 0.0 0.07484686301240666 0.0 0.0 0.0 0.003648899445297386 0.0 5.940946654287491e-05 0.0 0.0 0.0038063751372490935 5.728437190560055e-14 0.0 0.0 0.002018848226376939 0.00027046120188237036 0.0 0.0 0.03562871343058155 0.007209852732569733 0.0 0.0 0.0019851937249329376 0.00042126076728195614 0.0 0.0 0.030260315170773783 8.103067751280611e-13 0.0 0.0 0.0320172098503927 0.005655353165054144 0.0 0.0 0.13118234412647575 0.07401589843767949 0.0 0.0 0.019247377756101768 0.0 0.02367222628603389 0.0 0.0 0.0 0.005405764746516237 0.0 0.0 0.0 1.6857677344156702e-07 0.0 0.0 0.0 0.011479524533667127 0.0 0.0 0.0 0.0 4.961653818260353e-08 0.0 0.0 0.0 4.149523707474277e-08 0.0 0.0 0.0 7.508999337419128e-08 0.0 0.0 0.0 7.963405145542865e-08 0.0 0.0018565201195138517 0.0 0.0 0.07048788976143801 4.047998599464205e-10 0.0 0.0 0.0005303161604643923 0.007445962431312466 0.0 0.0 0.10271871712072779 0.04784013209954601 0.0 0.0 0.008084282598662782 0.002675544240831769 0.0 0.0 0.1842606099061952 2.2503541274912193e-08 0.0 0.0 0.10017116966339774 0.013853967563403876 0.0 0.0 0.22967215913097772 0.18445726990580397 0.0 0.0 0.06646065615013837 0.0 0.3089465455508612 0.0 0.0 0.0 0.07123018299165357 0.0 0.0 0.0 0.0 0.0 0.0 0.0 0.14685290417586377 0.0 0.0 0.0 0.0 0.042037540081517735 0.0 0.0 0.0 0.034566137364479825 0.0 0.0 0.0 0.0 0.0 0.0 0.0 0.06428243077596317 0.0 0.001349693122990206 0.0 0.0 0.07522302018638123 1.2003698925504125e-13 0.0 0.0 0.006757868108789821 0.0 0.0 0.0 0.0 0.05095412009115706 0.0 0.0 0.017524743991597105 0.0010859347683487997 0.0 0.0 0.06652473616836478 4.2344490812487127e-13 0.0 0.0 0.02892223149980878 0.0 0.0 0.0 0.0 0.054506650858703314 0.0 0.0 0.01957020001990419
0.0 0.005032133916612178 0.0 0.0 0.0 0.008981467068933144 0.0 0.0 0.0 3.583213442491114e-08 0.0 0.0 0.0 0.004306991999956777 0.0 0.0 0.0 0.0 0.07397554302325632 0.0 0.0 0.0 0.11996460933868905 0.0 0.0 0.0 0.03722289621043501 0.0 0.0 0.0 0.09612316299551223 0.0 0.0009980702363503345 0.0 0.0 0.03401505635507003 3.44302116571204e-08 0.0 0.0 0.04842287527435998 0.00727205912507003 0.0 0.0 0.06949786340390364 0.04016221954854326 0.0 0.0 0.006226812710636231 0.0018612358880994253 0.0 0.0 0.07480135568630691 1.8388599961478393e-07 0.0 0.0 0.20399762021319703 0.007528938673100987 0.0 0.0 0.11683245063747488 0.143089289433269 0.0 0.0 0.04378746474704914 0.0 3.909038713177285e-07 0.0 0.0 0.0 5.627834448150382e-07 0.0 0.0 0.0 5.981267083860046e-12 0.0 0.0 0.0 1.8244320454513972e-07 0.0 0.0 0.0 0.0 0.09626088252822626 0.0 0.0 0.0 0.05474553046554925 0.0 0.0 0.0 0.040738765662272754 0.0 0.0 0.0 0.04594866903128732 0.0 0.003692367035568262 0.0 0.0 0.04278695024390505 1.0754791681539568e-07 0.0 0.0 0.10439335741210513 0.0023130862025594018 0.0 0.0 0.07199353072269102 0.008605350644412944 0.0 0.0 0.002221431733351276 0.002005140623904418 0.0 0.0 0.1412793613230675 4.1832350135445666e-07 0.0 0.0 0.31756851123172075 0.007507781536181353 0.0 0.0 0.25881362608170466 0.09049033954496817 0.0 0.0 0.04341742170847094 0.0 0.021430586879999342 0.0 0.0 0.0 0.008402627444359973 0.0 0.0 0.0 1.4356063004681295e-07 0.0 0.0 0.0 0.01376881298932058 0.0 0.0 0.0 0.0 6.08457026810466e-08 0.0 0.0 0.0 1.6784598188293486e-06 0.0 0.0 0.0 3.727734264115495e-08 0.0 0.0 0.0 2.47842685799076e-07 0.0 5.581494833871113e-09 0.0 0.0 1.6692412835624904e-07 1.2815729751950933e-08 0.0 0.0 0.005498809694950734 0.00040169053622802966 0.0 0.0 0.007546657862267925 0.08345096280150326 0.0 0.0 0.027091294955221487 0.006567717803272839 0.0 0.0 0.16268485707109717 2.4466334500333856e-07 0.0 0.0 0.12910917325106713 0.01523097895220872 0.0 0.0 0.21517473569344173 0.17637309572402113 0.0 0.0 0.08068237589863818 0.0 0.2928883945018475 0.0 0.0 0.0 0.2216299989105932 0.0 0.0 0.0 1.8450268042118181e-06 0.0 0.0 0.0 0.1782120045041445 0.0 0.0 0.0 0.0 0.028212033775234225 0.0 0.0 0.0 0.06748100765824029 0.0 0.0 0.0 0.046027902021473964 0.0 0.0 0.0 0.054567048481677934 0.0 0.001431566252995288 0.0 0.0 0.05042704375516905 3.9100953586293146e-08 0.0 0.0 0.01724817845881226 0.0001043966178350096 0.0 0.0 0.0014659218502223804 0.09941934866190133 0.0 0.0 0.02654263365327435 0.0014478411216463738 0.0 0.0 0.05463075958092173 1.5055455711781664e-07 0.0 0.0 0.07500741552823396 0.0032432392311264146 0.0 0.0 0.04449839280538562 0.05114163658477039 0.0 0.0 0.01915496710204567
0.0 0.0026673636813993517 0.0 0.0 0.0 0.0013322358343968482 0.0 0.0 0.0 1.3173594116777518e-07 0.0 0.0 0.0 0.0002701134925268433 0.0 0.0 0.0 0.0 0.012442124090008319 0.0 0.0 0.0 0.030583385969727574 0.0 0.0 0.0 0.19661759274700938 0.0 0.0 0.0 0.02735348984951126 0.0 1.7160116174657678e-08 0.0 0.0 0.016688669904506438 2.4623628557466426e-08 0.0 0.0 0.024806301174172606 0.0023856636677068886 0.0 0.0 0.05564275504986629 8.888268341859412e-05 0.0 0.0 6.72322051487143e-05 1.8926517150939262e-08 0.0 0.0 0.057327373192158075 4.188544388440654e-08 0.0 0.0 0.032403577467336034 0.015222267200312707 0.0 0.0 0.2945935136456318 0.027964809707335517 0.0 0.0 0.0036725166985294034 0.0 6.630117006632296e-08 0.0 0.0 0.0 3.565571644511392e-08 0.0 0.0 0.0 1.9126194543006155e-12 0.0 0.0 0.0 5.900007754171987e-08 0.0 0.0 0.0 0.0 0.0013890070366501873 0.0 0.0 0.0 0.0010888813533266335 0.0 0.0 0.0 0.02235134921881113 0.0 0.0 0.0 0.01645337919112836 0.0 2.509321658454779e-10 0.0 0.0 4.633307576401739e-09 2.4863849691347987e-09 0.0 0.0 0.0032683940016164804 0.0012417156960676586 0.0 0.0 0.013902352846501436 0.012744152410791305 0.0 0.0 0.003953697126897157 0.0013049547971226102 0.0 0.0 0.027014489299052563 1.720148129419378e-08 0.0 0.0 0.025351191619709338 0.0033714362810284247 0.0 0.0 0.10767575754685461 0.04429154427346635 0.0 0.0 0.01168273495234478 0.0 0.018702128107485602 0.0 0.0 0.0 0.0040202318762934345 0.0 0.0 0.0 1.484347165296143e-07 0.0 0.0 0.0 0.012679699194138876 0.0 0.0 0.0 0.0 6.79193072021072e-08 0.0 0.0 0.0 2.002321035735362e-08 0.0 0.0 0.0 4.677475230346543e-08 0.0 0.0 0.0 1.4545467557535408e-07 0.0 8.321306726991706e-05 0.0 0.0 0.008947196262527353 7.487835330313921e-13 0.0 0.0 0.036707151280186034 0.004808686844539387 0.0 0.0 0.08943711109473208 0.05322096878949358 0.0 0.0 0.025515673151519813 0.002319252587306994 0.0 0.0 0.20761632060198426 6.630195371640927e-08 0.0 0.0 0.07810661979054837 0.009748555803993376 0.0 0.0 0.19309067422961806 0.15563858219698914 0.0 0.0 0.07973867671376988 0.0 0.23966885737773805 0.0 0.0 0.0 0.03593011343350958 0.0 0.0 0.0 0.0 0.0 0.0 0.0 0.1568863936468204 0.0 0.0 0.0 0.0 0.08128334649274274 0.0 0.0 0.0 0.0034380321062341813 0.0 0.0 0.0 0.0 0.0 0.0 0.0 0.08511488673458674 0.0 0.0002466015398515746 0.0 0.0 0.047866924256991024 4.347308464512798e-09 0.0 0.0 0.0056866516578074795 0.0 0.0 0.0 0.0 0.05998562399793398 0.0 0.0 0.0151360954300094 0.0003157807060180398 0.0 0.0 0.046537802081951 4.1119270029544e-09 0.0 0.0 0.014362238979683625 0.0 0.0 0.0 0.0 0.0785508003986395 0.0 0.0 0.020245512247302394
0.0 0.0 0.0 0.0 0.0 0.002033972440986191 0.0 0.0 0.0 2.4569242059601514e-08 0.0 0.0 0.0 0.00012002248235696535 0.0 0.0 0.0 0.0 0.0 0.0 0.0 0.0 0.040593152308677244 0.0 0.0 0.0 0.08042079878475303 0.0 0.0 0.0 0.03774641481133788 0.0 0.0 0.0 0.0 0.0 1.3427616030313954e-08 0.0 0.0 0.008623703936887151 8.098906217864695e-05 0.0 0.0 0.008866887088636357 0.011688096197965979 0.0 0.0 0.0038873623126236103 0.0 0.0 0.0 0.0 6.679802544468307e-08 0.0 0.0 0.07366347393439711 0.0035274894856095716 0.0 0.0 0.06324678956781683 0.007525811084159426 0.0 0.0 0.0014894845348507463 0.0 1.6875600775186266e-07 0.0 0.0 0.0 3.894239611903925e-08 0.0 0.0 0.0 2.8943493421615078e-12 0.0 0.0 0.0 1.4603060195160877e-07 0.0 0.0 0.0 0.0 0.005341654328009622 0.0 0.0 0.0 0.04592497772143163 0.0 0.0 0.0 0.08982375459167814 0.0 0.0 0.0 0.08781932810272859 0.0 0.0001310766536915058 0.0 0.0 0.004707077738154206 8.59833147914995e-09 0.0 0.0 0.005058384624355088 0.002355388944918295 0.0 0.0 0.04590907897145491 0.08035290139889273 0.0 0.0 0.030246294054955915 0.0005260772319968811 0.0 0.0 0.05175113671543463 1.8339871680558157e-08 0.0 0.0 0.011473763196908602 0.003714904902111349 0.0 0.0 0.13925423399176867 0.059936455593421076 0.0 0.0 0.022702236224225434 0.0 0.0 0.0 0.0 0.0 0.0007386750075311048 0.0 0.0 0.0 1.7542436855126636e-07 0.0 0.0 0.0 0.018196778039279656 0.0 0.0 0.0 0.0 0.0 0.0 0.0 0.0 2.972849109607558e-13 0.0 0.0 0.0 4.309883578686411e-08 0.0 0.0 0.0 1.8719825820349566e-07 0.0 0.0 0.0 0.0 0.0 2.877581006942442e-13 0.0 0.0 0.01589989298762088 0.0015595113190654262 0.0 0.0 0.09723119489645049 0.050896453560815506 0.0 0.0 0.011061809709286986 0.0 0.0 0.0 0.0 2.3551738818606887e-13 0.0 0.0 0.014590027715674756 0.00795393272546424 0.0 0.0 0.23676969536393577 0.24694291754935407 0.0 0.0 0.0788735981944205 0.0 0.1587601971487604 0.0 0.0 0.0 0.22613702835293456 0.0 0.0 0.0 0.0 0.0 0.0 0.0 0.22476770386072542 0.0 0.0 0.0 0.0 0.027805397697898148 0.0 0.0 0.0 0.08224208095434796 0.0 0.0 0.0 0.0 0.0 0.0 0.0 0.1330371717607179 0.0 0.0012329137272496166 0.0 0.0 0.061785769825993146 1.6268924378653634e-07 0.0 0.0 0.08846410995685515 0.0 0.0 0.0 0.0 0.08029171244875107 0.0 0.0 0.0268284332249498 0.0002639518796472125 0.0 0.0 0.031209131125277158 8.38782884751225e-08 0.0 0.0 0.07158546984303958 0.0 0.0 0.0 0.0 0.07203058152906054 0.0 0.0 0.025159119985446714
0.0 0.0 0.0 0.0 0.0 0.0012352790012321354 0.0 0.0 0.0 1.146022720415391e-07 0.0 0.0 0.0 0.004677249244822534 0.0 0.0 0.0 0.0 0.0 0.0 0.0 0.0 0.01003731239002237 0.0 0.0 0.0 0.10779351115173469 0.0 0.0 0.0 0.03768824982527271 0.0 0.0 0.0 0.0 0.0 5.505951562342368e-14 0.0 0.0 0.003365259953496711 0.0018577654377203443 0.0 0.0 0.018466718542939964 0.00018893295294766894 0.0 0.0 7.15193256117616e-05 0.0 0.0 0.0 0.0 6.722952109769705e-13 0.0 0.0 0.04754141533965908 0.015778855725055694 0.0 0.0 0.260268267993672 0.11859140873970064 0.0 0.0 0.05641007330962648 0.0 1.596182829407688e-08 0.0 0.0 0.0 5.7058084660076114e-08 0.0 0.0 0.0 5.345405275190506e-12 0.0 0.0 0.0 1.1425324756356884e-07 0.0 0.0 0.0 0.0 0.016907777830453958 0.0 0.0 0.0 0.026978940591128327 0.0 0.0 0.0 0.0113180114634743 0.0 0.0 0.0 0.027281638293031242 0.0 2.1901730761227875e-09 0.0 0.0 0.007455665532166405 1.8050644568947123e-09 0.0 0.0 0.030206137151091127 0.0003254485360473052 0.0 0.0 0.013584205393977145 0.0005580660186080858 0.0 0.0 0.00016371234339910353 1.7623548800725082e-09 0.0 0.0 0.006726170065592209 8.103337032324775e-09 0.0 0.0 0.03608375531900087 0.011512956378799719 0.0 0.0 0.2741557116480443 0.0068982448984423505 0.0 0.0 0.027277490878409315 0.0 0.03587862907203499 0.0 0.0 0.0 0.012267243328284135 0.0 0.0 0.0 3.14057176112938e-07 0.0 0.0 0.0 0.009682592909901117 0.0 0.0 0.0 0.0 1.318035706515842e-07 0.0 0.0 0.0 9.709406282334877e-07 0.0 0.0 0.0 1.4542136349573519e-06 0.0 0.0 0.0 6.838885238968404e-08 0.0 0.002558636224265668 0.0 0.0 0.07125510748888483 1.2268208624977999e-08 0.0 0.0 0.024909942704720533 0.000730605040563354 0.0 0.0 0.017513502300198925 0.0016333997421431842 0.0 0.0 0.002833395050546417 0.0025818703419416074 0.0 0.0 0.35407012520783465 8.652406411238425e-08 0.0 0.0 0.14935954428950726 0.022888607294056004 0.0 0.0 0.5184789172606095 0.06261036796742214 0.0 0.0 0.047598709311410047 0.0 0.1196404283331665 0.0 0.0 0.0 0.06898378879048689 0.0 0.0 0.0 2.2069355410885663e-06 0.0 0.0 0.0 0.0574075302025887 0.0 0.0 0.0 0.0 0.007042286578746899 0.0 0.0 0.0 0.015276015048747782 0.0 0.0 0.0 0.00489797898652765 0.0 0.0 0.0 0.04653834398985267 0.0 0.0006346105797819794 0.0 0.0 0.03152427372666025 3.771688105472798e-08 0.0 0.0 0.04926198144018215 1.732077969180857e-08 0.0 0.0 0.008920204720239496 0.01996488779939758 0.0 0.0 0.006830278116516929 0.00013752174980950036 0.0 0.0 0.027558679087247802 4.086022328696068e-08 0.0 0.0 0.02192630285632293 0.006066439473077 0.0 0.0 0.07338205259154157 0.01621034396610654 0.0 0.0 0.008496782638381682
0.0 0.009076320233440027 0.0 0.0 0.0 0.003763208614884731 0.0 0.0 0.0 4.245173191811138e-08 0.0 0.0 0.0 0.0024028975962116484 0.0 0.0 0.0 0.0 0.004706846826839093 0.0 0.0 0.0 0.03756544116695642 0.0 0.0 0.0 0.11673731822701999 0.0 0.0 0.0 0.013767799602262255 0.0 0.00013968041259253568 0.0 0.0 0.004443824636661899 7.557527347698955e-09 0.0 0.0 0.001623158295237342 0.0019704367701586863 0.0 0.0 0.02445421135402124 0.024526779285239247 0.0 0.0 0.0035444120218590456 0.005849333524980631 0.0 0.0 0.14686943427924123 5.393923927745735e-07 0.0 0.0 0.12813308488675676 0.0024497032199631173 0.0 0.0 0.11101644784773804 0.0627175587350336 0.0 0.0 0.02135463269471073 0.0 4.664522005143759e-07 0.0 0.0 0.0 6.158935564000457e-07 0.0 0.0 0.0 5.780780803292279e-12 0.0 0.0 0.0 4.510847931449891e-07 0.0 0.0 0.0 0.0 0.004189706233875657 0.0 0.0 0.0 0.03884032630706037 0.0 0.0 0.0 0.12860994435742978 0.0 0.0 0.0 0.08496693695795143 0.0 0.0004480261604006089 0.0 0.0 0.00698982152279504 1.5563309586341188e-08 0.0 0.0 0.00669158271329602 0.002522209308838813 0.0 0.0 0.0618160658154864 0.022201485521163914 0.0 0.0 0.011072404965804514 0.005893691648793969 0.0 0.0 0.1535637278956896 3.1021996070461346e-07 0.0 0.0 0.1683239491950111 0.014678960636541907 0.0 0.0 0.22008641966031056 0.16658054794984992 0.0 0.0 0.10012041332638652 0.0 0.01163379330333513 0.0 0.0 0.0 0.015540558548164829 0.0 0.0 0.0 1.8036681733447673e-07 0.0 0.0 0.0 0.012970737739533939 0.0 0.0 0.0 0.0 4.544356859244743e-08 0.0 0.0 0.0 1.7450188114593146e-06 0.0 0.0 0.0 1.2565987161527521e-07 0.0 0.0 0.0 2.022975850652207e-06 0.0 4.490727478615211e-05 0.0 0.0 0.001740422313107667 1.847684542815627e-07 0.0 0.0 0.10535581957356321 3.8745556134699566e-08 0.0 0.0 0.06717622431535034 0.042620739670639785 0.0 0.0 0.04467166062304912 0.002397405958393969 0.0 0.0 0.11249750564212502 4.010512799452241e-07 0.0 0.0 0.2640435308456757 0.008551393451560297 0.0 0.0 0.3092142772667936 0.1687859596208643 0.0 0.0 0.07311975919757278 0.0 0.15206682583410205 0.0 0.0 0.0 0.23730254634325287 0.0 0.0 0.0 3.613870371287802e-06 0.0 0.0 0.0 0.15032692180472498 0.0 0.0 0.0 0.0 0.051805911829014006 0.0 0.0 0.0 0.0674551527693441 0.0 0.0 0.0 0.008133604205716675 0.0 0.0 0.0 0.03830633942118893 0.0 0.00033933026536734896 0.0 0.0 0.019280429858368593 3.772555856736775e-08 0.0 0.0 0.08031721697556658 0.002515515322104127 0.0 0.0 0.03251961718283607 0.0010653753130021094 0.0 0.0 0.0010055763144498598 0.0001300936509531117 0.0 0.0 0.03300556843282787 5.209743514641872e-08 0.0 0.0 0.08540995385166977 0.005708189895493059 0.0 0.0 0.07943353945879524 0.051201461756658385 0.0 0.0 0.014722485260608695
0.0 0.005678943725570802 0.0 0.0 0.0 0.0 0.0 0.0 0.0 8.053843091426854e-08 0.0 0.0 0.0 0.0045203255918355445 0.0 0.0 0.0 0.0 0.007693106815694618 0.0 0.0 0.0 0.0 0.0 0.0 0.0 0.16197279907898032 0.0 0.0 0.0 0.05307286655438638 0.0 1.0216387574297687e-09 0.0 0.0 3.45723434390553e-08 0.0 0.0 0.0 0.0 0.0008944006945251953 0.0 0.0 0.08894565302414723 0.0029604689422739433 0.0 0.0 0.0008165557657349405 0.0023293012367089634 0.0 0.0 0.0870329029811724 0.0 0.0 0.0 0.0 0.012845801083589676 0.0 0.0 0.19764557216940712 0.15075536700089504 0.0 0.0 0.04471014202769656 0.0 0.0 0.0 0.0 0.0 4.559968564922979e-07 0.0 0.0 0.0 6.445855219544118e-12 0.0 0.0 0.0 3.4116987074014293e-07 0.0 0.0 0.0 0.0 0.0 0.0 0.0 0.0 0.05483747174855313 0.0 0.0 0.0 0.10850278617071182 0.0 0.0 0.0 0.11701111961221511 0.0 0.0 0.0 0.0 0.0 1.0289780411886289e-08 0.0 0.0 0.07322862521969632 0.0005837058791795565 0.0 0.0 0.012784519983139597 0.04344645373286995 0.0 0.0 0.009686809905558914 0.0 0.0 0.0 0.0 3.5906612819015856e-07 0.0 0.0 0.23150309391493684 0.008362891870782851 0.0 0.0 0.2807032575022562 0.18369238363098567 0.0 0.0 0.05710005336101559 0.0 0.031240273099838192 0.0 0.0 0.0 0.019617277698025747 0.0 0.0 0.0 4.5163872466696334e-07 0.0 0.0 0.0 0.011571264125514673 0.0 0.0 0.0 0.0 1.2294593062609328e-07 0.0 0.0 0.0 2.7581887703821113e-07 0.0 0.0 0.0 2.949168240976291e-07 0.0 0.0 0.0 1.049043239012961e-07 0.0 0.0003479984239220793 0.0 0.0 0.013708029488916376 5.3762966073523526e-09 0.0 0.0 0.002306828446265767 0.00885813537745022 0.0 0.0 0.19481173693977033 0.04132536403123419 0.0 0.0 0.009117812728263472 0.008410060160986822 0.0 0.0 0.3058635321163574 2.6070453449541706e-07 0.0 0.0 0.3376453681919518 0.028207014518669585 0.0 0.0 0.6413638346101576 0.11871447469716813 0.0 0.0 0.07610670539631806 0.0 0.18850028447678344 0.0 0.0 0.0 0.2529077848336302 0.0 0.0 0.0 2.6640235422677816e-07 0.0 0.0 0.0 0.19204746619799906 0.0 0.0 0.0 0.0 0.08984003696858672 0.0 0.0 0.0 0.07228781827134279 0.0 0.0 0.0 3.0645602754414415e-08 0.0 0.0 0.0 0.0460115111996878 0.0 0.00014200197168378362 0.0 0.0 0.09052173021155514 2.1028585819283366e-08 0.0 0.0 0.020068591783508706 0.0025074555726483476 0.0 0.0 0.0920315364722079 0.006768952179972283 0.0 0.0 0.004055313050451218 8.841979856179791e-05 0.0 0.0 0.04184468798534506 5.425704904961186e-08 0.0 0.0 0.06567289123839931 0.00016986156525785375 0.0 0.0 0.008025139695057892 0.0857923376953678 0.0 0.0 0.02489443591247328
0.0 0.0032427509044633475 0.0 0.0 0.0 0.0015083579285276566 0.0 0.0 0.0 9.225529525364174e-08 0.0 0.0 0.0 0.0012905684326731683 0.0 0.0 0.0 0.0 0.00965883233258118 0.0 0.0 0.0 0.005861876109290467 0.0 0.0 0.0 0.08821297367546962 0.0 0.0 0.0 0.039580080782919955 0.0 0.0001509545344082835 0.0 0.0 0.004985963823010933 1.313361626018958e-13 0.0 0.0 0.0067755320803445885 8.677942590717685e-09 0.0 0.0 0.00038835511019035365 0.005943746790401842 0.0 0.0 0.0015983504039348145 0.0009592926183892608 0.0 0.0 0.05173259274020383 9.32975202232832e-13 0.0 0.0 0.056584620833829785 0.013882754978991779 0.0 0.0 0.14507216963780917 0.04493692340448434 0.0 0.0 0.012745910615171085 0.0 0.0 0.0 0.0 0.0 1.1573680203626819e-07 0.0 0.0 0.0 5.398043858214773e-12 0.0 0.0 0.0 7.315697766406369e-08 0.0 0.0 0.0 0.0 0.0 0.0 0.0 0.0 0.03513062608555602 0.0 0.0 0.0 0.0756140009277835 0.0 0.0 0.0 0.028599679975166093 0.0 0.0 0.0 0.0 0.0 2.2985403132757925e-09 0.0 0.0 0.00957533353711018 0.002315631123252113 0.0 0.0 0.06718445023705444 0.021874776831184394 0.0 0.0 0.006905928382551691 0.0 0.0 0.0 0.0 4.746531993744109e-08 0.0 0.0 0.061389455306256675 0.007524296125955173 0.0 0.0 0.3071091367754258 0.0666889516618227 0.0 0.0 0.017391363898411047 0.0 0.014058765116064248 0.0 0.0 0.0 0.007688617848509562 0.0 0.0 0.0 3.32055812825463e-07 0.0 0.0 0.0 0.024824346379548435 0.0 0.0 0.0 0.0 4.858451561801775e-08 0.0 0.0 0.0 6.439329759362307e-08 0.0 0.0 0.0 1.1123367175760498e-06 0.0 0.0 0.0 1.8866791367990248e-07 0.0 7.21046157087189e-05 0.0 0.0 0.05576842089398444 2.6276232297462067e-09 0.0 0.0 0.026159657912676586 0.003664015439106211 0.0 0.0 0.09092818467710377 0.012936358086456483 0.0 0.0 0.006247225136846978 0.0022209272248216866 0.0 0.0 0.14007089442407566 4.72326208579642e-08 0.0 0.0 0.14297757736791414 0.019185320022305413 0.0 0.0 0.48742932456993676 0.24051535762380286 0.0 0.0 0.10449365234724378 0.0 0.11923671479965257 0.0 0.0 0.0 0.13014721547466637 0.0 0.0 0.0 9.896659383446299e-07 0.0 0.0 0.0 0.18891592126343318 0.0 0.0 0.0 0.0 0.005047121500472231 0.0 0.0 0.0 0.06686355582154906 0.0 0.0 0.0 0.03194788244953572 0.0 0.0 0.0 0.08742361220762429 0.0 0.0007345902519094866 0.0 0.0 0.027154370125468237 5.820143879756912e-08 0.0 0.0 0.10894352086829283 3.108865301646395e-09 0.0 0.0 0.003219566890746114 0.010303432594057445 0.0 0.0 0.003014200086053232 0.00016771020683121048 0.0 0.0 0.024485460498308263 3.107257029682884e-08 0.0 0.0 0.047697553326766534 3.192351648736835e-08 0.0 0.0 0.03556191291445477 0.041683305695107226 0.0 0.0 0.02231146291900849
0.0 0.01499678273327307 0.0 0.0 0.0 0.004029703979427121 0.0 0.0 0.0 5.706238149738908e-08 0.0 0.0 0.0 0.006448358306010543 0.0 0.0 0.0 0.0 0.025302478356724764 0.0 0.0 0.0 0.007463748466589239 0.0 0.0 0.0 0.06382392540490824 0.0 0.0 0.0 0.027984797690848332 0.0 0.0025698682394981187 0.0 0.0 0.04478583677431087 8.372929968309687e-09 0.0 0.0 0.003188047684170649 0.0025507029403576214 0.0 0.0 0.05293751248711064 0.02119508003216337 0.0 0.0 0.01490730144017312 0.012562773055892103 0.0 0.0 0.23948295630262106 2.0232558075772057e-07 0.0 0.0 0.1309043015122965 0.005137781653213022 0.0 0.0 0.16672204513401748 0.15799131346829787 0.0 0.0 0.06264517374449528 0.0 6.108975520366221e-07 0.0 0.0 0.0 5.7839669419696e-07 0.0 0.0 0.0 7.277446838034328e-12 0.0 0.0 0.0 3.397866919649255e-07 0.0 0.0 0.0 0.0 0.06861699959312723 0.0 0.0 0.0 0.04453025419311036 0.0 0.0 0.0 0.10015400409764513 0.0 0.0 0.0 0.11886687633620571 0.0 0.0003480458421261119 0.0 0.0 0.05582326187404825 7.983906661304841e-08 0.0 0.0 0.04124435643170897 0.0031671274866228085 0.0 0.0 0.04983937306402156 0.014535818968288766 0.0 0.0 0.004359342504559143 0.003691025372839899 0.0 0.0 0.21122075188262643 5.211794214141574e-07 0.0 0.0 0.3509822469829812 0.021670360752339107 0.0 0.0 0.3104558423954081 0.14270528096555302 0.0 0.0 0.05923303690102135 0.0 0.013878278572933736 0.0 0.0 0.0 0.023963595096198265 0.0 0.0 0.0 1.0264430058437223e-07 0.0 0.0 0.0 0.008153076279329874 0.0 0.0 0.0 0.0 5.001095693190014e-08 0.0 0.0 0.0 2.620909557050958e-08 0.0 0.0 0.0 2.74303122812696e-08 0.0 0.0 0.0 5.606359474492003e-08 0.0 0.002502963800579786 0.0 0.0 0.09393929774993141 7.3574571663103335e-09 0.0 0.0 0.037867377219732726 0.001370657932835007 0.0 0.0 0.026980296323487685 0.0009793159089994008 0.0 0.0 0.0003380406398424658 0.003853030402566607 0.0 0.0 0.1284697333646886 4.114894546737989e-07 0.0 0.0 0.3263979488707129 0.012098421827394892 0.0 0.0 0.15366517696299525 0.10057867953193861 0.0 0.0 0.03553684391728911 0.0 0.08013367689931572 0.0 0.0 0.0 0.3041742567477689 0.0 0.0 0.0 0.0 0.0 0.0 0.0 0.19634345592260552 0.0 0.0 0.0 0.0 0.042766641244885405 0.0 0.0 0.0 0.11732337714164705 0.0 0.0 0.0 0.0 0.0 0.0 0.0 0.050855211908105415 0.0 3.2691914955310215e-05 0.0 0.0 0.0033145967547239604 1.1910325030948744e-07 0.0 0.0 0.09489880520647781 0.0 0.0 0.0 0.0 0.07437346033558541 0.0 0.0 0.025087268683761363 0.00016524581840562428 0.0 0.0 0.019173159708708233 1.7942105474251296e-07 0.0 0.0 0.11447598252410962 0.0 0.0 0.0 0.0 0.06829244035886359 0.0 0.0 0.02180619981406146
0.0 0.01657315776891107 0.0 0.0 0.0 0.004075879348947615 0.0 0.0 0.0 6.076719710398142e-08 0.0 0.0 0.0 0.004549083083216231 0.0 0.0 0.0 0.0 0.17214688125720204 0.0 0.0 0.0 0.04119350143444293 0.0 0.0 0.0 0.05779892888202979 0.0 0.0 0.0 0.21092291026639082 0.0 0.0017277549500822032 0.0 0.0 0.10314462527573985 8.136397629200465e-14 0.0 0.0 0.003243314465464987 0.0018513145832057029 0.0 0.0 0.07461234544916256 0.01391033617014476 0.0 0.0 0.0028203847477556248 0.00656761915028781 0.0 0.0 0.31347173410995227 2.762623581907762e-12 0.0 0.0 0.15603122891902552 0.009734388799730978 0.0 0.0 0.183273240191834 0.24283739997018688 0.0 0.0 0.05677408860619097 0.0 0.0 0.0 0.0 0.0 0.0 0.0 0.0 0.0 3.461680013240752e-12 0.0 0.0 0.0 9.841518290245693e-08 0.0 0.0 0.0 0.0 0.0 0.0 0.0 0.0 0.0 0.0 0.0 0.0 0.006095917604742563 0.0 0.0 0.0 0.0839373896552095 0.0 0.0 0.0 0.0 0.0 0.0 0.0 0.0 0.0 0.0023944582463424815 0.0 0.0 0.03879904318896207 0.004818948318246936 0.0 0.0 0.0008398307671306732 0.0 0.0 0.0 0.0 0.0 0.0 0.0 0.0 0.010111336169550305 0.0 0.0 0.18805195379181094 0.057525102724664115 0.0 0.0 0.016513769456145907 0.0 0.022794799622313313 0.0 0.0 0.0 0.0020200382557949478 0.0 0.0 0.0 7.267552800025288e-08 0.0 0.0 0.0 0.012884689657624206 0.0 0.0 0.0 0.0 7.948848225483058e-08 0.0 0.0 0.0 8.616111478137241e-13 0.0 0.0 0.0 2.494395752597976e-08 0.0 0.0 0.0 6.731683141779423e-08 0.0 0.0004580079357194624 0.0 0.0 0.007860370110524414 1.4933980404020877e-14 0.0 0.0 0.0008408080970282164 0.002523695406526725 0.0 0.0 0.053026523931952535 0.003826455930556204 0.0 0.0 0.0008969451667003533 0.009205637974012413 0.0 0.0 0.20513381387381824 6.027584746369643e-13 0.0 0.0 0.03804793847984254 0.007863180294284315 0.0 0.0 0.10022164208433097 0.23924638267595572 0.0 0.0 0.07041573792549219 0.0 0.4426942644488412 0.0 0.0 0.0 0.11309512931787928 0.0 0.0 0.0 3.8303946025504836e-08 0.0 0.0 0.0 0.06607137450841738 0.0 0.0 0.0 0.0 0.02916311489595275 0.0 0.0 0.0 0.007760116297003511 0.0 0.0 0.0 0.005537935148292982 0.0 0.0 0.0 0.04368193847582731 0.0 0.004681274424331582 0.0 0.0 0.2392794049298258 6.72436247058342e-08 0.0 0.0 0.03832086841660336 0.0030879297523361726 0.0 0.0 0.030665465126013595 0.017126671347305233 0.0 0.0 0.01323100740979734 0.0025578865338385494 0.0 0.0 0.09979975145011044 4.443054881102203e-08 0.0 0.0 0.045367698465065394 0.0001332969592837861 0.0 0.0 0.0014841195442724438 0.017833317943813515 0.0 0.0 0.005690829651419288
0.0 0.0 0.0 0.0 0.0 0.004035031174992058 0.0 0.0 0.0 1.151344249298835e-07 0.0 0.0 0.0 0.001062523469768529 0.0 0.0 0.0 0.0 0.0 0.0 0.0 0.0 0.10401848962062549 0.0 0.0 0.0 0.11023217826679427 0.0 0.0 0.0 0.11997062163813002 0.0 0.0 0.0 0.0 0.0 2.139575912024625e-09 0.0 0.0 0.007790888342376465 0.0015436558576252398 0.0 0.0 0.0276620116948735 0.02700832676127642 0.0 0.0 0.00758255740363652 0.0 0.0 0.0 0.0 1.0641907739542252e-07 0.0 0.0 0.12679363872245936 0.012197964791744953 0.0 0.0 0.28511275580892914 0.029719284560646337 0.0 0.0 0.008767211301827466 0.0 1.9519634540235087e-07 0.0 0.0 0.0 1.1669130625118268e-07 0.0 0.0 0.0 7.043845147795265e-12 0.0 0.0 0.0 2.4344667770679943e-07 0.0 0.0 0.0 0.0 0.036586774453614156 0.0 0.0 0.0 0.031100160242659623 0.0 0.0 0.0 0.01884271587909918 0.0 0.0 0.0 0.04414544089856374 0.0 1.3231834659389403e-08 0.0 0.0 0.041325152196402704 1.1146294285018042e-08 0.0 0.0 0.008255443494810962 0.000582721462071547 0.0 0.0 0.08569214558269966 0.00297416783581656 0.0 0.0 0.0011052821336528754 0.00024138404757294646 0.0 0.0 0.06742937472569414 7.03541643912548e-08 0.0 0.0 0.057699460638407134 0.013008861555934696 0.0 0.0 0.31862223706754306 0.19622465398329123 0.0 0.0 0.04671599940492582 0.0 0.025669570288108165 0.0 0.0 0.0 0.017828178152101342 0.0 0.0 0.0 3.7351261409802783e-07 0.0 0.0 0.0 0.02683544254864123 0.0 0.0 0.0 0.0 1.0505076470368458e-07 0.0 0.0 0.0 3.651636290484605e-06 0.0 0.0 0.0 3.480513307168834e-07 0.0 0.0 0.0 5.981156754312703e-06 0.0 2.0045114668291603e-08 0.0 0.0 0.037934269073458565 2.52953954003717e-08 0.0 0.0 0.03863854171789267 0.0033668835971229776 0.0 0.0 0.09954794838714545 0.007367916045130962 0.0 0.0 0.00957540199379559 0.00383597835860344 0.0 0.0 0.22372584488687855 2.507778652247301e-07 0.0 0.0 0.3802780339748469 0.03076775164349733 0.0 0.0 0.44864827021414555 0.20418679581765717 0.0 0.0 0.1402495127085914 0.0 0.31353937066574683 0.0 0.0 0.0 0.10881176545553703 0.0 0.0 0.0 9.51614600906479e-06 0.0 0.0 0.0 0.15910872039486912 0.0 0.0 0.0 0.0 0.03500057615112836 0.0 0.0 0.0 0.0048126355840076565 0.0 0.0 0.0 0.057739551983430906 0.0 0.0 0.0 0.08945416614138967 0.0 0.0010059630557096237 0.0 0.0 0.07584896929815149 1.443929270331904e-08 0.0 0.0 0.04598067270828825 2.8768887089039723e-05 0.0 0.0 0.0049863215883643505 0.07440589528854429 0.0 0.0 0.05131960456939801 0.0011020041100535765 0.0 0.0 0.058779429557423386 7.47697078933399e-08 0.0 0.0 0.03450536217845175 0.00883693405786315 0.0 0.0 0.12250943247252881 0.039582332369799106 0.0 0.0 0.02287796279039187
0.0 0.0006760377823474653 0.0 0.0 0.0 0.0006834814794040117 0.0 0.0 0.0 3.2760323732212884e-08 0.0 0.0 0.0 0.003504638881601733 0.0 0.0 0.0 0.0 0.024844479012889775 0.0 0.0 0.0 0.04499503067842055 0.0 0.0 0.0 0.048258249794701856 0.0 0.0 0.0 0.10327151134468773 0.0 1.771975120536588e-05 0.0 0.0 0.0004077295413054326 1.0251826702265798e-07 0.0 0.0 0.03974123389473645 0.0017287799911322643 0.0 0.0 0.022144311608453305 0.0023114108805963774 0.0 0.0 0.0007121649878057214 0.00034768774634848855 0.0 0.0 0.008969545579173663 2.9177196002808252e-08 0.0 0.0 0.020369720491786533 0.01276867793146251 0.0 0.0 0.09141594498027734 0.06016251601748154 0.0 0.0 0.04161695436744803 0.0 0.0 0.0 0.0 0.0 2.0914134858521654e-07 0.0 0.0 0.0 3.585668604633361e-12 0.0 0.0 0.0 3.0749620201676597e-07 0.0 0.0 0.0 0.0 0.0 0.0 0.0 0.0 0.0026692616809920722 0.0 0.0 0.0 0.0724270597758744 0.0 0.0 0.0 0.05257288951540255 0.0 0.0 0.0 0.0 0.0 1.046978668476965e-09 0.0 0.0 0.0010426135383536635 0.0040688566617530135 0.0 0.0 0.0826311166747245 0.058816307361323636 0.0 0.0 0.014108876212475656 0.0 0.0 0.0 0.0 1.207358966823392e-07 0.0 0.0 0.10207739209624087 0.005022213745310937 0.0 0.0 0.15321954785818323 0.14545831075863866 0.0 0.0 0.04641210337538919 0.0 0.024294366021669914 0.0 0.0 0.0 0.010969457985776816 0.0 0.0 0.0 1.3002115604977659e-07 0.0 0.0 0.0 0.011031966605219852 0.0 0.0 0.0 0.0 4.684806636509433e-08 0.0 0.0 0.0 2.1674047703752177e-06 0.0 0.0 0.0 4.770961666607489e-08 0.0 0.0 0.0 2.6337416260079154e-06 0.0 0.00013891343339184905 0.0 0.0 0.0035340960241884577 3.500216126695433e-08 0.0 0.0 0.01764912237752833 0.005239191135510915 0.0 0.0 0.0907679809673928 0.010119722609497513 0.0 0.0 0.007649565736546885 0.002616761534118614 0.0 0.0 0.1457318132049158 1.6092143856927463e-07 0.0 0.0 0.18295825278794584 0.01155735514426113 0.0 0.0 0.2098040897414942 0.10542115079064054 0.0 0.0 0.07735415699609038 0.0 0.19639886702668252 0.0 0.0 0.0 0.11193818001822936 0.0 0.0 0.0 4.732919013963709e-06 0.0 0.0 0.0 0.25916196587686174 0.0 0.0 0.0 0.0 0.04221892731254581 0.0 0.0 0.0 0.10448320615016055 0.0 0.0 0.0 0.014413270006025124 0.0 0.0 0.0 0.09455685269462842 0.0 0.0005199706106219863 0.0 0.0 0.03913571911263059 5.4390707214066934e-08 0.0 0.0 0.030244264653430733 0.0007951484168682234 0.0 0.0 0.0105584800609463 0.11125003802000431 0.0 0.0 0.05555839801452679 0.0012231378279906394 0.0 0.0 0.03787217282896019 1.284746398723353e-08 0.0 0.0 0.035439877246169635 0.005115697607523633 0.0 0.0 0.07490226922943334 0.08461232641145484 0.0 0.0 0.029598008421387146
0.0 0.013301001273999725 0.0 0.0 0.0 0.008159460995207863 0.0 0.0 0.0 6.103221828971212e-08 0.0 0.0 0.0 0.005379866105382883 0.0 0.0 0.0 0.0 0.04517776302950984 0.0 0.0 0.0 0.1489536248335393 0.0 0.0 0.0 0.05635644413173777 0.0 0.0 0.0 0.08954548729802088 0.0 5.273392917629342e-05 0.0 0.0 0.0018877080393718245 1.746503685224601e-08 0.0 0.0 0.014367071907137628 0.003490124744713306 0.0 0.0 0.05130271717194045 0.018948756405524056 0.0 0.0 0.011168068788045146 0.0029631995218539066 0.0 0.0 0.09434936081688586 2.717040284651074e-07 0.0 0.0 0.09140583077971223 0.01108938883366842 0.0 0.0 0.19322479730731673 0.05841732482610182 0.0 0.0 0.07942677426158765 0.0 9.305925378054686e-08 0.0 0.0 0.0 7.40582585060769e-08 0.0 0.0 0.0 6.00478251144007e-12 0.0 0.0 0.0 4.671220391647787e-07 0.0 0.0 0.0 0.0 0.0008260164203747254 0.0 0.0 0.0 0.00206405139626034 0.0 0.0 0.0 0.17085162212313737 0.0 0.0 0.0 0.1304421605694903 0.0 0.00459456011012246 0.0 0.0 0.05556023707399356 1.15876341601561e-23 0.0 0.0 7.048301503502373e-13 0.00230833048921067 0.0 0.0 0.05066393817403053 0.004529328683078362 0.0 0.0 0.04952781448276067 0.007461977965929895 0.0 0.0 0.03671162644419054 7.407097907464697e-13 0.0 0.0 0.05051313008096812 0.012448391792061806 0.0 0.0 0.2895002727848796 0.10495605296001057 0.0 0.0 0.07858496494114829 0.0 0.03633590876000747 0.0 0.0 0.0 0.012895975532498312 0.0 0.0 0.0 3.5806645899927573e-07 0.0 0.0 0.0 0.017988778302332992 0.0 0.0 0.0 0.0 1.033899122543294e-06 0.0 0.0 0.0 9.301703123885322e-08 0.0 0.0 0.0 1.6998959887140533e-06 0.0 0.0 0.0 3.075705861240005e-06 0.0 0.00060371265281827 0.0 0.0 0.026516879380837275 3.679482060409804e-08 0.0 0.0 0.06691072366652608 0.00027567913226032604 0.0 0.0 0.07938997686556169 0.0621834751320238 0.0 0.0 0.012655900340043364 0.0093967752267147 0.0 0.0 0.24260922330209467 1.9119833204707627e-07 0.0 0.0 0.2356565130123866 0.01478157851586083 0.0 0.0 0.5364777739670593 0.28810709255172684 0.0 0.0 0.0922569778004041 0.0 0.2750409963396002 0.0 0.0 0.0 0.28312833992329806 0.0 0.0 0.0 5.483413321664707e-06 0.0 0.0 0.0 0.1112644987312129 0.0 0.0 0.0 0.0 0.048401275753808946 0.0 0.0 0.0 0.016166439767070176 0.0 0.0 0.0 0.021326617814027587 0.0 0.0 0.0 0.04873927692606122 0.0 0.0006924614709666672 0.0 0.0 0.05000378743636993 1.9585122105454052e-08 0.0 0.0 0.02422380045867373 0.01563761751470221 0.0 0.0 0.05116090115364051 0.06866078072497526 0.0 0.0 0.05835063215498319 0.0018548616912771 0.0 0.0 0.044624661603436956 9.749747545014136e-08 0.0 0.0 0.09709934706382035 0.007189909638820209 0.0 0.0 0.16756574815015018 0.06363650712399213 0.0 0.0 0.01738909309730269
0.0 0.0008089277108245635 0.0 0.0 0.0 0.00015277230117356094 0.0 0.0 0.0 1.674970925762567e-07 0.0 0.0 0.0 0.0026742904322474103 0.0 0.0 0.0 0.0 0.0391875850432881 0.0 0.0 0.0 0.041145265400834546 0.0 0.0 0.0 0.07142556169594695 0.0 0.0 0.0 0.11112189708712988 0.0 1.3804676074740018e-05 0.0 0.0 0.039053855083022705 2.2384945745894806e-09 0.0 0.0 0.0008164595197251294 0.0034514003146622896 0.0 0.0 0.037460805248368485 1.1443456131992644e-07 0.0 0.0 0.003326428357272849 0.0004055350205222235 0.0 0.0 0.01715278459024286 1.5153660977235386e-08 0.0 0.0 0.006196731448098819 0.012681803060659705 0.0 0.0 0.3097814767411584 0.052913981792854586 0.0 0.0 0.023208272143884337 0.0 3.359542197172531e-08 0.0 0.0 0.0 5.712325415096931e-08 0.0 0.0 0.0 2.6834333489119153e-12 0.0 0.0 0.0 3.082886666469228e-07 0.0 0.0 0.0 0.0 0.007891616133079793 0.0 0.0 0.0 0.06842115692386842 0.0 0.0 0.0 0.004788805694416287 0.0 0.0 0.0 0.07009545890069595 0.0 3.22459526541612e-08 0.0 0.0 0.07576542589402852 7.441784113850343e-13 0.0 0.0 0.04276802356513304 0.001765975772409126 0.0 0.0 0.03108142487684248 0.03506196311590877 0.0 0.0 0.005914727079210612 4.916584125112875e-09 0.0 0.0 0.012965379338908152 1.905957974956212e-08 0.0 0.0 0.03374448151338326 0.004071971918893458 0.0 0.0 0.15153680598270558 0.18849984733120442 0.0 0.0 0.03860641771822682 0.0 0.020388114549712996 0.0 0.0 0.0 0.01388284936606823 0.0 0.0 0.0 3.5477526256354904e-07 0.0 0.0 0.0 0.022030744055858243 0.0 0.0 0.0 0.0 2.1043569694597656e-07 0.0 0.0 0.0 2.114848058929978e-06 0.0 0.0 0.0 3.997644054086931e-07 0.0 0.0 0.0 3.427486558467155e-06 0.0 3.0823308506029054e-09 0.0 0.0 0.0001240728278155066 5.315093317841332e-09 0.0 0.0 0.004122056418803549 0.0050885520789592745 0.0 0.0 0.061325463017300894 0.06528736953773731 0.0 0.0 0.07409695474793945 0.0032380598721551577 0.0 0.0 0.2178057695422265 2.7846421008619883e-07 0.0 0.0 0.2718601719596915 0.01894148869746974 0.0 0.0 0.5426899404724409 0.20110093759020337 0.0 0.0 0.12059302720157918 0.0 0.24700324229847748 0.0 0.0 0.0 0.1371613588615645 0.0 0.0 0.0 5.556643192892842e-06 0.0 0.0 0.0 0.31705219898290227 0.0 0.0 0.0 0.0 0.03704346666526753 0.0 0.0 0.0 0.08278903537746748 0.0 0.0 0.0 0.12418482057626702 0.0 0.0 0.0 0.09774021914067249 0.0 0.00032541665368111025 0.0 0.0 0.06291210591798833 1.905419409379702e-08 0.0 0.0 0.009734258443190355 0.004073545656192337 0.0 0.0 0.09071251258417963 0.09327796097286907 0.0 0.0 0.017925183332761833 0.0007272913484492633 0.0 0.0 0.03847844561203708 5.972404922533073e-08 0.0 0.0 0.06018274491145993 0.006227303256433149 0.0 0.0 0.11297498371764818 0.06508018201079828 0.0 0.0 0.03697045436583496
0.0 0.00025941712546411486 0.0 0.0 0.0 0.00010757881525540841 0.0 0.0 0.0 3.1902149323136877e-08 0.0 0.0 0.0 0.00204060372463019 0.0 0.0 0.0 0.0 0.02510155500790578 0.0 0.0 0.0 0.029354843842647797 0.0 0.0 0.0 0.09644399396882843 0.0 0.0 0.0 0.1511401587538136 0.0 1.3092855320756113e-09 0.0 0.0 0.0036830677589098195 1.4752878865477424e-14 0.0 0.0 0.0005791837438227264 0.001485201710330738 0.0 0.0 0.059103671885015856 0.036741293014154255 0.0 0.0 0.008731568457354608 1.7101110332327178e-09 0.0 0.0 0.005393443658190422 9.987108320829415e-14 0.0 0.0 0.004395880168026152 0.005943664492779954 0.0 0.0 0.07808584202996256 0.056751411546483006 0.0 0.0 0.020094857062497952 0.0 0.0 0.0 0.0 0.0 8.0615910260278e-08 0.0 0.0 0.0 3.9087211121596044e-12 0.0 0.0 0.0 1.2164155241076136e-07 0.0 0.0 0.0 0.0 0.0 0.0 0.0 0.0 0.006183428452469617 0.0 0.0 0.0 0.02475448760658615 0.0 0.0 0.0 0.0900306099937611 0.0 0.0 0.0 0.0 0.0 3.607918443184512e-13 0.0 0.0 0.006179081134942641 0.0019418727612259602 0.0 0.0 0.03321554240545167 0.026405881309979583 0.0 0.0 0.017399184324534796 0.0 0.0 0.0 0.0 2.2616152423716477e-08 0.0 0.0 0.05651236031989768 0.0048141046838742615 0.0 0.0 0.1074614253882867 0.07167702490814488 0.0 0.0 0.035549583811094104 0.0 0.0 0.0 0.0 0.0 0.011253153950509671 0.0 0.0 0.0 9.522796435101461e-08 0.0 0.0 0.0 0.013861387129720269 0.0 0.0 0.0 0.0 0.0 0.0 0.0 0.0 7.538438613401557e-07 0.0 0.0 0.0 4.2592254555609e-08 0.0 0.0 0.0 1.5556561636252589e-06 0.0 0.0 0.0 0.0 0.0 1.2905631855458475e-08 0.0 0.0 0.03192381619310587 0.0001557352404310746 0.0 0.0 0.011905507835060072 0.05801961525804404 0.0 0.0 0.014808806920021036 0.0 0.0 0.0 0.0 1.0901733110816388e-07 0.0 0.0 0.12900958693889364 0.003820584476693829 0.0 0.0 0.15630546747692967 0.16810449143117964 0.0 0.0 0.08957900930353835 0.0 0.3017811344477314 0.0 0.0 0.0 0.10960771267114156 0.0 0.0 0.0 2.0478706985952072e-06 0.0 0.0 0.0 0.28711740043063666 0.0 0.0 0.0 0.0 0.08522243287098251 0.0 0.0 0.0 0.049602535797516695 0.0 0.0 0.0 0.005245499222953049 0.0 0.0 0.0 0.16294904503508734 0.0 0.0014134297296357888 0.0 0.0 0.10311894324219548 3.594303603675746e-08 0.0 0.0 0.023730885958943446 0.003996317749968546 0.0 0.0 0.05581057230595585 0.15558052813733378 0.0 0.0 0.06047065637175665 0.0009941988184666822 0.0 0.0 0.05846964600885521 2.1778744552248803e-08 0.0 0.0 0.023683727269817885 0.002276268976695684 0.0 0.0 0.035981753583328356 0.1252280498148891 0.0 0.0 0.03515399788709711
0.0 0.0 0.0 0.0 0.0 0.00048727630858882737 0.0 0.0 0.0 6.71234825182777e-08 0.0 0.0 0.0 0.0008969779220169066 0.0 0.0 0.0 0.0 0.0 0.0 0.0 0.0 0.017820850251531854 0.0 0.0 0.0 0.09779615787988143 0.0 0.0 0.0 0.04962366180451376 0.0 0.0 0.0 0.0 0.0 6.958612086089316e-16 0.0 0.0 3.869661756002866e-05 0.0015925434648133196 0.0 0.0 0.04124255330693396 0.022674874282450994 0.0 0.0 0.003083826248361101 0.0 0.0 0.0 0.0 2.7360767195043404e-13 0.0 0.0 0.017058669160748417 0.009623771715074659 0.0 0.0 0.2037998298968483 0.054190726854074577 0.0 0.0 0.01115190224339638 0.0 0.0 0.0 0.0 0.0 1.0201973255547477e-08 0.0 0.0 0.0 4.26065438737627e-12 0.0 0.0 0.0 5.62329162815336e-08 0.0 0.0 0.0 0.0 0.0 0.0 0.0 0.0 0.026569692660381422 0.0 0.0 0.0 0.04362429456485237 0.0 0.0 0.0 0.022393444494506077 0.0 0.0 0.0 0.0 0.0 2.5460275791810204e-14 0.0 0.0 0.0014294819644854984 0.0015404721934212462 0.0 0.0 0.09295998890267898 0.033215455316059524 0.0 0.0 0.012973021318282174 0.0 0.0 0.0 0.0 1.176575135304658e-13 0.0 0.0 0.0074063075117201315 0.008203459733946863 0.0 0.0 0.2431322003265776 0.02702321958768229 0.0 0.0 0.010611280066663967 0.0 0.014927483860441739 0.0 0.0 0.0 0.01258463600460222 0.0 0.0 0.0 4.052366850392963e-07 0.0 0.0 0.0 0.02788771663690004 0.0 0.0 0.0 0.0 7.676616240765051e-07 0.0 0.0 0.0 8.929103413272075e-08 0.0 0.0 0.0 9.35250307848198e-07 0.0 0.0 0.0 5.363436747244034e-07 0.0 1.4115375384192039e-08 0.0 0.0 0.04071008775029796 1.374608196002944e-12 0.0 0.0 0.008813331260660388 0.010076352902679546 0.0 0.0 0.10674393310865932 0.02835046898484071 0.0 0.0 0.012022579480332616 0.0004007241144461447 0.0 0.0 0.15639387653003517 4.6329339888337645e-08 0.0 0.0 0.22644034348391276 0.021316142361588943 0.0 0.0 0.3575391238819272 0.21396220373738933 0.0 0.0 0.14264240288130361 0.0 0.14274756411271697 0.0 0.0 0.0 0.07951550920457558 0.0 0.0 0.0 1.8561822125698662e-06 0.0 0.0 0.0 0.26286286106948664 0.0 0.0 0.0 0.0 0.06331981129889312 0.0 0.0 0.0 0.09772778749200547 0.0 0.0 0.0 0.06529537990917887 0.0 0.0 0.0 0.04130392515900686 0.0 0.000760511242147424 0.0 0.0 0.04654814773732111 6.919535669100079e-10 0.0 0.0 0.007984247491321731 0.00014381558251426663 0.0 0.0 0.005830306212759424 0.03763219635976797 0.0 0.0 0.012403745195910811 0.00022306433342151184 0.0 0.0 0.029644839985127278 1.941606470670231e-08 0.0 0.0 0.027205389736299535 0.0029036837845902 0.0 0.0 0.06744692768355837 0.07466314721800871 0.0 0.0 0.03140552540096362
0.0 0.007033934989520456 0.0 0.0 0.0 0.006860744165835811 0.0 0.0 0.0 4.019606539587151e-08 0.0 0.0 0.0 0.0027010137038023635 0.0 0.0 0.0 0.0 0.0163454090737255 0.0 0.0 0.0 0.14083392618886423 0.0 0.0 0.0 0.0287090329879976 0.0 0.0 0.0 0.08086777864970644 0.0 0.000612219956772366 0.0 0.0 0.013770276347222823 4.3464398303725915e-13 0.0 0.0 0.01019605731009019 0.0002502317653069376 0.0 0.0 0.0031836776190415084 0.007090411054844755 0.0 0.0 0.001290154574063001 0.004756524337512392 0.0 0.0 0.1509650175295841 1.5567465888532572e-07 0.0 0.0 0.2774467266873756 0.008557143146472853 0.0 0.0 0.10441241096086884 0.12108803105986152 0.0 0.0 0.028816838750643753 0.0 1.06927865949127e-06 0.0 0.0 0.0 0.0 0.0 0.0 0.0 2.180720373183664e-11 0.0 0.0 0.0 2.620766855070923e-07 0.0 0.0 0.0 0.0 0.01251136862124745 0.0 0.0 0.0 0.0 0.0 0.0 0.0 0.08713935303706168 0.0 0.0 0.0 0.08679593052620609 0.0 0.00020233035324717218 0.0 0.0 0.0055808237292095135 0.0 0.0 0.0 0.0 0.008982082615111998 0.0 0.0 0.12607059311514068 0.0012222479636326321 0.0 0.0 0.00028059278693635703 0.006057506429179316 0.0 0.0 0.3142428204985477 0.0 0.0 0.0 0.0 0.04036888188657187 0.0 0.0 0.8499685371717469 0.11069610447583855 0.0 0.0 0.04285908996362275 0.0 0.0057831253184077065 0.0 0.0 0.0 0.04788468313107245 0.0 0.0 0.0 6.455848330361905e-08 0.0 0.0 0.0 0.008581599123354428 0.0 0.0 0.0 0.0 1.1436354020329903e-08 0.0 0.0 0.0 1.7518329669819673e-06 0.0 0.0 0.0 2.4843363472724157e-08 0.0 0.0 0.0 5.706948571048207e-12 0.0 3.238470656732585e-09 0.0 0.0 1.1179650524463644e-07 1.0761400962323958e-07 0.0 0.0 0.11102955322619748 2.0260295880682437e-09 0.0 0.0 0.0022130503538700906 0.006021388172821714 0.0 0.0 0.002100893568410928 0.0010726299158846052 0.0 0.0 0.041514963852962154 1.0289513375934895e-06 0.0 0.0 0.9052414775332721 0.0021701345115354483 0.0 0.0 0.09235841482388688 0.11241092793713493 0.0 0.0 0.06436857342690848 0.0 0.25393801731370613 0.0 0.0 0.0 0.13483127310688447 0.0 0.0 0.0 1.68334203552037e-06 0.0 0.0 0.0 0.0 0.0 0.0 0.0 0.0 0.007536239496449255 0.0 0.0 0.0 0.0015029925416083375 0.0 0.0 0.0 0.005516699127892576 0.0 0.0 0.0 0.0 0.0 0.0030728413887375085 0.0 0.0 0.12060414735632945 7.066032181295297e-08 0.0 0.0 0.052590415240073955 1.8561351355056912e-13 0.0 0.0 3.5275558814745547e-12 0.0 0.0 0.0 0.0 0.000821677435420008 0.0 0.0 0.04936468703661696 3.066331851859203e-08 0.0 0.0 0.052929445580714794 0.001920996180103582 0.0 0.0 0.0409314669048395 0.0 0.0 0.0 0.0
0.0 0.0059911900383916965 0.0 0.0 0.0 0.004234537361072985 0.0 0.0 0.0 0.0 0.0 0.0 0.0 0.011259654638605702 0.0 0.0 0.0 0.0 0.03731433931807075 0.0 0.0 0.0 0.13309079648549518 0.0 0.0 0.0 0.0 0.0 0.0 0.0 0.33284286041849853 0.0 2.823678064734085e-05 0.0 0.0 0.0008730896138348987 1.3805466386910304e-08 0.0 0.0 0.004775036438670093 0.0 0.0 0.0 0.0 0.03484639415737132 0.0 0.0 0.01848534188711837 0.0015803417919496526 0.0 0.0 0.06686440948623311 2.4140292684309705e-07 0.0 0.0 0.15830365991737502 0.0 0.0 0.0 0.0 0.3278271395968933 0.0 0.0 0.1384009298581565 0.0 9.776593749987456e-07 0.0 0.0 0.0 0.0 0.0 0.0 0.0 5.26437364485785e-12 0.0 0.0 0.0 1.0735683102208987e-07 0.0 0.0 0.0 0.0 0.011252515286102459 0.0 0.0 0.0 0.0 0.0 0.0 0.0 0.003852764055547089 0.0 0.0 0.0 0.02174250631184078 0.0 0.0010522882060772334 0.0 0.0 0.04026028766272944 0.0 0.0 0.0 0.0 0.010341066156084188 0.0 0.0 0.09064017667585683 0.017247355368631336 0.0 0.0 0.0024405364353610385 0.0053548634924626606 0.0 0.0 0.20493281742788397 0.0 0.0 0.0 0.0 0.008705619741576411 0.0 0.0 0.11176358742392598 0.0076131637018632126 0.0 0.0 0.02605740217822423 0.0 0.0027816396075446203 0.0 0.0 0.0 0.006975788089679107 0.0 0.0 0.0 0.0 0.0 0.0 0.0 0.021577684207898455 0.0 0.0 0.0 0.0 7.529067333171268e-07 0.0 0.0 0.0 3.0181657065007537e-06 0.0 0.0 0.0 0.0 0.0 0.0 0.0 2.239927519143753e-06 0.0 0.00018988898451023403 0.0 0.0 0.00430565150123727 5.858427023261647e-09 0.0 0.0 0.006137662054057711 0.0 0.0 0.0 0.0 0.009578144063755355 0.0 0.0 0.003137729939746264 0.001145745158561104 0.0 0.0 0.02912685751778925 3.4917117285512943e-07 0.0 0.0 0.13708531936646007 0.0 0.0 0.0 0.0 0.1575497704063871 0.0 0.0 0.14610925254207593 0.0 0.4944741889167532 0.0 0.0 0.0 0.02174250631184078 0.0 0.0 0.0 6.0109946945879876e-06 0.0 0.0 0.0 0.055720365113644525 0.0 0.0 0.0 0.0 0.010440505172201867 0.0 0.0 0.0 0.019687891803992375 0.0 0.0 0.0 0.01949631834618677 0.0 0.0 0.0 0.037130150323727046 0.0 0.009896947904711647 0.0 0.0 0.2272357388645867 1.0149659314618586e-07 0.0 0.0 0.027813013168976525 0.004083172429786155 0.0 0.0 0.08181582169970408 0.03100274802127716 0.0 0.0 0.009870213395017435 0.002237069719150509 0.0 0.0 0.11937786997923983 5.8602378759040325e-09 0.0 0.0 0.005857552711110921 0.008205253577675427 0.0 0.0 0.18679770836295947 0.011392676300842987 0.0 0.0 0.005085989550994097
0.0 0.0016558573673010517 0.0 0.0 0.0 0.002354130700073423 0.0 0.0 0.0 2.059537676429889e-08 0.0 0.0 0.0 0.004006395791832125 0.0 0.0 0.0 0.0 0.026554945821477077 0.0 0.0 0.0 0.07863112451685271 0.0 0.0 0.0 0.055551197127141315 0.0 0.0 0.0 0.036816483175287684 0.0 0.0004213233955137483 0.0 0.0 0.029520585297127346 3.2771004429920604e-07 0.0 0.0 0.027348209281343225 0.0015218144691649732 0.0 0.0 0.03362026469051253 0.0007875826655667253 0.0 0.0 0.009363738738419057 0.0007778612893911378 0.0 0.0 0.037018510247361656 6.116133726314387e-08 0.0 0.0 0.08356431346669309 0.0007343571192106975 0.0 0.0 0.05249597112585171 0.03967670430177007 0.0 0.0 0.05327272045438236 0.0 3.879107658023893e-07 0.0 0.0 0.0 3.710010806095302e-07 0.0 0.0 0.0 2.0928492430257804e-12 0.0 0.0 0.0 3.3258792676126656e-07 0.0 0.0 0.0 0.0 0.007744264655114845 0.0 0.0 0.0 0.0533940654802911 0.0 0.0 0.0 0.04947043913098715 0.0 0.0 0.0 0.11268536042403263 0.0 0.0017067167174703718 0.0 0.0 0.055713094472731636 1.884947749113472e-07 0.0 0.0 0.0730433854347073 0.004023159740564563 0.0 0.0 0.08157468358961101 0.039949930295804764 0.0 0.0 0.013636125800261046 0.0016894853942412836 0.0 0.0 0.029095134267848047 1.8563221585708142e-07 0.0 0.0 0.11343451250236018 0.0036530206851268965 0.0 0.0 0.1011514053970475 0.1085045330684856 0.0 0.0 0.061045509787091154 0.0 0.005802622084316348 0.0 0.0 0.0 0.0032851441420967287 0.0 0.0 0.0 4.446160012405173e-07 0.0 0.0 0.0 0.05337520643482971 0.0 0.0 0.0 0.0 1.9701380287989962e-08 0.0 0.0 0.0 2.329796489120729e-13 0.0 0.0 0.0 2.248118087688274e-06 0.0 0.0 0.0 1.6603926616049996e-05 0.0 2.964750439396433e-08 0.0 0.0 1.0047703766115876e-06 3.2531244206883046e-08 0.0 0.0 0.0062361830260441176 0.0007207344629433772 0.0 0.0 0.011050073306109307 0.09994903335781384 0.0 0.0 0.047724280636480654 0.0010813974502991823 0.0 0.0 0.041089468055209154 1.7891451955989332e-07 0.0 0.0 0.038453003094948396 0.017705626975297196 0.0 0.0 0.21039358106699113 0.2495160228444836 0.0 0.0 0.3649860618542381 0.0 0.20950303741918497 0.0 0.0 0.0 0.21765448384717495 0.0 0.0 0.0 1.8406532846151848e-05 0.0 0.0 0.0 0.3644512890125336 0.0 0.0 0.0 0.0 0.09078936430572136 0.0 0.0 0.0 0.13762209454854882 0.0 0.0 0.0 0.060657487362300345 0.0 0.0 0.0 0.13695967535875517 0.0 0.0016932153281415017 0.0 0.0 0.047202766870415906 1.220852308810418e-08 0.0 0.0 0.010794878721318341 0.01610585727494876 0.0 0.0 0.10431684456127 0.06709160692285619 0.0 0.0 0.048499294449675164 0.0008052426179875081 0.0 0.0 0.0338027071312367 1.0484920683676997e-07 0.0 0.0 0.0656993012070019 0.01799884654998756 0.0 0.0 0.3286225165185931 0.15773968402382227 0.0 0.0 0.04082565928681951
0.0 0.0 0.0 0.0 0.0 0.0023364199632728688 0.0 0.0 0.0 1.6828779259165646e-08 0.0 0.0 0.0 0.0025345859674408807 0.0 0.0 0.0 0.0 0.0 0.0 0.0 0.0 0.0015996677411607616 0.0 0.0 0.0 0.0700720652641956 0.0 0.0 0.0 0.018456550223324982 0.0 0.0 0.0 0.0 0.0 8.159557908076641e-10 0.0 0.0 0.00043823064017877464 0.0018980557471038701 0.0 0.0 0.03051462165870208 0.013079627797511232 0.0 0.0 0.00311811754936547 0.0 0.0 0.0 0.0 1.595256934767025e-07 0.0 0.0 0.057592071679474055 0.0011401747678152076 0.0 0.0 0.05129144164774333 0.06350387824725658 0.0 0.0 0.02324034094657227 0.0 1.3489516301059471e-07 0.0 0.0 0.0 1.7507584123804464e-07 0.0 0.0 0.0 2.5795749750456033e-12 0.0 0.0 0.0 3.8547945253942066e-07 0.0 0.0 0.0 0.0 0.00043823145596682227 0.0 0.0 0.0 0.047196814502088714 0.0 0.0 0.0 0.12078941773033475 0.0 0.0 0.0 0.10254241478627917 0.0 9.36433414782136e-15 0.0 0.0 2.253150948986132e-13 7.111327330428117e-09 0.0 0.0 0.00632617363635338 0.004084052537423397 0.0 0.0 0.05378172016410192 0.03280094797111229 0.0 0.0 0.008928653633417046 0.0010918198026054217 0.0 0.0 0.029453089028897934 5.464029355439174e-08 0.0 0.0 0.07040987576556722 0.006048463489691548 0.0 0.0 0.1251290979045475 0.16255137886367543 0.0 0.0 0.06497552146047775 0.0 0.007602439603928326 0.0 0.0 0.0 0.005620948736599075 0.0 0.0 0.0 1.4771556675545994e-07 0.0 0.0 0.0 0.015438741703569013 0.0 0.0 0.0 0.0 1.775546579876106e-08 0.0 0.0 0.0 1.8936623980641136e-07 0.0 0.0 0.0 7.573626669734927e-07 0.0 0.0 0.0 6.970743373604206e-08 0.0 0.0016492223234505729 0.0 0.0 0.06052578970345989 1.3488792906139476e-07 0.0 0.0 0.06456911775073611 0.002690062725978626 0.0 0.0 0.06166483355031522 0.01821785487254439 0.0 0.0 0.009248541830056783 0.0015603297762077097 0.0 0.0 0.05259530156895909 1.441814541670593e-07 0.0 0.0 0.08472584099138109 0.013930837837623373 0.0 0.0 0.16957956227079196 0.10912183209827944 0.0 0.0 0.06485588606819183 0.0 0.08252570872959 0.0 0.0 0.0 0.2573751235866347 0.0 0.0 0.0 8.885305099368141e-07 0.0 0.0 0.0 0.19393159348718797 0.0 0.0 0.0 0.0 0.048610404997384594 0.0 0.0 0.0 0.04981548602223196 0.0 0.0 0.0 0.027704056904881817 0.0 0.0 0.0 0.08577535871315206 0.0 0.0005184035332004247 0.0 0.0 0.03584580600343191 9.90624253013288e-08 0.0 0.0 0.0679709991724133 0.0001560983550510459 0.0 0.0 0.0028136191830454853 0.07316580341760857 0.0 0.0 0.02630356470301387 5.124732401951486e-05 0.0 0.0 0.018348080509580752 5.95308615351363e-08 0.0 0.0 0.089587360368451 0.00018068873910433416 0.0 0.0 0.03111119865314316 0.06139199106593473 0.0 0.0 0.024180816356120693
0.0 0.0 0.0 0.0 0.0 8.4765096570696e-05 0.0 0.0 0.0 3.613988536584503e-08 0.0 0.0 0.0 0.004355111392594808 0.0 0.0 0.0 0.0 0.0 0.0 0.0 0.0 0.023484814959151907 0.0 0.0 0.0 0.10725897548658908 0.0 0.0 0.0 0.14308334653838584 0.0 0.0 0.0 0.0 0.0 1.8273320727249965e-14 0.0 0.0 4.227461432175399e-09 0.001300003668886543 0.0 0.0 0.04343744145701905 0.02454341592600417 0.0 0.0 0.004731412022557659 0.0 0.0 0.0 0.0 1.2597038056684099e-08 0.0 0.0 0.0032673609633343346 0.0010470082599300856 0.0 0.0 0.08848915557986213 0.15745873046510703 0.0 0.0 0.04154539346539628 0.0 4.783063403168968e-08 0.0 0.0 0.0 7.574669518144574e-08 0.0 0.0 0.0 0.0 0.0 0.0 0.0 6.119683885495606e-08 0.0 0.0 0.0 0.0 0.02767460366897747 0.0 0.0 0.0 0.06502855718073082 0.0 0.0 0.0 0.0 0.0 0.0 0.0 0.027002869758541923 0.0 0.0016600892489076816 0.0 0.0 0.08785428125541658 2.4567571382985023e-14 0.0 0.0 2.468215521542837e-08 0.0 0.0 0.0 0.0 0.1021538922977879 0.0 0.0 0.02376451537679322 0.00026090125723956853 0.0 0.0 0.01673486595669817 3.651463450438492e-08 0.0 0.0 0.04231913725005851 0.0 0.0 0.0 0.0 0.04863957288578584 0.0 0.0 0.013134751232849821 0.0 0.0 0.0 0.0 0.0 0.0 0.0 0.0 0.0 1.3677106241329857e-07 0.0 0.0 0.0 0.006360507320815501 0.0 0.0 0.0 0.0 0.0 0.0 0.0 0.0 0.0 0.0 0.0 0.0 9.290615105565416e-08 0.0 0.0 0.0 8.000479672348943e-08 0.0 0.0 0.0 0.0 0.0 0.0 0.0 0.0 0.0 1.1866938359406098e-08 0.0 0.0 0.012420138700734521 0.06084489122872903 0.0 0.0 0.03399402659633823 0.0 0.0 0.0 0.0 0.0 0.0 0.0 0.0 0.004013620296122926 0.0 0.0 0.1982616622075883 0.10528415238534668 0.0 0.0 0.03504896305614608 0.0 0.2964525233977701 0.0 0.0 0.0 0.11962118976498434 0.0 0.0 0.0 0.0 0.0 0.0 0.0 0.1670374855504045 0.0 0.0 0.0 0.0 0.046558835909294875 0.0 0.0 0.0 0.12691943072120243 0.0 0.0 0.0 0.0 0.0 0.0 0.0 0.007873698846558306 0.0 0.002016179110722815 0.0 0.0 0.12630515626060224 7.269266697203499e-08 0.0 0.0 0.03986782686093913 0.0 0.0 0.0 0.0 0.011488093862792885 0.0 0.0 0.004194088658346049 0.000602428634881089 0.0 0.0 0.0648040335582229 6.296978569409534e-08 0.0 0.0 0.035634911113317805 0.0 0.0 0.0 0.0 0.059674204911284924 0.0 0.0 0.018102006606360306
0.0 0.0 0.0 0.0 0.0 0.00413614737942505 0.0 0.0 0.0 6.089881085587754e-08 0.0 0.0 0.0 0.0003800460486865977 0.0 0.0 0.0 0.0 0.0 0.0 0.0 0.0 0.04082047309300615 0.0 0.0 0.0 0.05523079635948942 0.0 0.0 0.0 0.02378928492289577 0.0 0.0 0.0 0.0 0.0 2.049968745526435e-09 0.0 0.0 0.004519752097372034 7.890807708244696e-05 0.0 0.0 0.0015380857349746805 0.02129694330216181 0.0 0.0 0.0062548847181955166 0.0 0.0 0.0 0.0 1.8714074230282888e-07 0.0 0.0 0.13709094561751514 0.0058680981645084776 0.0 0.0 0.12385155814316351 0.007742389476817937 0.0 0.0 0.002725620657252158 0.0 2.928752533546422e-07 0.0 0.0 0.0 3.373825564514014e-07 0.0 0.0 0.0 5.128132494229786e-12 0.0 0.0 0.0 2.95056126900816e-07 0.0 0.0 0.0 0.0 0.0020285513105376468 0.0 0.0 0.0 0.09474181175493916 0.0 0.0 0.0 0.09407849415447309 0.0 0.0 0.0 0.02809971662485698 0.0 0.0008697666055366425 0.0 0.0 0.02715726555792257 7.626123406037287e-08 0.0 0.0 0.08183160800288984 0.005449362765893235 0.0 0.0 0.056926011441847904 0.0017019174918983956 0.0 0.0 0.0004256330641093183 0.001321807776386149 0.0 0.0 0.09300065412638325 2.5595691549243674e-07 0.0 0.0 0.1965609253975237 0.01350231045464402 0.0 0.0 0.23427342049707733 0.14015656517957972 0.0 0.0 0.04727796452446304 0.0 0.01298676042210023 0.0 0.0 0.0 0.009775789347428683 0.0 0.0 0.0 5.432669576225537e-08 0.0 0.0 0.0 0.013600509421518194 0.0 0.0 0.0 0.0 1.6350080226989527e-08 0.0 0.0 0.0 8.787238203079226e-08 0.0 0.0 0.0 6.711087011673846e-07 0.0 0.0 0.0 7.137961631258944e-08 0.0 1.5353670108924815e-05 0.0 0.0 0.0005845453980191276 5.697232671852009e-08 0.0 0.0 0.0568623961113353 0.003675263547865593 0.0 0.0 0.025398840064561987 0.054071367317089294 0.0 0.0 0.015951736034204942 0.0012132988480335768 0.0 0.0 0.1095783635636775 2.2783383533935428e-07 0.0 0.0 0.15102353380372624 0.006993071166897685 0.0 0.0 0.08831043803729742 0.12577959683301324 0.0 0.0 0.07044798008160214 0.0 0.10685350107803776 0.0 0.0 0.0 0.2050362997353967 0.0 0.0 0.0 6.694187376705849e-07 0.0 0.0 0.0 0.10574869437730217 0.0 0.0 0.0 0.0 0.031660008319137366 0.0 0.0 0.0 0.038799268471004636 0.0 0.0 0.0 0.004104484501843798 0.0 0.0 0.0 0.04516578361164808 0.0 0.0008023518588442211 0.0 0.0 0.02714495976656622 5.559333122559884e-08 0.0 0.0 0.029783341546630808 3.418233094042557e-19 0.0 0.0 6.14435749104863e-13 0.022977229487540926 0.0 0.0 0.016346918285489308 0.0002936755680129887 0.0 0.0 0.01981301078743086 6.351071095471573e-08 0.0 0.0 0.06842140133597963 1.3392208704177231e-08 0.0 0.0 0.026989417249600293 0.043913155521373 0.0 0.0 0.01460489522068578
0.0 0.0028342839291560936 0.0 0.0 0.0 0.002860785417261823 0.0 0.0 0.0 1.8994325108229842e-08 0.0 0.0 0.0 0.00494179895424277 0.0 0.0 0.0 0.0 0.029023644627611925 0.0 0.0 0.0 0.09018432741663332 0.0 0.0 0.0 0.03500891291723738 0.0 0.0 0.0 0.12079173920545194 0.0 1.1059354062669993e-09 0.0 0.0 0.0008588521517721542 2.2941518872534592e-14 0.0 0.0 0.0007029526893077623 3.722128969032074e-05 0.0 0.0 0.029928643302011854 0.004654335054941432 0.0 0.0 0.0012739599085152154 0.0008253737352587047 0.0 0.0 0.04056762586029116 3.2752802546153674e-08 0.0 0.0 0.09152635524903521 0.012197700922085202 0.0 0.0 0.07104706539470107 0.06352410726364167 0.0 0.0 0.06419829454829612 0.0 7.138410861375345e-08 0.0 0.0 0.0 4.1258171153264753e-07 0.0 0.0 0.0 3.408031743048253e-12 0.0 0.0 0.0 2.531236423361087e-07 0.0 0.0 0.0 0.0 3.125807482293002e-08 0.0 0.0 0.0 0.023144930275816666 0.0 0.0 0.0 0.014773069586909812 0.0 0.0 0.0 0.0799662594926827 0.0 0.0004543302175622896 0.0 0.0 0.005702542169829651 3.4727586863677574e-08 0.0 0.0 0.022394611755176267 0.0027260400739066034 0.0 0.0 0.12602829041819505 0.007475574422874593 0.0 0.0 0.0022751706029919805 0.0020499876544435233 0.0 0.0 0.028847928020993795 3.3116064758696077e-07 0.0 0.0 0.21384391443415002 0.006702542696951161 0.0 0.0 0.18326407356574387 0.15971404357610813 0.0 0.0 0.04700782442180199 0.0 0.029490529138521432 0.0 0.0 0.0 0.01184437047164142 0.0 0.0 0.0 2.14106831550822e-07 0.0 0.0 0.0 0.011444647038222256 0.0 0.0 0.0 0.0 2.761128937583847e-08 0.0 0.0 0.0 1.0464039058533757e-06 0.0 0.0 0.0 7.174211888561125e-07 0.0 0.0 0.0 2.236788361327196e-07 0.0 0.0001444802424453271 0.0 0.0 0.003573874357672454 2.0396076609259126e-08 0.0 0.0 0.032292595630474395 0.01007541318038676 0.0 0.0 0.02196599983725413 0.03324324623916335 0.0 0.0 0.00926047297462977 0.003133904307531454 0.0 0.0 0.11187674716259091 2.1600422668622452e-07 0.0 0.0 0.17819109532375138 0.017780723953029647 0.0 0.0 0.32072583855143644 0.16566933289106525 0.0 0.0 0.039766312113172386 0.0 0.2426837397151484 0.0 0.0 0.0 0.09702184975547727 0.0 0.0 0.0 1.7820106555272512e-06 0.0 0.0 0.0 0.1563867812648881 0.0 0.0 0.0 0.0 0.008432262005220964 0.0 0.0 0.0 0.045333049839293954 0.0 0.0 0.0 0.06077340293276676 0.0 0.0 0.0 0.058234714668210084 0.0 0.0030781238584529575 0.0 0.0 0.10243327144593409 3.93783295110566e-08 0.0 0.0 0.044817508180059626 0.0011742435165984625 0.0 0.0 0.031459467229207366 0.06004107252236685 0.0 0.0 0.013159346296501005 0.0009506861733561308 0.0 0.0 0.0500257145570275 3.1415102946471564e-08 0.0 0.0 0.035156865661812996 0.0020858751225685105 0.0 0.0 0.052724792008254306 0.025781616354123252 0.0 0.0 0.01989048523902531
0.0 0.001925017100422589 0.0 0.0 0.0 0.002647968686553716 0.0 0.0 0.0 1.6922781940000587e-07 0.0 0.0 0.0 0.0002749839480949256 0.0 0.0 0.0 0.0 0.03506311514203191 0.0 0.0 0.0 0.01834374091472024 0.0 0.0 0.0 0.09359590596599485 0.0 0.0 0.0 0.0556589396831921 0.0 4.735740578481326e-10 0.0 0.0 0.0009968672588410773 3.007534890283115e-14 0.0 0.0 0.0019105823870525268 0.0028980524060364626 0.0 0.0 0.05000265707750878 0.0019398675195063425 0.0 0.0 0.00817291970424791 1.2486174512656139e-08 0.0 0.0 0.043504446678200026 1.5204605578857843e-12 0.0 0.0 0.09933189671898923 0.011192314805387515 0.0 0.0 0.24975819621347395 0.0115465115092926 0.0 0.0 0.0038962367749103065 0.0 1.4740353507828236e-07 0.0 0.0 0.0 1.2348875006980575e-07 0.0 0.0 0.0 5.451655635604299e-12 0.0 0.0 0.0 1.1266078805615678e-07 0.0 0.0 0.0 0.0 0.0017837008047207295 0.0 0.0 0.0 0.03206465074818134 0.0 0.0 0.0 0.01660710226659241 0.0 0.0 0.0 0.04432132343428348 0.0 9.636775896117021e-10 0.0 0.0 3.298830593885541e-08 5.916956879939409e-19 0.0 0.0 3.615146260235578e-08 0.004103087531761579 0.0 0.0 0.07543021171235345 0.04547837143969009 0.0 0.0 0.011608288566376303 0.000989378895127208 0.0 0.0 0.037971468514255535 1.4575302737138064e-12 0.0 0.0 0.09016937831901481 0.007371525819410824 0.0 0.0 0.34468009793027315 0.04584709133749671 0.0 0.0 0.01572373083985387 0.0 0.024309378900413497 0.0 0.0 0.0 0.0175409235525251 0.0 0.0 0.0 4.546772564953818e-07 0.0 0.0 0.0 0.02335495752590942 0.0 0.0 0.0 0.0 1.2058093751336645e-06 0.0 0.0 0.0 3.023228150847714e-06 0.0 0.0 0.0 6.562479095853303e-08 0.0 0.0 0.0 4.2382910261989675e-07 0.0 1.0109441731658252e-08 0.0 0.0 0.015489473828676492 1.6693156485264275e-08 0.0 0.0 0.015706036695187088 0.002556695038169501 0.0 0.0 0.04474760793021586 0.036384757191147324 0.0 0.0 0.01648610577020967 0.0024815371443774607 0.0 0.0 0.2429315011950703 2.885541464617787e-07 0.0 0.0 0.2927075478338108 0.023060696354966624 0.0 0.0 0.41857123521006573 0.18841466156255005 0.0 0.0 0.183551119386924 0.0 0.17642715830156797 0.0 0.0 0.0 0.10555418920115586 0.0 0.0 0.0 4.035145327764412e-06 0.0 0.0 0.0 0.16169863195418274 0.0 0.0 0.0 0.0 0.029072925070669456 0.0 0.0 0.0 0.08662360937565518 0.0 0.0 0.0 0.013741285371104884 0.0 0.0 0.0 0.05589086627154558 0.0 0.0008364059225473633 0.0 0.0 0.043943281513390914 4.327692073649004e-08 0.0 0.0 0.02103636376986519 0.002555266819065745 0.0 0.0 0.02802335067350038 0.040947002550726766 0.0 0.0 0.018529838692106695 0.000540792967970707 0.0 0.0 0.03439254321120831 4.789675862758033e-08 0.0 0.0 0.03125412389737715 0.008199921378651928 0.0 0.0 0.1104550588908377 0.07312575149182435 0.0 0.0 0.01651047516621291
0.0 0.0015688457958887992 0.0 0.0 0.0 0.002886540641750327 0.0 0.0 0.0 1.2058235260468197e-07 0.0 0.0 0.0 0.0013359960166951514 0.0 0.0 0.0 0.0 7.932600735859716e-08 0.0 0.0 0.0 0.04752395761325383 0.0 0.0 0.0 0.08284670604649269 0.0 0.0 0.0 0.0629952121725862 0.0 4.523805917257847e-10 0.0 0.0 0.0015148996051169141 8.49305962073e-14 0.0 0.0 9.104182802189283e-05 8.640536563438758e-05 0.0 0.0 0.00269111206159395 0.0007561457206386986 0.0 0.0 0.0001510149090287134 8.608848203949742e-09 0.0 0.0 0.03232149463830662 7.909056641815362e-08 0.0 0.0 0.09111969453251642 0.007425852771849036 0.0 0.0 0.36721907271720755 0.06169081947323129 0.0 0.0 0.014692125414013905 0.0 1.697013784530001e-07 0.0 0.0 0.0 1.6857030452994193e-07 0.0 0.0 0.0 2.7183516613515395e-12 0.0 0.0 0.0 1.2681684516271358e-07 0.0 0.0 0.0 0.0 0.0029555875535156127 0.0 0.0 0.0 0.0603875523256004 0.0 0.0 0.0 0.026267125155378226 0.0 0.0 0.0 0.027495420510617565 0.0 1.537847433067353e-09 0.0 0.0 1.1304354810638222e-07 6.916561093312945e-08 0.0 0.0 0.08563352259430167 0.002627810852062713 0.0 0.0 0.04691936286631312 0.00014357628825259407 0.0 0.0 5.0753461190765455e-05 0.0015688534244287864 0.0 0.0 0.06628593159237857 7.071407071850624e-08 0.0 0.0 0.10181591561595103 0.0007969669599598959 0.0 0.0 0.17122603314940693 0.08937563588947028 0.0 0.0 0.024555800739817463 0.0 0.03362305074769476 0.0 0.0 0.0 0.0063717051651641585 0.0 0.0 0.0 4.3231949136869486e-07 0.0 0.0 0.0 0.009154522781570716 0.0 0.0 0.0 0.0 1.364363425037578e-07 0.0 0.0 0.0 1.608791606422291e-07 0.0 0.0 0.0 2.0880649394997907e-07 0.0 0.0 0.0 1.3156752553456816e-07 0.0 1.1252536657183872e-08 0.0 0.0 0.030571208813446597 1.9607952625414917e-08 0.0 0.0 0.014843904814009679 0.0025032796060803332 0.0 0.0 0.06147448801992797 0.005087364685293285 0.0 0.0 0.0013641790144226728 0.0026922901564725103 0.0 0.0 0.3225719152855401 1.8173618802638857e-07 0.0 0.0 0.12040534150371875 0.034268707962316534 0.0 0.0 0.6806701086697561 0.14785090336795784 0.0 0.0 0.04897486914252082 0.0 0.15817388891337805 0.0 0.0 0.0 0.10784727116789278 0.0 0.0 0.0 0.0 0.0 0.0 0.0 0.04710126589532784 0.0 0.0 0.0 0.0 0.0023348166266346036 0.0 0.0 0.0 0.02746353899111245 0.0 0.0 0.0 0.0 0.0 0.0 0.0 0.0037939341076649855 0.0 0.0011320968921769577 0.0 0.0 0.08585232669342609 1.0926369381151667e-08 0.0 0.0 0.005280721234960991 0.0 0.0 0.0 0.0 4.001454585395969e-08 0.0 0.0 1.1462885944485773e-08 0.00039824071199574167 0.0 0.0 0.03535125757477637 3.385040346397626e-08 0.0 0.0 0.0364350659620033 0.0 0.0 0.0 0.0 0.014802462272935342 0.0 0.0 0.005112943099736919
0.0 0.005892792306559225 0.0 0.0 0.0 0.0019271287605203025 0.0 0.0 0.0 7.736703346911273e-08 0.0 0.0 0.0 0.004180853746550833 0.0 0.0 0.0 0.0 0.03424772032346672 0.0 0.0 0.0 0.010993635766341802 0.0 0.0 0.0 0.09357720854808563 0.0 0.0 0.0 0.09708120376974329 0.0 0.00012080665443231632 0.0 0.0 0.005977890603821289 8.807882523828103e-11 0.0 0.0 0.004649945655686462 0.0016526598550712724 0.0 0.0 0.03527716897089242 0.004983289179629261 0.0 0.0 0.0014344882133901105 0.0018811841087772979 0.0 0.0 0.10731402242996879 3.160551697266103e-08 0.0 0.0 0.044603024694665906 0.010136596933121331 0.0 0.0 0.23239888775065748 0.056955363861546864 0.0 0.0 0.05297298422697565 0.0 0.0 0.0 0.0 0.0 0.0 0.0 0.0 0.0 4.074387147304917e-12 0.0 0.0 0.0 2.0153033126140531e-07 0.0 0.0 0.0 0.0 0.0 0.0 0.0 0.0 0.0 0.0 0.0 0.0 0.06357087244963938 0.0 0.0 0.0 0.039689102324620196 0.0 0.0 0.0 0.0 0.0 0.0 0.0 0.0 0.0 4.534499288640823e-08 0.0 0.0 0.005487284842658548 0.01937353315050073 0.0 0.0 0.008203979748142867 0.0 0.0 0.0 0.0 0.0 0.0 0.0 0.0 0.005969246659402009 0.0 0.0 0.20475450026787897 0.0611535187077089 0.0 0.0 0.027014080965721717 0.0 0.02720543070040284 0.0 0.0 0.0 0.009611149129050384 0.0 0.0 0.0 1.3580838125441625e-07 0.0 0.0 0.0 0.009587195258580468 0.0 0.0 0.0 0.0 1.6179387517925215e-07 0.0 0.0 0.0 8.082737493033726e-07 0.0 0.0 0.0 3.524227404466114e-07 0.0 0.0 0.0 4.0397541510960375e-08 0.0 0.00029480540941846623 0.0 0.0 0.05443799872687054 3.2183647348391324e-08 0.0 0.0 0.04181914919297894 0.005271963995244242 0.0 0.0 0.04813580681177409 0.024480699420949933 0.0 0.0 0.006613696779412621 0.004524204099401072 0.0 0.0 0.162232465553273 1.2685132377438614e-07 0.0 0.0 0.16617691736708617 0.02270481713120397 0.0 0.0 0.23475575668470736 0.1700858388143063 0.0 0.0 0.03792759561245021 0.0 0.19653580460477044 0.0 0.0 0.0 0.09172169688468891 0.0 0.0 0.0 1.1599647861139885e-06 0.0 0.0 0.0 0.0984586536978587 0.0 0.0 0.0 0.0 0.015078026868766782 0.0 0.0 0.0 0.022070399046203924 0.0 0.0 0.0 0.026471715132172436 0.0 0.0 0.0 0.04860676318617812 0.0 0.0045374025021924615 0.0 0.0 0.10578767976366259 3.5637142772801807e-13 0.0 0.0 0.011657409747299221 0.0007836360967879897 0.0 0.0 0.03043331607280898 0.026123249127686952 0.0 0.0 0.006054416367288533 0.000642443735398122 0.0 0.0 0.05046124195007124 1.0805482356448085e-08 0.0 0.0 0.029984899942994917 0.0012172161553810575 0.0 0.0 0.03435360643427885 0.02356182288977517 0.0 0.0 0.0148032777290485
0.0 0.0007689048770656773 0.0 0.0 0.0 0.001280391308503414 0.0 0.0 0.0 4.24532351189912e-08 0.0 0.0 0.0 0.003923417962022721 0.0 0.0 0.0 0.0 0.020712656911667512 0.0 0.0 0.0 0.11108096479311666 0.0 0.0 0.0 0.06886698218330406 0.0 0.0 0.0 0.05170478622978585 0.0 0.0002730233234849105 0.0 0.0 0.014666376102951885 2.005871650693337e-08 0.0 0.0 0.006714267800077532 0.001175012931608239 0.0 0.0 0.01270989090454441 0.014100167235824794 0.0 0.0 0.013287431517906052 7.335543176279295e-05 0.0 0.0 0.0044179606547816615 7.731559888853462e-08 0.0 0.0 0.04457338793084471 0.0044500955468264195 0.0 0.0 0.0764470851873395 0.08300029821535268 0.0 0.0 0.03854528534768011 0.0 9.115966692311962e-08 0.0 0.0 0.0 4.2230911058090126e-08 0.0 0.0 0.0 1.567023194117424e-12 0.0 0.0 0.0 2.8518064815116567e-07 0.0 0.0 0.0 0.0 0.00073458932801844 0.0 0.0 0.0 0.0009349687287039889 0.0 0.0 0.0 0.05020423416428032 0.0 0.0 0.0 0.12325080570143111 0.0 2.943748401794389e-09 0.0 0.0 0.006780379547068429 1.3351727349256974e-15 0.0 0.0 2.6649896974632383e-09 0.0043479658548308256 0.0 0.0 0.0996057295541788 0.1039285729746663 0.0 0.0 0.04875340195553484 1.2932731513483728e-08 0.0 0.0 0.033397201390480726 1.786439422336574e-08 0.0 0.0 0.03997724581271413 0.002894928935317198 0.0 0.0 0.08842080530011247 0.1701546466120396 0.0 0.0 0.044859615196253214 0.0 0.00427524041662984 0.0 0.0 0.0 0.004564671815022194 0.0 0.0 0.0 7.779318888783803e-08 0.0 0.0 0.0 0.011960176220301478 0.0 0.0 0.0 0.0 1.8265186806491647e-09 0.0 0.0 0.0 2.1926134498025896e-08 0.0 0.0 0.0 1.0589641993692404e-12 0.0 0.0 0.0 7.471260667005874e-07 0.0 0.001846006039994802 0.0 0.0 0.048200639346438895 3.172931524936071e-08 0.0 0.0 0.02931638318305951 0.0008736292003867037 0.0 0.0 0.02140073331204599 0.01156493382719539 0.0 0.0 0.005868867927066348 0.0009810235153488874 0.0 0.0 0.02652164345849777 2.9483235616029624e-08 0.0 0.0 0.08885569376837622 0.0047741823624934746 0.0 0.0 0.0956882092359693 0.16021661575540308 0.0 0.0 0.055862322954253606 0.0 0.24732115366451166 0.0 0.0 0.0 0.1984509710801823 0.0 0.0 0.0 6.506317878134384e-07 0.0 0.0 0.0 0.44122016615388 0.0 0.0 0.0 0.0 0.04147894180890969 0.0 0.0 0.0 0.15347029700602502 0.0 0.0 0.0 8.216859573366674e-09 0.0 0.0 0.0 0.27227335649706663 0.0 0.001368106516037007 0.0 0.0 0.07337572867031457 2.015727851760546e-07 0.0 0.0 0.1293319032079974 0.00128277006112882 0.0 0.0 0.02059687332089383 0.17558546569147573 0.0 0.0 0.05420628393471136 0.0014312258977186173 0.0 0.0 0.044147616459652816 5.383644621320063e-08 0.0 0.0 0.050606178218851584 0.0010015813525507196 0.0 0.0 0.018030393718493673 0.15204718450212018 0.0 0.0 0.05021130766875032
0.0 0.0009580567316615705 0.0 0.0 0.0 0.0034049710830351986 0.0 0.0 0.0 1.0005959996657195e-07 0.0 0.0 0.0 0.0036742858250325135 0.0 0.0 0.0 0.0 0.07808395524249559 0.0 0.0 0.0 0.010500410212446902 0.0 0.0 0.0 0.12575968703104898 0.0 0.0 0.0 0.015708963421767044 0.0 1.957203490510096e-05 0.0 0.0 0.0005782598411712428 2.081666854634594e-12 0.0 0.0 9.362295601916973e-07 0.0049316318637940655 0.0 0.0 0.04332175564821685 0.030320323550954743 0.0 0.0 0.008725987554736928 0.00024370571540283478 0.0 0.0 0.017173794044422267 1.7735417201288766e-07 0.0 0.0 0.08315084872876265 0.010290898351525241 0.0 0.0 0.2039253014860494 0.06470834926464535 0.0 0.0 0.022448105797951347 0.0 2.7177484583000923e-07 0.0 0.0 0.0 5.000911620269052e-07 0.0 0.0 0.0 7.491321159863807e-12 0.0 0.0 0.0 1.844199427295572e-07 0.0 0.0 0.0 0.0 0.002048518239766635 0.0 0.0 0.0 0.023306541748258434 0.0 0.0 0.0 0.0902904485037968 0.0 0.0 0.0 0.11730476899397894 0.0 0.0001621037291248056 0.0 0.0 0.002931619730744227 1.9356471531281153e-08 0.0 0.0 0.012115293377427143 0.006141190600411231 0.0 0.0 0.08971518509912853 0.06414311285796936 0.0 0.0 0.015015359205919832 0.002135531334676442 0.0 0.0 0.08977929880090066 3.5176089408852557e-07 0.0 0.0 0.3042779963009919 0.01677934544261476 0.0 0.0 0.3794178920069091 0.15274478918966328 0.0 0.0 0.03902115977276026 0.0 0.022798690216978872 0.0 0.0 0.0 0.021118830633885612 0.0 0.0 0.0 1.844667769923016e-07 0.0 0.0 0.0 0.017101806819596506 0.0 0.0 0.0 0.0 9.679471245615019e-07 0.0 0.0 0.0 1.4215792096347679e-07 0.0 0.0 0.0 1.6213202897847288e-07 0.0 0.0 0.0 6.366874943282914e-08 0.0 0.00033862775498429647 0.0 0.0 0.020192482820208947 1.6492316980450154e-08 0.0 0.0 0.06095186503229787 0.003283018570336076 0.0 0.0 0.0665556521440328 0.07348622130091169 0.0 0.0 0.02801690338454992 0.004154140832939035 0.0 0.0 0.19515844945291083 2.889507374918731e-07 0.0 0.0 0.3546869029781049 0.014572569459007742 0.0 0.0 0.2552891158630225 0.16989742142419784 0.0 0.0 0.09972695784222907 0.0 0.21128224515944702 0.0 0.0 0.0 0.2031638717854846 0.0 0.0 0.0 1.051371955656247e-06 0.0 0.0 0.0 0.22241100618008075 0.0 0.0 0.0 0.0 0.007765048691858877 0.0 0.0 0.0 0.1445919085845496 0.0 0.0 0.0 0.03677448983276385 0.0 0.0 0.0 0.05405583613548022 0.0 0.001046092734137784 0.0 0.0 0.07271634754817188 6.081162645582354e-08 0.0 0.0 0.05461086057086455 9.481064125172234e-09 0.0 0.0 0.013239459874130515 0.03812746895946437 0.0 0.0 0.007329332240515952 0.0010253983395815656 0.0 0.0 0.04586557016200807 4.1564354186124606e-08 0.0 0.0 0.08291997473341368 0.0050208483684847476 0.0 0.0 0.042021484681659685 0.04343048794916138 0.0 0.0 0.022875242975531743
0.0 0.0 0.0 0.0 0.0 0.001543049077345036 0.0 0.0 0.0 6.749469746336724e-08 0.0 0.0 0.0 0.008171431287174423 0.0 0.0 0.0 0.0 0.0 0.0 0.0 0.0 0.04975508785698099 0.0 0.0 0.0 0.082725204273896 0.0 0.0 0.0 0.19381937240652192 0.0 0.0 0.0 0.0 0.0 1.0602974593584385e-14 0.0 0.0 0.0005798275290319443 0.0038876277389610875 0.0 0.0 0.05379216155011002 1.1426793245712648e-07 0.0 0.0 0.0003696305854997397 0.0 0.0 0.0 0.0 1.0462139380568423e-12 0.0 0.0 0.058486382354734474 0.010888737721444138 0.0 0.0 0.10622301046557293 0.19025367395593823 0.0 0.0 0.08563128037991326 0.0 0.0 0.0 0.0 0.0 0.0 0.0 0.0 0.0 8.737299447822787e-12 0.0 0.0 0.0 2.9281211149333153e-08 0.0 0.0 0.0 0.0 0.0 0.0 0.0 0.0 0.0 0.0 0.0 0.0 0.014701606890414403 0.0 0.0 0.0 0.03579269958939819 0.0 0.0 0.0 0.0 0.0 0.0 0.0 0.0 0.0 0.0007157761148780723 0.0 0.0 0.04904093617465145 0.0795737787935895 0.0 0.0 0.011475147019618962 0.0 0.0 0.0 0.0 0.0 0.0 0.0 0.0 0.012527951157243715 0.0 0.0 0.32768300132428896 0.05022351234080266 0.0 0.0 0.006875411007294981 0.0 0.03587831099815169 0.0 0.0 0.0 0.013158557813069365 0.0 0.0 0.0 1.0691775108123394e-07 0.0 0.0 0.0 0.014759849640404776 0.0 0.0 0.0 0.0 1.269555650838474e-07 0.0 0.0 0.0 1.6244325485383644e-06 0.0 0.0 0.0 8.348089236564802e-07 0.0 0.0 0.0 4.513727012082969e-08 0.0 0.0003879328079826107 0.0 0.0 0.04348641717682677 5.794357043397759e-13 0.0 0.0 0.02154490980801217 0.0011430297842401143 0.0 0.0 0.005752788567100584 0.015200601917826068 0.0 0.0 0.016150182180932164 0.006721450383062571 0.0 0.0 0.24461880213585907 7.1010468308325855e-12 0.0 0.0 0.2595998327897541 0.02938677548258883 0.0 0.0 0.18444515807769424 0.0848554824859902 0.0 0.0 0.08976253227587519 0.0 0.29042135353924725 0.0 0.0 0.0 0.031645713050563684 0.0 0.0 0.0 2.4569131215554725e-06 0.0 0.0 0.0 0.16910639103463354 0.0 0.0 0.0 0.0 0.05862923471598076 0.0 0.0 0.0 0.08155660847550102 0.0 0.0 0.0 0.006238216270265861 0.0 0.0 0.0 0.04469215143567165 0.0 0.0020067499636683955 0.0 0.0 0.11778753023068755 1.738838180555843e-09 0.0 0.0 0.0027961826712333813 0.0033173582017904327 0.0 0.0 0.09934764864983199 0.03991869165684385 0.0 0.0 0.00553602242242888 0.0005984147045033459 0.0 0.0 0.045590335335275914 8.825670091026124e-09 0.0 0.0 0.03115394766372597 0.0019295691682305138 0.0 0.0 0.07310532882867504 0.05378956124365106 0.0 0.0 0.018050222664218813
0.0 0.010260798159178504 0.0 0.0 0.0 0.003892625347434481 0.0 0.0 0.0 3.711874484268919e-08 0.0 0.0 0.0 0.005510985905752952 0.0 0.0 0.0 0.0 0.0027733522156757266 0.0 0.0 0.0 0.11235482148245626 0.0 0.0 0.0 0.06151019442758633 0.0 0.0 0.0 0.08182275063149276 0.0 3.6067411308112803e-09 0.0 0.0 5.443493627490138e-08 4.524755148984198e-09 0.0 0.0 0.001736928670083333 1.4484278973047324e-08 0.0 0.0 0.022074290180628776 0.0021401253973378043 0.0 0.0 0.004019403755001599 0.003501571519054941 0.0 0.0 0.0652887666843918 9.775587401674187e-08 0.0 0.0 0.1274891620793318 0.0009482332631708593 0.0 0.0 0.12002859707553606 0.12290734531037618 0.0 0.0 0.06998530216996297 0.0 4.090825201142431e-07 0.0 0.0 0.0 1.6302688512572582e-07 0.0 0.0 0.0 4.884690120546834e-12 0.0 0.0 0.0 3.5717544419555803e-08 0.0 0.0 0.0 0.0 0.002235031714687009 0.0 0.0 0.0 0.11727898443181077 0.0 0.0 0.0 0.039153379259472244 0.0 0.0 0.0 0.033269071475267344 0.0 0.0013525711569762242 0.0 0.0 0.06649347337777721 6.698104278569895e-08 0.0 0.0 0.06562359772824376 0.0005562608566014634 0.0 0.0 0.05489710980244993 0.05179492556755449 0.0 0.0 0.014572494921345092 0.0042117243165048 0.0 0.0 0.08935588359149133 7.906043716969899e-08 0.0 0.0 0.10348302194150455 0.007527894892206997 0.0 0.0 0.3069880882842763 0.017480101419680736 0.0 0.0 0.005620190828575403 0.0 0.01912966442788495 0.0 0.0 0.0 0.00559400159620028 0.0 0.0 0.0 3.1865707437006334e-07 0.0 0.0 0.0 0.010735268167534744 0.0 0.0 0.0 0.0 9.193196615258037e-08 0.0 0.0 0.0 6.435581843302832e-08 0.0 0.0 0.0 9.251738946596135e-07 0.0 0.0 0.0 1.2383740736149131e-07 0.0 0.0007319771007371748 0.0 0.0 0.027026380438212677 6.407713082605982e-12 0.0 0.0 0.0010072061612702856 0.0016139273113592166 0.0 0.0 0.06680228611463147 0.004976537972096266 0.0 0.0 0.0006830351838756851 0.009121949420683461 0.0 0.0 0.18946357654045062 2.731197297034429e-07 0.0 0.0 0.1161352746905411 0.02203963393283692 0.0 0.0 0.48231473515005185 0.25352429421243317 0.0 0.0 0.05737892710656623 0.0 0.22907024708762752 0.0 0.0 0.0 0.21162038468279054 0.0 0.0 0.0 8.495183827038406e-07 0.0 0.0 0.0 0.09829082395452586 0.0 0.0 0.0 0.0 0.02496234919143416 0.0 0.0 0.0 0.02772783262885609 0.0 0.0 0.0 0.002176851427637246 0.0 0.0 0.0 0.0640356074450901 0.0 7.076432441512404e-05 0.0 0.0 0.036423339069425714 1.846821974346271e-08 0.0 0.0 0.06488388302884752 0.0026641769178988146 0.0 0.0 0.04395645967817153 0.029290081790804088 0.0 0.0 0.009700600814918995 0.0006738850859979226 0.0 0.0 0.03609760172101302 8.120274236550019e-08 0.0 0.0 0.06397825977844626 0.00010911119034109799 0.0 0.0 0.03291709788754702 0.033905923646777976 0.0 0.0 0.010250602207818016
0.0 0.028782057848596207 0.0 0.0 0.0 0.001881632535423314 0.0 0.0 0.0 1.187568093427551e-07 0.0 0.0 0.0 0.0031395437543294204 0.0 0.0 0.0 0.0 0.06755002700669366 0.0 0.0 0.0 0.014885400720552973 0.0 0.0 0.0 0.11915695253430213 0.0 0.0 0.0 0.04099789269255234 0.0 0.0013351603445613289 0.0 0.0 0.029917028578858362 7.591266062463063e-14 0.0 0.0 0.004905431313642687 0.00042603092191014895 0.0 0.0 0.03950495592441644 0.033912098923513656 0.0 0.0 0.00556955147706152 0.020716271834294777 0.0 0.0 0.6229290018453045 8.661061167322934e-13 0.0 0.0 0.0690604233657106 0.00978677825053696 0.0 0.0 0.23942315932524721 0.07765191768476204 0.0 0.0 0.020194771340324304 0.0 1.7775019533123163e-07 0.0 0.0 0.0 1.2392235285364571e-08 0.0 0.0 0.0 5.607509690322315e-12 0.0 0.0 0.0 7.212674998354246e-09 0.0 0.0 0.0 0.0 0.03393921312282003 0.0 0.0 0.0 0.03492701798499998 0.0 0.0 0.0 0.03683700892388101 0.0 0.0 0.0 1.2392235285364571e-08 0.0 1.969811115458427e-09 0.0 0.0 0.0006195636400596203 1.23435306063884e-09 0.0 0.0 0.0016235261358394071 0.0010163345708420844 0.0 0.0 0.018821619820385934 0.029093287950594505 0.0 0.0 0.005833730034405479 0.001851414059151559 0.0 0.0 0.05432251739423394 5.978321937715407e-09 0.0 0.0 0.00881588024238613 0.0176834156742929 0.0 0.0 0.1978402848138054 0.008523270541718593 0.0 0.0 0.0019161358365069393 0.0 0.017262498036330703 0.0 0.0 0.0 0.007925018381174308 0.0 0.0 0.0 3.4880589956689815e-07 0.0 0.0 0.0 0.03085120357530072 0.0 0.0 0.0 0.0 1.6693613040421894e-08 0.0 0.0 0.0 1.4123611835648275e-07 0.0 0.0 0.0 1.3200273542856097e-06 0.0 0.0 0.0 3.3170836143411866e-06 0.0 0.0020313871110423944 0.0 0.0 0.07440857949388842 9.129152560286374e-14 0.0 0.0 1.192945559420571e-07 0.004759023738127395 0.0 0.0 0.08440682642104191 0.031690931005964644 0.0 0.0 0.05337803480665713 0.004974996117414936 0.0 0.0 0.17352118635652533 1.4449698121027565e-07 0.0 0.0 0.1735403524636221 0.015098515101711405 0.0 0.0 0.48549773749163094 0.2452580932395157 0.0 0.0 0.1378493039384414 0.0 0.19654553931897883 0.0 0.0 0.0 0.0958965891151034 0.0 0.0 0.0 4.4371370142649105e-06 0.0 0.0 0.0 0.1879690539092053 0.0 0.0 0.0 0.0 0.014081000660913333 0.0 0.0 0.0 0.007195505414619895 0.0 0.0 0.0 0.12134797696411344 0.0 0.0 0.0 0.07933532541186375 0.0 0.002346788098568457 0.0 0.0 0.0626209852744285 2.5201219516250212e-12 0.0 0.0 0.0001748991154103885 0.0005973487012948846 0.0 0.0 0.00864968483774151 0.03401427726413011 0.0 0.0 0.01193256428617175 0.0005473333603137197 0.0 0.0 0.04142346106374786 4.564750348375628e-08 0.0 0.0 0.032832292609250115 0.007145761512275413 0.0 0.0 0.1344534546563754 0.020271742870102513 0.0 0.0 0.029408588003613137
0.0 0.007404730190526193 0.0 0.0 0.0 0.002083879331009042 0.0 0.0 0.0 6.060241940194793e-08 0.0 0.0 0.0 0.001071696223888486 0.0 0.0 0.0 0.0 0.020718623980850035 0.0 0.0 0.0 0.007395287576627873 0.0 0.0 0.0 0.04602049855663857 0.0 0.0 0.0 0.06000794764801842 0.0 0.00013011185279426736 0.0 0.0 0.02135898710097224 3.6329535984956073e-09 0.0 0.0 0.0023030908733961066 0.0012381628672434907 0.0 0.0 0.02985868232299542 0.043559786590664194 0.0 0.0 0.0018322441630530314 0.004982111917029603 0.0 0.0 0.13190567253391564 7.700184336718184e-08 0.0 0.0 0.08146778037221399 0.009164266279370566 0.0 0.0 0.16238531280611648 0.03452786545180551 0.0 0.0 0.014417324569310259 0.0 8.063365713507567e-08 0.0 0.0 0.0 4.3017112673079e-07 0.0 0.0 0.0 4.625707010134785e-12 0.0 0.0 0.0 2.4809847757275954e-07 0.0 0.0 0.0 0.0 0.0007329150868912546 0.0 0.0 0.0 0.061274700579959304 0.0 0.0 0.0 0.030827321038495326 0.0 0.0 0.0 0.006443173227729954 0.0 2.7975317633218903e-05 0.0 0.0 0.0017970579419254581 4.453093702216894e-08 0.0 0.0 0.04685364041052134 0.0011543819681830692 0.0 0.0 0.06013780185943336 0.003041870746695186 0.0 0.0 0.0013715047956845544 0.00039065072334026153 0.0 0.0 0.028134693225900686 2.8251176909142113e-07 0.0 0.0 0.17162125815981846 0.017597920299229478 0.0 0.0 0.201116304123513 0.05501460247355236 0.0 0.0 0.05846209237525235 0.0 0.01919249441025765 0.0 0.0 0.0 0.01677338262882889 0.0 0.0 0.0 1.8324295131219787e-07 0.0 0.0 0.0 0.01114493554319046 0.0 0.0 0.0 0.0 8.315734531033446e-08 0.0 0.0 0.0 2.460240529437526e-07 0.0 0.0 0.0 7.025796889377231e-07 0.0 0.0 0.0 2.0218320986298935e-07 0.0 6.1430588216989006e-06 0.0 0.0 0.024675881898589318 1.95964344327653e-08 0.0 0.0 0.013183970816178003 0.0002189421212778126 0.0 0.0 0.03971850743724874 0.004379881569117081 0.0 0.0 0.0012388484795052368 0.004251108023900016 0.0 0.0 0.20054127288586998 3.039945557751161e-07 0.0 0.0 0.1876256874453859 0.014645355549314449 0.0 0.0 0.31841678422169467 0.12632330475833656 0.0 0.0 0.04341306504272875 0.0 0.10754505252769395 0.0 0.0 0.0 0.08042041780211116 0.0 0.0 0.0 9.345485724795919e-07 0.0 0.0 0.0 0.12078342282753063 0.0 0.0 0.0 0.0 0.07882944717898577 0.0 0.0 0.0 0.0457140433903731 0.0 0.0 0.0 0.0006220603372454456 0.0 0.0 0.0 0.007834751786482859 0.0 0.0004944413438169846 0.0 0.0 0.010724879328393753 2.196963866575262e-09 0.0 0.0 0.0030984577715165566 0.003080837042120963 0.0 0.0 0.05688721081881806 1.993575299585455e-07 0.0 0.0 4.698628096697781e-08 0.00027782411050707254 0.0 0.0 0.019711966016038373 2.5442429991911198e-08 0.0 0.0 0.026183918043345297 0.0004142782700113794 0.0 0.0 0.032244797771275646 0.04190231675820739 0.0 0.0 0.015979499860056128
0.0 0.009556758714251802 0.0 0.0 0.0 0.0033617850983888274 0.0 0.0 0.0 7.644806634271178e-08 0.0 0.0 0.0 0.005154444774767706 0.0 0.0 0.0 0.0 0.02971671272820859 0.0 0.0 0.0 0.04682851480957274 0.0 0.0 0.0 0.03407235265807089 0.0 0.0 0.0 0.0687355722570775 0.0 0.0005682467164215106 0.0 0.0 0.01803820445074261 2.3270821886244355e-08 0.0 0.0 0.013310215700883294 0.0002955426440591731 0.0 0.0 0.020956885711872788 0.06659772628630198 0.0 0.0 0.01955996102297151 0.0029457873040420407 0.0 0.0 0.08542931340419205 7.321432177714641e-08 0.0 0.0 0.046190655394405505 0.008825821608124403 0.0 0.0 0.08210434424766501 0.10864336869099533 0.0 0.0 0.06038272943306785 0.0 0.0 0.0 0.0 0.0 1.6633703464030417e-08 0.0 0.0 0.0 4.449739928286785e-13 0.0 0.0 0.0 2.2501206355858058e-07 0.0 0.0 0.0 0.0 0.0 0.0 0.0 0.0 0.0013509698855052083 0.0 0.0 0.0 0.0016886320925002586 0.0 0.0 0.0 0.12999433798394489 0.0 0.0 0.0 0.0 0.0 1.8681074474712097e-09 0.0 0.0 0.0040861563103061875 1.6130969720238634e-08 0.0 0.0 1.084111839112992e-07 0.046530997020415625 0.0 0.0 0.031025354972848786 0.0 0.0 0.0 0.0 1.2692642310615027e-08 0.0 0.0 0.031126598439200053 0.0040861420474439135 0.0 0.0 0.030788857146921887 0.10737331129021963 0.0 0.0 0.050713332015154204 0.0 0.021051641635913887 0.0 0.0 0.0 0.009360901085959104 0.0 0.0 0.0 2.1919682225907293e-07 0.0 0.0 0.0 0.017008704575935216 0.0 0.0 0.0 0.0 1.393260332988502e-06 0.0 0.0 0.0 2.48048096643012e-07 0.0 0.0 0.0 1.1850435299112873e-06 0.0 0.0 0.0 2.868171206646652e-06 0.0 0.0007835497652021842 0.0 0.0 0.039695440829806895 3.211202151431706e-14 0.0 0.0 5.076155295614557e-08 0.00032465126559305527 0.0 0.0 0.05492092068975877 0.019475696288581798 0.0 0.0 0.014455488830215186 0.00418143231323369 0.0 0.0 0.15366907717229827 6.350644408337081e-08 0.0 0.0 0.10033000408630911 0.009013867962927259 0.0 0.0 0.22824920247708597 0.13104217169710025 0.0 0.0 0.11052511707267816 0.0 0.14874475210276406 0.0 0.0 0.0 0.12031123714389896 0.0 0.0 0.0 5.2701777750279855e-06 0.0 0.0 0.0 0.3096327684845442 0.0 0.0 0.0 0.0 0.10960869981553316 0.0 0.0 0.0 0.03346290197065709 0.0 0.0 0.0 0.08668235236274556 0.0 0.0 0.0 0.10117165465602711 0.0 0.00812342525753459 0.0 0.0 0.06725522155954307 8.003621311702381e-10 0.0 0.0 0.0009881633787430439 0.011371162103634626 0.0 0.0 0.1384258862298657 0.015090777380085282 0.0 0.0 0.054186244388022595 0.0014706236790406593 0.0 0.0 0.030434835880231076 6.629348024856427e-08 0.0 0.0 0.02805640956018184 0.01128979598366508 0.0 0.0 0.1544268472664253 0.10584789627466563 0.0 0.0 0.03565450791755448
0.0 0.0 0.0 0.0 0.0 0.0005432352282460549 0.0 0.0 0.0 1.7556504472601226e-08 0.0 0.0 0.0 0.015494811221452319 0.0 0.0 0.0 0.0 0.0 0.0 0.0 0.0 0.03150121108861371 0.0 0.0 0.0 0.09198852975855644 0.0 0.0 0.0 0.9705465638730344 0.0 0.0 0.0 0.0 0.0 9.870933758674921e-15 0.0 0.0 0.00035916031572506336 0.00015237566616660832 0.0 0.0 0.0015964260695702295 0.05362604500548544 0.0 0.0 0.014093015619714036 0.0 0.0 0.0 0.0 4.562658707545483e-13 0.0 0.0 0.018612923345386036 0.004635122569174954 0.0 0.0 0.05467711831533829 0.8382091881306146 0.0 0.0 0.1997081052656164 0.0 1.858436475744668e-07 0.0 0.0 0.0 0.0 0.0 0.0 0.0 4.661368045132234e-13 0.0 0.0 0.0 0.0 0.0 0.0 0.0 0.0 0.008602589363529789 0.0 0.0 0.0 0.0 0.0 0.0 0.0 0.0005432352282460549 0.0 0.0 0.0 0.0 0.0 9.512940914376222e-06 0.0 0.0 0.0003937955071508429 0.0 0.0 0.0 0.0 0.0014215511951101397 0.0 0.0 0.030079659893503568 0.0 0.0 0.0 0.0 0.0008860876495162703 0.0 0.0 0.04112435867367816 0.0 0.0 0.0 0.0 0.000767373597341782 0.0 0.0 0.018204710063769315 0.0 0.0 0.0 0.0 0.0 0.00749465863128017 0.0 0.0 0.0 0.0 0.0 0.0 0.0 0.0 0.0 0.0 0.0 0.0021889247924519214 0.0 0.0 0.0 0.0 1.0114370003284523e-07 0.0 0.0 0.0 0.0 0.0 0.0 0.0 0.0 0.0 0.0 0.0 4.661368045132234e-13 0.0 0.0016474426799938666 0.0 0.0 0.09992228004467003 0.0 0.0 0.0 0.0 0.0 0.0 0.0 0.0 0.00039788636112477127 0.0 0.0 0.00014534886712128358 0.0011858189128907749 0.0 0.0 0.09381581850121311 0.0 0.0 0.0 0.0 0.0 0.0 0.0 0.0 0.034254887702204626 0.0 0.0 0.014029482255068252 0.0 1.0886505022306276 0.0 0.0 0.0 0.008602589363529787 0.0 0.0 0.0 0.0 0.0 0.0 0.0 0.04694781384896709 0.0 0.0 0.0 0.0 0.06122433754796621 0.0 0.0 0.0 0.0004033084480652191 0.0 0.0 0.0 0.0 0.0 0.0 0.0 0.0030039038668399102 0.0 0.010715988801122813 0.0 0.0 0.7126765155297812 1.7157573663599315e-07 0.0 0.0 0.038427704923285996 0.0 0.0 0.0 0.0 0.18019168290035573 0.0 0.0 0.03153840401005794 0.0029048968730136094 0.0 0.0 0.2155054881334052 1.4267910938473658e-08 0.0 0.0 0.0035827413999084275 0.0 0.0 0.0 0.0 0.03752121534333978 0.0 0.0 0.006896159901061546
0.0 0.00881066471410003 0.0 0.0 0.0 0.0006999931007037083 0.0 0.0 0.0 6.362225075818404e-08 0.0 0.0 0.0 0.0023051148975453246 0.0 0.0 0.0 0.0 0.06941164698486162 0.0 0.0 0.0 0.020960645563955774 0.0 0.0 0.0 0.061072656424838764 0.0 0.0 0.0 0.05989482138436038 0.0 0.0028817483657414033 0.0 0.0 0.023097498284818933 1.6531126026721304e-13 0.0 0.0 0.0062747824740239065 0.0025020495616478212 0.0 0.0 0.055713444426308226 0.003606726258773194 0.0 0.0 0.000736398662565471 0.003779987607049408 0.0 0.0 0.13447462261573506 4.677655041770028e-13 0.0 0.0 0.0259437274323072 0.006433904851293296 0.0 0.0 0.17061319825759122 0.06252607541794877 0.0 0.0 0.03256830909367782 0.0 7.995075072924243e-08 0.0 0.0 0.0 2.6933782777026665e-08 0.0 0.0 0.0 2.024551724017315e-12 0.0 0.0 0.0 2.7488760796603565e-08 0.0 0.0 0.0 0.0 0.0013181176443982884 0.0 0.0 0.0 0.06053886549190781 0.0 0.0 0.0 0.07442396066872498 0.0 0.0 0.0 0.0007543363151024132 0.0 6.501424741688624e-09 0.0 0.0 0.019506669647796775 1.0097446795330337e-08 0.0 0.0 0.004700988951237799 0.001561588353029148 0.0 0.0 0.045574000282705474 0.031594977804997454 0.0 0.0 0.009437225778010658 8.787740650763943e-09 0.0 0.0 0.033054266039512455 2.6069458024043054e-08 0.0 0.0 0.015578805313602277 0.004997225294478324 0.0 0.0 0.08895981968553214 0.03295520084004289 0.0 0.0 0.006076954630521269 0.0 0.015105213613129442 0.0 0.0 0.0 0.0027142263234960252 0.0 0.0 0.0 8.151148087400895e-08 0.0 0.0 0.0 0.009638293756808258 0.0 0.0 0.0 0.0 5.5764675448771624e-08 0.0 0.0 0.0 1.424058045945566e-08 0.0 0.0 0.0 8.249829433762194e-08 0.0 0.0 0.0 3.188939151917904e-08 0.0 0.0008159436826837692 0.0 0.0 0.016584572135040783 1.12992651890677e-09 0.0 0.0 0.015074304678189796 0.0011331793289614273 0.0 0.0 0.02818933763989368 0.06324358314806708 0.0 0.0 0.015855810240183503 0.002685175465313881 0.0 0.0 0.12644648505402759 7.014340205980516e-08 0.0 0.0 0.0630301063418406 0.010829856607124625 0.0 0.0 0.1484244824149278 0.1594080246926887 0.0 0.0 0.04818957341679106 0.0 0.21010571770104353 0.0 0.0 0.0 0.13362103376215098 0.0 0.0 0.0 0.0 0.0 0.0 0.0 0.09072846357444611 0.0 0.0 0.0 0.0 0.02441113923286872 0.0 0.0 0.0 0.030875942120204794 0.0 0.0 0.0 0.0 0.0 0.0 0.0 0.04738481836448699 0.0 0.0007715880580237932 0.0 0.0 0.04187236470409152 1.4660829346525757e-10 0.0 0.0 0.005548507292529409 0.0 0.0 0.0 0.0 0.04743538955050749 0.0 0.0 0.012406158201580786 0.0009795394841500577 0.0 0.0 0.04513454224956433 2.6787844086281692e-08 0.0 0.0 0.045471084177157055 0.0 0.0 0.0 0.0 0.033685237324615064 0.0 0.0 0.010816101556669976
0.0 0.007498710901404708 0.0 0.0 0.0 0.0019318596131335701 0.0 0.0 0.0 5.8864449021192305e-08 0.0 0.0 0.0 0.004056478679926606 0.0 0.0 0.0 0.0 0.00243026838152834 0.0 0.0 0.0 0.03291142093947493 0.0 0.0 0.0 0.024311276983983304 0.0 0.0 0.0 0.03215695456068747 0.0 9.411820161237933e-05 0.0 0.0 0.00297974132996354 2.248464835791827e-14 0.0 0.0 1.4626778638669264e-08 0.0007678552156286725 0.0 0.0 0.026619930036934372 0.013772078587946246 0.0 0.0 0.003828709910818989 0.0014759026040395684 0.0 0.0 0.08012003931471652 4.400794479034468e-08 0.0 0.0 0.0597554415459106 0.00550916022430387 0.0 0.0 0.13198928014123076 0.0946494000385002 0.0 0.0 0.04073393968865056 0.0 2.6752001193808437e-07 0.0 0.0 0.0 1.6200777818220446e-07 0.0 0.0 0.0 4.477541555142367e-12 0.0 0.0 0.0 2.460008245666571e-07 0.0 0.0 0.0 0.0 0.003073851522119919 0.0 0.0 0.0 0.013372585445722998 0.0 0.0 0.0 0.045321233886628766 0.0 0.0 0.0 0.04951144608570472 0.0 0.0017339465143662196 0.0 0.0 0.0142167744243415 1.311018118805826e-07 0.0 0.0 0.051523251062658815 0.0041929860018012285 0.0 0.0 0.06182865846733777 0.007225134434055872 0.0 0.0 0.0024880579141548296 0.0056408560676587316 0.0 0.0 0.06993308468476675 6.570554845203513e-08 0.0 0.0 0.0927684392319214 0.016177271627811702 0.0 0.0 0.21934204603391483 0.1218274443159088 0.0 0.0 0.039678159626969606 0.0 0.01697256146521663 0.0 0.0 0.0 0.011865519137546347 0.0 0.0 0.0 1.1386069597425778e-07 0.0 0.0 0.0 0.004919954216513692 0.0 0.0 0.0 0.0 3.369076744412487e-08 0.0 0.0 0.0 6.435259491212573e-08 0.0 0.0 0.0 5.155326142559604e-08 0.0 0.0 0.0 2.3132917665543776e-08 0.0 0.0002089430025447811 0.0 0.0 0.010569161480123546 1.217615047344633e-08 0.0 0.0 0.02049616002946172 0.0013231066570605226 0.0 0.0 0.013889484188460192 0.013591295391150525 0.0 0.0 0.004422032749364746 0.003488537981368809 0.0 0.0 0.15795832384650882 2.3178666261225667e-07 0.0 0.0 0.18836850089520238 0.0071412162345475105 0.0 0.0 0.16684358897250448 0.04820001585049571 0.0 0.0 0.023465459392822678 0.0 0.05972379492918108 0.0 0.0 0.0 0.0974815761817183 0.0 0.0 0.0 0.0 0.0 0.0 0.0 0.2643473752076947 0.0 0.0 0.0 0.0 0.03776385239428641 0.0 0.0 0.0 0.0969248691827353 0.0 0.0 0.0 0.0 0.0 0.0 0.0 0.13863533252793778 0.0 7.284736853434329e-05 0.0 0.0 0.049438954621095495 1.646865085193077e-07 0.0 0.0 0.12005302740354544 0.0 0.0 0.0 0.0 0.03765678621502717 0.0 0.0 0.013081976012536682 0.00022480167763600737 0.0 0.0 0.010440383564708354 2.6068443015879593e-08 0.0 0.0 0.032402532499021204 0.0 0.0 0.0 0.0 0.08463059148550948 0.0 0.0 0.029240622950884424
0.0 0.0038722446739872596 0.0 0.0 0.0 0.0038984653300217597 0.0 0.0 0.0 3.348342552044362e-08 0.0 0.0 0.0 0.0030915791491691845 0.0 0.0 0.0 0.0 0.026341621079359053 0.0 0.0 0.0 0.05085931787316655 0.0 0.0 0.0 0.025225870103570178 0.0 0.0 0.0 0.03543875462182554 0.0 1.1690662340110365e-05 0.0 0.0 0.022153734135400217 1.1011816347189518e-08 0.0 0.0 0.002636959405345743 0.0025456635725388706 0.0 0.0 0.02042005405706983 0.0065371312718515585 0.0 0.0 0.0016183563532304788 0.0014748780441911497 0.0 0.0 0.055957890059715874 2.7380270139498595e-07 0.0 0.0 0.10732306055943873 0.004565951579496145 0.0 0.0 0.05705448585889312 0.08742195796196875 0.0 0.0 0.030610308624445023 0.0 2.330445565502126e-07 0.0 0.0 0.0 4.772483269944769e-08 0.0 0.0 0.0 2.22541106613304e-12 0.0 0.0 0.0 2.0625277339043919e-07 0.0 0.0 0.0 0.0 0.02035820792932141 0.0 0.0 0.0 0.0009272483475300696 0.0 0.0 0.0 0.06145803026860547 0.0 0.0 0.0 0.07611736269157533 0.0 6.737892097704512e-05 0.0 0.0 0.0024630969425845934 2.466607446890292e-13 0.0 0.0 0.014542187223623097 0.00016760895475315552 0.0 0.0 0.035621983341934296 0.010470132053616297 0.0 0.0 0.003672699887532701 0.001743194946919099 0.0 0.0 0.05772693220688656 1.3039281507278684e-08 0.0 0.0 0.039436532991982805 0.004334627796420303 0.0 0.0 0.14549488160979715 0.10125062457287091 0.0 0.0 0.02811309185161874 0.0 0.009809467541314733 0.0 0.0 0.0 0.003526100853635633 0.0 0.0 0.0 7.982139506134214e-08 0.0 0.0 0.0 0.010637711560449877 0.0 0.0 0.0 0.0 6.153781406445351e-07 0.0 0.0 0.0 6.74721366916203e-08 0.0 0.0 0.0 1.8415944801542748e-08 0.0 0.0 0.0 2.8199681765951675e-07 0.0 0.00025351274246756666 0.0 0.0 0.0073658423016097554 2.5584588643952197e-08 0.0 0.0 0.04195503242210138 0.0002925778379499126 0.0 0.0 0.005149432241766682 0.046080515892487926 0.0 0.0 0.015910932718290145 0.004543525374295751 0.0 0.0 0.08783909531716522 1.154745814792934e-07 0.0 0.0 0.06433071684794985 0.004867883715949028 0.0 0.0 0.1269550812857366 0.12364176576052585 0.0 0.0 0.05080592404516435 0.0 0.14694644567629095 0.0 0.0 0.0 0.1514362353285422 0.0 0.0 0.0 8.699559938043631e-07 0.0 0.0 0.0 0.14413288952215678 0.0 0.0 0.0 0.0 0.009768883148099804 0.0 0.0 0.0 0.01521845363243454 0.0 0.0 0.0 0.030323952953141567 0.0 0.0 0.0 0.10586015279941056 0.0 0.002219980365342325 0.0 0.0 0.08567562197058715 5.4075766341082915e-09 0.0 0.0 0.05259485745400565 0.00398841298820593 0.0 0.0 0.04461632011032932 0.02535567499866289 0.0 0.0 0.00941635929986464 0.0006516968567223927 0.0 0.0 0.02926751862044154 4.2703595383612927e-08 0.0 0.0 0.055280552111329824 0.0032106333314819613 0.0 0.0 0.02767186931584111 0.028370218570734913 0.0 0.0 0.016300880774151295
0.0 0.009966067489320185 0.0 0.0 0.0 0.007387520960608842 0.0 0.0 0.0 3.030005933748742e-08 0.0 0.0 0.0 0.0021255759802459567 0.0 0.0 0.0 0.0 0.050538313185519976 0.0 0.0 0.0 0.16278224070815892 0.0 0.0 0.0 0.06364878455395537 0.0 0.0 0.0 0.06450162867372483 0.0 0.00031923915721072206 0.0 0.0 0.029956116379879535 7.714054384333971e-08 0.0 0.0 0.0482403629212404 0.0009649304970601994 0.0 0.0 0.017826089115405633 0.03627758008423939 0.0 0.0 0.005944259487832794 0.002634299459639198 0.0 0.0 0.1323096414014834 3.051840510747216e-07 0.0 0.0 0.1954162343859941 0.008223224622207112 0.0 0.0 0.0974400051388565 0.089893166559186 0.0 0.0 0.026981466287824083 0.0 2.48956342355759e-07 0.0 0.0 0.0 3.91368755947983e-07 0.0 0.0 0.0 5.093891628063798e-12 0.0 0.0 0.0 2.1031864696748556e-07 0.0 0.0 0.0 0.0 0.024220023061931033 0.0 0.0 0.0 0.00629479557884189 0.0 0.0 0.0 0.0796930113350653 0.0 0.0 0.0 0.006143936028737112 0.0 5.895436914708885e-05 0.0 0.0 0.031421059242067 8.766942029453258e-08 0.0 0.0 0.05616218891340723 0.0020400469368667324 0.0 0.0 0.025902819083145907 0.05529234351199829 0.0 0.0 0.010663600575900751 0.006172130031668405 0.0 0.0 0.08861003572087947 1.8968709620369835e-07 0.0 0.0 0.23850724954654912 0.011574051322832237 0.0 0.0 0.25699619977208427 0.11404552354495216 0.0 0.0 0.03957806309281772 0.0 0.018886733618760504 0.0 0.0 0.0 0.0080438230962955 0.0 0.0 0.0 8.761124073598801e-08 0.0 0.0 0.0 0.00868513810474272 0.0 0.0 0.0 0.0 4.213637118920248e-08 0.0 0.0 0.0 3.789777647323583e-08 0.0 0.0 0.0 2.347592429389311e-08 0.0 0.0 0.0 1.4406322008772079e-08 0.0 0.00015032571777534763 0.0 0.0 0.001988851317340541 3.1382270816072227e-10 0.0 0.0 0.026330238720557047 0.006384185543290196 0.0 0.0 0.07967076037463394 0.019324346672744602 0.0 0.0 0.009493110704780573 0.006609128060315419 0.0 0.0 0.1604679833769812 1.357645392989846e-07 0.0 0.0 0.11610821558904436 0.006429343508782984 0.0 0.0 0.13323927655918089 0.14204400534035722 0.0 0.0 0.04617706184410585 0.0 0.3019444128361703 0.0 0.0 0.0 0.10092003057891505 0.0 0.0 0.0 0.0 0.0 0.0 0.0 0.096146124454414 0.0 0.0 0.0 0.0 0.059804502847388995 0.0 0.0 0.0 0.012464026117175986 0.0 0.0 0.0 0.0 0.0 0.0 0.0 0.03263119371194893 0.0 0.001192161247123786 0.0 0.0 0.03293846656559209 1.3307454711503965e-08 0.0 0.0 0.03110468846640814 0.0 0.0 0.0 0.0 0.020279543562311198 0.0 0.0 0.01776189253973999 0.0014215723148249312 0.0 0.0 0.05414623833500594 4.158191102791409e-08 0.0 0.0 0.04361426417567927 0.0 0.0 0.0 0.0 0.04680204477922433 0.0 0.0 0.012102878025414548
0.0 0.0 0.0 0.0 0.0 0.003440393577319254 0.0 0.0 0.0 3.115358712405774e-08 0.0 0.0 0.0 0.0 0.0 0.0 0.0 0.0 0.0 0.0 0.0 0.0 0.028669788777516015 0.0 0.0 0.0 0.004902898533779743 0.0 0.0 0.0 0.0 0.0 0.0 0.0 0.0 0.0 1.7602080887695145e-09 0.0 0.0 0.021098044862115212 6.479226346353563e-05 0.0 0.0 0.0012770619392849193 0.0 0.0 0.0 0.0 0.0 0.0 0.0 0.0 1.3273822230705846e-07 0.0 0.0 0.12466708313409298 0.0024436000558337775 0.0 0.0 0.08024933847878789 0.0 0.0 0.0 0.0 0.0 4.257760429531354e-07 0.0 0.0 0.0 1.6086254764070888e-07 0.0 0.0 0.0 1.6211749617312428e-11 0.0 0.0 0.0 2.0265540186139554e-07 0.0 0.0 0.0 0.0 0.021941282167713846 0.0 0.0 0.0 0.0033158926825419223 0.0 0.0 0.0 0.08418959557893223 0.0 0.0 0.0 0.009058541951808918 0.0 0.00011946584896387673 0.0 0.0 0.004343250000727949 4.561160852245597e-13 0.0 0.0 1.0679305717427986e-07 0.0014399460800307903 0.0 0.0 0.02608327965098811 1.708592772649125e-08 0.0 0.0 6.938643186864016e-09 0.0026118950998315366 0.0 0.0 0.11921321848128137 1.0888552519749366e-07 0.0 0.0 0.11526736067552125 0.035601684056132114 0.0 0.0 0.7420627188650748 0.075229256628487 0.0 0.0 0.0342956046393806 0.0 0.008301893057105285 0.0 0.0 0.0 0.03983548422671526 0.0 0.0 0.0 1.864201999081739e-07 0.0 0.0 0.0 0.0004986051611707494 0.0 0.0 0.0 0.0 1.3496187164717808e-08 0.0 0.0 0.0 1.8828333514080373e-07 0.0 0.0 0.0 7.500621826572345e-08 0.0 0.0 0.0 1.2180736988091445e-08 0.0 3.080415117763051e-05 0.0 0.0 0.001398668396691557 9.714264707540826e-08 0.0 0.0 0.08394245893516607 0.0005498991690432433 0.0 0.0 0.00880593031897963 1.596486006663088e-08 0.0 0.0 2.1846109129725915e-09 0.0005856316983228306 0.0 0.0 0.07862071162525248 4.059792628612243e-07 0.0 0.0 0.735952682205331 0.008717650211344024 0.0 0.0 0.27838533362333817 0.02527035251328745 0.0 0.0 0.0038769194702461597 0.0 0.025270368478147516 0.0 0.0 0.0 0.07522927371441473 0.0 0.0 0.0 0.0 0.0 0.0 0.0 0.0 0.0 0.0 0.0 0.0 0.0004986051611707495 0.0 0.0 0.0 2.0265540186139556e-07 0.0 0.0 0.0 0.0 0.0 0.0 0.0 0.0 0.0 3.2534051570081715e-10 0.0 0.0 1.1855396472390627e-08 1.0075656885032675e-08 0.0 0.0 0.009058531876152033 0.0 0.0 0.0 0.0 0.0 0.0 0.0 0.0 9.262760726998803e-05 0.0 0.0 0.0037842940475870846 3.272822567378497e-08 0.0 0.0 0.034295578849798114 0.0 0.0 0.0 0.0 0.0 0.0 0.0 0.0
0.0 0.00163465552597604 0.0 0.0 0.0 0.0008052732352634924 0.0 0.0 0.0 5.0506895532222e-08 0.0 0.0 0.0 0.0019759619204113197 0.0 0.0 0.0 0.0 0.030038729989325438 0.0 0.0 0.0 0.023432112403778783 0.0 0.0 0.0 0.07248883113879079 0.0 0.0 0.0 0.04987072403092183 0.0 0.0008031003904661353 0.0 0.0 0.04452652660523503 1.881971400816105e-09 0.0 0.0 0.0005243370204745454 4.873801270370178e-05 0.0 0.0 0.0016453568905459184 0.00029975922735713076 0.0 0.0 0.0013009756340463608 0.00042166485243503747 0.0 0.0 0.03240087773324824 1.3334148300634695e-08 0.0 0.0 0.030151039672706444 0.0013847133186870614 0.0 0.0 0.14408342032574878 0.002297566615105705 0.0 0.0 0.026624178894672088 0.0 3.7075016847668625e-07 0.0 0.0 0.0 2.140148722724266e-08 0.0 0.0 0.0 1.419106420190684e-11 0.0 0.0 0.0 3.7850769401878046e-08 0.0 0.0 0.0 0.0 0.0011403047138004334 0.0 0.0 0.0 0.02049084876428859 0.0 0.0 0.0 0.01988966335945195 0.0 0.0 0.0 0.004081888587482605 0.0 0.0006272031203962496 0.0 0.0 0.022804904908258417 1.7745154422488697e-09 0.0 0.0 0.02169342239362648 7.637719725652966e-08 0.0 0.0 1.9996920183215762e-06 9.52343524938643e-05 0.0 0.0 1.9112257154185776e-05 0.0018829141884023606 0.0 0.0 0.028457079867317017 7.582668875167588e-09 0.0 0.0 0.012728475631756338 0.023852335073150793 0.0 0.0 0.4504709234190771 0.04080253983870502 0.0 0.0 0.009913964661737879 0.0 0.0072221513346197655 0.0 0.0 0.0 0.02170995531724359 0.0 0.0 0.0 1.3686385339989418e-07 0.0 0.0 0.0 0.013967507590175924 0.0 0.0 0.0 0.0 2.0074814210843706e-08 0.0 0.0 0.0 2.0822891276123968e-06 0.0 0.0 0.0 7.220021364803615e-07 0.0 0.0 0.0 5.000672929262584e-07 0.0 7.334741700234478e-15 0.0 0.0 1.6263882225237636e-08 3.315743337399632e-08 0.0 0.0 0.025071327839123102 0.004114534330380341 0.0 0.0 0.04741515281522393 0.019308868794864008 0.0 0.0 0.013121265664216175 2.5659225188931556e-08 0.0 0.0 0.07514695298996567 3.4150234125410184e-07 0.0 0.0 0.4474312578298176 0.008296926511417023 0.0 0.0 0.21473641521870357 0.15669764391348814 0.0 0.0 0.09892449048584906 0.0 0.18973700624449472 0.0 0.0 0.0 0.023087455471029278 0.0 0.0 0.0 3.070944631066768e-06 0.0 0.0 0.0 0.015700785989613275 0.0 0.0 0.0 0.0 0.018517708685604567 0.0 0.0 0.0 0.0013169114184652339 0.0 0.0 0.0 0.01143286957644332 0.0 0.0 0.0 0.00037680367045680123 0.0 8.691473414644435e-05 0.0 0.0 0.00437225601176478 1.801534347135006e-08 0.0 0.0 0.02367961935548216 0.0013013456934336442 0.0 0.0 0.02488975885295546 2.996585457095547e-09 0.0 0.0 6.964427471761437e-10 0.0006976578741514137 0.0 0.0 0.03369595541738137 1.2768194051693322e-08 0.0 0.0 0.006828760519828773 0.002782640640982354 0.0 0.0 0.09687225816241153 0.009026702911169047 0.0 0.0 0.002352092509904158
0.0 0.001643444373483041 0.0 0.0 0.0 0.000930508650799339 0.0 0.0 0.0 7.728368877064271e-08 0.0 0.0 0.0 0.0 0.0 0.0 0.0 0.0 0.040917151500383483 0.0 0.0 0.0 0.023070692358779375 0.0 0.0 0.0 0.09664982920420434 0.0 0.0 0.0 0.0 0.0 2.7010671780728176e-09 0.0 0.0 0.006970275363855189 1.7179539529064056e-08 0.0 0.0 0.02140498245176463 0.0006163570294027402 0.0 0.0 0.026253661735002955 0.0 0.0 0.0 0.0 0.00016908753054301274 0.0 0.0 0.029595236908121575 3.431625328249448e-08 0.0 0.0 0.033888963420317345 0.004268630372256452 0.0 0.0 0.16296050509277432 0.0 0.0 0.0 0.0 0.0 1.55808264711559e-07 0.0 0.0 0.0 0.0 0.0 0.0 0.0 7.440206574187248e-12 0.0 0.0 0.0 1.0535334727297105e-07 0.0 0.0 0.0 0.0 0.0080735900307112 0.0 0.0 0.0 0.0 0.0 0.0 0.0 0.028452820083313828 0.0 0.0 0.0 0.04156876553408182 0.0 6.52456296106124e-10 0.0 0.0 1.2023452415590817e-08 0.0 0.0 0.0 0.0 0.001212062140790043 0.0 0.0 0.022964440318865784 0.007378144342193298 0.0 0.0 0.002099458092469658 0.0015776862555634762 0.0 0.0 0.043212020814520885 0.0 0.0 0.0 0.0 0.015607897910038413 0.0 0.0 0.2753753058418503 0.08486075929486875 0.0 0.0 0.022683164137946143 0.0 0.0069057626115599 0.0 0.0 0.0 0.01355864781947589 0.0 0.0 0.0 1.8443328457632738e-07 0.0 0.0 0.0 0.01131535681179456 0.0 0.0 0.0 0.0 1.4193711695671943e-08 0.0 0.0 0.0 1.9999429433202697e-06 0.0 0.0 0.0 1.1750799800677552e-07 0.0 0.0 0.0 7.99480042650102e-08 0.0 7.1698556477919755e-09 0.0 0.0 0.022898817908263848 7.571041043689786e-09 0.0 0.0 0.04837893292398472 0.00045414862844241386 0.0 0.0 0.012820161406085112 0.03998949411368012 0.0 0.0 0.009976412239575336 4.89098733327696e-08 0.0 0.0 0.07592228037667362 1.1636985413987024e-07 0.0 0.0 0.28167282167499935 0.0072845251051769176 0.0 0.0 0.2701899236363426 0.12579375995634837 0.0 0.0 0.07724222485544238 0.0 0.1689894447325608 0.0 0.0 0.0 0.06360601917783162 0.0 0.0 0.0 1.949868243734183e-06 0.0 0.0 0.0 0.07787976633909391 0.0 0.0 0.0 0.0 0.0023978183506263074 0.0 0.0 0.0 0.0105814252685048 0.0 0.0 0.0 0.009415215165412046 0.0 0.0 0.0 0.06680076971969261 0.0 0.00011153741509451876 0.0 0.0 0.0036536938208761418 6.438526475757902e-08 0.0 0.0 0.037831301079673606 1.6160502055383456e-08 0.0 0.0 0.02216127349799549 0.03589905986619101 0.0 0.0 0.008712668976181113 0.0008093380121213256 0.0 0.0 0.03549203000859693 2.1347099438406652e-08 0.0 0.0 0.020139832704048267 0.0023363143295058943 0.0 0.0 0.04538042935579428 0.016555962544448504 0.0 0.0 0.005605634894268844
0.0 0.00515500601847593 0.0 0.0 0.0 0.00850864279788857 0.0 0.0 0.0 6.908573791618208e-08 0.0 0.0 0.0 0.002515432187101099 0.0 0.0 0.0 0.0 0.007181326984369238 0.0 0.0 0.0 0.12975833098759537 0.0 0.0 0.0 0.049830943592296464 0.0 0.0 0.0 0.22291022852048273 0.0 3.0896534310801414e-14 0.0 0.0 1.1788863639013271e-12 5.406054921011261e-09 0.0 0.0 0.0072894998458348835 4.190420108686136e-05 0.0 0.0 0.0006403659624473082 0.005078354161555685 0.0 0.0 0.0013373637685239117 0.0019259132381286568 0.0 0.0 0.08238661425239886 2.014830542651238e-07 0.0 0.0 0.1443899009633194 0.009161023126464775 0.0 0.0 0.18194784526842286 0.1697740504969079 0.0 0.0 0.03330444309104995 0.0 1.7729128242147077e-07 0.0 0.0 0.0 0.0 0.0 0.0 0.0 1.982050258035709e-11 0.0 0.0 0.0 1.4592514533219055e-07 0.0 0.0 0.0 0.0 0.0020264611414428464 0.0 0.0 0.0 0.0 0.0 0.0 0.0 0.04601678023405269 0.0 0.0 0.0 0.005762870050899982 0.0 2.8644054029326864e-14 0.0 0.0 1.041046353730467e-12 0.0 0.0 0.0 0.0 0.003906978454368482 0.0 0.0 0.09043181143794707 0.03505540995328098 0.0 0.0 0.009119995043614874 0.0011089927804249708 0.0 0.0 0.045188799033071304 0.0 0.0 0.0 0.0 0.048232104451711215 0.0 0.0 0.8745497908425073 0.0073259313656336015 0.0 0.0 0.03938450815600771 0.0 0.025652420311070213 0.0 0.0 0.0 0.03688835650054502 0.0 0.0 0.0 2.083336699724951e-07 0.0 0.0 0.0 0.009200242678769052 0.0 0.0 0.0 0.0 1.0011987462686693e-08 0.0 0.0 0.0 1.9725147507899854e-06 0.0 0.0 0.0 1.1661592675838211e-07 0.0 0.0 0.0 5.272249745164067e-07 0.0 0.001327929125069164 0.0 0.0 0.018787133997933924 8.546322889110933e-09 0.0 0.0 0.05570525701664681 1.0661372249432279e-08 0.0 0.0 0.011645424053791986 0.01136081083209517 0.0 0.0 0.0033799254318899563 0.009808793371011947 0.0 0.0 0.28269472491396597 1.6876224761005836e-07 0.0 0.0 0.777243981110729 0.0054596134944463835 0.0 0.0 0.32116563857183134 0.1544281869063388 0.0 0.0 0.06325245816238874 0.0 0.37887322646391525 0.0 0.0 0.0 0.0041471683234857865 0.0 0.0 0.0 2.348928411136203e-06 0.0 0.0 0.0 0.0 0.0 0.0 0.0 0.0 0.0051796952089138044 0.0 0.0 0.0 0.00017746635925545125 0.0 0.0 0.0 0.006358659222846228 0.0 0.0 0.0 0.0 0.0 0.0009169736526339766 0.0 0.0 0.1355659851898184 5.476471176604248e-13 0.0 0.0 0.042379646546793895 0.002416873793913324 0.0 0.0 0.047394146612649984 0.0 0.0 0.0 0.0 0.001090547921875265 0.0 0.0 0.05826673453033833 1.8673767199621717e-14 0.0 0.0 0.0016201490171897975 0.0025227196406909617 0.0 0.0 0.08627854254336212 0.0 0.0 0.0 0.0
0.0 0.011077342723332894 0.0 0.0 0.0 0.005692981245672196 0.0 0.0 0.0 4.894443071926826e-08 0.0 0.0 0.0 0.009016007389605663 0.0 0.0 0.0 0.0 0.07150963084432824 0.0 0.0 0.0 0.018169119620769662 0.0 0.0 0.0 0.08131621148299216 0.0 0.0 0.0 0.14829134203899882 0.0 0.001653869909815493 0.0 0.0 0.05126513675848434 2.390722973910838e-12 0.0 0.0 1.1512116445042817e-06 0.005039633776488458 0.0 0.0 0.05504112621413881 0.01677107525351981 0.0 0.0 0.05825026760182797 0.0018894229900159065 0.0 0.0 0.16238248603042646 1.5320354522483962e-07 0.0 0.0 0.12602553934417937 0.012759535507771789 0.0 0.0 0.14562133333058142 0.3132516186290511 0.0 0.0 0.10393844914253733 0.0 5.854291956749198e-07 0.0 0.0 0.0 3.728916981836624e-07 0.0 0.0 0.0 4.356060887735229e-12 0.0 0.0 0.0 3.523105501607808e-07 0.0 0.0 0.0 0.0 0.023107607968407985 0.0 0.0 0.0 0.0031043427875465496 0.0 0.0 0.0 0.0032678863166491767 0.0 0.0 0.0 0.038425126692910934 0.0 0.00044889491960759876 0.0 0.0 0.005861852901561731 2.8400424740570935e-13 0.0 0.0 7.387883000669762e-08 0.0006721816479798862 0.0 0.0 0.00515690124796868 0.009161380918519611 0.0 0.0 0.007507590147296679 0.004714530114404721 0.0 0.0 0.11575547329502392 1.6066540275521158e-07 0.0 0.0 0.04685803131897238 0.010030376972546828 0.0 0.0 0.08079861689596715 0.06441264690160863 0.0 0.0 0.08034482920004954 0.0 0.03926922645190857 0.0 0.0 0.0 0.008775484544754415 0.0 0.0 0.0 0.0 0.0 0.0 0.0 0.012459787395277892 0.0 0.0 0.0 0.0 3.5577812848073193e-06 0.0 0.0 0.0 2.32069043029678e-06 0.0 0.0 0.0 0.0 0.0 0.0 0.0 5.278567332912631e-07 0.0 0.0005866412893560733 0.0 0.0 0.03319659409671863 1.5534649875899687e-07 0.0 0.0 0.03773910243588875 0.0 0.0 0.0 0.0 0.05658967313662174 0.0 0.0 0.030174182600743463 0.00992581877594275 0.0 0.0 0.3666849954893942 4.545516731757828e-07 0.0 0.0 0.15333440860169012 0.0 0.0 0.0 0.0 0.014387468681204125 0.0 0.0 0.08624028650035508 0.0 0.26155551836790986 0.0 0.0 0.0 0.053436125083389845 0.0 0.0 0.0 6.357379661615207e-06 0.0 0.0 0.0 0.46461907072097797 0.0 0.0 0.0 0.0 0.0852921743378644 0.0 0.0 0.0 0.007533092563301686 0.0 0.0 0.0 0.07370225110618611 0.0 0.0 0.0 0.31956769980905964 0.0 0.004680175057991354 0.0 0.0 0.10039196163292026 2.4829345850793327e-07 0.0 0.0 0.02035325641827164 0.015644756121569223 0.0 0.0 0.14647509034139683 0.15424202156328426 0.0 0.0 0.06449718696881065 0.002613551336753174 0.0 0.0 0.04509643469389993 1.385725469302653e-07 0.0 0.0 0.01860310215449918 0.016358014365584702 0.0 0.0 0.19748036457020665 0.15080118646813015 0.0 0.0 0.04538439149535071
0.0 0.004983881758874496 0.0 0.0 0.0 0.0005036949616016209 0.0 0.0 0.0 5.272793482151849e-08 0.0 0.0 0.0 0.004156999596106706 0.0 0.0 0.0 0.0 0.00679225917012129 0.0 0.0 0.0 0.08494504772234628 0.0 0.0 0.0 0.034653107698383534 0.0 0.0 0.0 0.21761678215314972 0.0 5.406678861492231e-05 0.0 0.0 0.0025123745661051076 2.7647252872324387e-14 0.0 0.0 0.0011703888720508244 5.25794948743139e-05 0.0 0.0 0.00305673467034359 0.0050923834364299215 0.0 0.0 0.023857101051477408 0.0024973026653730716 0.0 0.0 0.08876125902369653 3.885405022519934e-13 0.0 0.0 0.018982012416370486 0.0005182691492209945 0.0 0.0 0.17292154420481348 0.18982785964535165 0.0 0.0 0.05225421265714966 0.0 1.6579653083897494e-07 0.0 0.0 0.0 1.937372938347165e-08 0.0 0.0 0.0 5.396879577040492e-12 0.0 0.0 0.0 1.243847103378623e-07 0.0 0.0 0.0 0.0 0.02262398668379509 0.0 0.0 0.0 0.034161932534740765 0.0 0.0 0.0 0.03722040942085918 0.0 0.0 0.0 0.055527854624856696 0.0 0.0005475366635694977 0.0 0.0 0.02737118517877806 5.349732285327128e-13 0.0 0.0 0.022945164666657292 0.0037706956010125007 0.0 0.0 0.0913800382528654 0.00038273500806461076 0.0 0.0 0.00014303419310493599 0.0008895739960809437 0.0 0.0 0.018968314329769146 2.3892078759766503e-08 0.0 0.0 0.013293622180782394 0.010860607243923757 0.0 0.0 0.24397244404282203 0.06367586949895579 0.0 0.0 0.02107190758735478 0.0 0.0082067531846248 0.0 0.0 0.0 0.012575851607185645 0.0 0.0 0.0 1.733300289720265e-07 0.0 0.0 0.0 0.010352422582101888 0.0 0.0 0.0 0.0 2.8806511977052955e-08 0.0 0.0 0.0 5.471927480188228e-08 0.0 0.0 0.0 8.092618871928984e-08 0.0 0.0 0.0 1.1604288443647622e-06 0.0 2.0007829529210757e-05 0.0 0.0 0.003209328402625633 2.2396385452007166e-09 0.0 0.0 0.005110744099287563 0.0020068480201438587 0.0 0.0 0.031041116714638557 0.0316075042963315 0.0 0.0 0.007357298732468861 0.0034058434841280527 0.0 0.0 0.12595956358962748 1.0199380192133269e-07 0.0 0.0 0.22871591461064406 0.011410858825507565 0.0 0.0 0.23714397277758664 0.20900728040740252 0.0 0.0 0.05847776547120705 0.0 0.3308163960039706 0.0 0.0 0.0 0.13645461732173506 0.0 0.0 0.0 1.0521137949281545e-06 0.0 0.0 0.0 0.022945121764416442 0.0 0.0 0.0 0.0 0.006379354219495385 0.0 0.0 0.0 0.02743335458822543 0.0 0.0 0.0 0.001078208176794815 0.0 0.0 0.0 0.001797363679997079 0.0 0.0012793312059450395 0.0 0.0 0.19694149511266323 7.835549978550358e-09 0.0 0.0 0.03433293495657286 0.0009374965800001345 0.0 0.0 0.0320162641603496 2.3985110892264114e-08 0.0 0.0 6.016712413704974e-09 0.0009509664112769069 0.0 0.0 0.062038939559099227 1.73598347074052e-07 0.0 0.0 0.04818158096940213 0.0009291907385700225 0.0 0.0 0.03543855087901408 0.008162271894756818 0.0 0.0 0.002295593983268146
0.0 0.0025053265613493975 0.0 0.0 0.0 0.00099549190779566 0.0 0.0 0.0 8.565209987507685e-08 0.0 0.0 0.0 0.0008515787520157286 0.0 0.0 0.0 0.0 0.02712845445648624 0.0 0.0 0.0 0.0603389493515326 0.0 0.0 0.0 0.07054249089152682 0.0 0.0 0.0 0.058011937483610006 0.0 0.001371306814608699 0.0 0.0 0.042262336030018305 4.020223897112429e-08 0.0 0.0 0.02403211064170544 0.0007587020402444754 0.0 0.0 0.01575415044230178 0.0007312387765636277 0.0 0.0 0.00015961399384143156 0.0008567741081439581 0.0 0.0 0.047963059114863815 1.7881028830655908e-08 0.0 0.0 0.036720647101168936 0.005621608078153233 0.0 0.0 0.18201929133798234 0.01739849084332963 0.0 0.0 0.014412582964742418 0.0 4.811654773967594e-08 0.0 0.0 0.0 1.5156453151384202e-07 0.0 0.0 0.0 1.979471020263054e-12 0.0 0.0 0.0 1.3430629499607665e-07 0.0 0.0 0.0 0.0 9.094594150170721e-05 0.0 0.0 0.0 0.02339669636704571 0.0 0.0 0.0 0.11143353140475303 0.0 0.0 0.0 0.034791161924939557 0.0 7.06919454772428e-09 0.0 0.0 0.013720362729925138 1.1413068253487266e-07 0.0 0.0 0.027343270565242633 0.0015023261527978967 0.0 0.0 0.04622879193924691 0.02705591774213462 0.0 0.0 0.013468356401687098 7.679373659563883e-09 0.0 0.0 0.01671044273482483 8.778421737917556e-08 0.0 0.0 0.04082512240238303 0.00277522096114322 0.0 0.0 0.11275645798238801 0.05009616924337589 0.0 0.0 0.027197331738405883 0.0 0.013451258684422478 0.0 0.0 0.0 0.003639586573760567 0.0 0.0 0.0 2.1168265883269433e-07 0.0 0.0 0.0 0.013115278255777327 0.0 0.0 0.0 0.0 3.264314045005791e-08 0.0 0.0 0.0 2.2408158897253023e-08 0.0 0.0 0.0 1.4633244386980462e-07 0.0 0.0 0.0 1.4329190041771982e-07 0.0 7.620568357144326e-10 0.0 0.0 2.465126204878479e-08 1.015949499845923e-13 0.0 0.0 0.004860936447627418 0.0037087947862709052 0.0 0.0 0.08032299695803602 0.07805625691218812 0.0 0.0 0.021085253629766126 0.0013445066618616825 0.0 0.0 0.07676961941135935 4.875656982942579e-08 0.0 0.0 0.05254303435651693 0.017372706928020093 0.0 0.0 0.3259005431117168 0.2097455457120188 0.0 0.0 0.07478110772612818 0.0 0.200065198820836 0.0 0.0 0.0 0.16507710559215227 0.0 0.0 0.0 0.0 0.0 0.0 0.0 0.11851849438627662 0.0 0.0 0.0 0.0 0.05785006590039433 0.0 0.0 0.0 0.045583478604174166 0.0 0.0 0.0 0.0 0.0 0.0 0.0 0.029051941195796172 0.0 5.8823401409385646e-05 0.0 0.0 0.06975669066024508 2.821082158201552e-09 0.0 0.0 0.005436131986091147 0.0 0.0 0.0 0.0 0.03610614467224776 0.0 0.0 0.010497390355170626 0.0007210563766118932 0.0 0.0 0.03780993609691461 2.2413432422209147e-08 0.0 0.0 0.058599587025376376 0.0 0.0 0.0 0.0 0.06447103489740647 0.0 0.0 0.01605132293541085
0.0 0.016466759010084257 0.0 0.0 0.0 0.003280712169848448 0.0 0.0 0.0 1.258775284110472e-07 0.0 0.0 0.0 0.005768622025563145 0.0 0.0 0.0 0.0 0.07953123039744452 0.0 0.0 0.0 0.013673674089806007 0.0 0.0 0.0 0.06475311400655963 0.0 0.0 0.0 0.09213880866056075 0.0 0.0033762168340462583 0.0 0.0 0.09800716629856407 4.1639483971638494e-10 0.0 0.0 0.00018649142162186543 0.0058711240809050215 0.0 0.0 0.05539020549381938 0.016823672206623008 0.0 0.0 0.004749465776659194 0.012591927606314142 0.0 0.0 0.1980117400538983 1.3773571655518093e-07 0.0 0.0 0.11885399756672946 0.009662288007848966 0.0 0.0 0.18164484046694537 0.026666278906562743 0.0 0.0 0.08051150809089308 0.0 3.164578516879703e-08 0.0 0.0 0.0 8.289897821141917e-08 0.0 0.0 0.0 2.4139107532956e-12 0.0 0.0 0.0 3.736100715832941e-07 0.0 0.0 0.0 0.0 0.028985479787731312 0.0 0.0 0.0 0.0018420856600514376 0.0 0.0 0.0 0.043105223017505585 0.0 0.0 0.0 0.13645332479747949 0.0 0.00014460571594382296 0.0 0.0 0.002688967676341676 5.734612444713414e-09 0.0 0.0 0.0018976870863116465 3.141670190400036e-08 0.0 0.0 0.02635421976729436 0.034904487355965526 0.0 0.0 0.010079777649097945 0.000618478596519664 0.0 0.0 0.012894107711050764 1.1210361579402461e-07 0.0 0.0 0.04159169764980284 0.008977581682067914 0.0 0.0 0.14822129978087817 0.16830452469601503 0.0 0.0 0.058242552091721765 0.0 0.04160615329221638 0.0 0.0 0.0 0.010101558283302234 0.0 0.0 0.0 2.001438760283724e-07 0.0 0.0 0.0 0.019174333757332747 0.0 0.0 0.0 0.0 1.0509142753832029e-07 0.0 0.0 0.0 1.5233894353480528e-06 0.0 0.0 0.0 1.0211028232187167e-07 0.0 0.0 0.0 1.7447159158971367e-06 0.0 0.00031335380321640316 0.0 0.0 0.013767977408210447 6.436051074892716e-14 0.0 0.0 0.002289324150023831 0.004541162886889029 0.0 0.0 0.048457100710867104 0.03831692816172239 0.0 0.0 0.018107360515149874 0.007499512861361344 0.0 0.0 0.20880292434380224 7.845130703451037e-08 0.0 0.0 0.1236025291259843 0.02336630702104635 0.0 0.0 0.33162016732739064 0.1926218895925939 0.0 0.0 0.09443111232426421 0.0 0.19202388320628508 0.0 0.0 0.0 0.19700375991063893 0.0 0.0 0.0 3.2678378925538216e-06 0.0 0.0 0.0 0.2461196479017282 0.0 0.0 0.0 0.0 0.07588752725203025 0.0 0.0 0.0 0.06055249926297654 0.0 0.0 0.0 0.04568037469103071 0.0 0.0 0.0 0.08894257608865817 0.0 0.00012223230768679575 0.0 0.0 0.05720013627290266 7.184628823132736e-08 0.0 0.0 0.09380045478780528 0.007538848944941473 0.0 0.0 0.06160850871641217 0.07732772495740316 0.0 0.0 0.0199384764291745 0.0008498913579358297 0.0 0.0 0.03656969867013848 8.186924961427981e-08 0.0 0.0 0.05662817252339272 0.005912793893872645 0.0 0.0 0.1059145615827123 0.08018505297965897 0.0 0.0 0.03146657524384538
0.0 0.005032208294384187 0.0 0.0 0.0 0.0021054411553525303 0.0 0.0 0.0 4.960350193156477e-08 0.0 0.0 0.0 0.0019342853041602653 0.0 0.0 0.0 0.0 0.029589807767162867 0.0 0.0 0.0 0.033678264355737085 0.0 0.0 0.0 0.1299105598492316 0.0 0.0 0.0 0.05970501401903977 0.0 0.001177383726016602 0.0 0.0 0.024000980440659462 4.2353461724634013e-10 0.0 0.0 0.00031349186476318575 0.0001729156930738886 0.0 0.0 0.006005480504610658 0.019917233906333747 0.0 0.0 0.0054036234105743035 0.00099643375992442 0.0 0.0 0.09484691017705597 7.265205910514904e-08 0.0 0.0 0.057288964047675604 0.005846842114412061 0.0 0.0 0.16935160056557663 0.1069104533052714 0.0 0.0 0.02403060388590529 0.0 3.0116381900760924e-08 0.0 0.0 0.0 5.951688214057068e-08 0.0 0.0 0.0 6.019233662085096e-13 0.0 0.0 0.0 7.898261495212042e-08 0.0 0.0 0.0 0.0 0.021968627440655503 0.0 0.0 0.0 0.0011080816677923678 0.0 0.0 0.0 0.023011019530309228 0.0 0.0 0.0 0.05056698047743604 0.0 1.6103468555960437e-09 0.0 0.0 5.110120818880179e-08 7.1459166809371826e-09 0.0 0.0 0.0036839499093918766 0.0015990164031612498 0.0 0.0 0.03161928003951308 0.038476445099340215 0.0 0.0 0.009286327701150579 0.00025042654481553615 0.0 0.0 0.008909608019632732 4.556563836346066e-08 0.0 0.0 0.0263366010274193 0.000137177441382806 0.0 0.0 0.03701974108415382 0.042555880521448736 0.0 0.0 0.014758011383212994 0.0 0.016808314322826125 0.0 0.0 0.0 0.0 0.0 0.0 0.0 3.317875657437349e-07 0.0 0.0 0.0 0.011889241232332613 0.0 0.0 0.0 0.0 6.536628976573805e-08 0.0 0.0 0.0 0.0 0.0 0.0 0.0 2.3048017590659766e-07 0.0 0.0 0.0 9.861143018340647e-07 0.0 0.0005199299293409705 0.0 0.0 0.027520909783593717 0.0 0.0 0.0 0.0 0.004340736863583568 0.0 0.0 0.1279813427052658 0.023633710416517364 0.0 0.0 0.007378907914373829 0.004123315374248097 0.0 0.0 0.16892867905498618 0.0 0.0 0.0 0.0 0.016735412549089633 0.0 0.0 0.44238809744209184 0.16538029738406107 0.0 0.0 0.0718755604357793 0.0 0.23104309325757907 0.0 0.0 0.0 0.09454920844395845 0.0 0.0 0.0 8.756350946940826e-07 0.0 0.0 0.0 0.1347077110729935 0.0 0.0 0.0 0.0 0.005432609395458334 0.0 0.0 0.0 0.04987873298649927 0.0 0.0 0.0 0.03223438022204108 0.0 0.0 0.0 0.060985593988102646 0.0 0.0014401029401675863 0.0 0.0 0.08228524418288391 9.294004719220163e-10 0.0 0.0 0.0074398790314904924 0.0005248125412212049 0.0 0.0 0.02970205927777533 0.04038707083127569 0.0 0.0 0.00947940486466558 0.0005643904725388462 0.0 0.0 0.0527794977478603 4.1899931678102985e-08 0.0 0.0 0.03490460570696383 0.0007950486557380453 0.0 0.0 0.030129058167251643 0.02303979694537753 0.0 0.0 0.011559125794951233
0.0 0.0 0.0 0.0 0.0 0.001642608491181977 0.0 0.0 0.0 1.0403228457896587e-07 0.0 0.0 0.0 0.003119616605201529 0.0 0.0 0.0 0.0 0.0 0.0 0.0 0.0 0.006225623552546519 0.0 0.0 0.0 0.10878504363060351 0.0 0.0 0.0 0.04630214068817651 0.0 0.0 0.0 0.0 0.0 5.350327918717608e-20 0.0 0.0 3.3773071590323666e-09 0.0005207663255117408 0.0 0.0 0.018331008647894036 0.021427034613821765 0.0 0.0 0.004918829112932401 0.0 0.0 0.0 0.0 9.284600091872082e-13 0.0 0.0 0.06339198812729238 0.010316057133890803 0.0 0.0 0.14708791442684144 0.02624379687505084 0.0 0.0 0.04050902920333006 0.0 4.64502679510983e-07 0.0 0.0 0.0 0.0 0.0 0.0 0.0 4.530902352181879e-12 0.0 0.0 0.0 5.2637268258676076e-08 0.0 0.0 0.0 0.0 0.001465116943535608 0.0 0.0 0.0 0.0 0.0 0.0 0.0 0.08303065194976926 0.0 0.0 0.0 0.051004791179941354 0.0 1.0363708198681445e-07 0.0 0.0 1.4013210889653936e-06 0.0 0.0 0.0 0.0 0.0024219035863155465 0.0 0.0 0.06138614539209072 0.00803941895796633 0.0 0.0 0.0012940370601851672 0.002114095281674065 0.0 0.0 0.03204893008856814 0.0 0.0 0.0 0.0 0.008595734477557286 0.0 0.0 0.23649679411064725 0.0354921244903538 0.0 0.0 0.011059910998169907 0.0 0.017255462847942205 0.0 0.0 0.0 0.006280062302679357 0.0 0.0 0.0 3.0852432744915874e-07 0.0 0.0 0.0 0.02397266369051144 0.0 0.0 0.0 0.0 1.5635076868525714e-06 0.0 0.0 0.0 1.5630976566850352e-06 0.0 0.0 0.0 1.058564000026215e-06 0.0 0.0 0.0 2.6741400698171797e-07 0.0 0.0006333634793969162 0.0 0.0 0.029954572235510707 1.2794165540852919e-08 0.0 0.0 0.0037448423643974727 0.004313250726748891 0.0 0.0 0.05879412503469719 0.04040614263596332 0.0 0.0 0.06266178765928176 0.0010093327017047348 0.0 0.0 0.16492637587552814 4.5171009240920006e-07 0.0 0.0 0.1324935148295216 0.014277342607935084 0.0 0.0 0.38580536761245876 0.2091251628587384 0.0 0.0 0.12702542881166562 0.0 0.14405688052070487 0.0 0.0 0.0 0.12757788927938488 0.0 0.0 0.0 4.040022207615064e-06 0.0 0.0 0.0 0.22361706346812016 0.0 0.0 0.0 0.0 0.043730961626244645 0.0 0.0 0.0 0.06691582330452552 0.0 0.0 0.0 0.008691342785789022 0.0 0.0 0.0 0.11011067695090411 0.0 0.0008091226955701156 0.0 0.0 0.030838406874772274 3.348185047159048e-08 0.0 0.0 0.08156576785224395 4.956217522147795e-08 0.0 0.0 4.73397530033021e-07 0.08110730545815142 0.0 0.0 0.024680238498467667 0.0001963113332402663 0.0 0.0 0.029779099371865764 1.9157441790305214e-08 0.0 0.0 0.04461147289620783 0.007063392945325871 0.0 0.0 0.1267611483854853 0.06914234601512714 0.0 0.0 0.0257940462286536
0.0 0.00574550026253831 0.0 0.0 0.0 0.0 0.0 0.0 0.0 9.256282417691955e-08 0.0 0.0 0.0 0.0021718264081085842 0.0 0.0 0.0 0.0 0.043472961669543404 0.0 0.0 0.0 0.0 0.0 0.0 0.0 0.13078708364146713 0.0 0.0 0.0 0.04813751763476219 0.0 0.0012200338530318727 0.0 0.0 0.038573351644366316 0.0 0.0 0.0 0.0 0.0006377142298017821 0.0 0.0 0.029092542613249773 0.0002967933620263224 0.0 0.0 0.00037700679647913757 0.0010121552627860287 0.0 0.0 0.10850032788833844 0.0 0.0 0.0 0.0 0.00948045071053763 0.0 0.0 0.2270507774033285 0.07241666640905348 0.0 0.0 0.025493437325023707 0.0 2.118400061525024e-07 0.0 0.0 0.0 1.109990510691106e-06 0.0 0.0 0.0 5.313928772571269e-12 0.0 0.0 0.0 6.980697341090332e-07 0.0 0.0 0.0 0.0 1.22108484401768e-07 0.0 0.0 0.0 0.07668972050339314 0.0 0.0 0.0 0.1389678177724449 0.0 0.0 0.0 0.10548872191775108 0.0 0.0005473126841065824 0.0 0.0 0.012451327164678809 1.4546803090878275e-07 0.0 0.0 0.034746701627074356 0.0005221182720145546 0.0 0.0 0.011562149217658888 0.050533773899819306 0.0 0.0 0.039512184466077634 0.002427797843670474 0.0 0.0 0.0838353936493559 6.277591612978683e-07 0.0 0.0 0.2856103558130387 0.011416719933895899 0.0 0.0 0.28421093860503177 0.1244652817161525 0.0 0.0 0.17631016638197658 0.0 0.012243655051012747 0.0 0.0 0.0 0.031616874271013395 0.0 0.0 0.0 2.883507679329874e-07 0.0 0.0 0.0 0.018371622496760946 0.0 0.0 0.0 0.0 1.2999672404903183e-08 0.0 0.0 0.0 4.084561492168348e-06 0.0 0.0 0.0 1.3485773661480151e-06 0.0 0.0 0.0 2.5941388046820555e-06 0.0 0.00010312793402051588 0.0 0.0 0.0018697691804457892 5.8537943911792967e-08 0.0 0.0 0.05277489509841482 0.009735416496821499 0.0 0.0 0.13551917203053807 0.05930730602019931 0.0 0.0 0.01663028695165063 0.002061516273990307 0.0 0.0 0.13261516649631155 1.114383023182062e-06 0.0 0.0 0.511175964889926 0.014135437727204644 0.0 0.0 0.2872880806236618 0.2007972074943357 0.0 0.0 0.10193964405945763 0.0 0.19417908813994308 0.0 0.0 0.0 0.29058579998943335 0.0 0.0 0.0 7.659358429364645e-06 0.0 0.0 0.0 0.07941953600469778 0.0 0.0 0.0 0.0 0.019174155898161682 0.0 0.0 0.0 0.07318190773490886 0.0 0.0 0.0 0.006183782258756383 0.0 0.0 0.0 0.0014238370874744884 0.0 3.951269522808501e-10 0.0 0.0 1.421941018564739e-07 6.88269773199729e-08 0.0 0.0 0.04370789691589699 0.006869289894845101 0.0 0.0 0.08571829444546168 0.015583768758644334 0.0 0.0 0.003173209347738205 0.0005454595726654281 0.0 0.0 0.03425656702575662 7.701679029520489e-08 0.0 0.0 0.0888350759675042 0.009435292904433911 0.0 0.0 0.18957217700898032 0.04079128583227274 0.0 0.0 0.008501610904625765
0.0 0.003157012423336468 0.0 0.0 0.0 0.0014753687555533004 0.0 0.0 0.0 6.969089154060701e-08 0.0 0.0 0.0 0.008148594447679758 0.0 0.0 0.0 0.0 0.0546328736007366 0.0 0.0 0.0 0.12334112273473893 0.0 0.0 0.0 0.10165610778742312 0.0 0.0 0.0 0.14743284720832217 0.0 0.0024109101516777724 0.0 0.0 0.07812255101546832 7.445339906380455e-11 0.0 0.0 0.01763262926665351 2.5598906662620576e-05 0.0 0.0 0.001456178869261446 0.00983619888793421 0.0 0.0 0.010851363990216719 0.0012306009665687665 0.0 0.0 0.056343239865765574 2.767030612303112e-08 0.0 0.0 0.05344803952184825 0.013605640215555907 0.0 0.0 0.17710218656553564 0.19335296026154414 0.0 0.0 0.07114670825729846 0.0 0.0 0.0 0.0 0.0 0.0 0.0 0.0 0.0 2.398108787561496e-12 0.0 0.0 0.0 1.3240540251445e-07 0.0 0.0 0.0 0.0 0.0 0.0 0.0 0.0 0.0 0.0 0.0 0.0 0.029922436936229063 0.0 0.0 0.0 0.03864021796188662 0.0 0.0 0.0 0.0 0.0 0.0 0.0 0.0 0.0 0.003651785221192512 0.0 0.0 0.08004171096450685 0.054519845051335905 0.0 0.0 0.009417409083444274 0.0 0.0 0.0 0.0 0.0 0.0 0.0 0.0 0.010255154480364244 0.0 0.0 0.12100039742475112 0.11596628244258664 0.0 0.0 0.026327598084785953 0.0 0.03363536096007387 0.0 0.0 0.0 0.0024710250826724895 0.0 0.0 0.0 4.00675472553098e-07 0.0 0.0 0.0 0.01936214741232931 0.0 0.0 0.0 0.0 9.76382165987529e-08 0.0 0.0 0.0 5.192248866215314e-07 0.0 0.0 0.0 1.813658685878195e-06 0.0 0.0 0.0 1.9309628057028484e-07 0.0 0.0002242748015483286 0.0 0.0 0.009756898231999574 4.000324257582528e-08 0.0 0.0 0.05047585134665458 0.0076455247019141855 0.0 0.0 0.12054245283070232 0.004601007973855696 0.0 0.0 0.00126670987155813 0.004213503725688522 0.0 0.0 0.24601564667780346 5.0255598510097926e-08 0.0 0.0 0.04500110809872198 0.019863170695926337 0.0 0.0 0.5375867955197359 0.2163930375453399 0.0 0.0 0.15017128014774336 0.0 0.3902705779478105 0.0 0.0 0.0 0.06666532146836066 0.0 0.0 0.0 2.078709403252515e-06 0.0 0.0 0.0 0.31078708531834814 0.0 0.0 0.0 0.0 0.0657024599233748 0.0 0.0 0.0 0.024289124828492267 0.0 0.0 0.0 0.05315415207823025 0.0 0.0 0.0 0.19515222275366248 0.0 0.0032090091367595742 0.0 0.0 0.10357344859800151 6.989283065122901e-08 0.0 0.0 0.1287473126073536 7.140549517712052e-05 0.0 0.0 0.07516781238785797 0.04947849257710479 0.0 0.0 0.020977930325066677 0.0014927465352181021 0.0 0.0 0.07241761893538441 1.1376178958376314e-08 0.0 0.0 0.02516964485622576 0.0003506322854129602 0.0 0.0 0.06715110706747196 0.12357723870422144 0.0 0.0 0.034641485409922054
0.0 0.0026932317480639445 0.0 0.0 0.0 0.0 0.0 0.0 0.0 5.946573746617883e-08 0.0 0.0 0.0 0.009990926034496117 0.0 0.0 0.0 0.0 0.03374028129098676 0.0 0.0 0.0 0.0 0.0 0.0 0.0 0.10118100829764108 0.0 0.0 0.0 0.08985809817317168 0.0 0.0016256312192693472 0.0 0.0 0.032823852701069016 0.0 0.0 0.0 0.0 0.00013792296571633303 0.0 0.0 0.020699324946776933 1.0821114069006671e-06 0.0 0.0 0.009348378044978949 0.0007249611893610151 0.0 0.0 0.056241539971657574 0.0 0.0 0.0 0.0 0.014401541393781995 0.0 0.0 0.16189563854463082 0.01664464647872568 0.0 0.0 0.08723936602456686 0.0 5.518933056130192e-07 0.0 0.0 0.0 1.386246280436482e-07 0.0 0.0 0.0 4.488493922842403e-12 0.0 0.0 0.0 5.180029525757775e-07 0.0 0.0 0.0 0.0 0.001986638186663229 0.0 0.0 0.0 0.002809655441596776 0.0 0.0 0.0 0.004014215197010629 0.0 0.0 0.0 0.11871187075425421 0.0 9.533727284467299e-09 0.0 0.0 1.3055002947525797e-07 7.167610161292465e-14 0.0 0.0 0.0028095888855294727 9.660635359700383e-09 0.0 0.0 9.54427248144136e-07 0.002153909560501401 0.0 0.0 0.0009569540651595047 0.002484575758360485 0.0 0.0 0.03814459345138313 5.538355570030594e-08 0.0 0.0 0.07961356041155679 0.004723984377265615 0.0 0.0 0.11911033445375947 0.11294512440613191 0.0 0.0 0.10616361819875414 0.0 0.014045007030280275 0.0 0.0 0.0 0.03364539520272836 0.0 0.0 0.0 2.4054632458760965e-07 0.0 0.0 0.0 0.045021148835906064 0.0 0.0 0.0 0.0 8.305680265869396e-07 0.0 0.0 0.0 3.980359284816505e-06 0.0 0.0 0.0 1.8682052704682557e-06 0.0 0.0 0.0 1.7180490964084747e-05 0.0 3.8015303811344196e-10 0.0 0.0 1.276134720943439e-07 4.963217879253364e-08 0.0 0.0 0.018602482341327643 0.012034642372164521 0.0 0.0 0.11510950998321351 0.005593321144856105 0.0 0.0 0.043225882978206176 0.004892736064642923 0.0 0.0 0.10891079646383277 1.077467323040904e-06 0.0 0.0 0.3312955093583803 0.022855786494469246 0.0 0.0 0.23354644675978087 0.2200398598447601 0.0 0.0 0.2401170985604076 0.0 0.22196284605742433 0.0 0.0 0.0 0.09387684575216841 0.0 0.0 0.0 2.3559606995408736e-05 0.0 0.0 0.0 0.16247713524721996 0.0 0.0 0.0 0.0 0.02890845154619583 0.0 0.0 0.0 0.003107920882020725 0.0 0.0 0.0 0.08936892474564971 0.0 0.0 0.0 0.10115378627183975 0.0 0.0031224276779242294 0.0 0.0 0.09459187904657637 2.2520539254256236e-09 0.0 0.0 0.003532203736024079 0.009276036209865357 0.0 0.0 0.1454878750227675 0.05512634794924746 0.0 0.0 0.013496220333355978 0.0006276691379020422 0.0 0.0 0.034335220895200275 2.379019159109685e-08 0.0 0.0 0.027332501707948945 0.029281868141340858 0.0 0.0 0.3658092268754196 0.05302269169453546 0.0 0.0 0.040888812238493825
0.0 0.014630310891212573 0.0 0.0 0.0 0.0012929800237685399 0.0 0.0 0.0 1.1792700368593688e-07 0.0 0.0 0.0 0.0021399525405960745 0.0 0.0 0.0 0.0 0.03775988416209178 0.0 0.0 0.0 0.06844612160010985 0.0 0.0 0.0 0.0981187131503497 0.0 0.0 0.0 0.041042849862317404 0.0 0.0001611592059833229 0.0 0.0 0.010296104489158455 2.648142843977759e-08 0.0 0.0 0.030038328816333768 0.0010236297956074602 0.0 0.0 0.0299016843936732 7.867252169396416e-07 0.0 0.0 0.024986368574112277 0.005669735340258625 0.0 0.0 0.1921828497314911 6.4874352916724785e-09 0.0 0.0 0.04919399020246463 0.02168137745901087 0.0 0.0 0.29618883810897656 0.044972380219793176 0.0 0.0 0.03582911568950462 0.0 2.154244969330048e-07 0.0 0.0 0.0 2.33435381730674e-07 0.0 0.0 0.0 4.879184801351891e-12 0.0 0.0 0.0 2.3906785616803814e-07 0.0 0.0 0.0 0.0 9.153348111190683e-08 0.0 0.0 0.0 0.03709438363415335 0.0 0.0 0.0 0.037628571808300613 0.0 0.0 0.0 0.002938356909353585 0.0 0.00038806200298832123 0.0 0.0 0.002633631566920738 2.2031194561602875e-08 0.0 0.0 0.026488631962344033 0.005497656014842031 0.0 0.0 0.07551874335005093 0.027405233691733158 0.0 0.0 0.006667490611418433 0.005598233277180252 0.0 0.0 0.06586549300070291 3.165555641517806e-07 0.0 0.0 0.1598735927986729 0.010704739313980876 0.0 0.0 0.16859319673102743 0.17989846885391247 0.0 0.0 0.04379025468592206 0.0 0.02044052808849059 0.0 0.0 0.0 0.013749377797889331 0.0 0.0 0.0 8.029806762235547e-08 0.0 0.0 0.0 0.011105550273085464 0.0 0.0 0.0 0.0 5.269769596652648e-08 0.0 0.0 0.0 8.187531616483675e-08 0.0 0.0 0.0 9.72365882415522e-07 0.0 0.0 0.0 5.2146781937552874e-08 0.0 0.00015937881680038748 0.0 0.0 0.018271612860649995 1.1794144003604728e-07 0.0 0.0 0.08922186804987418 0.0013485128280040007 0.0 0.0 0.01525566512575393 0.008161859063203032 0.0 0.0 0.003998023977361479 0.0016967986673958374 0.0 0.0 0.22013167268916306 1.4997945700315145e-07 0.0 0.0 0.23221417498198946 0.005039590810262538 0.0 0.0 0.09008376878068486 0.10198097732756971 0.0 0.0 0.060967854226424055 0.0 0.21029651437066865 0.0 0.0 0.0 0.055941662140894195 0.0 0.0 0.0 9.608557259913445e-07 0.0 0.0 0.0 0.17663905204690789 0.0 0.0 0.0 0.0 0.05864806008824499 0.0 0.0 0.0 0.030755912047907587 0.0 0.0 0.0 0.0006687813385543234 0.0 0.0 0.0 0.09815198382601972 0.0 0.002369314543356969 0.0 0.0 0.0931530634565501 1.190223950682718e-08 0.0 0.0 0.005476705168129318 2.2284740950766106e-09 0.0 0.0 0.002423560122241674 0.031759963693458265 0.0 0.0 0.006950621629947562 0.002020679528617158 0.0 0.0 0.04318386544429852 1.0986625730344394e-08 0.0 0.0 0.019554287962859046 2.800735114245099e-08 0.0 0.0 0.03414953085053789 0.07382911167221796 0.0 0.0 0.022340764563184866
0.0 0.0019236627913786469 0.0 0.0 0.0 0.0007183698433597864 0.0 0.0 0.0 4.2200016469843974e-08 0.0 0.0 0.0 0.0006711374254752692 0.0 0.0 0.0 0.0 0.04412030842644119 0.0 0.0 0.0 0.029242782791139846 0.0 0.0 0.0 0.06267247407895607 0.0 0.0 0.0 0.08645024245744214 0.0 1.3406558082242268e-09 0.0 0.0 0.0041664092893558425 4.1422504549581084e-14 0.0 0.0 0.000473397685554724 3.872762375876217e-08 0.0 0.0 0.046170795709844434 0.00018646559540023495 0.0 0.0 0.00028915624336404695 1.1662228272747809e-08 0.0 0.0 0.03978741279314448 8.858100814601183e-13 0.0 0.0 0.02956398721448795 0.004276053939118685 0.0 0.0 0.12687474548631864 0.022870940410797833 0.0 0.0 0.009529132938459514 0.0 6.72461518970662e-08 0.0 0.0 0.0 0.0 0.0 0.0 0.0 5.053246472636785e-12 0.0 0.0 0.0 7.154266544523797e-08 0.0 0.0 0.0 0.0 0.0012854057544050218 0.0 0.0 0.0 0.0 0.0 0.0 0.0 0.027673059638886346 0.0 0.0 0.0 0.09701489501339002 0.0 1.3569288240846757e-09 0.0 0.0 2.5232321343998755e-08 0.0 0.0 0.0 0.0 0.0034814105368455384 0.0 0.0 0.025762475989613537 0.02542004514867401 0.0 0.0 0.002115786610902067 0.0013142451474885803 0.0 0.0 0.027399524030439083 0.0 0.0 0.0 0.0 0.008491926852798742 0.0 0.0 0.264583083421885 0.04213196063932128 0.0 0.0 0.013312853651455691 0.0 0.011002160599083393 0.0 0.0 0.0 0.01254541111450977 0.0 0.0 0.0 3.186664276858825e-07 0.0 0.0 0.0 0.015016420707843085 0.0 0.0 0.0 0.0 5.299272651934898e-08 0.0 0.0 0.0 1.08714005031871e-06 0.0 0.0 0.0 9.269136826791288e-07 0.0 0.0 0.0 2.019215523214769e-07 0.0 3.352512468784364e-05 0.0 0.0 0.002276917689875928 1.6621342096545364e-13 0.0 0.0 0.008378566811437858 0.004091804008058698 0.0 0.0 0.07478529499327534 0.011579922223404275 0.0 0.0 0.00206779780979525 0.0009584126589607018 0.0 0.0 0.10572600600560465 6.724984687316666e-08 0.0 0.0 0.24906828659360183 0.01566927810060928 0.0 0.0 0.4454392151371719 0.18240837560836595 0.0 0.0 0.0889199694063867 0.0 0.2095599171173653 0.0 0.0 0.0 0.11270957944881183 0.0 0.0 0.0 1.8730658405070863e-06 0.0 0.0 0.0 0.031176364585351536 0.0 0.0 0.0 0.0 0.005880497418267528 0.0 0.0 0.0 0.02753587494409516 0.0 0.0 0.0 0.0077965668340468095 0.0 0.0 0.0 0.0056510550649258385 0.0 0.00020378288224878752 0.0 0.0 0.02338534688427313 4.074559086410088e-08 0.0 0.0 0.03365646284558437 0.0018197943956867494 0.0 0.0 0.05469908231519403 0.0636383510859043 0.0 0.0 0.01171353330282804 0.0008032320870313539 0.0 0.0 0.030160642520426707 3.079733940550228e-08 0.0 0.0 0.03609289259272163 0.0013132774198519085 0.0 0.0 0.05436648104031901 0.005211673505501284 0.0 0.0 0.0026060975264280088
0.0 0.004541198859056922 0.0 0.0 0.0 0.0037034894773528425 0.0 0.0 0.0 7.911477149706855e-08 0.0 0.0 0.0 0.0033406904188125796 0.0 0.0 0.0 0.0 0.018341540559266706 0.0 0.0 0.0 0.03504060887779131 0.0 0.0 0.0 0.1184008341093523 0.0 0.0 0.0 0.13049730421307124 0.0 0.0006098436751697806 0.0 0.0 0.01929941701559037 3.2178954857734485e-09 0.0 0.0 0.0007386465855845257 0.001370761186402125 0.0 0.0 0.0316035232647152 0.015391112236720059 0.0 0.0 0.004859418974257715 0.0013300890966793388 0.0 0.0 0.06651627454472292 2.3149228378106646e-07 0.0 0.0 0.10803483868307343 0.012368513822611114 0.0 0.0 0.2419302889205965 0.06405290329407243 0.0 0.0 0.0400147529475334 0.0 1.0161458035573741e-07 0.0 0.0 0.0 2.7977998264174543e-07 0.0 0.0 0.0 2.863975310648263e-12 0.0 0.0 0.0 2.3939641472049496e-07 0.0 0.0 0.0 0.0 0.0015374649612689562 0.0 0.0 0.0 0.01238268944165879 0.0 0.0 0.0 0.014373091175354805 0.0 0.0 0.0 0.016780956403789345 0.0 0.0012674912585359866 0.0 0.0 0.03016070900245221 2.0687417275162178e-10 0.0 0.0 0.007579228878062924 0.0017059611420897002 0.0 0.0 0.056700321829216666 0.007517435441478381 0.0 0.0 0.0009096444520173151 0.002701197750168862 0.0 0.0 0.03809194457998433 8.811788135434092e-08 0.0 0.0 0.16443498649301685 0.005409040585921487 0.0 0.0 0.17996776734902079 0.12932956091445366 0.0 0.0 0.029859436309323327 0.0 0.01997204222052156 0.0 0.0 0.0 0.00792861491412343 0.0 0.0 0.0 2.732502789328397e-07 0.0 0.0 0.0 0.013745766332169127 0.0 0.0 0.0 0.0 3.198596638531824e-08 0.0 0.0 0.0 7.923023823965064e-08 0.0 0.0 0.0 7.109299680669184e-08 0.0 0.0 0.0 6.036703660155884e-07 0.0 0.0008103736674219977 0.0 0.0 0.030187458234698768 2.191161141769848e-08 0.0 0.0 0.032081366950167924 0.003355343896333623 0.0 0.0 0.04164834409349201 0.020351701364543187 0.0 0.0 0.005291379093560869 0.0010600677680385653 0.0 0.0 0.16924675362432473 1.5464187962027977e-07 0.0 0.0 0.14438703526945612 0.015325188154770046 0.0 0.0 0.308465325347082 0.1830571052756276 0.0 0.0 0.07258908093169601 0.0 0.2696465611631368 0.0 0.0 0.0 0.033441817810612985 0.0 0.0 0.0 4.336116530420302e-07 0.0 0.0 0.0 0.15144400340913056 0.0 0.0 0.0 0.0 0.04814995179048969 0.0 0.0 0.0 0.05841741466103901 0.0 0.0 0.0 0.0009519928341258565 0.0 0.0 0.0 0.06032006257245206 0.0 0.0026428406791495166 0.0 0.0 0.1065493824255423 1.1358425299289977e-07 0.0 0.0 0.0639141574553298 0.0014843929591480127 0.0 0.0 0.02294192955001073 0.007285988474741411 0.0 0.0 0.0023473009014021713 0.0008234268467341248 0.0 0.0 0.051620746680387145 7.62116286847794e-09 0.0 0.0 0.028623761785079117 0.0006274949698169472 0.0 0.0 0.010873210658740773 0.05293059233846113 0.0 0.0 0.02070768897177545
0.0 0.0031892079596924357 0.0 0.0 0.0 0.0010306226593304847 0.0 0.0 0.0 6.502715469165717e-08 0.0 0.0 0.0 0.003362009236617397 0.0 0.0 0.0 0.0 0.026779286518773003 0.0 0.0 0.0 0.005775659908029794 0.0 0.0 0.0 0.09331476574024145 0.0 0.0 0.0 0.06558681939539643 0.0 3.512081854507287e-10 0.0 0.0 0.0007280269187022696 2.434574158948831e-13 0.0 0.0 0.017949607959508312 0.002792097646089502 0.0 0.0 0.04594147068219149 7.560105418459189e-06 0.0 0.0 0.0002798372341337363 0.00036862037726652233 0.0 0.0 0.06219513588612096 5.146979656666018e-13 0.0 0.0 0.037417628146882174 0.01085906156145257 0.0 0.0 0.22013365138992383 0.06372545363016074 0.0 0.0 0.02247211708454551 0.0 3.1788444854051557e-07 0.0 0.0 0.0 1.368265486979778e-07 0.0 0.0 0.0 2.744865338271339e-12 0.0 0.0 0.0 3.729050306558549e-08 0.0 0.0 0.0 0.0 0.018498368226399484 0.0 0.0 0.0 0.04080269038766595 0.0 0.0 0.0 0.026012300797047354 0.0 0.0 0.0 0.001892796884679065 0.0 0.0009716016406526345 0.0 0.0 0.019387074724306508 9.425068719017e-09 0.0 0.0 0.00380656947495883 0.0011389262457489136 0.0 0.0 0.02787066512738334 6.334105711599824e-09 0.0 0.0 1.5803505417426675e-09 0.0009739002514570327 0.0 0.0 0.11560253395900812 6.829039558131249e-08 0.0 0.0 0.07973756294438009 0.004688644260285494 0.0 0.0 0.15789677892757129 0.022812610686416226 0.0 0.0 0.006381306561199861 0.0 0.014433096022338497 0.0 0.0 0.0 0.009639471613723933 0.0 0.0 0.0 2.9554056940751153e-07 0.0 0.0 0.0 0.010629773350574577 0.0 0.0 0.0 0.0 3.812628283741372e-08 0.0 0.0 0.0 2.6086028259587607e-07 0.0 0.0 0.0 2.387932428423845e-07 0.0 0.0 0.0 9.49963909346685e-08 0.0 0.0017373162718729257 0.0 0.0 0.027353264968681453 6.059256521079682e-08 0.0 0.0 0.025651612335700222 0.004387386590781733 0.0 0.0 0.05762006859226647 0.04336621792860122 0.0 0.0 0.007868601555710567 0.0025643002217455553 0.0 0.0 0.14043254041260547 2.70751261541751e-07 0.0 0.0 0.18231563920724775 0.010234134741563917 0.0 0.0 0.425146025137647 0.14650765451190087 0.0 0.0 0.04032173235485753 0.0 0.17383390969596121 0.0 0.0 0.0 0.07653592519618874 0.0 0.0 0.0 2.936353882057064e-07 0.0 0.0 0.0 0.11916036616308218 0.0 0.0 0.0 0.0 0.022420908026040083 0.0 0.0 0.0 0.006596243396596855 0.0 0.0 0.0 0.04865724067783441 0.0 0.0 0.0 0.05878461711645354 0.0 0.0005779397154419604 0.0 0.0 0.02346085770799904 4.7006540989189756e-08 0.0 0.0 0.016192092097576365 0.001723390760819584 0.0 0.0 0.033968700600181936 0.047899911252133665 0.0 0.0 0.008396559682304855 0.00038822605315019294 0.0 0.0 0.028012233499443193 3.59376549719686e-08 0.0 0.0 0.02502269371445996 0.0003311219602197974 0.0 0.0 0.008579530377319435 0.027720646315897986 0.0 0.0 0.017818733505417902
0.0 0.004429807560941326 0.0 0.0 0.0 0.0007022477294304274 0.0 0.0 0.0 6.782074863328575e-08 0.0 0.0 0.0 0.004374601733591179 0.0 0.0 0.0 0.0 0.006731628167265876 0.0 0.0 0.0 0.05827558253122987 0.0 0.0 0.0 0.11421514828015013 0.0 0.0 0.0 0.07091725956154754 0.0 1.2129256255152218e-10 0.0 0.0 2.2824182941344598e-08 3.366862123755328e-09 0.0 0.0 0.001240586339957752 0.0006907383254770588 0.0 0.0 0.03159434142049125 0.029648180519432542 0.0 0.0 0.0056252843846458876 0.0010996440906220005 0.0 0.0 0.07012296745199538 1.9249280408045542e-08 0.0 0.0 0.02216563099953948 0.0064976050714307294 0.0 0.0 0.13534634483875252 0.10220952374872944 0.0 0.0 0.034377360700953645 0.0 0.0 0.0 0.0 0.0 1.880355165592637e-07 0.0 0.0 0.0 4.30556690357358e-12 0.0 0.0 0.0 9.031305518132817e-08 0.0 0.0 0.0 0.0 0.0 0.0 0.0 0.0 0.037886105016265506 0.0 0.0 0.0 0.034669031350076596 0.0 0.0 0.0 0.03250139641253533 0.0 0.0 0.0 0.0 0.0 1.7708644325626096e-08 0.0 0.0 0.08516909097128973 0.0007916996576097795 0.0 0.0 0.05303142916319717 0.0356024466697149 0.0 0.0 0.009378830309380496 0.0 0.0 0.0 0.0 3.5536377979242944e-08 0.0 0.0 0.12409677338080614 0.010400302124102574 0.0 0.0 0.23064381856590865 0.06941858497225153 0.0 0.0 0.01786679175566274 0.0 0.014794436039009446 0.0 0.0 0.0 0.004490880871355559 0.0 0.0 0.0 2.652478819529342e-07 0.0 0.0 0.0 0.016289246980647556 0.0 0.0 0.0 0.0 2.2946553866494605e-08 0.0 0.0 0.0 3.9103807489180624e-08 0.0 0.0 0.0 1.1205829077385906e-07 0.0 0.0 0.0 1.589642840235893e-07 0.0 0.00025470031113111947 0.0 0.0 0.007668438077571931 5.1560090560977765e-09 0.0 0.0 0.003338605193018941 0.005679441948686864 0.0 0.0 0.09396165782112624 0.02502374597689884 0.0 0.0 0.01295769720407448 0.005574098529763341 0.0 0.0 0.13647644452857052 4.848829480749941e-08 0.0 0.0 0.07455449140381426 0.011515042011587507 0.0 0.0 0.3831479022102271 0.23021650576877037 0.0 0.0 0.08624096107867513 0.0 0.21820541996406745 0.0 0.0 0.0 0.1081307748007782 0.0 0.0 0.0 0.0 0.0 0.0 0.0 0.348375463357153 0.0 0.0 0.0 0.0 0.05646977994741272 0.0 0.0 0.0 0.11589131198526398 0.0 0.0 0.0 0.0 0.0 0.0 0.0 0.1966783104517702 0.0 0.001158484888989276 0.0 0.0 0.09177099728833063 1.2404000815567295e-07 0.0 0.0 0.11309232879860995 0.0 0.0 0.0 0.0 0.07672538139871912 0.0 0.0 0.017349808975480042 0.00039039969689732163 0.0 0.0 0.04392526929580295 3.181480173461032e-08 0.0 0.0 0.033613744533888414 0.0 0.0 0.0 0.0 0.105867289067482 0.0 0.0 0.0376524138042464
0.0 0.01146555165574791 0.0 0.0 0.0 0.0 0.0 0.0 0.0 6.40111455318657e-08 0.0 0.0 0.0 0.003699491702139169 0.0 0.0 0.0 0.0 0.06024425510217731 0.0 0.0 0.0 0.0 0.0 0.0 0.0 0.07146277241127223 0.0 0.0 0.0 0.07538371676523054 0.0 0.0005133189603168773 0.0 0.0 0.06386331453624475 0.0 0.0 0.0 0.0 0.002213961148273767 0.0 0.0 0.05205949881161453 0.03738012532957018 0.0 0.0 0.013863056228342142 0.005633318841444595 0.0 0.0 0.14117638435744906 0.0 0.0 0.0 0.0 0.009325164908049677 0.0 0.0 0.18319670009469735 0.07495149381074728 0.0 0.0 0.042256241685678674 0.0 2.5123409511484092e-08 0.0 0.0 0.0 1.5643008017033407e-07 0.0 0.0 0.0 3.960471580109766e-12 0.0 0.0 0.0 5.808906270911229e-08 0.0 0.0 0.0 0.0 0.022659395487470927 0.0 0.0 0.0 0.026335101336232177 0.0 0.0 0.0 0.08518973302803828 0.0 0.0 0.0 1.203998576395317e-07 0.0 9.885967631884028e-05 0.0 0.0 0.002100658903963982 9.627288810774615e-08 0.0 0.0 0.027955310691352944 4.2020979366131684e-05 0.0 0.0 0.05452968609751574 1.3515095941282195e-08 0.0 0.0 7.1184395770070276e-09 0.00042311284529445147 0.0 0.0 0.010079965895214857 1.02849567759187e-07 0.0 0.0 0.05179528621489653 0.0027885375393145017 0.0 0.0 0.14034616580518539 0.02223291293734183 0.0 0.0 0.013128905871874874 0.0 0.015390574170065572 0.0 0.0 0.0 0.0035584545798565963 0.0 0.0 0.0 2.484315393870999e-07 0.0 0.0 0.0 0.01837377077476689 0.0 0.0 0.0 0.0 9.366372632904924e-08 0.0 0.0 0.0 1.9130683727608274e-07 0.0 0.0 0.0 6.835927701057991e-08 0.0 0.0 0.0 1.8178568743591138e-07 0.0 4.771438079623657e-05 0.0 0.0 0.007145807077606073 1.3729213425515942e-12 0.0 0.0 0.033403891773368125 0.0030702322983905328 0.0 0.0 0.09438580691123499 0.030827656771660886 0.0 0.0 0.021801881646583345 0.0073798850726601835 0.0 0.0 0.1468460152935084 1.2813974121397825e-12 0.0 0.0 0.0691235161323014 0.01660957443521024 0.0 0.0 0.34564030267609114 0.23009843504871139 0.0 0.0 0.08788027122098827 0.0 0.1802345933294571 0.0 0.0 0.0 0.1306257392416623 0.0 0.0 0.0 1.7127910395901712e-07 0.0 0.0 0.0 0.22241944826596652 0.0 0.0 0.0 0.0 0.08698953076098767 0.0 0.0 0.0 0.05839136061187181 0.0 0.0 0.0 0.02759634682122109 0.0 0.0 0.0 0.04777982149333899 0.0 0.00028799645263028265 0.0 0.0 0.04894231347170543 4.803877667260232e-13 0.0 0.0 0.006960986325198437 0.00017666073160072497 0.0 0.0 0.00321820839936583 0.04464699846171101 0.0 0.0 0.016681885854904707 0.000780901139571142 0.0 0.0 0.03638484416237403 4.0520922289055966e-08 0.0 0.0 0.05155599882157274 0.0002040063612863712 0.0 0.0 0.0041666243390946 0.09972073694552215 0.0 0.0 0.028457342090300045
0.0 0.01734878039251772 0.0 0.0 0.0 0.008737532940652888 0.0 0.0 0.0 1.4755675854331978e-07 0.0 0.0 0.0 0.00285524552895189 0.0 0.0 0.0 0.0 0.03889757292450505 0.0 0.0 0.0 0.06365401611893927 0.0 0.0 0.0 0.024400957879061495 0.0 0.0 0.0 0.06679262419958341 0.0 0.0011209252181848075 0.0 0.0 0.044295617873392625 6.073609960906514e-08 0.0 0.0 0.024836697027978315 0.0007618482092855637 0.0 0.0 0.008520981741131872 0.050187239466843996 0.0 0.0 0.019221262327847682 0.006847151228150557 0.0 0.0 0.2689682470369904 3.5834618669339135e-07 0.0 0.0 0.2802496295038843 0.022816260093526143 0.0 0.0 0.3209780991939775 0.07363400804266958 0.0 0.0 0.038961816883264236 0.0 3.631216718078122e-07 0.0 0.0 0.0 7.480646341465202e-08 0.0 0.0 0.0 3.6073762150493603e-12 0.0 0.0 0.0 1.9058037354050451e-07 0.0 0.0 0.0 0.0 0.008597660877233914 0.0 0.0 0.0 0.04489161599678998 0.0 0.0 0.0 0.0653180581574913 0.0 0.0 0.0 0.005020310530467135 0.0 0.0008307790991593734 0.0 0.0 0.05779097750231225 1.161139993340439e-08 0.0 0.0 0.03056718189469517 0.005560618907566403 0.0 0.0 0.06242787058792185 0.029957513824673123 0.0 0.0 0.010140148315507202 0.003657762857105239 0.0 0.0 0.1388326202501514 9.896887920404538e-08 0.0 0.0 0.05036711494635269 0.01548500069043564 0.0 0.0 0.2286867463267186 0.09143708857302914 0.0 0.0 0.03121287914205708 0.0 0.039054685133409095 0.0 0.0 0.0 0.005913294216144318 0.0 0.0 0.0 5.158830661405844e-08 0.0 0.0 0.0 0.010346682888621126 0.0 0.0 0.0 0.0 6.279824548805833e-08 0.0 0.0 0.0 5.0009131630110966e-08 0.0 0.0 0.0 1.0397090307534738e-08 0.0 0.0 0.0 7.594420510788923e-08 0.0 0.00247838480040273 0.0 0.0 0.0442119235739174 4.322021623014073e-09 0.0 0.0 0.004903850536091265 0.0016694724106752928 0.0 0.0 0.0255540803442569 0.006393999317441764 0.0 0.0 0.004507311128836128 0.011228589700911746 0.0 0.0 0.3643887141499082 4.401147743409006e-08 0.0 0.0 0.11500885512971411 0.009021513514992115 0.0 0.0 0.08958096996925916 0.09099414070690928 0.0 0.0 0.05552592098009377 0.0 0.1289982747182901 0.0 0.0 0.0 0.1364801325426656 0.0 0.0 0.0 0.0 0.0 0.0 0.0 0.22269413611770308 0.0 0.0 0.0 0.0 0.0949855809335648 0.0 0.0 0.0 0.08974313933595582 0.0 0.0 0.0 0.0 0.0 0.0 0.0 0.05116753484612897 0.0 0.0016305637208839238 0.0 0.0 0.04189214093093176 2.349035232162589e-08 0.0 0.0 0.019295202459727823 0.0 0.0 0.0 0.0 0.04546078611684716 0.0 0.0 0.014701828801641646 0.0011475418502219304 0.0 0.0 0.024940127036795073 4.6508140515999204e-08 0.0 0.0 0.048075684853845495 0.0 0.0 0.0 0.0 0.10010776733024473 0.0 0.0 0.027230306944229205
0.0 0.0016158307485864864 0.0 0.0 0.0 0.004512020989005319 0.0 0.0 0.0 5.458507511083911e-08 0.0 0.0 0.0 0.006086589751528011 0.0 0.0 0.0 0.0 0.002656955533142051 0.0 0.0 0.0 0.08180071228139257 0.0 0.0 0.0 0.06871789661451629 0.0 0.0 0.0 0.0945356654768668 0.0 2.8897700966805684e-15 0.0 0.0 8.556877286718115e-09 6.038456006618788e-14 0.0 0.0 0.0006318462774492723 0.00016387993362687397 0.0 0.0 0.00347746597961656 0.0008910873793602642 0.0 0.0 0.007404671432844747 9.975530124211494e-09 0.0 0.0 0.033117267268162984 1.9743583766362227e-07 0.0 0.0 0.13739565551006566 0.009506680883924088 0.0 0.0 0.1798645265793538 0.03284771512467798 0.0 0.0 0.04518463124623128 0.0 6.999902807176647e-08 0.0 0.0 0.0 7.145840987398262e-08 0.0 0.0 0.0 4.749331882771839e-12 0.0 0.0 0.0 1.6300272648594958e-07 0.0 0.0 0.0 0.0 0.000803293542474849 0.0 0.0 0.0 0.0013178056990620663 0.0 0.0 0.0 0.13568085387495316 0.0 0.0 0.0 0.0031726617953220736 0.0 1.0836767446696356e-09 0.0 0.0 0.004457017203382433 9.2860158691772e-09 0.0 0.0 0.004756694380012836 0.006533279043294065 0.0 0.0 0.09462804708657817 0.004596033161689418 0.0 0.0 0.0018059113320727438 6.967795412254787e-09 0.0 0.0 0.03212968328594428 5.452757054682015e-08 0.0 0.0 0.03131543673123063 0.015365542530344296 0.0 0.0 0.23386321453000455 0.10848737735161632 0.0 0.0 0.03149814168578025 0.0 0.03729696285986316 0.0 0.0 0.0 0.007464420795171278 0.0 0.0 0.0 2.2523784953677725e-07 0.0 0.0 0.0 0.015396792506272072 0.0 0.0 0.0 0.0 9.361903164255441e-08 0.0 0.0 0.0 2.68459567752674e-07 0.0 0.0 0.0 2.32464967192062e-07 0.0 0.0 0.0 8.65495760675226e-07 0.0 0.0012275913031649613 0.0 0.0 0.06406567351069664 1.9093751459951694e-08 0.0 0.0 0.056993045703466444 0.006937682183447243 0.0 0.0 0.0794900997442147 0.029311236332100345 0.0 0.0 0.0073188480049032716 0.010282706074435218 0.0 0.0 0.2610276934558265 2.412051968698841e-08 0.0 0.0 0.1598826543213343 0.015316290929781701 0.0 0.0 0.34693633442736144 0.2213926370434261 0.0 0.0 0.06309026935825393 0.0 0.20879836629844 0.0 0.0 0.0 0.12899810166922568 0.0 0.0 0.0 1.1257529888205293e-06 0.0 0.0 0.0 0.11606302753596104 0.0 0.0 0.0 0.0 0.009108616865189736 0.0 0.0 0.0 0.033658206136699925 0.0 0.0 0.0 0.03410743667110774 0.0 0.0 0.0 0.05892297294349867 0.0 0.00027399477397526946 0.0 0.0 0.016890578344366598 9.094193907393656e-14 0.0 0.0 0.0034190540192159807 0.0024601903879896297 0.0 0.0 0.08626831044698324 0.026416411857462765 0.0 0.0 0.020902881483539127 0.0004301858956143069 0.0 0.0 0.026228762398526832 1.0672105225691207e-12 0.0 0.0 0.05826507066751117 0.0009911884334852079 0.0 0.0 0.025732036636652654 0.05502528821722429 0.0 0.0 0.021789994620728635
0.0 0.0 0.0 0.0 0.0 0.011104644716726146 0.0 0.0 0.0 3.00877966026706e-09 0.0 0.0 0.0 0.011843532168740671 0.0 0.0 0.0 0.0 0.0 0.0 0.0 0.0 0.2741111795835096 0.0 0.0 0.0 0.03743421135995599 0.0 0.0 0.0 0.3894276194322929 0.0 0.0 0.0 0.0 0.0 2.9019996280574502e-08 0.0 0.0 0.011047306950745392 4.172219232786533e-05 0.0 0.0 0.001093223261517751 0.03603056315787908 0.0 0.0 0.006304566245761993 0.0 0.0 0.0 0.0 9.706351929475157e-07 0.0 0.0 0.40291322367126065 0.0002647611526966204 0.0 0.0 0.00777790266321752 0.29124285870009325 0.0 0.0 0.15077550942664453 0.0 1.3284583828392753e-06 0.0 0.0 0.0 0.0 0.0 0.0 0.0 6.9614272989769006e-12 0.0 0.0 0.0 1.2194271769276246e-08 0.0 0.0 0.0 0.0 0.008380000329987808 0.0 0.0 0.0 0.0 0.0 0.0 0.0 0.01264168699648926 0.0 0.0 0.0 0.00033022115318330047 0.0 0.005272526265224964 0.0 0.0 0.09460298785799395 0.0 0.0 0.0 0.0 0.00395780123657233 0.0 0.0 0.13023744153477013 0.025867022932496812 0.0 0.0 0.014175110174514078 0.007619799655027082 0.0 0.0 0.2570179465413466 0.0 0.0 0.0 0.0 0.012657921471990524 0.0 0.0 0.3532352087766658 0.0038648928161271463 0.0 0.0 0.002374564367902293 0.0 0.0 0.0 0.0 0.0 0.010247263762934222 0.0 0.0 0.0 0.0 0.0 0.0 0.0 0.0092933001922449 0.0 0.0 0.0 0.0 0.0 0.0 0.0 0.0 1.7104180625967877e-06 0.0 0.0 0.0 0.0 0.0 0.0 0.0 8.287912138976304e-07 0.0 0.0 0.0 0.0 0.0 1.2822937851138918e-08 0.0 0.0 0.009089244434173548 0.0 0.0 0.0 0.0 0.03820572701121774 0.0 0.0 0.009566003093459183 0.0 0.0 0.0 0.0 3.2818148895662166e-07 0.0 0.0 0.21372055857287986 0.0 0.0 0.0 0.0 0.2982761120026211 0.0 0.0 0.06416444165570184 0.0 0.7102135578314944 0.0 0.0 0.0 0.0 0.0 0.0 0.0 2.536193535406852e-06 0.0 0.0 0.0 0.029731915748623952 0.0 0.0 0.0 0.0 0.046237269783021465 0.0 0.0 0.0 0.0 0.0 0.0 0.0 0.006785089005343064 0.0 0.0 0.0 1.2194271769276246e-08 0.0 0.008728706345610064 0.0 0.0 0.38702451557116424 0.0 0.0 0.0 0.0 2.1441042664738146e-08 0.0 0.0 4.677810212260126e-07 0.0002591436779520909 0.0 0.0 7.107747523120958e-05 0.002362992488470181 0.0 0.0 0.15056401985811066 0.0 0.0 0.0 0.0 0.00261833646054912 0.0 0.0 0.08381719639549931 0.012657407464976386 0.0 0.0 0.0038922670774399876
0.0 0.003860732979158902 0.0 0.0 0.0 0.0021412209675740266 0.0 0.0 0.0 6.981038922395721e-08 0.0 0.0 0.0 0.00340041753617778 0.0 0.0 0.0 0.0 0.009390079977947226 0.0 0.0 0.0 0.047240154752652544 0.0 0.0 0.0 0.08078876030256704 0.0 0.0 0.0 0.06419972659875849 0.0 2.1574003575982626e-05 0.0 0.0 0.0007330598969001277 5.928618461033467e-08 0.0 0.0 0.0203331749996278 0.0014131124052071367 0.0 0.0 0.03797492493178974 0.009287896279058683 0.0 0.0 0.006788414504672585 0.0008675664849488269 0.0 0.0 0.05935579318837842 1.0582544074575588e-07 0.0 0.0 0.07874289723033917 0.0028602751647365298 0.0 0.0 0.09964927697803881 0.08019716204892405 0.0 0.0 0.021698399359682128 0.0 7.195879096664014e-08 0.0 0.0 0.0 1.41610573582801e-07 0.0 0.0 0.0 5.297489977781984e-12 0.0 0.0 0.0 1.1712253244582116e-07 0.0 0.0 0.0 0.0 0.0007546271392097208 0.0 0.0 0.0 0.07962781960881798 0.0 0.0 0.0 0.04425751509278082 0.0 0.0 0.0 0.025425187573662397 0.0 0.0003048728080575727 0.0 0.0 0.0038281543347759846 5.854022556772448e-08 0.0 0.0 0.053447314073136284 0.01165152269788936 0.0 0.0 0.13921742295512793 0.011430830366304868 0.0 0.0 0.003986028680726241 0.00213734808896748 0.0 0.0 0.030089328935653 5.182216374897408e-08 0.0 0.0 0.05249663067235656 0.012611845898933523 0.0 0.0 0.2376345325354277 0.04509115495891972 0.0 0.0 0.02540989109421856 0.0 0.011044436679917405 0.0 0.0 0.0 0.006745025358173943 0.0 0.0 0.0 7.637502992578109e-08 0.0 0.0 0.0 0.018820581391354906 0.0 0.0 0.0 0.0 2.0969193439768203e-08 0.0 0.0 0.0 1.1822786452102291e-08 0.0 0.0 0.0 7.034474085285234e-08 0.0 0.0 0.0 1.0395849154838916e-07 0.0 0.00017020662147858485 0.0 0.0 0.036048450141967864 2.573802949155611e-13 0.0 0.0 0.013559348161057572 0.0018391756920256522 0.0 0.0 0.03281562461835102 0.014349675922595586 0.0 0.0 0.004056281036915911 0.0019279631990922195 0.0 0.0 0.09926653545016943 2.530535741762781e-12 0.0 0.0 0.12815322771701307 0.006589223861975644 0.0 0.0 0.10721344216969583 0.2347591492305501 0.0 0.0 0.09915824111463932 0.0 0.186713480014058 0.0 0.0 0.0 0.14117876147814937 0.0 0.0 0.0 0.0 0.0 0.0 0.0 0.31472060590984335 0.0 0.0 0.0 0.0 0.06640748822066628 0.0 0.0 0.0 0.09699821827198683 0.0 0.0 0.0 0.0 0.0 0.0 0.0 0.1735360154672555 0.0 0.003359813273733059 0.0 0.0 0.08136756992114813 1.5973774293077657e-08 0.0 0.0 0.012230914863293418 0.0 0.0 0.0 0.0 0.12183416284067175 0.0 0.0 0.044368556725547306 0.0006130968134462075 0.0 0.0 0.03268258441149575 3.92466176033366e-08 0.0 0.0 0.046507276289816414 0.0 0.0 0.0 0.0 0.12566281575502602 0.0 0.0 0.03639471514166035
0.0 0.004728847376202046 0.0 0.0 0.0 0.0035503988726065376 0.0 0.0 0.0 4.418825086850225e-08 0.0 0.0 0.0 0.006062768061899007 0.0 0.0 0.0 0.0 0.032645702204782565 0.0 0.0 0.0 0.006167051300393959 0.0 0.0 0.0 0.009427674516232139 0.0 0.0 0.0 0.17440752151212885 0.0 0.0011740529081288088 0.0 0.0 0.05039540173727202 4.469727282357912e-09 0.0 0.0 0.007412082329330088 1.868435043656168e-06 0.0 0.0 8.89130337042911e-05 0.021540898552312927 0.0 0.0 0.008643293038978752 0.0018578568763014136 0.0 0.0 0.0728369886439257 1.2553977851811784e-07 0.0 0.0 0.10559947479812308 0.004222326802749957 0.0 0.0 0.1089883103339786 0.14427965548903243 0.0 0.0 0.054162987712179624 0.0 4.890146074356783e-07 0.0 0.0 0.0 2.8327835193622703e-07 0.0 0.0 0.0 5.7389430428406685e-12 0.0 0.0 0.0 3.8146033608310243e-07 0.0 0.0 0.0 0.0 0.04923683117361795 0.0 0.0 0.0 0.08087464565885202 0.0 0.0 0.0 0.09283972279026388 0.0 0.0 0.0 0.10888656356153785 0.0 0.00019975989222874562 0.0 0.0 0.004898254943371903 6.24402051521087e-08 0.0 0.0 0.04216264532727628 0.0019167581208108144 0.0 0.0 0.025208218816994084 0.06327569654886665 0.0 0.0 0.013818310634780744 0.006617537790746324 0.0 0.0 0.14359568936869346 1.0619599004198747e-07 0.0 0.0 0.1633302441558966 0.01715005334059536 0.0 0.0 0.31289208372878163 0.1705743401000291 0.0 0.0 0.05254183206098111 0.0 0.00970289426012159 0.0 0.0 0.0 0.012154917795088545 0.0 0.0 0.0 5.4158874051000855e-08 0.0 0.0 0.0 0.005846078862838321 0.0 0.0 0.0 0.0 1.1892737795631974e-12 0.0 0.0 0.0 1.0661602102448736e-07 0.0 0.0 0.0 2.2482537056959887e-08 0.0 0.0 0.0 3.9801835649239086e-08 0.0 3.9397026306873694e-05 0.0 0.0 0.029846652181994324 1.1757066004921235e-07 0.0 0.0 0.061489472480556 1.8291545209101093e-09 0.0 0.0 0.0021201942238566404 0.007831853474123905 0.0 0.0 0.0010486066868794861 0.0019284105184193873 0.0 0.0 0.08121178332192804 3.867581503941416e-07 0.0 0.0 0.21272298583609608 0.0022927404961743097 0.0 0.0 0.0774064116827098 0.15819721137941034 0.0 0.0 0.03162477197817814 0.0 0.20821571888260645 0.0 0.0 0.0 0.3415504817300585 0.0 0.0 0.0 7.054871914191994e-08 0.0 0.0 0.0 0.08042565216103896 0.0 0.0 0.0 0.0 0.007373981124908049 0.0 0.0 0.0 0.05558013827559539 0.0 0.0 0.0 0.00010887568449872154 0.0 0.0 0.0 0.02927188546111021 0.0 0.0015681812873087483 0.0 0.0 0.07742723765573642 2.02322099284253e-07 0.0 0.0 0.1333364278027674 0.0020364035067454655 0.0 0.0 0.03697482489646243 0.04184083217579576 0.0 0.0 0.01938190068969705 0.0009568621995181589 0.0 0.0 0.031735718343147465 1.6204181909097477e-07 0.0 0.0 0.12408798681411091 8.379254564842129e-05 0.0 0.0 0.0017057452545789914 0.022651435602851846 0.0 0.0 0.010976856092771985
0.0 0.0 0.0 0.0 0.0 0.00015741148667599637 0.0 0.0 0.0 1.0309953643100086e-07 0.0 0.0 0.0 0.0013859450240609609 0.0 0.0 0.0 0.0 0.0 0.0 0.0 0.0 0.02499203597039622 0.0 0.0 0.0 0.1468130267529458 0.0 0.0 0.0 0.03231625259425249 0.0 0.0 0.0 0.0 0.0 5.711246172407429e-15 0.0 0.0 0.00025778455846610837 0.0015183906887231745 0.0 0.0 0.01769805039334452 0.0021604453175435396 0.0 0.0 0.00012187623357071967 0.0 0.0 0.0 0.0 1.1171678419276262e-13 0.0 0.0 0.005653415983193003 0.011896392757009851 0.0 0.0 0.194801812294625 0.038599256295868606 0.0 0.0 0.018598168531249945 0.0 0.0 0.0 0.0 0.0 5.6065317639389714e-08 0.0 0.0 0.0 6.03391059781318e-12 0.0 0.0 0.0 9.634343934857052e-08 0.0 0.0 0.0 0.0 0.0 0.0 0.0 0.0 0.02155847482798891 0.0 0.0 0.0 0.05101216359588298 0.0 0.0 0.0 0.0011446747812373075 0.0 0.0 0.0 0.0 0.0 1.0954836619789996e-13 0.0 0.0 0.0024138001278582615 0.0028871941766945514 0.0 0.0 0.045855312342391 6.557870676992675e-13 0.0 0.0 1.0052171554440422e-13 0.0 0.0 0.0 0.0 8.320996123152549e-13 0.0 0.0 0.03814896497559104 0.01288276106410716 0.0 0.0 0.2600903448010754 0.025528638819243676 0.0 0.0 0.004387238054172129 0.0 0.013877201587836632 0.0 0.0 0.0 0.011906540100936216 0.0 0.0 0.0 1.7581432476956982e-07 0.0 0.0 0.0 0.022264397632663937 0.0 0.0 0.0 0.0 6.847107619091537e-07 0.0 0.0 0.0 6.178830460140239e-07 0.0 0.0 0.0 1.0680681077206906e-06 0.0 0.0 0.0 2.0820652956234357e-06 0.0 2.663805812220966e-08 0.0 0.0 0.04110464790381348 4.800810122964877e-09 0.0 0.0 0.031663025182395235 0.004752739203369594 0.0 0.0 0.09271456826357731 0.07342827886029436 0.0 0.0 0.04414076083970958 0.00025785160330353904 0.0 0.0 0.1621841235481674 1.3404606280364654e-07 0.0 0.0 0.23597550997638833 0.009709335403543653 0.0 0.0 0.23448924123441323 0.19921393450206332 0.0 0.0 0.1268602660827044 0.0 0.19024411372975789 0.0 0.0 0.0 0.061651305552179354 0.0 0.0 0.0 4.1841482479732685e-06 0.0 0.0 0.0 0.12363566570834551 0.0 0.0 0.0 0.0 0.021755862480891865 0.0 0.0 0.0 0.004605177966378512 0.0 0.0 0.0 0.09243159245603311 0.0 0.0 0.0 0.03426141715235073 0.0 0.0011038072740744394 0.0 0.0 0.017310730548777024 7.003874235590653e-09 0.0 0.0 0.004582815725568002 0.001193229721509489 0.0 0.0 0.03238194190446596 0.019599343273454587 0.0 0.0 0.00620861479765784 0.0001817740948372876 0.0 0.0 0.048949543861300196 6.562984660347077e-09 0.0 0.0 0.02234263118556151 0.004544558754227594 0.0 0.0 0.11792967700630584 0.017005048687533 0.0 0.0 0.016714446372599587
0.0 0.001314149342938697 0.0 0.0 0.0 0.0034312134032851893 0.0 0.0 0.0 7.348578302278546e-08 0.0 0.0 0.0 0.007261008037975123 0.0 0.0 0.0 0.0 0.013164967910634411 0.0 0.0 0.0 0.06125053978668477 0.0 0.0 0.0 0.06236715572524436 0.0 0.0 0.0 0.15776674290882756 0.0 5.5336397066045287e-11 0.0 0.0 0.00022974779563477506 3.7055655276960304e-10 0.0 0.0 0.0009295080614294244 0.0009573302721598327 0.0 0.0 0.017700552458782964 0.010078248101381582 0.0 0.0 0.0022951480478638317 4.904461343544786e-09 0.0 0.0 0.022829599218325298 2.1590385258018678e-07 0.0 0.0 0.12208086861084609 0.0070936747907896615 0.0 0.0 0.09957355940389478 0.27495837136414364 0.0 0.0 0.07317905072244123 0.0 5.282862420529743e-07 0.0 0.0 0.0 3.190543090877536e-08 0.0 0.0 0.0 4.057056800606238e-12 0.0 0.0 0.0 4.7739484831445725e-08 0.0 0.0 0.0 0.0 0.004912871580057391 0.0 0.0 0.0 0.049940449534073866 0.0 0.0 0.0 0.07163885400392454 0.0 0.0 0.0 0.08249585099319176 0.0 0.0008963198487688057 0.0 0.0 0.03080391011083502 1.949257655644541e-08 0.0 0.0 0.005359485629382614 0.007189461387569643 0.0 0.0 0.10861223636539483 0.026292510634949865 0.0 0.0 0.007561226799900709 0.004295524045199619 0.0 0.0 0.14678319226555173 5.911826207056132e-08 0.0 0.0 0.019776892774935863 0.007207502251152924 0.0 0.0 0.1807366382612102 0.02556897944746279 0.0 0.0 0.00823526129433374 0.0 0.00903753370904746 0.0 0.0 0.0 0.006903924843029734 0.0 0.0 0.0 5.2626127289625256e-08 0.0 0.0 0.0 0.017553072836506384 0.0 0.0 0.0 0.0 4.296154905843984e-08 0.0 0.0 0.0 1.6377287596632568e-12 0.0 0.0 0.0 5.367258561661523e-09 0.0 0.0 0.0 1.0736491270014975e-06 0.0 1.2405074897080774e-08 0.0 0.0 0.02509836968812494 4.572103311237426e-08 0.0 0.0 0.012977776584124278 0.0012980311878834836 0.0 0.0 0.05377194445736071 0.03333795453614301 0.0 0.0 0.011823411296267978 0.0011732571186470935 0.0 0.0 0.07730619179954931 2.0202858116646538e-07 0.0 0.0 0.13027192773091764 0.008387732900547874 0.0 0.0 0.08669611037014578 0.1885467033337086 0.0 0.0 0.08658400739422531 0.0 0.28419719499316287 0.0 0.0 0.0 0.19865285595950172 0.0 0.0 0.0 9.958636049811475e-07 0.0 0.0 0.0 0.12598795183880415 0.0 0.0 0.0 0.0 0.014112652710904505 0.0 0.0 0.0 0.07552418094698171 0.0 0.0 0.0 0.004301530779584949 0.0 0.0 0.0 0.059071637867778755 0.0 0.004828807561719203 0.0 0.0 0.23152030128079687 1.034539326898387e-08 0.0 0.0 0.03696483761067348 2.100171789807556e-09 0.0 0.0 4.387621798058579e-08 0.02462434829815008 0.0 0.0 0.008598023536202816 0.0008125183307746731 0.0 0.0 0.06514403275993659 5.495495954220944e-08 0.0 0.0 0.06424275245579955 0.0013608491244356566 0.0 0.0 0.03187504748331557 0.029454101894660596 0.0 0.0 0.01503322115572004
0.0 0.010547420175372276 0.0 0.0 0.0 0.00844685369290394 0.0 0.0 0.0 3.904821057927791e-08 0.0 0.0 0.0 0.006289625357350872 0.0 0.0 0.0 0.0 0.05329053275186268 0.0 0.0 0.0 0.10543505962504784 0.0 0.0 0.0 0.14966280294175838 0.0 0.0 0.0 0.01818912219413976 0.0 0.00036868795356915265 0.0 0.0 0.011462354311572014 2.3724789812979444e-07 0.0 0.0 0.07238822513576093 0.005029860477617809 0.0 0.0 0.08016721711752023 0.0029501974753683713 0.0 0.0 0.001532724150539373 0.0048233066921324445 0.0 0.0 0.11937491992812642 4.048680817227936e-07 0.0 0.0 0.26343046850873597 0.006919860668675186 0.0 0.0 0.10798785791832889 0.08900354809161773 0.0 0.0 0.08190200454361884 0.0 5.178282405982497e-07 0.0 0.0 0.0 1.710726779301433e-07 0.0 0.0 0.0 3.863847124756515e-12 0.0 0.0 0.0 6.681942533232992e-07 0.0 0.0 0.0 0.0 0.06742080775008824 0.0 0.0 0.0 0.112187372020593 0.0 0.0 0.0 0.07252922469402112 0.0 0.0 0.0 0.07649006010391851 0.0 0.0009130561678998497 0.0 0.0 0.03616778015873717 7.13064376915633e-08 0.0 0.0 0.04475606309396854 0.007769953322628632 0.0 0.0 0.08667486080733706 0.0861531435799173 0.0 0.0 0.020625894894705107 0.0016952485562135497 0.0 0.0 0.1436366168046142 1.785795899325504e-07 0.0 0.0 0.09289017119252657 0.00956878075753187 0.0 0.0 0.17322481858672859 0.23694405246956315 0.0 0.0 0.12942104074238864 0.0 0.03183565540745525 0.0 0.0 0.0 0.019091407569124915 0.0 0.0 0.0 9.990403777762644e-08 0.0 0.0 0.0 0.010014041462463381 0.0 0.0 0.0 0.0 6.211170085019188e-08 0.0 0.0 0.0 1.3728030653758791e-06 0.0 0.0 0.0 4.851229090773642e-08 0.0 0.0 0.0 1.7385685129836912e-06 0.0 0.004572753328164838 0.0 0.0 0.04996776156426772 1.7408092301435526e-08 0.0 0.0 0.005167554335241322 0.00445572536570845 0.0 0.0 0.10225414298044992 0.048749822046859854 0.0 0.0 0.00967423414966304 0.009960454295320043 0.0 0.0 0.20346414601204368 2.398021379447818e-07 0.0 0.0 0.17560662989497305 0.013825392937903871 0.0 0.0 0.1792654230185615 0.17427852677591116 0.0 0.0 0.05708246971554196 0.0 0.2841939241017405 0.0 0.0 0.0 0.29436502255124963 0.0 0.0 0.0 3.0830394579134694e-06 0.0 0.0 0.0 0.1273432844192145 0.0 0.0 0.0 0.0 0.05318810125619429 0.0 0.0 0.0 0.052901163286755676 0.0 0.0 0.0 0.002649935030377007 0.0 0.0 0.0 0.0349084198599551 0.0 0.0018304128754564426 0.0 0.0 0.04836003107190457 8.459625880160862e-08 0.0 0.0 0.04834921291696263 0.0017814332672773936 0.0 0.0 0.013154871778773813 0.012443088076138522 0.0 0.0 0.003670206143754173 0.0011200184050813471 0.0 0.0 0.06100876136805142 1.5368141152048318e-07 0.0 0.0 0.10405241749894904 0.011590197545738097 0.0 0.0 0.0707540902446932 0.05538293559628654 0.0 0.0 0.01608609317044488
0.0 0.004692723872148676 0.0 0.0 0.0 0.0005279098794844897 0.0 0.0 0.0 5.8886292389789695e-08 0.0 0.0 0.0 0.0014125796884173175 0.0 0.0 0.0 0.0 0.00246060979383902 0.0 0.0 0.0 0.120506728389386 0.0 0.0 0.0 0.039466921174542084 0.0 0.0 0.0 0.042159043522781076 0.0 2.6231797523476302e-05 0.0 0.0 0.0011500489220240353 3.193057238878667e-08 0.0 0.0 0.04759446130007076 0.0004708984317943948 0.0 0.0 0.01892716210270492 0.016481347479125646 0.0 0.0 0.007699913993201313 0.0005253102806089009 0.0 0.0 0.053311822538324186 7.511682555877152e-09 0.0 0.0 0.017871102602208738 0.014458202636651879 0.0 0.0 0.11317699838141916 0.02901336556121814 0.0 0.0 0.02756724416419313 0.0 1.4624555268322476e-07 0.0 0.0 0.0 1.5133135712827575e-07 0.0 0.0 0.0 6.7402514605185116e-12 0.0 0.0 0.0 1.40024792167439e-07 0.0 0.0 0.0 0.0 0.002419327425252421 0.0 0.0 0.0 0.027022559602871084 0.0 0.0 0.0 0.025944932469144522 0.0 0.0 0.0 0.024784259715046456 0.0 5.079144913385974e-13 0.0 0.0 4.770410523303875e-07 1.4112871321833097e-10 0.0 0.0 0.05355320316557557 0.0026727199413651617 0.0 0.0 0.09792827433244627 0.024321405531143148 0.0 0.0 0.013097226740034884 0.0035617666299172296 0.0 0.0 0.05618502986218571 3.390306050904251e-08 0.0 0.0 0.10592429346941193 0.010727157184335779 0.0 0.0 0.266810772895012 0.08171838377025845 0.0 0.0 0.04257882583212982 0.0 0.012608896680529148 0.0 0.0 0.0 0.021479160216539204 0.0 0.0 0.0 1.917437080026503e-07 0.0 0.0 0.0 0.006963483428798165 0.0 0.0 0.0 0.0 2.1397697038766187e-08 0.0 0.0 0.0 5.700841883824666e-07 0.0 0.0 0.0 3.497952134041724e-08 0.0 0.0 0.0 7.983873135632087e-08 0.0 2.3762271148005088e-05 0.0 0.0 0.022107338448802513 2.095227377215593e-08 0.0 0.0 0.010383801425145016 0.0007005899533336651 0.0 0.0 0.011830330752919473 0.017660546468093802 0.0 0.0 0.007944394930283368 0.0017976299591222547 0.0 0.0 0.08779584565163759 3.0022716047824587e-07 0.0 0.0 0.2789698831170346 0.01223107216426623 0.0 0.0 0.22390476922412447 0.06395627203265308 0.0 0.0 0.058892091312610945 0.0 0.18729153608231766 0.0 0.0 0.0 0.05816385778493366 0.0 0.0 0.0 4.7704087253567e-07 0.0 0.0 0.0 0.15264637563589473 0.0 0.0 0.0 0.0 0.08747013734022845 0.0 0.0 0.0 0.04404344881680848 0.0 0.0 0.0 0.005238913699530423 0.0 0.0 0.0 0.029508992620865437 0.0 9.908135400707472e-05 0.0 0.0 0.0068755529446553765 2.933409847238248e-08 0.0 0.0 0.035895212721305414 0.0007537472605355838 0.0 0.0 0.014238072026539357 0.047271710574010244 0.0 0.0 0.006310788769347748 0.0005994900335080179 0.0 0.0 0.028497938267624926 1.3608465340691122e-08 0.0 0.0 0.01731430574555937 0.0004893135869613597 0.0 0.0 0.010362849987794884 0.11767873808664353 0.0 0.0 0.019583877540048117
0.0 0.0004901271120616528 0.0 0.0 0.0 0.0 0.0 0.0 0.0 8.887214336859128e-08 0.0 0.0 0.0 0.001365678120751263 0.0 0.0 0.0 0.0 0.026823538835745477 0.0 0.0 0.0 0.0 0.0 0.0 0.0 0.06875480423508722 0.0 0.0 0.0 0.03695310390794957 0.0 1.3285622117169274e-10 0.0 0.0 0.00044020853006015303 0.0 0.0 0.0 0.0 3.2255355094145976e-08 0.0 0.0 0.051305052278231934 0.0007928664110447649 0.0 0.0 0.0001607335977970918 2.613852459454038e-09 0.0 0.0 0.00971010945416236 0.0 0.0 0.0 0.0 0.0032446140267650956 0.0 0.0 0.2513352751198006 0.0581160081156515 0.0 0.0 0.015003569883020816 0.0 2.4995035985682676e-08 0.0 0.0 0.0 2.281177911522769e-08 0.0 0.0 0.0 4.0261598079559525e-12 0.0 0.0 0.0 4.934241854884721e-08 0.0 0.0 0.0 0.0 1.0330318804648291e-08 0.0 0.0 0.0 0.0575773682663992 0.0 0.0 0.0 0.0740691982611002 0.0 0.0 0.0 0.050945715279867 0.0 9.232098987610598e-09 0.0 0.0 0.02794762833477802 5.9408890680898695e-09 0.0 0.0 0.0023622503076507185 0.0040679698743340455 0.0 0.0 0.06941636262717493 0.025677094428037367 0.0 0.0 0.00631162141248743 2.8038683722766386e-09 0.0 0.0 0.00951631098263815 3.070474520620138e-08 0.0 0.0 0.014988295326013347 0.004777185883707091 0.0 0.0 0.14738117677956422 0.021823430315044128 0.0 0.0 0.007634049258360526 0.0 0.020271785466844848 0.0 0.0 0.0 0.00321128652879071 0.0 0.0 0.0 4.80944692590415e-07 0.0 0.0 0.0 0.025390116498915035 0.0 0.0 0.0 0.0 8.209023885498928e-08 0.0 0.0 0.0 1.4602366341862767e-08 0.0 0.0 0.0 1.215232603058952e-06 0.0 0.0 0.0 2.0644661997235554e-07 0.0 3.0201171957598405e-10 0.0 0.0 9.67540022464291e-07 1.5580173994803844e-13 0.0 0.0 0.004810815246442946 0.007589465743234345 0.0 0.0 0.13268326445132694 0.020525587023531747 0.0 0.0 0.011103411759423198 0.0012816891669066557 0.0 0.0 0.2032293955064054 2.1773496778686377e-12 0.0 0.0 0.06690585697754349 0.02919438120944572 0.0 0.0 0.7671308593871558 0.274937270327803 0.0 0.0 0.11761124808856699 0.0 0.11176950940483976 0.0 0.0 0.0 0.17504205005106127 0.0 0.0 0.0 9.485509661093453e-07 0.0 0.0 0.0 0.17808649120740758 0.0 0.0 0.0 0.0 0.02587526194904212 0.0 0.0 0.0 0.06920735170101415 0.0 0.0 0.0 0.033888294337358696 0.0 0.0 0.0 0.07415586891294693 0.0 0.00018044696964667644 0.0 0.0 0.061233382189068764 1.6432174535571078e-08 0.0 0.0 0.037879275385497416 1.895410596623238e-09 0.0 0.0 0.003401592136086241 0.04630811852347575 0.0 0.0 0.013052044723997054 0.00039374288371519226 0.0 0.0 0.02533157667611746 4.407268757582104e-08 0.0 0.0 0.05504714246621005 1.8550991195941054e-08 0.0 0.0 0.03763711788666381 0.041872255278202326 0.0 0.0 0.02116508814135368
0.0 0.00184855102908885 0.0 0.0 0.0 0.00398214205233605 0.0 0.0 0.0 4.0834333023942144e-08 0.0 0.0 0.0 0.0007348549607931282 0.0 0.0 0.0 0.0 0.0031671123154416382 0.0 0.0 0.0 0.05969368605816837 0.0 0.0 0.0 0.041330765321764905 0.0 0.0 0.0 0.09679674432703667 0.0 5.9774223016140855e-15 0.0 0.0 1.847175305359764e-08 3.205230540508099e-08 0.0 0.0 0.044802902252291416 0.00013894794640961381 0.0 0.0 0.003949794050121581 0.0015797251596661353 0.0 0.0 0.0003181536523591834 1.0360749180427383e-08 0.0 0.0 0.03589647735468115 1.2047390980287364e-07 0.0 0.0 0.09608196476958826 0.0030022023556017215 0.0 0.0 0.11522692761864853 0.019504483702310334 0.0 0.0 0.0038025467929941213 0.0 0.0 0.0 0.0 0.0 1.6885795906293645e-07 0.0 0.0 0.0 5.3297403792664915e-12 0.0 0.0 0.0 7.376267317719015e-07 0.0 0.0 0.0 0.0 0.0 0.0 0.0 0.0 0.036742739560427416 0.0 0.0 0.0 0.09983462891413711 0.0 0.0 0.0 0.18030619555009234 0.0 0.0 0.0 0.0 0.0 8.928078371212282e-08 0.0 0.0 0.04026431575234641 0.006030868090496149 0.0 0.0 0.07909179936130344 0.0170375380029271 0.0 0.0 0.00745900071065362 0.0 0.0 0.0 0.0 1.235206718853592e-07 0.0 0.0 0.08664124115469095 0.011697654455969077 0.0 0.0 0.25337891402168283 0.25623726613887277 0.0 0.0 0.11172963541480048 0.0 0.014868095267791412 0.0 0.0 0.0 0.009278030986377412 0.0 0.0 0.0 1.2127464737837957e-07 0.0 0.0 0.0 0.01264911423428959 0.0 0.0 0.0 0.0 1.8472647857693028e-08 0.0 0.0 0.0 2.2807850379075654e-06 0.0 0.0 0.0 1.17293901764302e-08 0.0 0.0 0.0 1.1603496997944095e-07 0.0 5.760352615892114e-05 0.0 0.0 0.007928260216137595 1.530658994412995e-08 0.0 0.0 0.011356051396732595 0.002595989694854805 0.0 0.0 0.05782678224597438 0.04597492195455717 0.0 0.0 0.02320805071756885 0.002843599073283128 0.0 0.0 0.1379511015708605 1.1702220752630584e-07 0.0 0.0 0.14301218262993404 0.00758953609953973 0.0 0.0 0.1365484066141928 0.2067379691156108 0.0 0.0 0.07963935372848228 0.0 0.18427166172553133 0.0 0.0 0.0 0.3327837862620784 0.0 0.0 0.0 2.264907735778429e-06 0.0 0.0 0.0 0.14770554908469033 0.0 0.0 0.0 0.0 0.04762244279682285 0.0 0.0 0.0 0.055529512343124046 0.0 0.0 0.0 0.007782269093282081 0.0 0.0 0.0 0.055535940770347916 0.0 0.0026685421833928104 0.0 0.0 0.053152500142412774 3.076229055527371e-07 0.0 0.0 0.18882172103376912 0.0017416529337716785 0.0 0.0 0.01914208072365797 0.031424953031245165 0.0 0.0 0.04537576393639057 0.000995833732961035 0.0 0.0 0.03858637567263804 1.1449339682394861e-07 0.0 0.0 0.1183714402839637 0.003998510186463017 0.0 0.0 0.04915756121852919 0.06747423717689824 0.0 0.0 0.02069308178590647
0.0 0.0003011395562399262 0.0 0.0 0.0 0.004753568612948286 0.0 0.0 0.0 1.8759956301541463e-08 0.0 0.0 0.0 0.0011469709690251379 0.0 0.0 0.0 0.0 0.024255357845051527 0.0 0.0 0.0 0.2080069678522236 0.0 0.0 0.0 0.04730227177462773 0.0 0.0 0.0 0.029274296214695267 0.0 1.7291271105047288e-10 0.0 0.0 0.0007598429725992592 3.563951937296995e-08 0.0 0.0 0.01895169735723506 0.0005488462058947181 0.0 0.0 0.026000213776339542 0.0055613298008638555 0.0 0.0 0.0007737791855195886 1.170547189107552e-09 0.0 0.0 0.005767031917286652 9.234006546345878e-08 0.0 0.0 0.1412881218136555 0.0036245945219599467 0.0 0.0 0.046857549499770904 0.04369651594976293 0.0 0.0 0.012797228784045059 0.0 1.725906671946576e-07 0.0 0.0 0.0 5.947307092232529e-07 0.0 0.0 0.0 5.404436014449052e-12 0.0 0.0 0.0 2.631094796506708e-07 0.0 0.0 0.0 0.0 0.004882778854247847 0.0 0.0 0.0 0.028256772624932695 0.0 0.0 0.0 0.0037254343731389617 0.0 0.0 0.0 0.05217117329539708 0.0 0.0008239598411008087 0.0 0.0 0.034588690303022626 2.3325636043052137e-07 0.0 0.0 0.21171744141557647 0.0005708168994281324 0.0 0.0 0.0180716075556911 0.024045757471292593 0.0 0.0 0.009004748334927249 0.0011200571826331643 0.0 0.0 0.051834462132240196 3.147568518473003e-07 0.0 0.0 0.28844199500440304 0.013433474856750354 0.0 0.0 0.2439490290213226 0.19229724388628144 0.0 0.0 0.06439792388363207 0.0 0.004772678294635312 0.0 0.0 0.0 0.007844888087737064 0.0 0.0 0.0 3.902622883684455e-08 0.0 0.0 0.0 0.0072426172521819964 0.0 0.0 0.0 0.0 2.0212736281438297e-09 0.0 0.0 0.0 1.5397660982310373e-08 0.0 0.0 0.0 1.7649160679585293e-08 0.0 0.0 0.0 2.7006443070010625e-06 0.0 0.000716160926007223 0.0 0.0 0.023222213538171273 1.2107621280900617e-09 0.0 0.0 0.025730996183943734 2.4504952286849207e-14 0.0 0.0 4.420688641787159e-09 0.0010435890930005482 0.0 0.0 0.0003148525511284262 0.0008207368148425514 0.0 0.0 0.032634955674344594 2.7520013248601944e-07 0.0 0.0 0.12184069209295004 0.0014519904439665552 0.0 0.0 0.06071469572920539 0.12876969082455644 0.0 0.0 0.049126791442649226 0.0 0.2985911441835618 0.0 0.0 0.0 0.076437107716322 0.0 0.0 0.0 2.6992982859781123e-06 0.0 0.0 0.0 0.07812487923006332 0.0 0.0 0.0 0.0 0.018145769319804123 0.0 0.0 0.0 0.06255949920258207 0.0 0.0 0.0 1.1177555468683599e-07 0.0 0.0 0.0 0.005809350262809225 0.0 0.0009465729017635438 0.0 0.0 0.030487106812254288 4.436897597140961e-08 0.0 0.0 0.027771572930824554 1.3448626154891464e-08 0.0 0.0 2.0959646349602668e-07 0.023098052166288335 0.0 0.0 0.004953948192012229 0.0015677174874711695 0.0 0.0 0.05434554654542963 3.366359280482624e-08 0.0 0.0 0.019731983925526254 0.0016824553506506379 0.0 0.0 0.02939788416505632 0.03464365123618701 0.0 0.0 0.008786987085826316
0.0 0.008135547481421092 0.0 0.0 0.0 0.0014016030302905563 0.0 0.0 0.0 6.879087936826982e-08 0.0 0.0 0.0 0.0034945297207475677 0.0 0.0 0.0 0.0 0.025967723948790877 0.0 0.0 0.0 0.02672831036632073 0.0 0.0 0.0 0.09614642967887498 0.0 0.0 0.0 0.0647976953058496 0.0 0.0009064733382790375 0.0 0.0 0.019340403595869925 7.314580441068036e-09 0.0 0.0 0.007729383521538238 0.0005613051258001069 0.0 0.0 0.008177220120520814 0.0002362207489359771 0.0 0.0 0.020169560532255396 0.003386177389435884 0.0 0.0 0.12244311905768476 1.2444532407349784e-08 0.0 0.0 0.05423040572847843 0.015229425910139977 0.0 0.0 0.21021453252816769 0.08536270139237744 0.0 0.0 0.03614864457989593 0.0 5.497389193437823e-08 0.0 0.0 0.0 3.686491172897092e-08 0.0 0.0 0.0 2.9869259380672425e-12 0.0 0.0 0.0 4.9852253141672924e-08 0.0 0.0 0.0 0.0 0.024248820821933196 0.0 0.0 0.0 0.02545362534522847 0.0 0.0 0.0 0.03205528402852841 0.0 0.0 0.0 0.06867661037782985 0.0 0.0015531651183712913 0.0 0.0 0.046566575002822935 5.684854259458404e-09 0.0 0.0 0.010144409902600758 0.0036458161550108675 0.0 0.0 0.04724752972394948 0.005649715364051367 0.0 0.0 0.0014419488993008022 0.0006046151869541342 0.0 0.0 0.017116491301767317 1.2868869818123425e-08 0.0 0.0 0.02446172427069553 0.008812833136201606 0.0 0.0 0.14847779670196493 0.061554569900734074 0.0 0.0 0.012826642948732156 0.0 0.021158515219154496 0.0 0.0 0.0 0.003571743356070015 0.0 0.0 0.0 3.3846899588040755e-08 0.0 0.0 0.0 0.00963719616827249 0.0 0.0 0.0 0.0 3.7450098928667355e-08 0.0 0.0 0.0 1.189828597637449e-06 0.0 0.0 0.0 2.9795561401395054e-09 0.0 0.0 0.0 6.55950157673529e-08 0.0 0.0004983862803384147 0.0 0.0 0.04132010765521661 5.793392681096851e-14 0.0 0.0 0.002785389958628801 0.003769715657490993 0.0 0.0 0.045990397114674286 0.029590636738803494 0.0 0.0 0.009780082824020757 0.0038109474353395234 0.0 0.0 0.20348117317707448 1.2341886933152755e-08 0.0 0.0 0.0837313869204995 0.0016533187259315878 0.0 0.0 0.038676254081188216 0.14837919852380765 0.0 0.0 0.042852079898722056 0.0 0.18434604162536863 0.0 0.0 0.0 0.14546095732224762 0.0 0.0 0.0 1.163629935502798e-06 0.0 0.0 0.0 0.12853332537431839 0.0 0.0 0.0 0.0 0.006903992076956931 0.0 0.0 0.0 0.06406604031081492 0.0 0.0 0.0 0.0005184048187900482 0.0 0.0 0.0 0.07017666390902969 0.0 0.0007464854761306131 0.0 0.0 0.0441581344965084 3.5423365741243826e-08 0.0 0.0 0.04260907532975297 0.00010470525660858237 0.0 0.0 0.0018944882839087266 0.0936063048853929 0.0 0.0 0.020531806036056963 0.0015254987984896899 0.0 0.0 0.032589014743768165 5.56158961966371e-08 0.0 0.0 0.0481629106837253 0.0012924709675220685 0.0 0.0 0.026218674511815334 0.03396214039776729 0.0 0.0 0.013548649020398106
0.0 0.0004671625879369755 0.0 0.0 0.0 0.0022085130667930876 0.0 0.0 0.0 7.956839234101878e-08 0.0 0.0 0.0 0.001673528713979146 0.0 0.0 0.0 0.0 0.03462085661488277 0.0 0.0 0.0 0.016341419469738126 0.0 0.0 0.0 0.08848133660055468 0.0 0.0 0.0 0.05796315963090638 0.0 7.292172611983249e-09 0.0 0.0 0.015224601101838204 4.459199126465803e-08 0.0 0.0 0.023128088532151345 0.004035120723785727 0.0 0.0 0.05475800042163329 0.000908560036103975 0.0 0.0 0.00024885939428683683 5.936893743324615e-09 0.0 0.0 0.009721720416125346 2.178258521911163e-08 0.0 0.0 0.0783906204564402 0.0127348187795907 0.0 0.0 0.23021394458006575 0.07101196495914637 0.0 0.0 0.018279812140201347 0.0 1.3827380356950224e-07 0.0 0.0 0.0 1.1467066579583796e-07 0.0 0.0 0.0 4.048675515657197e-12 0.0 0.0 0.0 1.218895991806768e-07 0.0 0.0 0.0 0.0 0.03836158801732022 0.0 0.0 0.0 0.02339838803700059 0.0 0.0 0.0 0.016567412322430614 0.0 0.0 0.0 0.005715494022515881 0.0 2.222412102736183e-09 0.0 0.0 1.6703052374156197e-07 1.9799633252208552e-09 0.0 0.0 0.0015704032835368658 0.002139824509707624 0.0 0.0 0.0341555853048571 0.018832364960660347 0.0 0.0 0.004159821551098264 0.0004061690507462966 0.0 0.0 0.051283466329968504 1.1278308916748403e-07 0.0 0.0 0.06508251017051869 0.006445449491999803 0.0 0.0 0.21084632114127952 0.06792066802611822 0.0 0.0 0.023440237449707375 0.0 0.02565379207852468 0.0 0.0 0.0 0.01112612746664605 0.0 0.0 0.0 1.9813709808993963e-07 0.0 0.0 0.0 0.007759246420510179 0.0 0.0 0.0 0.0 7.963333258077446e-08 0.0 0.0 0.0 1.0300923386574788e-07 0.0 0.0 0.0 9.633172002500089e-08 0.0 0.0 0.0 3.060252674691363e-08 0.0 0.00010949025146491077 0.0 0.0 0.0046474546477892 1.4267406296699415e-08 0.0 0.0 0.01578907778977183 0.006163085528540307 0.0 0.0 0.0724056617721046 0.008160355380520077 0.0 0.0 0.0017888166942510379 0.0026934865958942937 0.0 0.0 0.23705028956731758 1.0260901535916292e-07 0.0 0.0 0.18320481368240035 0.01310515351249484 0.0 0.0 0.32856628236698954 0.12464069095095447 0.0 0.0 0.03775392180078638 0.0 0.16269841303326216 0.0 0.0 0.0 0.07070812719516238 0.0 0.0 0.0 3.186784103181943e-08 0.0 0.0 0.0 0.08841771918755606 0.0 0.0 0.0 0.0 0.02132560082524415 0.0 0.0 0.0 0.021118260326786778 0.0 0.0 0.0 0.005274366836159031 0.0 0.0 0.0 0.0501323882234546 0.0 0.00010349209058668185 0.0 0.0 0.05158970186395652 1.4717363165730788e-08 0.0 0.0 0.03100309944816177 0.0012219627377364208 0.0 0.0 0.022706581824728397 0.005673880096692475 0.0 0.0 0.0015123397001781936 0.000545426514558102 0.0 0.0 0.033891958446715706 6.210670342346501e-08 0.0 0.0 0.027256321080446563 3.729302127968014e-05 0.0 0.0 0.0007769406871802779 0.02467580687362568 0.0 0.0 0.009690927768041906
0.0 0.011238955383946054 0.0 0.0 0.0 0.0046955912042535445 0.0 0.0 0.0 1.0917354513835206e-07 0.0 0.0 0.0 0.0033506994643069344 0.0 0.0 0.0 0.0 0.013442216770919741 0.0 0.0 0.0 0.06011753092653278 0.0 0.0 0.0 0.07269327261219419 0.0 0.0 0.0 0.12392442280017203 0.0 2.7516991594028065e-09 0.0 0.0 0.003120447117780405 1.0651824278365237e-09 0.0 0.0 0.006846360907723927 0.0021983645751567386 0.0 0.0 0.04542613218163969 0.007095163602298067 0.0 0.0 0.0025358338178100054 0.004555612748855022 0.0 0.0 0.17676441278063737 7.212676770911137e-09 0.0 0.0 0.17928648574823583 0.015123352164098738 0.0 0.0 0.32462639391180836 0.08360915781819042 0.0 0.0 0.03043069956182771 0.0 1.5346880583765514e-07 0.0 0.0 0.0 0.0 0.0 0.0 0.0 4.7326915625600225e-12 0.0 0.0 0.0 5.911914592035091e-08 0.0 0.0 0.0 0.0 0.021480021201566307 0.0 0.0 0.0 0.0 0.0 0.0 0.0 0.0350761345872544 0.0 0.0 0.0 0.03027317531637695 0.0 2.8156596135997606e-10 0.0 0.0 0.000847726315330672 0.0 0.0 0.0 0.0 0.00047000609763860686 0.0 0.0 0.02507713951598423 0.0008183479111522883 0.0 0.0 0.00022732743745871475 1.6713157135250763e-08 0.0 0.0 0.06132074104110913 0.0 0.0 0.0 0.0 0.006557853001682914 0.0 0.0 0.309237832389615 0.04258780454071559 0.0 0.0 0.009741944696685594 0.0 0.03904770352432977 0.0 0.0 0.0 0.007561963743439126 0.0 0.0 0.0 4.565204215862494e-07 0.0 0.0 0.0 0.015081842795197283 0.0 0.0 0.0 0.0 9.867087663370016e-07 0.0 0.0 0.0 3.0146945696929527e-07 0.0 0.0 0.0 1.7406743969904557e-07 0.0 0.0 0.0 2.2201733057446754e-07 0.0 0.0011645311690062822 0.0 0.0 0.02515343254063412 2.5883174325224744e-09 0.0 0.0 0.042220187337185244 0.0009232323718538537 0.0 0.0 0.03827183606697936 0.03545536642207678 0.0 0.0 0.0020394891808913473 0.011312004415170962 0.0 0.0 0.3833889662605354 1.1947017426874584e-07 0.0 0.0 0.1593390729452646 0.03280539607411081 0.0 0.0 0.5971881770714753 0.16734002175366466 0.0 0.0 0.07285336440621214 0.0 0.20702170207391604 0.0 0.0 0.0 0.07474434244804413 0.0 0.0 0.0 1.118564294163646e-06 0.0 0.0 0.0 0.09544723547735913 0.0 0.0 0.0 0.0 0.02657788413110412 0.0 0.0 0.0 0.0030356716135594417 0.0 0.0 0.0 0.03745849641005614 0.0 0.0 0.0 0.046807784701289545 0.0 0.0009087802858079652 0.0 0.0 0.1045121165407353 4.720946776796426e-08 0.0 0.0 0.019373278972719774 0.00021010108752141422 0.0 0.0 0.04397035006123909 0.019549565605948258 0.0 0.0 0.012481365071729535 0.0004967142232992339 0.0 0.0 0.036901768342045206 4.332206105191895e-08 0.0 0.0 0.028319604966450397 0.003403661211324691 0.0 0.0 0.04042926119786708 0.020758970909567395 0.0 0.0 0.014076725787943816
0.0 0.013353050438254094 0.0 0.0 0.0 0.0037187623063868434 0.0 0.0 0.0 5.15120833499361e-08 0.0 0.0 0.0 0.0028085278901293074 0.0 0.0 0.0 0.0 0.03867228662905016 0.0 0.0 0.0 0.013735799252615118 0.0 0.0 0.0 0.04540245024426664 0.0 0.0 0.0 0.05922410222512284 0.0 3.1048228803143056e-05 0.0 0.0 0.037364939759726205 9.64879176227598e-09 0.0 0.0 0.007554962928304412 0.0014052177655990308 0.0 0.0 0.028153855131970055 0.00837226746448121 0.0 0.0 0.005270904933299642 0.007286421587694579 0.0 0.0 0.24198607220275453 5.693330412632175e-08 0.0 0.0 0.05025570200754942 0.00252094818737449 0.0 0.0 0.1483133563895616 0.08771408486528165 0.0 0.0 0.024773345314064606 0.0 1.676774855980852e-07 0.0 0.0 0.0 5.704643599717845e-08 0.0 0.0 0.0 2.938357933332474e-12 0.0 0.0 0.0 1.8494350972022082e-07 0.0 0.0 0.0 0.0 0.023917291655507013 0.0 0.0 0.0 0.028830820131502465 0.0 0.0 0.0 0.05849760278568073 0.0 0.0 0.0 0.1413092043420013 0.0 0.0022560357008482856 0.0 0.0 0.02913725163195366 1.3125178276637677e-08 0.0 0.0 0.004891726068320514 0.0011156130664610828 0.0 0.0 0.07600737406879658 0.014654210568315156 0.0 0.0 0.004611000313836097 0.0022624980490637057 0.0 0.0 0.05532469490056927 1.2844000842106133e-07 0.0 0.0 0.041542548265506005 0.005678453874689408 0.0 0.0 0.15976212850924057 0.09464969648313516 0.0 0.0 0.04583687565700928 0.0 0.011330928272615894 0.0 0.0 0.0 0.00472671613823254 0.0 0.0 0.0 2.1193154270674208e-07 0.0 0.0 0.0 0.016436378763394686 0.0 0.0 0.0 0.0 6.030462861789449e-08 0.0 0.0 0.0 2.083433021500012e-07 0.0 0.0 0.0 6.36406764324752e-08 0.0 0.0 0.0 1.1210275911474671e-07 0.0 1.0703433872863499e-09 0.0 0.0 1.6552999419127317e-08 5.924678680315766e-13 0.0 0.0 0.03386891057429122 0.004810148535640146 0.0 0.0 0.08461936580270012 0.007916742788559637 0.0 0.0 0.0022267141080135285 0.006909725419674825 0.0 0.0 0.13228985453364125 4.899315309175645e-08 0.0 0.0 0.07430205556585603 0.016564066188627123 0.0 0.0 0.3079652558240478 0.20756945349977093 0.0 0.0 0.06691177104530889 0.0 0.12084508228990398 0.0 0.0 0.0 0.2441093834236362 0.0 0.0 0.0 1.809448019005061e-07 0.0 0.0 0.0 0.17551239122744783 0.0 0.0 0.0 0.0 0.020693697469965473 0.0 0.0 0.0 0.09010639681628994 0.0 0.0 0.0 0.029541782762516115 0.0 0.0 0.0 0.052525449897174094 0.0 4.385705117756154e-05 0.0 0.0 0.024916788289477923 6.677175493463053e-08 0.0 0.0 0.1132003307479518 0.00018042027653279597 0.0 0.0 0.0032544701659433916 0.08966272130689196 0.0 0.0 0.021800180282315694 0.0004866611683779052 0.0 0.0 0.021177146423476404 8.575758659286603e-08 0.0 0.0 0.0794407880214424 0.00021936721086174887 0.0 0.0 0.004436425177819887 0.05500154205436922 0.0 0.0 0.019456827155035418
0.0 0.020209972511252276 0.0 0.0 0.0 0.0024282791171384792 0.0 0.0 0.0 1.7692043334895109e-07 0.0 0.0 0.0 0.007126296660952131 0.0 0.0 0.0 0.0 0.10348988932371636 0.0 0.0 0.0 0.05065810912295184 0.0 0.0 0.0 0.08688265808871791 0.0 0.0 0.0 0.0653069407580573 0.0 0.0021469953180874675 0.0 0.0 0.061081657646969004 9.00358116960673e-09 0.0 0.0 0.004245403315419299 0.008196312668107601 0.0 0.0 0.1136546554675269 0.006887413624560091 0.0 0.0 0.0018039380686080426 0.00673244797969836 0.0 0.0 0.3884710133496676 8.806420422815588e-08 0.0 0.0 0.08820110540905267 0.016615386125289275 0.0 0.0 0.40529378487009865 0.1774410830855208 0.0 0.0 0.08101131387777967 0.0 5.821367768810155e-07 0.0 0.0 0.0 2.8203319859304424e-07 0.0 0.0 0.0 2.401578012520882e-12 0.0 0.0 0.0 6.534000509928365e-08 0.0 0.0 0.0 0.0 0.03716345848736898 0.0 0.0 0.0 0.08673426334731944 0.0 0.0 0.0 0.005555509976840088 0.0 0.0 0.0 0.021972073515991414 0.0 2.9369902960107997e-05 0.0 0.0 0.006269043576350211 1.646333798940288e-07 0.0 0.0 0.12226729235725958 6.122317952288791e-08 0.0 0.0 0.006134242048653315 0.030933246918960336 0.0 0.0 0.011190518212298368 0.005208279394111213 0.0 0.0 0.24239525456712818 4.0141901105610314e-07 0.0 0.0 0.1790855802960922 0.002004930473124841 0.0 0.0 0.13183825030814844 0.06661734656815498 0.0 0.0 0.014819743476937526 0.0 0.0438699296540584 0.0 0.0 0.0 0.012582989516058225 0.0 0.0 0.0 2.1691435164615097e-07 0.0 0.0 0.0 0.0124455024548607 0.0 0.0 0.0 0.0 1.0458450602517463e-07 0.0 0.0 0.0 1.2900856977458979e-06 0.0 0.0 0.0 9.587749102928962e-08 0.0 0.0 0.0 1.0209889086173562e-07 0.0 0.0017195335916838916 0.0 0.0 0.03395702948794603 8.923485551723985e-09 0.0 0.0 0.006496400818319274 0.005624932267588015 0.0 0.0 0.042295957525576675 0.0030329461835039667 0.0 0.0 0.0014227026439638272 0.009942551287956614 0.0 0.0 0.2985988354801096 2.197335884823816e-07 0.0 0.0 0.22347408097676363 0.03429268147458857 0.0 0.0 0.3543850980374474 0.11228337557455098 0.0 0.0 0.06485936308736004 0.0 0.22925249569130127 0.0 0.0 0.0 0.13916007952385048 0.0 0.0 0.0 1.198809399088983e-06 0.0 0.0 0.0 0.10634788294748306 0.0 0.0 0.0 0.0 0.05040119599956844 0.0 0.0 0.0 0.03943029570306296 0.0 0.0 0.0 0.0021112474990182158 0.0 0.0 0.0 0.0339770082016514 0.0 0.001187650093572116 0.0 0.0 0.059925177828931454 1.2401405159832379e-08 0.0 0.0 0.005306629267592478 0.0007901259640331654 0.0 0.0 0.014994920783211154 0.02907208573715083 0.0 0.0 0.00997952249869463 0.0012941637486481505 0.0 0.0 0.04602730072423917 8.858543873774376e-08 0.0 0.0 0.058657884572563164 0.0013742083434179762 0.0 0.0 0.02923929661170301 0.04849415927963188 0.0 0.0 0.014684331389301173
0.0 0.013146579392331275 0.0 0.0 0.0 0.00455737687630718 0.0 0.0 0.0 8.569476486548736e-08 0.0 0.0 0.0 0.0007268081327960773 0.0 0.0 0.0 0.0 0.014995778780875973 0.0 0.0 0.0 0.036090487392675945 0.0 0.0 0.0 0.01621865844540609 0.0 0.0 0.0 0.025196705392646825 0.0 0.0003682659918000559 0.0 0.0 0.009917304650176732 5.779340627654235e-10 0.0 0.0 0.00137478753981622 9.886597119608662e-05 0.0 0.0 0.005009218888744762 0.0010183692900093833 0.0 0.0 0.00025308214047796136 0.007964523125908026 0.0 0.0 0.2637263583088798 1.7557397802528624e-07 0.0 0.0 0.17506033921426886 0.013525226285150911 0.0 0.0 0.27526675496470915 0.02784670488408747 0.0 0.0 0.006982092209976645 0.0 3.7621360692040586e-07 0.0 0.0 0.0 3.789510157806873e-07 0.0 0.0 0.0 4.403837003387445e-12 0.0 0.0 0.0 2.2611480802288167e-07 0.0 0.0 0.0 0.0 0.0029790509068796612 0.0 0.0 0.0 0.05623118181630069 0.0 0.0 0.0 0.05154633514990421 0.0 0.0 0.0 0.009054459542250589 0.0 0.0006151401230012605 0.0 0.0 0.02238809714524857 1.3788239389298286e-07 0.0 0.0 0.03916551155323607 0.004015333898052181 0.0 0.0 0.05412178967042303 0.022399377193852564 0.0 0.0 0.0032678434016661312 0.00219213142676579 0.0 0.0 0.12688460930948373 3.15336276166541e-07 0.0 0.0 0.18370940368575206 0.009894741654728893 0.0 0.0 0.22155249089745688 0.11270421431300282 0.0 0.0 0.03864516558440299 0.0 0.026371523871106705 0.0 0.0 0.0 0.013043093272453718 0.0 0.0 0.0 1.5211927789115348e-07 0.0 0.0 0.0 0.0015609753676280533 0.0 0.0 0.0 0.0 1.0300951856470744e-07 0.0 0.0 0.0 3.737093585687806e-08 0.0 0.0 0.0 6.625589775437765e-08 0.0 0.0 0.0 1.1582417517370545e-08 0.0 0.0006498873218759563 0.0 0.0 0.027087574409227357 1.927675541263289e-08 0.0 0.0 0.0295237055377275 0.000584648355600262 0.0 0.0 0.007439684991232887 0.0019354032150046138 0.0 0.0 0.0005441284954691449 0.00568353308116552 0.0 0.0 0.28133806958207497 2.5930236526789286e-07 0.0 0.0 0.20552793343973974 0.014319042726505365 0.0 0.0 0.2567633347764605 0.020507306153976158 0.0 0.0 0.006464056210501707 0.0 0.052983150534559924 0.0 0.0 0.0 0.09709169684623903 0.0 0.0 0.0 0.0 0.0 0.0 0.0 0.045955735043472 0.0 0.0 0.0 0.0 6.496235288106422e-05 0.0 0.0 0.0 0.04661776085172454 0.0 0.0 0.0 0.0 0.0 0.0 0.0 0.0015610214540985406 0.0 0.0007934847220071846 0.0 0.0 0.027743966443547118 2.101292073954328e-09 0.0 0.0 0.005631649525620075 0.0 0.0 0.0 0.0 0.0010885104760861622 0.0 0.0 0.000554584702860858 0.00016388430367560316 0.0 0.0 0.011286194718320647 2.3363844672070553e-08 0.0 0.0 0.03673015346126271 0.0 0.0 0.0 0.0 0.008530696898251812 0.0 0.0 0.004333213475225015
0.0 0.013209964608223572 0.0 0.0 0.0 0.0062534503376135055 0.0 0.0 0.0 4.2104807086544175e-08 0.0 0.0 0.0 0.00543675328397078 0.0 0.0 0.0 0.0 0.02935834309572644 0.0 0.0 0.0 0.046612197653117526 0.0 0.0 0.0 0.11953679954968231 0.0 0.0 0.0 0.16299590697022395 0.0 0.0008575914483228083 0.0 0.0 0.029999411639796674 2.594815988922183e-08 0.0 0.0 0.007388599572356891 0.0001946239417754765 0.0 0.0 0.03542810633013705 0.040420354799388415 0.0 0.0 0.006227423051476655 0.00659969027659147 0.0 0.0 0.1595260986057501 1.3655323163512763e-07 0.0 0.0 0.08347624974016721 0.0025802827326632492 0.0 0.0 0.1297214649502281 0.17390337166998027 0.0 0.0 0.042208169638899735 0.0 1.635247772796766e-08 0.0 0.0 0.0 2.756535995747533e-07 0.0 0.0 0.0 4.308839789968386e-12 0.0 0.0 0.0 3.0749848560070987e-07 0.0 0.0 0.0 0.0 0.00760832433508005 0.0 0.0 0.0 0.0034377780038756206 0.0 0.0 0.0 0.01301436075313243 0.0 0.0 0.0 0.07744169148513093 0.0 8.41301997724588e-09 0.0 0.0 0.034717062125011314 6.997916025653802e-09 0.0 0.0 0.003437699689116222 0.0002411481866044434 0.0 0.0 0.04415336708485306 0.0028795985810746573 0.0 0.0 0.0031862687345502265 1.2071206089520768e-09 0.0 0.0 0.005584807502172523 2.580531977935008e-07 0.0 0.0 0.08894442147205918 0.009578026202515943 0.0 0.0 0.22047441737787857 0.07772435508238046 0.0 0.0 0.07831887829278919 0.0 0.011072481723417436 0.0 0.0 0.0 0.012892297329173696 0.0 0.0 0.0 1.9936735106716825e-07 0.0 0.0 0.0 0.01542481430753098 0.0 0.0 0.0 0.0 2.864898088935769e-07 0.0 0.0 0.0 3.912265062680386e-07 0.0 0.0 0.0 1.4303608239633007e-07 0.0 0.0 0.0 1.984787888182462e-06 0.0 0.005863403989777116 0.0 0.0 0.07914922558915805 1.800871254935583e-09 0.0 0.0 0.0029281147424320623 0.0035765413764385096 0.0 0.0 0.0511048420118094 0.054080946698899304 0.0 0.0 0.024005070258768163 0.007997420601396186 0.0 0.0 0.1354682812808533 1.282579352543158e-07 0.0 0.0 0.22373016631749254 0.008909907639871545 0.0 0.0 0.2238696861777404 0.255006879645372 0.0 0.0 0.08267228371548117 0.0 0.3536008522912638 0.0 0.0 0.0 0.08235613125683226 0.0 0.0 0.0 2.5011990275452214e-06 0.0 0.0 0.0 0.34440086499365097 0.0 0.0 0.0 0.0 0.1058335938595888 0.0 0.0 0.0 0.03856479292864652 0.0 0.0 0.0 0.0792135521365505 0.0 0.0 0.0 0.14165080115885245 0.0 0.0028736035035900635 0.0 0.0 0.10052029100937832 1.4283573766251526e-08 0.0 0.0 0.04669968784307647 0.00718794813422583 0.0 0.0 0.13383477184439221 0.07374139174450976 0.0 0.0 0.017232676039349113 0.0008725139738043433 0.0 0.0 0.05913200451584329 2.7613986124213772e-08 0.0 0.0 0.024020225813413676 0.00387028683453266 0.0 0.0 0.06335225946056453 0.10260345151916965 0.0 0.0 0.0390241135677011
0.0 0.006338531256697112 0.0 0.0 0.0 0.0025853005539590098 0.0 0.0 0.0 2.881936681951587e-08 0.0 0.0 0.0 0.004388736237852808 0.0 0.0 0.0 0.0 0.03161780866197805 0.0 0.0 0.0 0.011899517363609797 0.0 0.0 0.0 0.029610733677189537 0.0 0.0 0.0 0.031768244179346046 0.0 0.0013504067312322902 0.0 0.0 0.024429662836256364 2.906932684867156e-10 0.0 0.0 7.782785248461727e-05 7.384226378655761e-05 0.0 0.0 0.027656668278251688 0.019116131285832103 0.0 0.0 0.02382396818211292 0.002209795144125419 0.0 0.0 0.11838196100733017 1.395683048585141e-07 0.0 0.0 0.07760129718975817 0.005432490417568195 0.0 0.0 0.09083304124185339 0.09337920941437564 0.0 0.0 0.04257323727770317 0.0 2.403874410714321e-07 0.0 0.0 0.0 2.019084281715471e-07 0.0 0.0 0.0 3.7731578744395084e-12 0.0 0.0 0.0 1.7058501377987505e-07 0.0 0.0 0.0 0.0 0.05980429044851434 0.0 0.0 0.0 0.03484376519750027 0.0 0.0 0.0 0.05982840740390287 0.0 0.0 0.0 0.054232155897606535 0.0 0.000780192147080162 0.0 0.0 0.014302222646232097 1.0498125733512081e-07 0.0 0.0 0.053294280464390456 0.006067396139199262 0.0 0.0 0.06988005077891794 0.015823420973069876 0.0 0.0 0.005805837846399404 0.0020295665515608526 0.0 0.0 0.04596893157758444 1.511941634713035e-07 0.0 0.0 0.09618966189187972 0.0075945604575542005 0.0 0.0 0.16384319461268504 0.0813621505388239 0.0 0.0 0.027104429796705944 0.0 0.01680718679219581 0.0 0.0 0.0 0.002053920924412641 0.0 0.0 0.0 1.1714919919846716e-07 0.0 0.0 0.0 0.010879038974760124 0.0 0.0 0.0 0.0 8.511536097988596e-08 0.0 0.0 0.0 8.777625554844457e-13 0.0 0.0 0.0 9.152986282507589e-07 0.0 0.0 0.0 5.405010293214389e-08 0.0 0.0012240147717071828 0.0 0.0 0.03568966817706316 5.153839117148826e-13 0.0 0.0 0.019613194524405943 0.00045909676683550865 0.0 0.0 0.007095913782679927 0.023724545962335385 0.0 0.0 0.006887139598325535 0.00362892650241242 0.0 0.0 0.1269782842788799 9.198950059636298e-13 0.0 0.0 0.03977560642807486 0.009398917103091528 0.0 0.0 0.16737320553718504 0.1518689558262042 0.0 0.0 0.05241115310509778 0.0 0.08175034544578944 0.0 0.0 0.0 0.20406919556072417 0.0 0.0 0.0 8.730387831440136e-07 0.0 0.0 0.0 0.1638788727335661 0.0 0.0 0.0 0.0 0.0051063234947964446 0.0 0.0 0.0 0.11921022341455871 0.0 0.0 0.0 0.0007738047870808881 0.0 0.0 0.0 0.05405646683475677 0.0 0.0016917227198770277 0.0 0.0 0.04457234495908313 4.609680591851441e-09 0.0 0.0 0.06388959476163564 7.943430536466735e-14 0.0 0.0 1.237544468180638e-07 0.02169599905737823 0.0 0.0 0.008207131099631414 0.0003979722998803942 0.0 0.0 0.02008809577858974 2.122391213765344e-07 0.0 0.0 0.07365118350832814 1.7144604664073988e-08 0.0 0.0 0.02994654221460829 0.04272887372084355 0.0 0.0 0.016646265949856336
0.0 0.0018993326421087846 0.0 0.0 0.0 0.0007006730602642834 0.0 0.0 0.0 3.631081195984942e-08 0.0 0.0 0.0 0.00031516622517873316 0.0 0.0 0.0 0.0 9.08514319909753e-08 0.0 0.0 0.0 0.09728818852729722 0.0 0.0 0.0 0.0412477503190205 0.0 0.0 0.0 0.008818902340104094 0.0 6.235073171131602e-10 0.0 0.0 0.001886470558069208 7.425706703376209e-10 0.0 0.0 0.0009666172691658559 3.253466015740252e-09 0.0 0.0 0.0009201165870831794 7.88023867180773e-09 0.0 0.0 1.0859127361547316e-09 1.0881440729677948e-08 0.0 0.0 0.03691147289006791 5.274066380009479e-09 0.0 0.0 0.02313665046651327 0.0009200197036339351 0.0 0.0 0.11970158761248813 0.02733942266086271 0.0 0.0 0.004223878254328971 0.0 9.08514319909753e-08 0.0 0.0 0.0 3.321662143920572e-07 0.0 0.0 0.0 7.0077199768650806e-12 0.0 0.0 0.0 3.0706688031530777e-07 0.0 0.0 0.0 0.0 0.001886471181576525 0.0 0.0 0.0 0.122866026275777 0.0 0.0 0.0 0.0874605555064375 0.0 0.0 0.0 0.11540740999767497 0.0 1.314897052732355e-14 0.0 0.0 2.2792172638804157e-13 9.082002974537581e-08 0.0 0.0 0.0930688290772565 0.0069160826664061825 0.0 0.0 0.11912516640853361 0.054563314497944396 0.0 0.0 0.016894173254718807 0.0018993326420956359 0.0 0.0 0.036911483771280715 1.9686589529316551e-07 0.0 0.0 0.15034093081446037 0.017179066233419475 0.0 0.0 0.33908242743095834 0.16491496535203612 0.0 0.0 0.05519361429700433 0.0 0.006871996640328975 0.0 0.0 0.0 0.015134057087149523 0.0 0.0 0.0 1.8142441112644095e-07 0.0 0.0 0.0 0.01979816298079602 0.0 0.0 0.0 0.0 5.927891214966255e-08 0.0 0.0 0.0 5.612186901025797e-08 0.0 0.0 0.0 1.8844257485422426e-07 0.0 0.0 0.0 1.0982975928500332e-07 0.0 2.600763900072475e-09 0.0 0.0 0.007566779732403055 3.666195177527881e-09 0.0 0.0 0.02887289297019284 0.004512178703898515 0.0 0.0 0.11761448179902985 0.008195492234862317 0.0 0.0 0.0017401506745963816 2.0155118171891048e-08 0.0 0.0 0.06695589848572558 1.5341432905534185e-07 0.0 0.0 0.2815718643132717 0.009140255237483894 0.0 0.0 0.23500912041223507 0.29436549821403857 0.0 0.0 0.08287437053220666 0.0 0.13858351190398407 0.0 0.0 0.0 0.32558177353303813 0.0 0.0 0.0 1.3665204499947077e-07 0.0 0.0 0.0 0.1509704214137658 0.0 0.0 0.0 0.0 0.001886596688092989 0.0 0.0 0.0 0.09302027751862685 0.0 0.0 0.0 0.032350495345059856 0.0 0.0 0.0 0.043826688134841134 0.0 0.0005397912396994022 0.0 0.0 0.0375009421659122 1.754083956348363e-07 0.0 0.0 0.08414567599899185 2.579463106048448e-09 0.0 0.0 0.003517843459401119 0.033398302356386814 0.0 0.0 0.008950377094129339 0.00047605009572545545 0.0 0.0 0.024500000139715424 1.0980029450391383e-07 0.0 0.0 0.1077126644400416 3.1581610866647526e-09 0.0 0.0 0.004828897252495774 0.03235884030646333 0.0 0.0 0.015377019820795096
0.0 0.014900345409764584 0.0 0.0 0.0 0.0014815956612405229 0.0 0.0 0.0 1.1518101919124247e-07 0.0 0.0 0.0 0.0038994400021258972 0.0 0.0 0.0 0.0 0.012209622972675643 0.0 0.0 0.0 0.05665752489146003 0.0 0.0 0.0 0.09829607349037442 0.0 0.0 0.0 0.02040984624053177 0.0 0.00018238361914881253 0.0 0.0 0.0070408883774252225 7.241156957808601e-10 0.0 0.0 0.0018633852420438988 0.0006726956391715202 0.0 0.0 0.028624208237128988 0.001252530160894719 0.0 0.0 0.0012136579390922793 0.010680960644240711 0.0 0.0 0.2033475325132352 6.932154560018552e-08 0.0 0.0 0.06417829092783939 0.011664392054231748 0.0 0.0 0.3574659824710546 0.07112791057850616 0.0 0.0 0.05732269853915554 0.0 1.6393769978351325e-07 0.0 0.0 0.0 2.316888141840081e-07 0.0 0.0 0.0 1.2365378015830452e-12 0.0 0.0 0.0 1.7634899073363281e-07 0.0 0.0 0.0 0.0 0.022344146277875652 0.0 0.0 0.0 0.009619698748505903 0.0 0.0 0.0 0.06500229279778652 0.0 0.0 0.0 0.0016493606585076706 0.0 0.00015734338309616457 0.0 0.0 0.004783906962403367 4.1615312807998757e-08 0.0 0.0 0.021422417890025774 0.0006668634243131269 0.0 0.0 0.029975718677883213 0.02419974844399217 0.0 0.0 0.012145888139013019 0.0016293604751931212 0.0 0.0 0.06422072903991576 1.0645591060827469e-07 0.0 0.0 0.03104793698555329 0.009311857086245722 0.0 0.0 0.08131456816490261 0.04294051442490907 0.0 0.0 0.04324517875283247 0.0 0.04387554420690393 0.0 0.0 0.0 0.006280733899632514 0.0 0.0 0.0 2.1461464451431817e-07 0.0 0.0 0.0 0.006097762497615663 0.0 0.0 0.0 0.0 1.9217707151027647e-06 0.0 0.0 0.0 6.452661220829571e-08 0.0 0.0 0.0 5.965587591568937e-08 0.0 0.0 0.0 6.72384892159468e-08 0.0 0.0002801843656700636 0.0 0.0 0.05580353998744979 2.3441275407695436e-08 0.0 0.0 0.007669833943641378 0.0064602849126040906 0.0 0.0 0.09321478333664125 0.002438517966390315 0.0 0.0 0.0003183883142042086 0.007010265843167178 0.0 0.0 0.3897520108990745 3.0262762180172103e-07 0.0 0.0 0.11022990832946183 0.022025489855776202 0.0 0.0 0.312932201313316 0.08547646882393632 0.0 0.0 0.02984966192760942 0.0 0.12280414071526229 0.0 0.0 0.0 0.09085293723298854 0.0 0.0 0.0 1.8038225151514425e-06 0.0 0.0 0.0 0.021422447665152115 0.0 0.0 0.0 0.0 0.0014580497553221567 0.0 0.0 0.0 0.0270746403694615 0.0 0.0 0.0 0.002887130324302929 0.0 0.0 0.0 6.064797823593602e-09 0.0 5.5144623927544645e-05 0.0 0.0 0.006177361902539602 9.434495514170908e-14 0.0 0.0 7.19175230203644e-08 0.0011898238244368961 0.0 0.0 0.014448189048754662 0.0001532622037551105 0.0 0.0 3.542668129529787e-05 0.00028584778234582163 0.0 0.0 0.024445538680909006 2.779086497234438e-08 0.0 0.0 0.03729840614937407 0.00572023990631791 0.0 0.0 0.06888846314985625 0.00749237683353421 0.0 0.0 0.0019416972435267338
0.0 0.015717420420749292 0.0 0.0 0.0 0.004739268491285081 0.0 0.0 0.0 1.1211763629132629e-07 0.0 0.0 0.0 0.0012135480511304242 0.0 0.0 0.0 0.0 0.06410260121726748 0.0 0.0 0.0 0.03950638573019515 0.0 0.0 0.0 0.06166378114354768 0.0 0.0 0.0 0.012707658493034788 0.0 0.0013643274713262227 0.0 0.0 0.05097625494254473 3.360422027036489e-09 0.0 0.0 0.002152720456642834 0.004338121146537077 0.0 0.0 0.08788054815421724 0.005019703774219842 0.0 0.0 0.0016803334829533978 0.007206083462480959 0.0 0.0 0.3059197951050828 1.1809345013061639e-07 0.0 0.0 0.10203033140782194 0.013862336350929687 0.0 0.0 0.35175599747649217 0.04086251020406073 0.0 0.0 0.012730659764509423 0.0 5.7923938930718694e-08 0.0 0.0 0.0 1.212942746908769e-07 0.0 0.0 0.0 2.678002714956025e-12 0.0 0.0 0.0 1.944958178513602e-07 0.0 0.0 0.0 0.0 0.04433280343156948 0.0 0.0 0.0 0.038283372739835946 0.0 0.0 0.0 0.07146914337459283 0.0 0.0 0.0 0.033911138820146486 0.0 1.8285131227235165e-09 0.0 0.0 0.006234418733345714 4.1587341990523684e-08 0.0 0.0 0.03679173167103264 0.0017676628766697797 0.0 0.0 0.03819830627198423 0.022917840756090775 0.0 0.0 0.009295631138834592 6.032362875295793e-09 0.0 0.0 0.023647125820178475 6.448379983866545e-08 0.0 0.0 0.07335349576353209 0.004710822943332066 0.0 0.0 0.1436045127254231 0.08190911185867135 0.0 0.0 0.03750211735521045 0.0 0.035281451126602345 0.0 0.0 0.0 0.004537357723042936 0.0 0.0 0.0 1.7853004274966862e-07 0.0 0.0 0.0 0.009061281398827385 0.0 0.0 0.0 0.0 1.1459458576540591e-07 0.0 0.0 0.0 1.516320452221528e-08 0.0 0.0 0.0 4.454358386979605e-08 0.0 0.0 0.0 1.1634898288629264e-07 0.0 0.0015010871169493986 0.0 0.0 0.030940549402512233 5.061868522514794e-09 0.0 0.0 0.0031668888310606284 0.004038776543444724 0.0 0.0 0.044639989978176337 0.03545588067034924 0.0 0.0 0.013389791457363307 0.010284760256730497 0.0 0.0 0.3672785201220713 4.651126890295696e-08 0.0 0.0 0.0665101004794631 0.02016254891760208 0.0 0.0 0.2651233234517389 0.148339920008694 0.0 0.0 0.05350345831046325 0.0 0.11593965336843447 0.0 0.0 0.0 0.178719710857542 0.0 0.0 0.0 0.0 0.0 0.0 0.0 0.10480167557853858 0.0 0.0 0.0 0.0 0.03981335204925823 0.0 0.0 0.0 0.03741586123057721 0.0 0.0 0.0 0.0 0.0 0.0 0.0 0.0378474346719261 0.0 5.37960655339955e-09 0.0 0.0 0.003951365270394329 1.693371977521166e-08 0.0 0.0 0.017475941703052902 0.0 0.0 0.0 0.0 0.04471413162402213 0.0 0.0 0.01569865297718357 0.0005816508161408684 0.0 0.0 0.025250007540937043 7.768483828814534e-08 0.0 0.0 0.06324604666990416 0.0 0.0 0.0 0.0 0.044430642280002076 0.0 0.0 0.01225791106300772
0.0 0.004213745269629266 0.0 0.0 0.0 0.0014700123967229515 0.0 0.0 0.0 9.375378875861214e-08 0.0 0.0 0.0 0.001128725578760554 0.0 0.0 0.0 0.0 0.06588775413932015 0.0 0.0 0.0 0.0366354931911243 0.0 0.0 0.0 0.1775639814068154 0.0 0.0 0.0 0.06767692998549885 0.0 4.905229140821303e-05 0.0 0.0 0.03006115915041752 2.036759430528676e-14 0.0 0.0 0.0006180807092965139 0.004363279918228393 0.0 0.0 0.07305210863455204 0.00395547103938654 0.0 0.0 0.0010536026568407433 0.00101783538253545 0.0 0.0 0.08608318747077556 4.214421505819274e-08 0.0 0.0 0.03620146504025529 0.008373808842260659 0.0 0.0 0.26112238181579633 0.0641062079125597 0.0 0.0 0.011929249790222527 0.0 1.0072292454731106e-07 0.0 0.0 0.0 5.801395577980855e-08 0.0 0.0 0.0 2.6634998454520508e-12 0.0 0.0 0.0 7.718012981380493e-08 0.0 0.0 0.0 0.0 0.001485828814653 0.0 0.0 0.0 0.029236990123601446 0.0 0.0 0.0 0.10227178403746005 0.0 0.0 0.0 0.03378248333910591 0.0 4.2706231625925646e-13 0.0 0.0 1.28925440491725e-06 4.585135999486333e-09 0.0 0.0 0.005412763991899632 0.001658111881688363 0.0 0.0 0.04091853371629524 0.031200334364506418 0.0 0.0 0.007664752054574988 1.0628959769508084e-08 0.0 0.0 0.035975317319447954 3.3305150902412386e-08 0.0 0.0 0.0402752434618907 0.005474607390546794 0.0 0.0 0.14937733689788402 0.0624099292891306 0.0 0.0 0.0147926107358212 0.0 0.01984611899102537 0.0 0.0 0.0 0.005732930042327928 0.0 0.0 0.0 2.3572706276390293e-07 0.0 0.0 0.0 0.01756675167982623 0.0 0.0 0.0 0.0 4.051918025567544e-08 0.0 0.0 0.0 1.326448599837077e-06 0.0 0.0 0.0 5.919443866833487e-08 0.0 0.0 0.0 1.9257612824083903e-07 0.0 4.309505317255279e-05 0.0 0.0 0.0270379324489366 1.3503897886195016e-08 0.0 0.0 0.029127905365421057 0.008072670240611993 0.0 0.0 0.14000006813767935 0.05605924357648598 0.0 0.0 0.02386003303654901 0.004722090182989209 0.0 0.0 0.21058854999041682 8.722093425539404e-08 0.0 0.0 0.11498792438208799 0.013717729352253087 0.0 0.0 0.21283470475612667 0.24481821237616633 0.0 0.0 0.10724612764465123 0.0 0.32370419373917947 0.0 0.0 0.0 0.1552346265807284 0.0 0.0 0.0 1.289254831979566e-06 0.0 0.0 0.0 0.08719718890959047 0.0 0.0 0.0 0.0 0.04577913092699694 0.0 0.0 0.0 0.011353897869032065 0.0 0.0 0.0 0.004365136724040322 0.0 0.0 0.0 0.04268047013635731 0.0 4.1169051172903255e-05 0.0 0.0 0.017134171823163947 3.4274774726536706e-09 0.0 0.0 0.0018802604681440675 5.651049059457019e-09 0.0 0.0 1.0723152671788808e-07 0.09367223278718387 0.0 0.0 0.0314121093191195 0.000939324408236371 0.0 0.0 0.061952570941057244 3.36345818155556e-08 0.0 0.0 0.05630645846493965 0.0014858231636039401 0.0 0.0 0.031610184715765224 0.035069948762787344 0.0 0.0 0.009668424011499475
0.0 0.01238595168897405 0.0 0.0 0.0 0.002293115498035229 0.0 0.0 0.0 7.301113657564492e-09 0.0 0.0 0.0 0.005239971048794305 0.0 0.0 0.0 0.0 0.015722436268723206 0.0 0.0 0.0 0.0767416377258566 0.0 0.0 0.0 0.0030598461389862324 0.0 0.0 0.0 0.11222669277974098 0.0 0.0053518111323635105 0.0 0.0 0.028042851193583677 1.4029944594998138e-08 0.0 0.0 0.004536908284799823 1.166145514555726e-09 0.0 0.0 1.588828856020431e-08 0.005422260378613954 0.0 0.0 0.00364448840039101 0.0038433230629558008 0.0 0.0 0.04687535975623557 9.068330933156763e-08 0.0 0.0 0.0660572112485022 0.002110393701769819 0.0 0.0 0.032236980171308154 0.03193632069757558 0.0 0.0 0.06597373290055578 0.0 0.0 0.0 0.0 0.0 2.156314306581641e-07 0.0 0.0 0.0 8.370113336079906e-12 0.0 0.0 0.0 3.0218875791804234e-07 0.0 0.0 0.0 0.0 0.0 0.0 0.0 0.0 0.040542605878470236 0.0 0.0 0.0 0.06850478034658604 0.0 0.0 0.0 0.009905150534597838 0.0 0.0 0.0 0.0 0.0 9.558858040531108e-08 0.0 0.0 0.09084203634765292 0.004401516548167416 0.0 0.0 0.07222121532916641 0.010882645131649058 0.0 0.0 0.0025294509674992495 0.0 0.0 0.0 0.0 1.0121971913788648e-07 0.0 0.0 0.13046565590743026 0.014417655618144055 0.0 0.0 0.364156253296133 0.15147628905071428 0.0 0.0 0.0496496283324533 0.0 0.009958014528597911 0.0 0.0 0.0 0.017693676658785525 0.0 0.0 0.0 1.806033651160164e-07 0.0 0.0 0.0 0.01430074382303153 0.0 0.0 0.0 0.0 3.027450961017954e-08 0.0 0.0 0.0 1.2973437726742698e-06 0.0 0.0 0.0 8.354153376100318e-07 0.0 0.0 0.0 9.079368551602244e-07 0.0 0.0006718082126549485 0.0 0.0 0.002388037927029094 5.360145820313e-09 0.0 0.0 0.013581280884379593 0.0036791733065645316 0.0 0.0 0.028304820100489927 0.01429897168718973 0.0 0.0 0.02238426336577583 0.007299136254013414 0.0 0.0 0.09190470590603081 1.3328709235649196e-07 0.0 0.0 0.2679815614067196 0.013344794286209723 0.0 0.0 0.25392815122892864 0.18019485989618247 0.0 0.0 0.06807820823186077 0.0 0.18540664669573506 0.0 0.0 0.0 0.09896552897140269 0.0 0.0 0.0 2.793037902050693e-06 0.0 0.0 0.0 0.20283536275433534 0.0 0.0 0.0 0.0 0.03127588393089783 0.0 0.0 0.0 0.06359141896461598 0.0 0.0 0.0 0.006633114412046955 0.0 0.0 0.0 0.11917897879419101 0.0 0.0017535778836131285 0.0 0.0 0.04996628361269101 6.212034349074062e-08 0.0 0.0 0.10059628492731129 0.0003750973154545046 0.0 0.0 0.011878228860610456 0.05662730333719658 0.0 0.0 0.020114891987400997 0.000999388991316439 0.0 0.0 0.029856173826642032 1.5539423552233563e-08 0.0 0.0 0.036104644417798475 0.0020958513392408413 0.0 0.0 0.091236648137581 0.06152268469521517 0.0 0.0 0.026014955210616003
0.0 0.0 0.0 0.0 0.0 0.0070473123111429396 0.0 0.0 0.0 1.3855242581323958e-08 0.0 0.0 0.0 0.0019147007282743422 0.0 0.0 0.0 0.0 0.0 0.0 0.0 0.0 0.10285087741138253 0.0 0.0 0.0 1.5526036092403365e-07 0.0 0.0 0.0 0.0566084464727394 0.0 0.0 0.0 0.0 0.0 5.826197939968577e-08 0.0 0.0 0.05009752650823918 3.0060572261224433e-14 0.0 0.0 6.687071936218155e-08 0.0012426947756900453 0.0 0.0 0.006411511124151037 0.0 0.0 0.0 0.0 2.3488090659940183e-07 0.0 0.0 0.19938599548480462 2.4015848927864242e-08 0.0 0.0 0.05989674080754069 0.05554224092876907 0.0 0.0 0.028022907994732452 0.0 4.814083003747611e-07 0.0 0.0 0.0 2.937071870943877e-07 0.0 0.0 0.0 5.115390548044404e-12 0.0 0.0 0.0 2.6326655084454466e-07 0.0 0.0 0.0 0.0 0.02140319582580852 0.0 0.0 0.0 0.05216997217026004 0.0 0.0 0.0 0.06761448593269467 0.0 0.0 0.0 0.002056601902310424 0.0 1.3188806647375709e-05 0.0 0.0 0.002252517115698969 1.331087539788352e-07 0.0 0.0 0.08140699233486824 0.0005057369663987614 0.0 0.0 0.017932499490752145 0.042081795454122266 0.0 0.0 0.010829271491122103 0.002961043501721121 0.0 0.0 0.15306057577105123 3.802512979746427e-07 0.0 0.0 0.16590723247634537 0.0053152646032183755 0.0 0.0 0.23806551745540458 0.1096425616334694 0.0 0.0 0.04502900908652377 0.0 0.0221240610110905 0.0 0.0 0.0 0.007102977459906058 0.0 0.0 0.0 3.0612725896906203e-07 0.0 0.0 0.0 0.0034806510889306497 0.0 0.0 0.0 0.0 6.720785390622987e-08 0.0 0.0 0.0 1.0525323113943795e-06 0.0 0.0 0.0 1.4521602723446487e-07 0.0 0.0 0.0 1.0756160179039932e-07 0.0 1.892570294909613e-09 0.0 0.0 4.2001612248441285e-08 8.546992927587905e-08 0.0 0.0 0.04442496050522204 9.272905808108364e-05 0.0 0.0 0.0033200094159665026 0.004438108212877571 0.0 0.0 0.01607843141692473 0.004138336526653668 0.0 0.0 0.12347999338457573 7.937826177176486e-08 0.0 0.0 0.12816184708359704 0.025274475369936274 0.0 0.0 0.42053984088579904 0.027392327332495636 0.0 0.0 0.03845587560178342 0.0 0.1287673172153556 0.0 0.0 0.0 0.12909367235283756 0.0 0.0 0.0 1.0525306214415184e-06 0.0 0.0 0.0 0.031830435545373216 0.0 0.0 0.0 0.0 0.03236257806069768 0.0 0.0 0.0 2.326544099096415e-07 0.0 0.0 0.0 0.001382588825090808 0.0 0.0 0.0 0.0034806510889306497 0.0 0.0008359880368585266 0.0 0.0 0.02738678725948093 4.0801633021768465e-09 0.0 0.0 0.0017319409295100802 0.0016838368130699243 0.0 0.0 0.03050714234489771 9.438847305965233e-08 0.0 0.0 1.3173128730746973e-08 0.0005233880240679638 0.0 0.0 0.019763444237638164 6.295586140185534e-08 0.0 0.0 0.048865089456445326 0.0012385815522111794 0.0 0.0 0.025083798743851474 0.04935265491829074 0.0 0.0 0.005181652100417414
0.0 0.002635380582576138 0.0 0.0 0.0 0.002374843902414965 0.0 0.0 0.0 7.650761063151885e-08 0.0 0.0 0.0 0.0007861964904185682 0.0 0.0 0.0 0.0 0.02250191932863959 0.0 0.0 0.0 0.006301215744887869 0.0 0.0 0.0 0.09898115714877172 0.0 0.0 0.0 0.007022893585406003 0.0 1.4317967622254738e-08 0.0 0.0 7.22954429866002e-07 6.7043564699058925e-09 0.0 0.0 0.0022332250652620806 0.003067698002452792 0.0 0.0 0.07114716344835409 0.0024323041857973603 0.0 0.0 0.001033096820559916 0.00046473350888982925 0.0 0.0 0.03650884746372886 1.8249836048550407e-07 0.0 0.0 0.08225795331906596 0.005399083544462439 0.0 0.0 0.13196291212950778 0.013400158792717411 0.0 0.0 0.006381159203216687 0.0 9.259257737253073e-08 0.0 0.0 0.0 0.0 0.0 0.0 0.0 3.630858550124712e-12 0.0 0.0 0.0 2.3280882810619397e-07 0.0 0.0 0.0 0.0 0.020878446301498297 0.0 0.0 0.0 0.0 0.0 0.0 0.0 0.04562865666691113 0.0 0.0 0.0 0.030738799036195887 0.0 4.059587075414805e-09 0.0 0.0 0.005367173244832479 0.0 0.0 0.0 0.0 0.003258175755409748 0.0 0.0 0.02217684695236853 0.0208445456496761 0.0 0.0 0.01699278495492131 2.5384037449825012e-08 0.0 0.0 0.03586587657369921 0.0 0.0 0.0 0.0 0.01151510495795844 0.0 0.0 0.13481187921053292 0.04869348805709082 0.0 0.0 0.03800919488386753 0.0 0.009808668252829725 0.0 0.0 0.0 0.01181396760291094 0.0 0.0 0.0 3.032549503292381e-07 0.0 0.0 0.0 0.03351171146808245 0.0 0.0 0.0 0.0 7.822202674909272e-07 0.0 0.0 0.0 1.1364897467561335e-06 0.0 0.0 0.0 4.916514156486736e-07 0.0 0.0 0.0 1.1799154197368648e-05 0.0 0.0012274093296023659 0.0 0.0 0.054731352184278395 5.342502578354329e-09 0.0 0.0 0.00581080112198671 0.0016758241959508363 0.0 0.0 0.02514224321361866 0.030290095080887286 0.0 0.0 0.09743237889668657 0.0027915182420950534 0.0 0.0 0.08671931516150667 9.700492139476433e-08 0.0 0.0 0.13765303782851138 0.011758402908194574 0.0 0.0 0.24092501647891346 0.19310851401999776 0.0 0.0 0.20465006478623554 0.0 0.12236304437972194 0.0 0.0 0.0 0.0830570904992794 0.0 0.0 0.0 1.3805235293531316e-05 0.0 0.0 0.0 0.1629760428902249 0.0 0.0 0.0 0.0 0.03653308364877481 0.0 0.0 0.0 0.0623371783821606 0.0 0.0 0.0 0.06602388714193172 0.0 0.0 0.0 0.0323800344846869 0.0 0.00107522885728233 0.0 0.0 0.028794123785553842 4.063030361305789e-09 0.0 0.0 0.009610292406347878 0.000572638078502701 0.0 0.0 0.025021138361204186 0.003946570928065097 0.0 0.0 0.001133529780499752 0.00023756378355857706 0.0 0.0 0.028387619091920117 2.97918650474404e-08 0.0 0.0 0.031330259326012355 0.016931003982754732 0.0 0.0 0.2330514270595885 0.05569430629028796 0.0 0.0 0.02337179732927889
0.0 0.0 0.0 0.0 0.0 0.0018697012590785159 0.0 0.0 0.0 2.8022910766884698e-08 0.0 0.0 0.0 0.004126772074524273 0.0 0.0 0.0 0.0 0.0 0.0 0.0 0.0 0.04785669793353219 0.0 0.0 0.0 0.04325480553964791 0.0 0.0 0.0 0.09174981563614878 0.0 0.0 0.0 0.0 0.0 5.13643346540109e-10 0.0 0.0 0.00025481676223220297 1.3819846103335475e-08 0.0 0.0 9.657897445396003e-08 0.02440127307497041 0.0 0.0 0.004438760962219021 0.0 0.0 0.0 0.0 4.970751298022012e-08 0.0 0.0 0.04702063719911972 0.004225662132596694 0.0 0.0 0.09802224896870254 0.019405607901567926 0.0 0.0 0.049881577100807484 0.0 0.0 0.0 0.0 0.0 5.033597400780387e-07 0.0 0.0 0.0 7.032216833047035e-12 0.0 0.0 0.0 4.599044590343915e-07 0.0 0.0 0.0 0.0 0.0 0.0 0.0 0.0 0.10677338021858217 0.0 0.0 0.0 0.0776082792665645 0.0 0.0 0.0 0.08299051066167294 0.0 0.0 0.0 0.0 0.0 1.3984702903961845e-07 0.0 0.0 0.09147060985616992 9.475530699717862e-05 0.0 0.0 0.000910335635694965 0.14267970708723576 0.0 0.0 0.06128148648666926 0.0 0.0 0.0 0.0 2.6494201910564005e-07 0.0 0.0 0.238263666964495 0.014261468791124608 0.0 0.0 0.3436337261806217 0.24634955233005218 0.0 0.0 0.09721065546818398 0.0 0.022630651163853988 0.0 0.0 0.0 0.01688427124264018 0.0 0.0 0.0 3.587401970494459e-07 0.0 0.0 0.0 0.015027814056652006 0.0 0.0 0.0 0.0 1.03452307227968e-06 0.0 0.0 0.0 2.358317391722487e-07 0.0 0.0 0.0 1.8357905649184174e-06 0.0 0.0 0.0 4.795729165268545e-07 0.0 0.0028778469174812844 0.0 0.0 0.04661306360917108 5.615990387690329e-08 0.0 0.0 0.04290587285408611 0.0014628550238097063 0.0 0.0 0.02121421557863659 0.057133873059526635 0.0 0.0 0.013832915627011362 0.0029901665712664988 0.0 0.0 0.16739199565295226 1.6359072721072744e-07 0.0 0.0 0.3282170138213792 0.022192436528351223 0.0 0.0 0.3431359118389164 0.12677167551273752 0.0 0.0 0.07823895229651287 0.0 0.16525964519739503 0.0 0.0 0.0 0.24861769428536082 0.0 0.0 0.0 3.1283035580321955e-06 0.0 0.0 0.0 0.28888475615682707 0.0 0.0 0.0 0.0 0.02909394857964268 0.0 0.0 0.0 0.1418067202359426 0.0 0.0 0.0 0.05630571277586673 0.0 0.0 0.0 0.08083342060101038 0.0 0.0005752628234370954 0.0 0.0 0.01940062561760531 1.9753690572378574e-07 0.0 0.0 0.11322498535945716 0.0025677222608660134 0.0 0.0 0.1147193405438869 0.003603138153764551 0.0 0.0 0.0014829541758259437 0.0006392238940589026 0.0 0.0 0.027536052325658346 9.097349004582794e-08 0.0 0.0 0.07836173185955737 0.005999453501363695 0.0 0.0 0.1114103527398156 0.08242039682328597 0.0 0.0 0.027784850964880994
0.0 0.0033860350526383007 0.0 0.0 0.0 0.0004799344571141545 0.0 0.0 0.0 0.0 0.0 0.0 0.0 0.007894055058104095 0.0 0.0 0.0 0.0 0.005449090411439057 0.0 0.0 0.0 0.07369477010063456 0.0 0.0 0.0 0.0 0.0 0.0 0.0 0.5052911764203748 0.0 3.458034509262959e-05 0.0 0.0 0.003431805509238875 1.4081221011870993e-14 0.0 0.0 0.000791284802677854 0.0 0.0 0.0 0.0 0.017651250796723646 0.0 0.0 0.0038406728801396476 0.0017556940337504145 0.0 0.0 0.0787705943667833 2.832783798543266e-13 0.0 0.0 0.01786181035821867 0.0 0.0 0.0 0.0 0.4438788118582994 0.0 0.0 0.0889637297541978 0.0 0.0 0.0 0.0 0.0 0.0 0.0 0.0 0.0 5.758001659790962e-12 0.0 0.0 0.0 3.5390169039101045e-08 0.0 0.0 0.0 0.0 0.0 0.0 0.0 0.0 0.0 0.0 0.0 0.0 0.03922968179400598 0.0 0.0 0.0 0.025694989833262585 0.0 0.0 0.0 0.0 0.0 0.0 0.0 0.0 0.0 0.00053087291533513 0.0 0.0 0.10384444094612794 0.0006850011475341433 0.0 0.0 0.00021699588825644124 0.0 0.0 0.0 0.0 0.0 0.0 0.0 0.0 0.007947771585657147 0.0 0.0 0.17334453176941472 0.01462325174985055 0.0 0.0 0.005193625850398539 0.0 0.0034663637387629003 0.0 0.0 0.0 0.0015476432086979108 0.0 0.0 0.0 2.520767002744523e-07 0.0 0.0 0.0 0.01655687560700029 0.0 0.0 0.0 0.0 2.211556860353391e-08 0.0 0.0 0.0 7.721507610580475e-13 0.0 0.0 0.0 2.3746650595756923e-07 0.0 0.0 0.0 1.0166003567263013e-06 0.0 1.253566041192374e-09 0.0 0.0 2.3100884386047312e-08 8.132263511612561e-13 0.0 0.0 0.009463176469821718 1.600996276310096e-08 0.0 0.0 0.006127948449730111 0.02494520170702817 0.0 0.0 0.004784465806067144 0.0019827254191101154 0.0 0.0 0.040964764231579236 2.7136201477756524e-12 0.0 0.0 0.03540308017665264 0.012228278496670835 0.0 0.0 0.39936836623567173 0.19730834337924413 0.0 0.0 0.0813013959166025 0.0 0.577582638141047 0.0 0.0 0.0 0.0664198250423801 0.0 0.0 0.0 1.0241007451620532e-06 0.0 0.0 0.0 0.2520581636836339 0.0 0.0 0.0 0.0 0.020300481806879066 0.0 0.0 0.0 0.0276093754085579 0.0 0.0 0.0 0.0060909135373616195 0.0 0.0 0.0 0.22250835898610866 0.0 0.006022895551612208 0.0 0.0 0.4109835200334352 6.659109446966427e-08 0.0 0.0 0.1167383193778191 2.6604422855329982e-08 0.0 0.0 0.04245562976180261 0.13330142150827523 0.0 0.0 0.043993662411641106 0.001964127964725143 0.0 0.0 0.09707993312961197 1.5090388658718845e-08 0.0 0.0 0.021301897787116143 0.000864169019112645 0.0 0.0 0.04341603669549765 0.06366836882085097 0.0 0.0 0.02709242234103071
0.0 0.0036952508929507777 0.0 0.0 0.0 0.0036809997785836506 0.0 0.0 0.0 3.2739061901115864e-08 0.0 0.0 0.0 0.005111089505952816 0.0 0.0 0.0 0.0 0.03910721706815489 0.0 0.0 0.0 0.13930739855736046 0.0 0.0 0.0 0.08137617396823676 0.0 0.0 0.0 0.09923385597319202 0.0 0.001432898193314968 0.0 0.0 0.03725913571755544 2.558967416336705e-10 0.0 0.0 0.0005496138244202902 3.6978143250699325e-05 0.0 0.0 0.02502146719973779 0.040099039357063854 0.0 0.0 0.007695564147481959 0.0016058243580047483 0.0 0.0 0.06245402123701409 9.160025036488891e-08 0.0 0.0 0.09905247509514675 0.0022296552450762988 0.0 0.0 0.08540815599396316 0.17638261300605504 0.0 0.0 0.05962276458890756 0.0 3.5293858823779184e-07 0.0 0.0 0.0 2.6630448030788445e-07 0.0 0.0 0.0 4.1780394735190045e-12 0.0 0.0 0.0 3.6302181227669203e-07 0.0 0.0 0.0 0.0 2.408123327635292e-08 0.0 0.0 0.0 0.07036422913630867 0.0 0.0 0.0 0.034176488405599025 0.0 0.0 0.0 0.03530016618125257 0.0 1.2030107770381892e-09 0.0 0.0 3.288015401194088e-08 3.4473509597193415e-07 0.0 0.0 0.12641913474362065 0.002581096127435265 0.0 0.0 0.04617316476441385 0.13540807423487483 0.0 0.0 0.030288928567951158 0.0015332855398419029 0.0 0.0 0.04698441917950347 3.1034589089583463e-07 0.0 0.0 0.1428425254909252 0.004549342972529982 0.0 0.0 0.2036286026598337 0.18597004581254306 0.0 0.0 0.049695464582551044 0.0 0.007704666113567714 0.0 0.0 0.0 0.004589148757749817 0.0 0.0 0.0 1.5801789439173923e-07 0.0 0.0 0.0 0.012048489242049825 0.0 0.0 0.0 0.0 3.531567614471572e-07 0.0 0.0 0.0 8.5624898794415e-08 0.0 0.0 0.0 1.5739985103942016e-08 0.0 0.0 0.0 1.5759592261269542e-07 0.0 0.0018755893606843303 0.0 0.0 0.06301040614537189 6.198318062635749e-13 0.0 0.0 0.036714989670665756 0.0009719550891112258 0.0 0.0 0.021536328881241698 0.02708875097897309 0.0 0.0 0.00933564099683559 0.0016902449638587875 0.0 0.0 0.07127308772675084 2.250461802044688e-08 0.0 0.0 0.1042501009084427 0.011713019324629887 0.0 0.0 0.20836910205879597 0.17415031433609948 0.0 0.0 0.06848534178410935 0.0 0.35262690105115796 0.0 0.0 0.0 0.13157049296357978 0.0 0.0 0.0 3.305244147901568e-07 0.0 0.0 0.0 0.4106564183717973 0.0 0.0 0.0 0.0 0.07298712516465514 0.0 0.0 0.0 0.1311990639379886 0.0 0.0 0.0 0.03488484367898541 0.0 0.0 0.0 0.1887453273599831 0.0 0.004055381349089789 0.0 0.0 0.17379453952222204 1.500931389772262e-07 0.0 0.0 0.08096530703256144 1.2482325774693686e-09 0.0 0.0 1.233642867643298e-08 0.04269692360732293 0.0 0.0 0.021767191921353866 0.0013812363685831957 0.0 0.0 0.07440843805693516 6.273354805807116e-08 0.0 0.0 0.044409849817836446 0.0011285043650551135 0.0 0.0 0.012504423669215066 0.11305838157801748 0.0 0.0 0.04788372614116348
0.0 0.01165607105776525 0.0 0.0 0.0 0.0062319947489232926 0.0 0.0 0.0 2.517065007858645e-08 0.0 0.0 0.0 0.005480129452898311 0.0 0.0 0.0 0.0 0.04618797847077673 0.0 0.0 0.0 0.1062704066169691 0.0 0.0 0.0 0.0032835089686089093 0.0 0.0 0.0 0.11303752575447476 0.0 0.000750299528982102 0.0 0.0 0.02788141687778783 1.1352655758325635e-07 0.0 0.0 0.0693329330509027 0.0004975409455866095 0.0 0.0 0.02549923900695951 0.004561013220973188 0.0 0.0 0.009988647152892221 0.003818938023871764 0.0 0.0 0.16065127304310997 3.0910746069716925e-07 0.0 0.0 0.1945832084526271 0.0067699829371673315 0.0 0.0 0.08942269147217438 0.14861455778468183 0.0 0.0 0.05291276263713786 0.0 7.386127163568589e-07 0.0 0.0 0.0 1.6329758595676806e-07 0.0 0.0 0.0 3.757961818800064e-12 0.0 0.0 0.0 2.502143512596231e-07 0.0 0.0 0.0 0.0 0.04178484365995048 0.0 0.0 0.0 0.03694612230798772 0.0 0.0 0.0 0.10025071295113114 0.0 0.0 0.0 0.05582916175221591 0.0 0.0010781501974518328 0.0 0.0 0.03502061834759342 1.5286645883969724e-08 0.0 0.0 0.006704213792436725 0.0025671288399479754 0.0 0.0 0.056161598992218745 0.028899110776414688 0.0 0.0 0.03355520567067335 0.012853313763973277 0.0 0.0 0.24385697142137286 1.7945100920325907e-07 0.0 0.0 0.12364662386586366 0.005280828000306366 0.0 0.0 0.21215869671607832 0.06163633957812305 0.0 0.0 0.07102590901051542 0.0 0.014807451228650537 0.0 0.0 0.0 0.02282329935132716 0.0 0.0 0.0 1.2326538262481822e-07 0.0 0.0 0.0 0.006254672660164134 0.0 0.0 0.0 0.0 2.1309681529471565e-08 0.0 0.0 0.0 5.911251102249961e-07 0.0 0.0 0.0 2.5851002500293897e-08 0.0 0.0 0.0 1.2402021729676022e-06 0.0 1.7747060162201065e-05 0.0 0.0 0.027476532785692575 2.057700966832594e-09 0.0 0.0 0.0012735745280856314 0.005456536889590302 0.0 0.0 0.03753634404680487 0.019186725826003087 0.0 0.0 0.012675465894373183 0.0022861510836338916 0.0 0.0 0.12270941453370839 2.3506469877988924e-07 0.0 0.0 0.18502394537498862 0.00903943792118847 0.0 0.0 0.19891350902832491 0.1764193150686128 0.0 0.0 0.036408557350967506 0.0 0.2423151589116974 0.0 0.0 0.0 0.20592794956408297 0.0 0.0 0.0 1.7300481765571404e-06 0.0 0.0 0.0 0.09854139174785487 0.0 0.0 0.0 0.0 0.050538359870233016 0.0 0.0 0.0 0.05648187833902667 0.0 0.0 0.0 8.868131767029042e-05 0.0 0.0 0.0 0.008381375885827696 0.0 0.00042356385772130914 0.0 0.0 0.003698056965021908 2.3355283101142883e-07 0.0 0.0 0.08626965548670469 0.011311803189342022 0.0 0.0 0.06864432488189257 0.01302617919422052 0.0 0.0 0.003263643070013077 0.002140056914440549 0.0 0.0 0.03547943948394404 7.23567026086007e-08 0.0 0.0 0.06956350570447485 0.0029622877823953764 0.0 0.0 0.04246416128166999 0.07351568377750711 0.0 0.0 0.012393373826488094
0.0 0.023282502468535905 0.0 0.0 0.0 0.003469909103042353 0.0 0.0 0.0 9.43112276822527e-08 0.0 0.0 0.0 0.002643061997942203 0.0 0.0 0.0 0.0 0.031935567992265976 0.0 0.0 0.0 0.054071039376169354 0.0 0.0 0.0 0.10143402444711233 0.0 0.0 0.0 0.03461965905440032 0.0 0.0015762033787531779 0.0 0.0 0.04875756840165226 4.2530359856537884e-08 0.0 0.0 0.04908942462981353 0.00014158595590442718 0.0 0.0 0.04611529074143017 0.028964238156347237 0.0 0.0 0.011918202447602775 0.007102686251626666 0.0 0.0 0.3867020221125938 1.7758174375614123e-07 0.0 0.0 0.14304768208158503 0.007381628123369677 0.0 0.0 0.2943482719658407 0.08176209924028754 0.0 0.0 0.039835359345591015 0.0 5.887389057411982e-07 0.0 0.0 0.0 9.047508675496558e-08 0.0 0.0 0.0 4.8479659597322275e-12 0.0 0.0 0.0 1.532691260304964e-07 0.0 0.0 0.0 0.0 0.10188959130575626 0.0 0.0 0.0 0.06525364754025208 0.0 0.0 0.0 0.006306796137770682 0.0 0.0 0.0 0.015198910003203933 0.0 0.0012735394772583975 0.0 0.0 0.03770776235380136 1.1575847230318109e-07 0.0 0.0 0.07828110694808126 0.00031197834735141236 0.0 0.0 0.047775935001846515 0.06847036965394927 0.0 0.0 0.01846045497966117 0.007919589845983298 0.0 0.0 0.2007585137020943 1.9562034578203557e-08 0.0 0.0 0.05620763995824408 0.012340744199270197 0.0 0.0 0.23287847667216982 0.06845212860817833 0.0 0.0 0.029160603728052355 0.0 0.028082632910767704 0.0 0.0 0.0 0.011009779638384598 0.0 0.0 0.0 3.2348949769808545e-07 0.0 0.0 0.0 0.015888715683159534 0.0 0.0 0.0 0.0 1.073280921682262e-07 0.0 0.0 0.0 8.00790942458106e-08 0.0 0.0 0.0 1.8519311360863242e-07 0.0 0.0 0.0 2.517163426508019e-07 0.0 0.00032812372592538343 0.0 0.0 0.0018208423909837873 6.098390772921527e-09 0.0 0.0 0.003181222591467127 0.008364213071931354 0.0 0.0 0.08773898982899392 0.010702202732865587 0.0 0.0 0.0054109156516401824 0.011702057139539446 0.0 0.0 0.25768016686794815 1.6799439430001088e-07 0.0 0.0 0.18555136384044008 0.0234762663280722 0.0 0.0 0.5295835378754472 0.19417621756459943 0.0 0.0 0.07343562701464934 0.0 0.17347268287959694 0.0 0.0 0.0 0.17416916577046926 0.0 0.0 0.0 0.0 0.0 0.0 0.0 0.2136966051872319 0.0 0.0 0.0 0.0 0.05273740801297785 0.0 0.0 0.0 0.13295649552490602 0.0 0.0 0.0 0.0 0.0 0.0 0.0 0.04653463259957579 0.0 0.000220714533803795 0.0 0.0 0.039929662750024845 1.2098858061354994e-07 0.0 0.0 0.03022000449018778 0.0 0.0 0.0 0.0 0.020773860555458858 0.0 0.0 0.005209090055466818 0.00045295947575010577 0.0 0.0 0.0328005027111032 1.8197399031207378e-07 0.0 0.0 0.062139271736208174 0.0 0.0 0.0 0.0 0.08803733732561188 0.0 0.0 0.025233714760996936
0.0 0.0 0.0 0.0 0.0 0.00019022225235278318 0.0 0.0 0.0 1.1234665862393928e-07 0.0 0.0 0.0 0.0037035939771083632 0.0 0.0 0.0 0.0 0.0 0.0 0.0 0.0 0.03525312541468818 0.0 0.0 0.0 0.07715214084042311 0.0 0.0 0.0 0.05333955915088032 0.0 0.0 0.0 0.0 0.0 1.208594401307705e-09 0.0 0.0 0.0006131644174199139 0.00018712799078413983 0.0 0.0 0.0013629190525487555 1.036015871077193e-06 0.0 0.0 0.00785314938292766 0.0 0.0 0.0 0.0 8.53682847141498e-09 0.0 0.0 0.004855784661674646 0.009274558692796461 0.0 0.0 0.19840928651769774 0.05143676821102682 0.0 0.0 0.0473151192284194 0.0 0.0 0.0 0.0 0.0 2.6858515068835205e-07 0.0 0.0 0.0 8.068274322153115e-12 0.0 0.0 0.0 2.6207140016925117e-07 0.0 0.0 0.0 0.0 0.0 0.0 0.0 0.0 0.005332746595943554 0.0 0.0 0.0 0.1086622409040619 0.0 0.0 0.0 0.04170501629531939 0.0 0.0 0.0 0.0 0.0 3.860937045712047e-12 0.0 0.0 0.0053349720012784785 0.0009382258257712175 0.0 0.0 0.012570160708912618 0.026363891686964708 0.0 0.0 0.008889261440122757 0.0 0.0 0.0 0.0 1.0756762844525138e-07 0.0 0.0 0.15298113121237153 0.015236762749459508 0.0 0.0 0.31262798121086893 0.035086459575503805 0.0 0.0 0.051604334896922774 0.0 0.03927680203266456 0.0 0.0 0.0 0.01405971605782075 0.0 0.0 0.0 3.9265853551211125e-07 0.0 0.0 0.0 0.0306882159457776 0.0 0.0 0.0 0.0 2.9102525082359707e-06 0.0 0.0 0.0 3.893907791329983e-06 0.0 0.0 0.0 1.0269471078690821e-07 0.0 0.0 0.0 3.12130339467649e-06 0.0 9.936561636648371e-05 0.0 0.0 0.016835160561514857 1.4685255026226602e-07 0.0 0.0 0.07109212767131004 0.0004452844883647653 0.0 0.0 0.037339192894144946 0.02274267110974429 0.0 0.0 0.07344094748742068 0.0034513757535289337 0.0 0.0 0.26763283771588414 1.8866796097809244e-07 0.0 0.0 0.20123007228347548 0.025737768400455486 0.0 0.0 0.34560032377937255 0.21648682812155634 0.0 0.0 0.229410506913924 0.0 0.12646802337332705 0.0 0.0 0.0 0.1706244904533164 0.0 0.0 0.0 9.4635677345218e-06 0.0 0.0 0.0 0.12371838350594652 0.0 0.0 0.0 0.0 0.010014487815637711 0.0 0.0 0.0 0.015572705901756845 0.0 0.0 0.0 0.02869993159568185 0.0 0.0 0.0 0.10382333018715627 0.0 7.080315498311684e-05 0.0 0.0 0.0048994822258578725 6.072812838567317e-08 0.0 0.0 0.07290960603973018 0.009948368352109797 0.0 0.0 0.08842271430540649 0.002558421859107909 0.0 0.0 0.020061570271426906 0.00027238405124123594 0.0 0.0 0.021924045345186646 3.0388208704011594e-08 0.0 0.0 0.06819155842132668 0.019094495880657363 0.0 0.0 0.2629480912139941 0.06614428432054958 0.0 0.0 0.010992461788279999
0.0 0.0014446150792546985 0.0 0.0 0.0 0.0017102632426360441 0.0 0.0 0.0 4.64074631671097e-08 0.0 0.0 0.0 0.002376118833735631 0.0 0.0 0.0 0.0 0.025466447251272274 0.0 0.0 0.0 0.04805662912709139 0.0 0.0 0.0 0.04356598086164528 0.0 0.0 0.0 0.09988634246126397 0.0 1.5081560794780153e-06 0.0 0.0 6.074110847687998e-05 1.3836054544422315e-13 0.0 0.0 0.004893982577635886 0.0030001884443268817 0.0 0.0 0.02902660460165166 0.01615326667215293 0.0 0.0 0.008116874835847773 0.000454324721836813 0.0 0.0 0.02515188500646455 1.0400040951020503e-07 0.0 0.0 0.05049806369885816 0.004010326706445013 0.0 0.0 0.13071493827200673 0.08411080701381823 0.0 0.0 0.025964436138412535 0.0 1.3380266575721423e-07 0.0 0.0 0.0 2.2650467454485852e-08 0.0 0.0 0.0 4.608760954352699e-12 0.0 0.0 0.0 8.132989441263746e-08 0.0 0.0 0.0 0.0 0.0008804480392369245 0.0 0.0 0.0 0.06021414777998388 0.0 0.0 0.0 0.07541411099534921 0.0 0.0 0.0 0.02129010319527903 0.0 7.768258352907302e-05 0.0 0.0 0.0031203959415889034 1.6147046220727965e-09 0.0 0.0 0.002115769563847882 0.004257660336543384 0.0 0.0 0.058915852666651516 0.053709479631886305 0.0 0.0 0.011059868642170094 0.0004887705471814883 0.0 0.0 0.048012090409182535 1.0947819512382371e-08 0.0 0.0 0.016539329428253667 0.007136090007527871 0.0 0.0 0.143463653267935 0.055444592961473554 0.0 0.0 0.016234438209450648 0.0 0.014913534878054692 0.0 0.0 0.0 0.004248791013019559 0.0 0.0 0.0 7.205856659784572e-08 0.0 0.0 0.0 0.009366670594922267 0.0 0.0 0.0 0.0 2.515659334707316e-08 0.0 0.0 0.0 3.220921220647096e-08 0.0 0.0 0.0 6.439448129011376e-08 0.0 0.0 0.0 3.50251958483901e-08 0.0 0.00018713261104462482 0.0 0.0 0.013842474019081705 6.883063048201283e-08 0.0 0.0 0.04169972311079108 0.0019567827987687072 0.0 0.0 0.031371103304458824 0.020825574833387962 0.0 0.0 0.014366986765268118 0.0017213123002389951 0.0 0.0 0.12707408500514067 2.085561706665854e-08 0.0 0.0 0.08550016728919135 0.008168009303142662 0.0 0.0 0.11624253211073593 0.13227233062182303 0.0 0.0 0.05977624811463387 0.0 0.22313914610797833 0.0 0.0 0.0 0.151839733103726 0.0 0.0 0.0 0.0 0.0 0.0 0.0 0.05225436317931237 0.0 0.0 0.0 0.0 0.03490624974738813 0.0 0.0 0.0 0.024985901864634296 0.0 0.0 0.0 0.0 0.0 0.0 0.0 0.004105082325842247 0.0 0.0019299487718331967 0.0 0.0 0.06297920987978965 1.6473914567246685e-09 0.0 0.0 0.035687565861924654 0.0 0.0 0.0 0.0 0.02123764603249688 0.0 0.0 0.003447190814145248 0.0007644877235744783 0.0 0.0 0.04433760703312894 2.989092537469024e-08 0.0 0.0 0.050384374248321616 0.0 0.0 0.0 0.0 0.04347954462397787 0.0 0.0 0.006924976332687115
0.0 0.007703638672343611 0.0 0.0 0.0 0.0032999750373399785 0.0 0.0 0.0 9.06668340979641e-08 0.0 0.0 0.0 0.00044588710273374063 0.0 0.0 0.0 0.0 0.009166127882019743 0.0 0.0 0.0 0.03763138935789687 0.0 0.0 0.0 0.12367722232534317 0.0 0.0 0.0 0.030073717260212695 0.0 1.106929651121428e-09 0.0 0.0 0.0012914977698807006 1.1981646551118268e-09 0.0 0.0 0.004490139962176657 0.0017106868481515274 0.0 0.0 0.035299910508589674 0.0020135632121314646 0.0 0.0 0.0006151447874689783 0.00150162823690389 0.0 0.0 0.13061138074869935 7.862555195927102e-08 0.0 0.0 0.1349075451190022 0.011518231213734435 0.0 0.0 0.24856182680432254 0.020519434990074026 0.0 0.0 0.006441962414089865 0.0 2.04241807354354e-07 0.0 0.0 0.0 0.0 0.0 0.0 0.0 4.203254059050837e-12 0.0 0.0 0.0 7.244598785579733e-08 0.0 0.0 0.0 0.0 0.003237846791803726 0.0 0.0 0.0 0.0 0.0 0.0 0.0 0.007920496480775384 0.0 0.0 0.0 0.004480367676302032 0.0 2.338086371132032e-09 0.0 0.0 0.003577807384393647 0.0 0.0 0.0 0.0 0.0015909374372492216 0.0 0.0 0.03043740453916093 0.008236948247189749 0.0 0.0 0.0015524583425219945 0.0012091511121646746 0.0 0.0 0.08213955278181041 0.0 0.0 0.0 0.0 0.004491124284238377 0.0 0.0 0.19599887632121585 0.06061374841094955 0.0 0.0 0.015280969527114965 0.0 0.024786299930788222 0.0 0.0 0.0 0.010667148535337623 0.0 0.0 0.0 3.2776614028226293e-07 0.0 0.0 0.0 0.00530443933432474 0.0 0.0 0.0 0.0 1.1210320154319794e-07 0.0 0.0 0.0 1.1028861852504193e-07 0.0 0.0 0.0 4.592356419000596e-07 0.0 0.0 0.0 6.502017724984281e-08 0.0 0.0007141888906659305 0.0 0.0 0.05826117196438039 3.310648684104366e-09 0.0 0.0 0.00196641200916139 0.000833056700197728 0.0 0.0 0.07247357323897463 0.0007809806971017976 0.0 0.0 0.0005769714429570251 0.007841605595982855 0.0 0.0 0.23900002523189032 1.7779767123503903e-07 0.0 0.0 0.19775013224205018 0.019169890211625806 0.0 0.0 0.5386746453978827 0.1062528130247007 0.0 0.0 0.037359004897515445 0.0 0.16805831398053328 0.0 0.0 0.0 0.0016715873762035407 0.0 0.0 0.0 3.282110145011117e-07 0.0 0.0 0.0 0.058698334815171865 0.0 0.0 0.0 0.0 0.033016858616468296 0.0 0.0 0.0 0.0077640586420865175 0.0 0.0 0.0 0.005392182326240646 0.0 0.0 0.0 0.023591091048250044 0.0 1.2888464620880087e-05 0.0 0.0 0.007210528491220198 1.528848743219237e-08 0.0 0.0 0.01993011264144028 0.0026732418414847346 0.0 0.0 0.040309987434509476 0.0018200928715820471 0.0 0.0 0.0005064191541527614 0.0001701257338971751 0.0 0.0 0.031970123780103256 4.714744984917746e-10 0.0 0.0 0.0006890804636631013 0.00011032403325372829 0.0 0.0 0.011623645920207702 0.028190686165886866 0.0 0.0 0.007412795478377933
0.0 0.0038495688577240405 0.0 0.0 0.0 0.004024431632664399 0.0 0.0 0.0 6.621825786284432e-08 0.0 0.0 0.0 0.00027955923155917854 0.0 0.0 0.0 0.0 0.005527062437312248 0.0 0.0 0.0 0.14018454691427143 0.0 0.0 0.0 0.08788382229672219 0.0 0.0 0.0 0.07217413870492066 0.0 2.1274347610129154e-09 0.0 0.0 0.003654360159007593 3.806256796209676e-09 0.0 0.0 0.0027192945024149904 4.3375476878088155e-09 0.0 0.0 0.003136293044834482 0.0013591331684769826 0.0 0.0 0.009478717700875867 0.0019768597570195205 0.0 0.0 0.08184040242156193 2.3508769178184076e-08 0.0 0.0 0.14361646691580376 0.0021703150521540536 0.0 0.0 0.19735426633066439 0.009491227400765013 0.0 0.0 0.004065479553462517 0.0 2.7312629725297056e-08 0.0 0.0 0.0 6.27843397438081e-08 0.0 0.0 0.0 1.5145782459517037e-11 0.0 0.0 0.0 6.427962313839278e-08 0.0 0.0 0.0 0.0 0.00014760644314500485 0.0 0.0 0.0 0.0033421121909575687 0.0 0.0 0.0 0.10759929620749441 0.0 0.0 0.0 0.07629592927154472 0.0 0.0012066586120594949 0.0 0.0 0.03999149790136134 7.410981021224831e-19 0.0 0.0 4.164014299258797e-08 0.005284321026106785 0.0 0.0 0.11254408684963886 0.003018450675338209 0.0 0.0 0.0011656953209783303 0.00018550182239286675 0.0 0.0 0.006892835788441662 7.156477519039479e-13 0.0 0.0 0.045081911263874154 0.028599454683927657 0.0 0.0 0.6660312709382584 0.05075935330321192 0.0 0.0 0.014032890789394048 0.0 0.018917491202246964 0.0 0.0 0.0 0.02561599736813496 0.0 0.0 0.0 4.2661998385116846e-07 0.0 0.0 0.0 0.024180533820469596 0.0 0.0 0.0 0.0 3.2690362328713555e-07 0.0 0.0 0.0 1.8227411584374666e-06 0.0 0.0 0.0 2.515482422768825e-07 0.0 0.0 0.0 2.4000133836684787e-07 0.0 5.870828916106244e-05 0.0 0.0 0.038200298380088434 5.919116165265542e-13 0.0 0.0 0.020808474817353147 0.003943509373879392 0.0 0.0 0.12991303112019012 0.03307057173329655 0.0 0.0 0.013355696954371277 0.002984687505151637 0.0 0.0 0.18195912711987913 1.5660376787835574e-07 0.0 0.0 0.48623895514932486 0.02237343752072805 0.0 0.0 0.47328300625736774 0.3519770696719809 0.0 0.0 0.15850542237890472 0.0 0.28300248298062586 0.0 0.0 0.0 0.15544950621764497 0.0 0.0 0.0 2.1483409748718603e-06 0.0 0.0 0.0 0.04756095809398339 0.0 0.0 0.0 0.0 0.014672813062768622 0.0 0.0 0.0 0.007846450154683727 0.0 0.0 0.0 0.043866920616473015 0.0 0.0 0.0 0.005634931591709928 0.0 0.0010380792832923426 0.0 0.0 0.03832421491741485 1.6068118740390855e-12 0.0 0.0 0.07399279819205272 0.003404861716701567 0.0 0.0 0.03734514500800795 1.1776935747527067e-07 0.0 0.0 2.2681079947983027e-08 0.0007031285436937967 0.0 0.0 0.04965230425244542 3.305041494696877e-08 0.0 0.0 0.05325597966377746 0.0029385452997901774 0.0 0.0 0.05771476265814277 0.036339171910802125 0.0 0.0 0.007313053713127393
0.0 0.0016546695898085008 0.0 0.0 0.0 0.005131016634465386 0.0 0.0 0.0 1.821081413490799e-08 0.0 0.0 0.0 0.0033134592362828756 0.0 0.0 0.0 0.0 0.018300383451058392 0.0 0.0 0.0 0.04260169809804371 0.0 0.0 0.0 0.07178339760998297 0.0 0.0 0.0 0.04075318919384115 0.0 1.1140265811898828e-10 0.0 0.0 0.00031931639092882934 2.430565038829969e-13 0.0 0.0 0.0004261806977515288 0.0031003761864139574 0.0 0.0 0.039236968203614 0.0012147461146978465 0.0 0.0 0.00025738162310339966 0.000436240017956191 0.0 0.0 0.04080659748069565 2.2197479942029617e-07 0.0 0.0 0.13639250372024758 0.0029763435966532396 0.0 0.0 0.036695913797147234 0.11181327864693323 0.0 0.0 0.027199566310692144 0.0 1.025045233599856e-07 0.0 0.0 0.0 4.570840696024702e-09 0.0 0.0 0.0 3.821724225317258e-12 0.0 0.0 0.0 2.3469105824309607e-07 0.0 0.0 0.0 0.0 0.021081170466195013 0.0 0.0 0.0 0.007210931888864116 0.0 0.0 0.0 0.04128461613246173 0.0 0.0 0.0 0.12576081055652885 0.0 5.713011384766859e-05 0.0 0.0 0.0036937454963727368 2.8986953222837987e-13 0.0 0.0 0.019982603234138176 0.0011456229727605024 0.0 0.0 0.057963266959347684 0.014081995598357246 0.0 0.0 0.007878241614233528 0.00035802288563757824 0.0 0.0 0.03632703557527387 4.612658648608679e-14 0.0 0.0 0.0035650638267461275 0.01445562221430317 0.0 0.0 0.22349551044748148 0.08600584836648945 0.0 0.0 0.04310030086165868 0.0 0.022269088855520165 0.0 0.0 0.0 0.004663769468082465 0.0 0.0 0.0 1.115011978487958e-07 0.0 0.0 0.0 0.011051596237284632 0.0 0.0 0.0 0.0 1.0023356624507195e-06 0.0 0.0 0.0 5.300392982064404e-07 0.0 0.0 0.0 5.77794282010752e-08 0.0 0.0 0.0 6.385893306690893e-08 0.0 0.002370246319505205 0.0 0.0 0.05158722813540117 4.2420834279045435e-13 0.0 0.0 0.024652575449893264 0.0008600429216988506 0.0 0.0 0.035062495262244774 0.007038910500215007 0.0 0.0 0.0248420918731158 0.005782821836285369 0.0 0.0 0.16405844068502648 1.5230285469538333e-12 0.0 0.0 0.0937175391244793 0.01154215315781184 0.0 0.0 0.13708676050316915 0.15557462675515177 0.0 0.0 0.04756153894270062 0.0 0.1495148074030742 0.0 0.0 0.0 0.18554273837066115 0.0 0.0 0.0 1.471891892111275e-06 0.0 0.0 0.0 0.12524684569048683 0.0 0.0 0.0 0.0 0.005172413075239418 0.0 0.0 0.0 0.05498944596314138 0.0 0.0 0.0 0.027218287674471885 0.0 0.0 0.0 0.052231981533951026 0.0 0.0007179678518369133 0.0 0.0 0.029847777842232248 4.906037629410928e-08 0.0 0.0 0.0716226716376552 0.0012908419715925237 0.0 0.0 0.018198515370729206 0.0517295277370401 0.0 0.0 0.022988951800331905 0.00037673453489931363 0.0 0.0 0.029680523939193657 7.073254201941387e-08 0.0 0.0 0.056948266486725296 0.002613540502419458 0.0 0.0 0.042953153151670136 0.03882256381494575 0.0 0.0 0.016566164632495526
0.0 0.0 0.0 0.0 0.0 0.008104699669036052 0.0 0.0 0.0 1.8394653965571045e-08 0.0 0.0 0.0 0.009639115568470226 0.0 0.0 0.0 0.0 0.0 0.0 0.0 0.0 0.3082845110720321 0.0 0.0 0.0 0.04612867043544939 0.0 0.0 0.0 0.33040119404650864 0.0 0.0 0.0 0.0 0.0 1.2163367083601375e-08 0.0 0.0 0.006868434457443027 7.680981072243766e-05 0.0 0.0 0.001271415525255907 0.012991767266548737 0.0 0.0 0.0023019054145548283 0.0 0.0 0.0 0.0 3.4821453797461624e-07 0.0 0.0 0.30692358651944723 0.0005097571432573461 0.0 0.0 0.04896434285925538 0.43843059176976795 0.0 0.0 0.1272700605357963 0.0 7.425164527808282e-07 0.0 0.0 0.0 0.0 0.0 0.0 0.0 7.938634065701467e-12 0.0 0.0 0.0 9.023888235802512e-08 0.0 0.0 0.0 0.0 0.011592876650962196 0.0 0.0 0.0 0.0 0.0 0.0 0.0 0.04111221130160429 0.0 0.0 0.0 0.0015681829391092706 0.0 0.005513284072812121 0.0 0.0 0.1412828195290872 0.0 0.0 0.0 0.0 0.010285434090018308 0.0 0.0 0.15440030501552773 3.384936403059142e-09 0.0 0.0 8.288623868623338e-10 0.003950563556697047 0.0 0.0 0.2739392774326634 0.0 0.0 0.0 0.0 0.016646160328850836 0.0 0.0 0.31078646718332936 0.07480464181405538 0.0 0.0 0.02057809496274859 0.0 0.005868472564715153 0.0 0.0 0.0 0.017717317668850416 0.0 0.0 0.0 4.341092349285986e-08 0.0 0.0 0.0 0.013052133224148412 0.0 0.0 0.0 0.0 1.9455750770920355e-08 0.0 0.0 0.0 1.7706986376753653e-06 0.0 0.0 0.0 1.0191840459348133e-06 0.0 0.0 0.0 2.395669176391794e-08 0.0 2.6248502371559462e-08 0.0 0.0 9.787543423868832e-07 8.409829880915521e-08 0.0 0.0 0.08138200560531379 0.001070072125418399 0.0 0.0 0.0133830806109781 0.0007791374503440126 0.0 0.0 0.00044523799927091256 0.0009953345877970333 0.0 0.0 0.041610675473189467 4.5126351337267784e-07 0.0 0.0 0.33717793442406063 0.0060382391227729705 0.0 0.0 0.0764585597144555 0.14830766849344537 0.0 0.0 0.07979333429758553 0.0 0.6789451604728223 0.0 0.0 0.0 0.031245324813459336 0.0 0.0 0.0 2.77148161005252e-06 0.0 0.0 0.0 0.0 0.0 0.0 0.0 0.0 0.011917448531179053 0.0 0.0 0.0 0.0031955651516606524 0.0 0.0 0.0 0.009818721971369156 0.0 0.0 0.0 0.0 0.0 0.0051977530785589365 0.0 0.0 0.3333528702623932 8.164767567400078e-24 0.0 0.0 2.953934721551358e-13 4.458515471221218e-09 0.0 0.0 8.509270154275836e-08 0.0 0.0 0.0 0.0 0.0020868720877927362 0.0 0.0 0.13191206559038657 3.4600072106283966e-13 0.0 0.0 0.014034617118535804 0.0020114897890817045 0.0 0.0 0.08511794137531643 0.0 0.0 0.0 0.0
0.0 0.0072323703991354436 0.0 0.0 0.0 0.0033010063470325216 0.0 0.0 0.0 3.2817881119047015e-08 0.0 0.0 0.0 0.0048674475045441205 0.0 0.0 0.0 0.0 0.005787185591563793 0.0 0.0 0.0 0.04313009878372833 0.0 0.0 0.0 0.04651878420222019 0.0 0.0 0.0 0.0928881352048615 0.0 6.787504200986216e-09 0.0 0.0 1.6969146871947281e-07 3.395018235225978e-13 0.0 0.0 0.01900100834476969 5.575071531398221e-10 0.0 0.0 0.0005770175707825714 0.05375511404328468 0.0 0.0 0.023131049245601686 0.004291261896999553 0.0 0.0 0.12782806570583335 2.17395476430567e-12 0.0 0.0 0.1280866332852961 0.00556938096605484 0.0 0.0 0.09247384395805915 0.1565360152864396 0.0 0.0 0.05585973224194852 0.0 4.2902182996676844e-07 0.0 0.0 0.0 4.208459076355505e-07 0.0 0.0 0.0 1.0453358749291263e-11 0.0 0.0 0.0 4.725649462913097e-07 0.0 0.0 0.0 0.0 0.02688005458578803 0.0 0.0 0.0 0.039100002240778045 0.0 0.0 0.0 0.07445754068880409 0.0 0.0 0.0 0.07483866494510968 0.0 0.0012742360632397626 0.0 0.0 0.055257429457306245 1.7206209573810746e-08 0.0 0.0 0.009621135718449268 0.0009873077260861363 0.0 0.0 0.06203057741832093 0.008461498240827653 0.0 0.0 0.00338255460985111 0.0033691527830731942 0.0 0.0 0.10673744485210288 4.5282134519000295e-07 0.0 0.0 0.1931764046214855 0.03348868192201928 0.0 0.0 0.5063515059060065 0.16812439152809183 0.0 0.0 0.0838502249470187 0.0 0.016657265709973647 0.0 0.0 0.0 0.034327641331209344 0.0 0.0 0.0 1.6382859674592355e-07 0.0 0.0 0.0 0.00279836703457436 0.0 0.0 0.0 0.0 1.0966881380798506e-08 0.0 0.0 0.0 1.4814037628845492e-07 0.0 0.0 0.0 2.9474542512578822e-08 0.0 0.0 0.0 8.075131041887586e-09 0.0 0.00028489246654760553 0.0 0.0 0.008391369032453425 4.001648458830552e-08 0.0 0.0 0.03632621406747454 0.004645424709579345 0.0 0.0 0.07132841142206306 2.002669756091077e-09 0.0 0.0 6.482944823973342e-10 0.003336672512689193 0.0 0.0 0.1648485360747948 4.698568706598234e-07 0.0 0.0 0.5099017268776049 0.009092642023107346 0.0 0.0 0.2052114486871211 0.03344348136709486 0.0 0.0 0.012137827563070518 0.0 0.16443413865143477 0.0 0.0 0.0 0.18072153488093456 0.0 0.0 0.0 0.0 0.0 0.0 0.0 0.24520674604068385 0.0 0.0 0.0 0.0 0.063797115097025 0.0 0.0 0.0 0.058784521037603794 0.0 0.0 0.0 0.0 0.0 0.0 0.0 0.13673677020907726 0.0 0.002376225956529127 0.0 0.0 0.07489532684845973 2.810403377094743e-07 0.0 0.0 0.17203350122430605 0.0 0.0 0.0 0.0 0.04408549079589862 0.0 0.0 0.022642533269612453 0.00046840860201056886 0.0 0.0 0.03268659168038597 1.2375026314577123e-07 0.0 0.0 0.07225690497490504 0.0 0.0 0.0 0.0 0.10401268112500701 0.0 0.0 0.02787201884974117
0.0 0.013416805446771101 0.0 0.0 0.0 0.0 0.0 0.0 0.0 2.40308015718033e-07 0.0 0.0 0.0 0.004843732807069382 0.0 0.0 0.0 0.0 0.09825453028714731 0.0 0.0 0.0 0.0 0.0 0.0 0.0 0.2091307076825733 0.0 0.0 0.0 0.20387905554365204 0.0 3.2741182219513325e-09 0.0 0.0 0.012275547618192478 0.0 0.0 0.0 0.0 0.001896400853188753 0.0 0.0 0.18903061482597927 0.004540547456964766 0.0 0.0 0.0015338939094376133 0.004590313707612841 0.0 0.0 0.27960123736153447 0.0 0.0 0.0 0.0 0.029286457998636373 0.0 0.0 0.6930362819938913 0.23770937876955478 0.0 0.0 0.057666438632541867 0.0 5.507199701085045e-07 0.0 0.0 0.0 1.510491837070725e-07 0.0 0.0 0.0 5.976398506213303e-12 0.0 0.0 0.0 2.2577148110671722e-08 0.0 0.0 0.0 0.0 0.08392414160546416 0.0 0.0 0.0 0.0013421636834986181 0.0 0.0 0.0 0.2004319228990994 0.0 0.0 0.0 0.08674847942199772 0.0 8.058449503519547e-09 0.0 0.0 0.0213614277555298 9.940927453895356e-20 0.0 0.0 7.668948380762165e-09 0.0012654683136309472 0.0 0.0 0.013926830481348733 0.0014727220462309443 0.0 0.0 0.0011823166759059383 0.0008689749608928942 0.0 0.0 0.1999487251712258 1.1641817787186967e-12 0.0 0.0 0.1006922870210492 0.018349234519321477 0.0 0.0 0.27619959089984353 0.006647662504708369 0.0 0.0 0.005983406197853015 0.0 0.051861840594821115 0.0 0.0 0.0 0.01196771595303266 0.0 0.0 0.0 7.299633084888198e-07 0.0 0.0 0.0 0.08669681025251695 0.0 0.0 0.0 0.0 1.750215727646436e-06 0.0 0.0 0.0 2.7291333798682145e-07 0.0 0.0 0.0 6.037764004279659e-07 0.0 0.0 0.0 1.048106638994434e-05 0.0 0.0006816467270706157 0.0 0.0 0.11036200963321889 1.267498825242468e-07 0.0 0.0 0.08314845026523464 0.006737401983310878 0.0 0.0 0.1578664208086273 0.15677398642623472 0.0 0.0 0.1957437127246706 0.010697582896377662 0.0 0.0 0.5406374358996927 2.851164544569458e-07 0.0 0.0 0.21098697727359003 0.056584143604511736 0.0 0.0 0.7991567941022821 0.7393541649169486 0.0 0.0 0.3519399859709003 0.0 0.44598509675181036 0.0 0.0 0.0 0.36047884060784346 0.0 0.0 0.0 1.5360387624844446e-05 0.0 0.0 0.0 0.6239670962656865 0.0 0.0 0.0 0.0 0.027096585829541987 0.0 0.0 0.0 0.03786634440320764 0.0 0.0 0.0 0.28573359292443734 0.0 0.0 0.0 0.36481113874523396 0.0 5.1652403366976776e-05 0.0 0.0 0.07229857146364607 2.052412258056395e-07 0.0 0.0 0.0841875985542074 0.011038769241248508 0.0 0.0 0.24387005572096876 0.16472467563637483 0.0 0.0 0.07927762651623539 0.0013705965339674837 0.0 0.0 0.06540515356073162 1.0724355135604476e-07 0.0 0.0 0.1296745604930288 0.0246130060636692 0.0 0.0 0.3530407004766481 0.11922325625594811 0.0 0.0 0.0764807385143382
0.0 0.00528407648162676 0.0 0.0 0.0 0.003232921507202997 0.0 0.0 0.0 8.182187610510743e-08 0.0 0.0 0.0 0.0009953762851209337 0.0 0.0 0.0 0.0 0.0018702230003721466 0.0 0.0 0.0 0.026292490991876444 0.0 0.0 0.0 0.08614119165897988 0.0 0.0 0.0 0.11593456755648558 0.0 0.0002215099510012161 0.0 0.0 0.002517053062103483 5.479240304677924e-08 0.0 0.0 0.021837156685036052 0.0022294854844015412 0.0 0.0 0.04838189425814207 0.04249815786623583 0.0 0.0 0.008990055405165039 0.004001325400174137 0.0 0.0 0.08304846170290739 1.2220843696965542e-07 0.0 0.0 0.09405122821232222 0.00478310472975971 0.0 0.0 0.19776351564048902 0.019751370930268634 0.0 0.0 0.005715771153094368 0.0 1.961127350954227e-07 0.0 0.0 0.0 1.9171357544362854e-07 0.0 0.0 0.0 2.3026737152423695e-12 0.0 0.0 0.0 3.2745956539504574e-07 0.0 0.0 0.0 0.0 0.004900630088625998 0.0 0.0 0.0 0.03239215496303302 0.0 0.0 0.0 0.09820723387606217 0.0 0.0 0.0 0.11211490619995015 0.0 0.0004045435592740103 0.0 0.0 0.018278969535701513 6.260741958225435e-11 0.0 0.0 0.00013547654593960086 0.0007647290107483807 0.0 0.0 0.04709349256027501 0.044588047301505854 0.0 0.0 0.010673668038326473 0.0014656027597288617 0.0 0.0 0.07189270754211975 1.389626923703344e-07 0.0 0.0 0.11288601214943007 0.002923716200828301 0.0 0.0 0.1418387771443391 0.1695490415429377 0.0 0.0 0.05084460785045531 0.0 0.004891567179463126 0.0 0.0 0.0 0.01205571214230943 0.0 0.0 0.0 3.6726962292857833e-07 0.0 0.0 0.0 0.026504711261217957 0.0 0.0 0.0 0.0 2.3782353357602826e-09 0.0 0.0 0.0 1.0999482310176895e-07 0.0 0.0 0.0 5.227078844255001e-08 0.0 0.0 0.0 4.4200566327297134e-06 0.0 0.0013873649722685915 0.0 0.0 0.05074730395040479 2.5704714528730037e-14 0.0 0.0 2.6888261124460652e-08 0.00468090124500432 0.0 0.0 0.06801738147414625 0.0586992709045456 0.0 0.0 0.022237196804142097 0.0006123416864992583 0.0 0.0 0.0393040694313141 1.7802366872308515e-07 0.0 0.0 0.18182927214728245 0.020406753299792104 0.0 0.0 0.29466514283338685 0.23065251593896272 0.0 0.0 0.14661513302542492 0.0 0.22006263343388902 0.0 0.0 0.0 0.2323261792112131 0.0 0.0 0.0 4.135606677902392e-06 0.0 0.0 0.0 0.3512126246335859 0.0 0.0 0.0 0.0 0.11990451203725482 0.0 0.0 0.0 0.06667726570918829 0.0 0.0 0.0 0.021420968432967993 0.0 0.0 0.0 0.17703597801719037 0.0 0.0004259469624819124 0.0 0.0 0.10258015071893027 2.0437534445141925e-07 0.0 0.0 0.10383638647523062 0.0029268630920709633 0.0 0.0 0.04230776811729598 0.07729645975965842 0.0 0.0 0.0870332797928011 0.000993820804398808 0.0 0.0 0.04074618403397114 7.87605180568884e-08 0.0 0.0 0.08187313345943155 0.004736804790008121 0.0 0.0 0.07401743435825686 0.1379792078707685 0.0 0.0 0.041926296309662436
0.0 0.004817153277712244 0.0 0.0 0.0 0.005136210432536969 0.0 0.0 0.0 9.781179011628678e-08 0.0 0.0 0.0 0.0024769252821018137 0.0 0.0 0.0 0.0 0.007620800299730191 0.0 0.0 0.0 0.051447216783563385 0.0 0.0 0.0 0.13539529892905366 0.0 0.0 0.0 0.09053611109974849 0.0 0.0013319570461219343 0.0 0.0 0.042482062085655636 1.1993513463402523e-13 0.0 0.0 0.0032631361403202214 8.166270770744002e-05 0.0 0.0 0.02684354504642338 0.03138064530396171 0.0 0.0 0.011832014422234383 0.0019105579897566688 0.0 0.0 0.08906963983760634 1.201821775734835e-07 0.0 0.0 0.08738548699786496 0.007261369821487614 0.0 0.0 0.17395975693556484 0.0834832650121132 0.0 0.0 0.025677989774145468 0.0 1.5387452918259109e-07 0.0 0.0 0.0 1.2245971378158884e-07 0.0 0.0 0.0 6.025781627995647e-12 0.0 0.0 0.0 1.296217645031328e-07 0.0 0.0 0.0 0.0 0.02748394971280961 0.0 0.0 0.0 0.005305965804286919 0.0 0.0 0.0 0.11647231714727628 0.0 0.0 0.0 0.11119995100228325 0.0 0.0007122563534839378 0.0 0.0 0.010799990144158542 1.6830899061957298e-08 0.0 0.0 0.005771198112623668 0.007468374940090494 0.0 0.0 0.09650511835704587 0.09300697550975703 0.0 0.0 0.0226963448741908 0.0013275110990821288 0.0 0.0 0.05783091917365861 1.0843879201354831e-07 0.0 0.0 0.08707736871140657 0.013606985392893456 0.0 0.0 0.20764371576641724 0.08244459057940015 0.0 0.0 0.034193739664631344 0.0 0.01986376450918102 0.0 0.0 0.0 0.009164231480463636 0.0 0.0 0.0 1.731531354485644e-07 0.0 0.0 0.0 0.026501410589153708 0.0 0.0 0.0 0.0 1.27794905827799e-07 0.0 0.0 0.0 4.855792408091968e-08 0.0 0.0 0.0 1.8033753302055375e-08 0.0 0.0 0.0 1.932414410419859e-06 0.0 0.0001903865073393187 0.0 0.0 0.009537376007851796 2.0838279405469086e-10 0.0 0.0 0.0019962448421460446 0.005782607329741416 0.0 0.0 0.14952407302701942 0.0528987805794606 0.0 0.0 0.03569228840445381 0.004811981667167898 0.0 0.0 0.1619059242289982 8.25394767200508e-08 0.0 0.0 0.1851489530870508 0.01212372289008831 0.0 0.0 0.17611113681828916 0.23434273393945573 0.0 0.0 0.1413367558616758 0.0 0.26908476366710216 0.0 0.0 0.0 0.24616161929394165 0.0 0.0 0.0 1.8558300422841537e-06 0.0 0.0 0.0 0.32227428272452713 0.0 0.0 0.0 0.0 0.08773016364846513 0.0 0.0 0.0 0.18020704397647505 0.0 0.0 0.0 0.0037541227963119785 0.0 0.0 0.0 0.08082647479903858 0.0 0.002593529594806309 0.0 0.0 0.08696162696514581 7.990804783679254e-09 0.0 0.0 0.031088556354370644 0.004315461285549212 0.0 0.0 0.040388544916135014 0.093198763642397 0.0 0.0 0.0275475592809711 0.000516437869426519 0.0 0.0 0.04388738004366426 6.977138036703223e-08 0.0 0.0 0.0823939945804986 0.004889395364375866 0.0 0.0 0.04480540016530767 0.12504409039116665 0.0 0.0 0.03819229166595377
0.0 0.007749007045381632 0.0 0.0 0.0 0.003929079491222375 0.0 0.0 0.0 2.2074546781982162e-08 0.0 0.0 0.0 0.0030873871491971226 0.0 0.0 0.0 0.0 0.08185810569600811 0.0 0.0 0.0 0.07280173102538838 0.0 0.0 0.0 0.038212915988221116 0.0 0.0 0.0 0.021431163024591707 0.0 0.0015575513376402564 0.0 0.0 0.04750003839127225 4.2472712161597945e-08 0.0 0.0 0.040194134576199046 0.0005526022108566284 0.0 0.0 0.006357693163679402 0.05345524214377888 0.0 0.0 0.018291710592337005 0.0035564765981377765 0.0 0.0 0.13731339474759877 2.2309431202714306e-07 0.0 0.0 0.1004905689748629 0.004723485962255666 0.0 0.0 0.07439086896312437 0.08926439799024703 0.0 0.0 0.031885878734545105 0.0 1.1901276990522479e-07 0.0 0.0 0.0 1.3393757956667073e-07 0.0 0.0 0.0 4.321270935736216e-12 0.0 0.0 0.0 3.215539278127763e-07 0.0 0.0 0.0 0.0 0.034012131993014616 0.0 0.0 0.0 0.047519997686593485 0.0 0.0 0.0 0.05009430479583536 0.0 0.0 0.0 0.030310030661603326 0.0 0.00023938304739224133 0.0 0.0 0.005826428156602515 7.371902768484823e-08 0.0 0.0 0.06284960934451839 0.0046711016580907585 0.0 0.0 0.04712872754636692 0.04268432187156106 0.0 0.0 0.010671799518518148 0.0008141634253047771 0.0 0.0 0.02122656854625787 4.442060386960842e-08 0.0 0.0 0.0759865234357028 0.007951926135650234 0.0 0.0 0.16968851367577423 0.09656851509177285 0.0 0.0 0.037180790937313614 0.0 0.010919106817945888 0.0 0.0 0.0 0.0023601865518615406 0.0 0.0 0.0 8.387378714998452e-08 0.0 0.0 0.0 0.007260723167591463 0.0 0.0 0.0 0.0 1.2424647839919004e-08 0.0 0.0 0.0 3.8371806155846535e-13 0.0 0.0 0.0 2.5644521605946547e-08 0.0 0.0 0.0 4.72311783490921e-08 0.0 0.0009109837900489179 0.0 0.0 0.015960877751544 1.2252996850357466e-12 0.0 0.0 0.02149594560678511 8.669845557879388e-05 0.0 0.0 0.0019421880451290158 0.03847279040098943 0.0 0.0 0.009437754502544088 0.004292147823931628 0.0 0.0 0.0921544597545657 3.738733188142604e-08 0.0 0.0 0.038262624633754384 0.004012217907602334 0.0 0.0 0.11819637443606501 0.09101203195251939 0.0 0.0 0.040173035289203164 0.0 0.19563568285811186 0.0 0.0 0.0 0.15564706515638332 0.0 0.0 0.0 0.0 0.0 0.0 0.0 0.168996519295423 0.0 0.0 0.0 0.0 0.05203876477480505 0.0 0.0 0.0 0.053749716149712155 0.0 0.0 0.0 0.0 0.0 0.0 0.0 0.07768674169569695 0.0 0.0019710228256734183 0.0 0.0 0.0851587182260195 6.52899036290265e-08 0.0 0.0 0.011879039288472192 0.0 0.0 0.0 0.0 0.030258469010325983 0.0 0.0 0.007571604521964125 0.001423766912218895 0.0 0.0 0.03648480949122302 8.81234820022723e-08 0.0 0.0 0.05825859980808543 0.0 0.0 0.0 0.0 0.0644391831003568 0.0 0.0 0.023760247464284952
0.0 0.006026735312484628 0.0 0.0 0.0 0.002098301718442614 0.0 0.0 0.0 1.0857672320481275e-07 0.0 0.0 0.0 0.004416713933330364 0.0 0.0 0.0 0.0 0.042466922928264046 0.0 0.0 0.0 0.06941697805711165 0.0 0.0 0.0 0.06354369483685665 0.0 0.0 0.0 0.3370262921742868 0.0 8.521159525623999e-05 0.0 0.0 0.005685809130895851 2.4847550251591995e-10 0.0 0.0 0.021339082828513753 0.00013056458008744504 0.0 0.0 0.03890605247872375 0.05808720940427951 0.0 0.0 0.021236257811157164 0.004714889849940263 0.0 0.0 0.08829347435119145 6.280179584316821e-08 0.0 0.0 0.05441861751369311 0.012807238457573708 0.0 0.0 0.22824944179544437 0.16891859184997593 0.0 0.0 0.04849812188844432 0.0 0.0 0.0 0.0 0.0 6.96115767942886e-08 0.0 0.0 0.0 6.457281714663375e-12 0.0 0.0 0.0 1.238654527738922e-07 0.0 0.0 0.0 0.0 0.0 0.0 0.0 0.0 0.01532524426735065 0.0 0.0 0.0 0.06674730427323476 0.0 0.0 0.0 0.028576379067942432 0.0 0.0 0.0 0.0 0.0 1.8144580755191577e-08 0.0 0.0 0.042196632941435025 0.004466765613017874 0.0 0.0 0.12101911440363475 0.05495061674049444 0.0 0.0 0.012728046864224803 0.0 0.0 0.0 0.0 4.910163402316822e-08 0.0 0.0 0.04066001471211107 0.012909943959428391 0.0 0.0 0.2366760012483245 0.0649699570166777 0.0 0.0 0.03513893400258457 0.0 0.018480895468397054 0.0 0.0 0.0 0.01363914957555203 0.0 0.0 0.0 1.990637709048582e-07 0.0 0.0 0.0 0.013622560307426734 0.0 0.0 0.0 0.0 5.258959314948378e-08 0.0 0.0 0.0 6.523291423227385e-07 0.0 0.0 0.0 3.364342200382502e-09 0.0 0.0 0.0 2.3050494073811743e-07 0.0 0.0006162681380720103 0.0 0.0 0.07779227685035464 1.4926187568101306e-08 0.0 0.0 0.011157028498695093 5.1584711459939234e-05 0.0 0.0 0.0008621016303930324 0.03909890234933868 0.0 0.0 0.009431461050735931 0.0032561373511690605 0.0 0.0 0.19440045593847904 9.723075454565954e-08 0.0 0.0 0.17156711499704513 0.006756149833687197 0.0 0.0 0.13960300456437924 0.20464344933329137 0.0 0.0 0.12593151156901988 0.0 0.48794625721563745 0.0 0.0 0.0 0.09491146975253902 0.0 0.0 0.0 5.174197386976036e-07 0.0 0.0 0.0 0.2757666708989265 0.0 0.0 0.0 0.0 0.10300321255953199 0.0 0.0 0.0 0.15219606825182885 0.0 0.0 0.0 0.00019136007629057654 0.0 0.0 0.0 0.03841542811748498 0.0 0.0022383464033499385 0.0 0.0 0.159296296972852 6.269161443363971e-09 0.0 0.0 0.061155347272749114 0.0019784704908129224 0.0 0.0 0.03482324710174433 0.1190655102454965 0.0 0.0 0.02546110510848874 0.001631006203193299 0.0 0.0 0.08043212526428595 1.2006155605292128e-08 0.0 0.0 0.03537419717297524 0.0005834694845868122 0.0 0.0 0.011513949816170843 0.14889067834728767 0.0 0.0 0.030583794343789866
0.0 0.012855901913712255 0.0 0.0 0.0 0.002646016775867217 0.0 0.0 0.0 9.538488338238486e-09 0.0 0.0 0.0 0.0034042464936930006 0.0 0.0 0.0 0.0 0.08201713342215422 0.0 0.0 0.0 0.042052543741620096 0.0 0.0 0.0 0.03129091724527059 0.0 0.0 0.0 0.1239210384813778 0.0 0.0012974322964449136 0.0 0.0 0.04481412419146567 4.8499391588515e-10 0.0 0.0 0.00026656741176632557 0.00015732744848544468 0.0 0.0 0.001883106341948024 0.06094064518808111 0.0 0.0 0.025191839223069116 0.010704096319043642 0.0 0.0 0.10932371326457196 1.0180271122696167e-07 0.0 0.0 0.05943973034599828 0.0013087207678393708 0.0 0.0 0.017562398939446788 0.08861578668001868 0.0 0.0 0.06334380590411004 0.0 0.0 0.0 0.0 0.0 4.679927412278915e-07 0.0 0.0 0.0 4.190257958430076e-12 0.0 0.0 0.0 5.229024800028289e-07 0.0 0.0 0.0 0.0 0.0 0.0 0.0 0.0 0.04784863953547755 0.0 0.0 0.0 0.20162205506626654 0.0 0.0 0.0 0.07022857688466418 0.0 0.0 0.0 0.0 0.0 4.084430369003421e-08 0.0 0.0 0.01167815035364924 0.0038263316411116894 0.0 0.0 0.04542485742474896 0.125815625136817 0.0 0.0 0.03782270901747407 0.0 0.0 0.0 0.0 2.3826502586022163e-07 0.0 0.0 0.09707990385323807 0.010361162598508564 0.0 0.0 0.20858791579848074 0.1338823597992715 0.0 0.0 0.10207252879260015 0.0 0.009718638669150818 0.0 0.0 0.0 0.01161726708997125 0.0 0.0 0.0 1.3733755924483289e-07 0.0 0.0 0.0 0.01380566993624862 0.0 0.0 0.0 0.0 1.255520446504431e-06 0.0 0.0 0.0 6.550673502383383e-07 0.0 0.0 0.0 5.8363275360292223e-08 0.0 0.0 0.0 8.851566132583299e-08 0.0 0.0021939210792971957 0.0 0.0 0.056432143448613775 3.649999291659879e-08 0.0 0.0 0.04115236957978663 0.004370031052749308 0.0 0.0 0.1027115995966896 0.024031999336755774 0.0 0.0 0.00849262076079829 0.0030111532167447813 0.0 0.0 0.08525032891018255 1.7964911289379478e-07 0.0 0.0 0.1560394132397002 0.004995865777613648 0.0 0.0 0.20113718956098395 0.20125268636145732 0.0 0.0 0.06563181677794988 0.0 0.25736994656918627 0.0 0.0 0.0 0.3054355196278286 0.0 0.0 0.0 1.9105864955878644e-06 0.0 0.0 0.0 0.4451266791578027 0.0 0.0 0.0 0.0 0.05296929742631328 0.0 0.0 0.0 0.1346658760736568 0.0 0.0 0.0 0.00647169067987098 0.0 0.0 0.0 0.26958655949542815 0.0 0.0016163940775200613 0.0 0.0 0.06580479981159451 3.2380970953249244e-07 0.0 0.0 0.07144163007167598 0.005910566586798385 0.0 0.0 0.0768351193623087 0.1825225429911054 0.0 0.0 0.06342569970654285 0.0014780800347486732 0.0 0.0 0.03838132433246555 6.954356145269002e-08 0.0 0.0 0.11488634425131014 0.00421170715982352 0.0 0.0 0.06317644646913843 0.14661543967784715 0.0 0.0 0.041177645163801714
0.0 0.0002939575070288117 0.0 0.0 0.0 0.004450958841164323 0.0 0.0 0.0 5.5229155630581444e-08 0.0 0.0 0.0 0.003103987639751282 0.0 0.0 0.0 0.0 0.029271233365182493 0.0 0.0 0.0 0.11868751958045991 0.0 0.0 0.0 0.04005352389597827 0.0 0.0 0.0 0.30663184099679397 0.0 3.92414581242363e-10 0.0 0.0 0.0008031778525837512 3.7677112963142285e-14 0.0 0.0 0.001288486346450833 0.005174223601134619 0.0 0.0 0.047669992815429364 0.0071399686625699624 0.0 0.0 0.0013958093792443668 2.935338698996862e-09 0.0 0.0 0.00673583291272374 3.8123980330883585e-08 0.0 0.0 0.13530243186481156 0.006150528710419356 0.0 0.0 0.12357690553951546 0.1638123548044923 0.0 0.0 0.03737490803095736 0.0 2.216926026969356e-08 0.0 0.0 0.0 1.2809645350120481e-07 0.0 0.0 0.0 2.444205642611562e-12 0.0 0.0 0.0 2.9096780997876077e-07 0.0 0.0 0.0 0.0 0.02348997174944602 0.0 0.0 0.0 0.014018579360792318 0.0 0.0 0.0 0.01072818435343861 0.0 0.0 0.0 0.08206893910813814 0.0 1.2169359154068755e-09 0.0 0.0 0.00420029798633936 6.566665154089677e-08 0.0 0.0 0.029062937050563155 0.0048084057944925915 0.0 0.0 0.12875017840943406 0.016843985479043935 0.0 0.0 0.00654368494739968 2.432714389198354e-09 0.0 0.0 0.009413909410576161 5.049817406885415e-08 0.0 0.0 0.06823085422318183 0.006066681155514936 0.0 0.0 0.14648019000685242 0.14010559352688598 0.0 0.0 0.05127114569289915 0.0 0.006316689821347889 0.0 0.0 0.0 0.006245038443646227 0.0 0.0 0.0 1.6225842894270216e-08 0.0 0.0 0.0 0.011843232481157213 0.0 0.0 0.0 0.0 3.6501792301197828e-09 0.0 0.0 0.0 1.855846233198824e-08 0.0 0.0 0.0 1.4304252397733677e-08 0.0 0.0 0.0 9.991918069333219e-08 0.0 3.421232809938417e-14 0.0 0.0 6.303855468824138e-08 5.577164858297054e-09 0.0 0.0 0.0031900194248605383 0.0006873196643213304 0.0 0.0 0.032755534734019966 0.017805165844494795 0.0 0.0 0.004087298508524566 3.3947465435675214e-08 0.0 0.0 0.06789161947296281 1.2452183058356748e-07 0.0 0.0 0.06477320340457968 0.0007146398011130567 0.0 0.0 0.04005088520099458 0.3012558189940833 0.0 0.0 0.07315463887055244 0.0 0.4880334483407777 0.0 0.0 0.0 0.11960954919055106 0.0 0.0 0.0 0.0 0.0 0.0 0.0 0.05507086010316969 0.0 0.0 0.0 0.0 0.010710450285057403 0.0 0.0 0.0 0.05750343905114564 0.0 0.0 0.0 0.0 0.0 0.0 0.0 0.001804430332677346 0.0 0.006005698724759905 0.0 0.0 0.28145835760002824 1.0420936220310587e-07 0.0 0.0 0.06791647811827654 0.0 0.0 0.0 0.0 0.023350642764140655 0.0 0.0 0.009136081883117887 0.0018432195674369112 0.0 0.0 0.10244974464847013 5.263876669258396e-08 0.0 0.0 0.05180401651407478 0.0 0.0 0.0 0.0 0.016578706580478962 0.0 0.0 0.005371893232231828
0.0 0.0022216292255523946 0.0 0.0 0.0 0.0 0.0 0.0 0.0 8.324515730228221e-08 0.0 0.0 0.0 0.0018075103266287458 0.0 0.0 0.0 0.0 0.002735583035927111 0.0 0.0 0.0 0.0 0.0 0.0 0.0 0.04358066961484046 0.0 0.0 0.0 0.0921465247632586 0.0 4.3355951247118123e-10 0.0 0.0 1.3742335916266266e-08 0.0 0.0 0.0 0.0 6.543441572537796e-06 0.0 0.0 0.0001070173865210994 0.005277095640969696 0.0 0.0 0.0015222649067453508 0.0007941396333778182 0.0 0.0 0.028221182635138238 0.0 0.0 0.0 0.0 0.006848100812638226 0.0 0.0 0.1193203290287255 0.08067121246903879 0.0 0.0 0.02241068412870497 0.0 7.428077932009916e-08 0.0 0.0 0.0 1.6513416248816156e-07 0.0 0.0 0.0 3.9661948403471884e-12 0.0 0.0 0.0 7.845168421148724e-08 0.0 0.0 0.0 0.0 0.00299419372049191 0.0 0.0 0.0 0.03251778712190162 0.0 0.0 0.0 0.06978171237116344 0.0 0.0 0.0 0.014554211775708092 0.0 6.378497794420161e-05 0.0 0.0 0.006308019519927243 1.995832906394486e-08 0.0 0.0 0.023793410936592544 0.0018249331707447041 0.0 0.0 0.024015121268543004 0.04340111718051193 0.0 0.0 0.012520539269966062 0.00021994240002012978 0.0 0.0 0.024386533806728217 1.1814631339005989e-07 0.0 0.0 0.07957869352626505 0.005038230051338308 0.0 0.0 0.13714784407548153 0.050299708821257255 0.0 0.0 0.015114539324436588 0.0 0.014369134832715043 0.0 0.0 0.0 0.00479195247643297 0.0 0.0 0.0 4.3215628795084594e-07 0.0 0.0 0.0 0.0332501508443038 0.0 0.0 0.0 0.0 4.919606243011972e-08 0.0 0.0 0.0 1.3081070597372646e-06 0.0 0.0 0.0 2.7777331704923577e-06 0.0 0.0 0.0 1.1014446529833673e-06 0.0 3.3271046304550764e-08 0.0 0.0 1.164853996604092e-06 1.602096072887723e-08 0.0 0.0 0.01685532630202925 0.007944909846235155 0.0 0.0 0.11266401164789619 0.007642375252641733 0.0 0.0 0.005494861577931095 0.00262656678509462 0.0 0.0 0.15286579459054006 5.782320923304699e-08 0.0 0.0 0.0802689853879812 0.02227195247669882 0.0 0.0 0.40067669543396767 0.18090840511475775 0.0 0.0 0.21434623894229596 0.0 0.12187193907497938 0.0 0.0 0.0 0.11505578737866962 0.0 0.0 0.0 4.641602741616524e-06 0.0 0.0 0.0 0.19820701050182926 0.0 0.0 0.0 0.0 0.001183109599222663 0.0 0.0 0.0 0.07940785105359738 0.0 0.0 0.0 0.030928818568823204 0.0 0.0 0.0 0.1193889201003849 0.0 4.179302433766297e-05 0.0 0.0 0.028100624587314972 8.623525366582507e-08 0.0 0.0 0.0706233648621307 0.004406441283167325 0.0 0.0 0.07008988320773794 0.022565843173491786 0.0 0.0 0.022202121135111934 0.0002829622719581931 0.0 0.0 0.018382314971642246 1.9686526132834255e-08 0.0 0.0 0.04066582913684174 0.0019345922625555443 0.0 0.0 0.16441601272210252 0.0614279227580238 0.0 0.0 0.017851315507741564
0.0 0.0015551280106101337 0.0 0.0 0.0 0.002700775734363266 0.0 0.0 0.0 2.7028203467850768e-08 0.0 0.0 0.0 0.0022252942286722895 0.0 0.0 0.0 0.0 0.0028476087246893126 0.0 0.0 0.0 0.06651741229938972 0.0 0.0 0.0 0.06057295189568983 0.0 0.0 0.0 0.10006322209446833 0.0 5.928928331342842e-15 0.0 0.0 1.656152604270716e-08 2.6623192115277887e-08 0.0 0.0 0.021049261308133928 0.0003372717007026093 0.0 0.0 0.009491963005868029 0.0014319132067441346 0.0 0.0 0.0003274279327884495 1.0328872190174057e-08 0.0 0.0 0.0323477108258593 2.617687888387684e-08 0.0 0.0 0.09348487011585663 0.0015530624963112135 0.0 0.0 0.0750466216794765 0.060200651123298955 0.0 0.0 0.01950386367184241 0.0 8.348298788250149e-08 0.0 0.0 0.0 2.2215496620919816e-07 0.0 0.0 0.0 7.924613164692914e-12 0.0 0.0 0.0 3.282644162457642e-07 0.0 0.0 0.0 0.0 0.006083427966072039 0.0 0.0 0.0 0.010557136814740154 0.0 0.0 0.0 0.08212778560153718 0.0 0.0 0.0 0.07967214404975449 0.0 5.938441031664729e-15 0.0 0.0 1.250275379384594e-08 7.282806822222075e-14 0.0 0.0 1.677576812485349e-08 0.0022365563857460486 0.0 0.0 0.07561195310736203 0.020534351302140433 0.0 0.0 0.017122773132376843 1.299184049890931e-08 0.0 0.0 0.030666937507902756 1.0142267860907902e-07 0.0 0.0 0.026192997283337 0.011042316890410681 0.0 0.0 0.3434880303289002 0.119005242413864 0.0 0.0 0.05766895644995127 0.0 0.013930654064224127 0.0 0.0 0.0 0.011865507237720651 0.0 0.0 0.0 1.87410498183881e-07 0.0 0.0 0.0 0.011895027526031852 0.0 0.0 0.0 0.0 1.1487920920431891e-07 0.0 0.0 0.0 4.718997523044378e-07 0.0 0.0 0.0 1.0845076704033042e-06 0.0 0.0 0.0 4.970321175661941e-08 0.0 0.0006436308008839329 0.0 0.0 0.0216704482030094 1.6240757424430524e-09 0.0 0.0 0.08282391371332624 0.004605028908829393 0.0 0.0 0.06201480093186607 0.036455991890570215 0.0 0.0 0.0140542816404804 0.003666241760483786 0.0 0.0 0.1070908080984412 1.3798784703948577e-07 0.0 0.0 0.23606423760134415 0.015288368227509827 0.0 0.0 0.28559527452925537 0.2038780169810093 0.0 0.0 0.06447090232276272 0.0 0.20399046066127624 0.0 0.0 0.0 0.16387398930505373 0.0 0.0 0.0 1.506543217403784e-06 0.0 0.0 0.0 0.1430992730276318 0.0 0.0 0.0 0.0 0.018825395024977962 0.0 0.0 0.0 0.03843064219234387 0.0 0.0 0.0 0.07956627570814395 0.0 0.0 0.0 0.020397578597057583 0.0 0.0009830554496638954 0.0 0.0 0.02898470332583547 2.830365164687585e-07 0.0 0.0 0.06730874195345055 0.0017696570477971285 0.0 0.0 0.01550531824730761 0.06847053952641673 0.0 0.0 0.01696112965039093 0.0005458466585062297 0.0 0.0 0.040674334492243495 5.703903326363923e-08 0.0 0.0 0.061140556537668395 0.0008591145811679125 0.0 0.0 0.0493000256786176 0.02706755722957674 0.0 0.0 0.01800771758142945
0.0 0.0002468245494963944 0.0 0.0 0.0 0.001480741727693166 0.0 0.0 0.0 9.00682912884524e-08 0.0 0.0 0.0 0.0008332534226262224 0.0 0.0 0.0 0.0 0.024762648449320815 0.0 0.0 0.0 0.036772474425766616 0.0 0.0 0.0 0.047785936502242395 0.0 0.0 0.0 0.05709169596137627 0.0 2.474766686695475e-15 0.0 0.0 5.148200702058858e-09 1.5699937328181564e-08 0.0 0.0 0.007156118765972905 0.00339400271157589 0.0 0.0 0.04611537827608757 0.0033515687716262734 0.0 0.0 0.007032231082187704 2.3072136485148103e-09 0.0 0.0 0.005381155198108541 8.95389913180714e-08 0.0 0.0 0.045762466798666336 0.005866335610293442 0.0 0.0 0.17035397770259258 0.01577069657172797 0.0 0.0 0.00709246114748329 0.0 1.5920982983142551e-07 0.0 0.0 0.0 2.2252355363477507e-07 0.0 0.0 0.0 4.721887443528793e-12 0.0 0.0 0.0 2.382794827390633e-07 0.0 0.0 0.0 0.0 8.129258114135392e-08 0.0 0.0 0.0 0.051382863465866076 0.0 0.0 0.0 0.06411884414600524 0.0 0.0 0.0 0.05542162861298333 0.0 2.983528947600856e-14 0.0 0.0 7.577804042607223e-08 4.331125849112328e-08 0.0 0.0 0.02735720642757758 0.0003485729146836041 0.0 0.0 0.006071447163250916 0.05563044251495049 0.0 0.0 0.012204020839057068 2.0672146905205696e-08 0.0 0.0 0.06078093435205702 2.1873234848575732e-07 0.0 0.0 0.1339938951057937 0.010424385609026294 0.0 0.0 0.1925524710333953 0.09271714999384219 0.0 0.0 0.02715160497842476 0.0 0.0035651126635238522 0.0 0.0 0.0 0.007606818100477716 0.0 0.0 0.0 1.085917757958844e-07 0.0 0.0 0.0 0.016242525793687755 0.0 0.0 0.0 0.0 1.299185051696664e-08 0.0 0.0 0.0 3.48206806978e-07 0.0 0.0 0.0 3.899196942651088e-08 0.0 0.0 0.0 1.095312984363315e-07 0.0 6.46497869729699e-09 0.0 0.0 0.019469685312647596 3.3634198457009388e-09 0.0 0.0 0.006732313821638945 0.0004992443254659206 0.0 0.0 0.02719531700448251 0.04371642042771493 0.0 0.0 0.014405041164373624 1.6497282215775167e-08 0.0 0.0 0.03774643737440229 5.602501832148331e-08 0.0 0.0 0.1376136387443511 0.006760468769703429 0.0 0.0 0.14788863623065845 0.17525196752954983 0.0 0.0 0.08468092772914376 0.0 0.15407597099885859 0.0 0.0 0.0 0.16183563516571126 0.0 0.0 0.0 3.2198583736918103e-07 0.0 0.0 0.0 0.1476086357275338 0.0 0.0 0.0 0.0 0.03794657128424257 0.0 0.0 0.0 0.013456122850408718 0.0 0.0 0.0 0.00011328923799167767 0.0 0.0 0.0 0.11316866985068756 0.0 0.0013981056516947238 0.0 0.0 0.08518951030255353 1.4405316097397364e-07 0.0 0.0 0.10522388737886601 0.0011896571826896752 0.0 0.0 0.021585361523235612 0.008073442930355952 0.0 0.0 0.003021994933789138 0.0005472346862080839 0.0 0.0 0.02474896359986816 4.929345332841594e-08 0.0 0.0 0.05378115343416811 0.00035150573647112655 0.0 0.0 0.007150499986117107 0.06900887513817343 0.0 0.0 0.02380600924757094
0.0 0.0009691638086030065 0.0 0.0 0.0 0.000691834671977409 0.0 0.0 0.0 4.191302887853961e-09 0.0 0.0 0.0 0.002477869478374021 0.0 0.0 0.0 0.0 0.0023127810975164986 0.0 0.0 0.0 0.0018928666063017267 0.0 0.0 0.0 0.013093448448294997 0.0 0.0 0.0 0.11651087843864415 0.0 6.734043407052188e-15 0.0 0.0 3.6089838855504533e-13 1.1959022238752404e-19 0.0 0.0 4.1913028877343705e-09 4.691042557764764e-06 0.0 0.0 3.08443049259838e-05 0.018284420198520848 0.0 0.0 0.014443920628824556 0.0004199701321685996 0.0 0.0 0.02523445524340647 6.706380452026053e-13 0.0 0.0 0.02635166481180955 0.0018881755637439614 0.0 0.0 0.01391920673123661 0.08278553491544445 0.0 0.0 0.025924708878751916 0.0 0.0 0.0 0.0 0.0 6.491953173984563e-08 0.0 0.0 0.0 4.871987639697318e-12 0.0 0.0 0.0 3.723604065718503e-07 0.0 0.0 0.0 0.0 0.0 0.0 0.0 0.0 0.0363279368733783 0.0 0.0 0.0 0.00592593040738695 0.0 0.0 0.0 0.07709004381518657 0.0 0.0 0.0 0.0 0.0 4.248486527804852e-08 0.0 0.0 0.046026670631821476 7.280679046173819e-05 0.0 0.0 0.008460045899610436 0.01751060169283297 0.0 0.0 0.007362152350542196 0.0 0.0 0.0 0.0 4.085919021169911e-08 0.0 0.0 0.033390725359462 0.010959295853153892 0.0 0.0 0.1482001427368883 0.10104928687057825 0.0 0.0 0.05741487544901351 0.0 0.010528907389896813 0.0 0.0 0.0 0.017241817802853675 0.0 0.0 0.0 2.2066260886810827e-07 0.0 0.0 0.0 0.009574672728934926 0.0 0.0 0.0 0.0 6.828145165300103e-07 0.0 0.0 0.0 1.5509986954661731e-06 0.0 0.0 0.0 1.7819831346643253e-06 0.0 0.0 0.0 1.0274229963930204e-06 0.0 0.00047664911555074296 0.0 0.0 0.015402641461951272 8.325610669235798e-09 0.0 0.0 0.006955701778426896 0.0018493106840349039 0.0 0.0 0.038852682955806475 0.00013090804026091748 0.0 0.0 0.017403757618932945 0.0025239200760051256 0.0 0.0 0.08681268027032837 2.3070409110545352e-07 0.0 0.0 0.20729165264681995 0.012652188433846034 0.0 0.0 0.23600751810119142 0.09053313525651178 0.0 0.0 0.08491109090679862 0.0 0.14475487468704193 0.0 0.0 0.0 0.10141019370158898 0.0 0.0 0.0 4.818360559309927e-06 0.0 0.0 0.0 0.1755893234749835 0.0 0.0 0.0 0.0 0.030731756850770092 0.0 0.0 0.0 0.04120996537175859 0.0 0.0 0.0 0.062050499141758204 0.0 0.0 0.0 0.060566153457410635 0.0 0.000458979998561032 0.0 0.0 0.04097534575844077 2.630985607523976e-08 0.0 0.0 0.006616806607156606 0.0031816590062898327 0.0 0.0 0.1442678367814032 0.011017585051257169 0.0 0.0 0.050988686071005276 0.00042079460476500955 0.0 0.0 0.014149210356918913 8.86005263214942e-08 0.0 0.0 0.024381141101486828 0.0067374912102061545 0.0 0.0 0.13099413888452993 0.08419637120127765 0.0 0.0 0.022751064692936904
0.0 0.0016488481450339066 0.0 0.0 0.0 0.003061514053269584 0.0 0.0 0.0 3.779598494406913e-08 0.0 0.0 0.0 0.0028309991500464734 0.0 0.0 0.0 0.0 3.161346578061067e-08 0.0 0.0 0.0 0.10815443928193023 0.0 0.0 0.0 0.07786838440650555 0.0 0.0 0.0 0.10270258663417303 0.0 0.0007925102364657724 0.0 0.0 0.02126528864786009 3.6141846760162177e-09 0.0 0.0 0.017026029114719784 0.0004282751909362904 0.0 0.0 0.05845631536745666 0.0052033811497345225 0.0 0.0 0.000875267996192601 0.00039305604078623054 0.0 0.0 0.011824624932353684 8.430481184012446e-08 0.0 0.0 0.08730408732687697 0.00773603254394425 0.0 0.0 0.10698147200693058 0.07266099324445804 0.0 0.0 0.03127292952118817 0.0 1.2276030244785343e-07 0.0 0.0 0.0 8.900048369469114e-08 0.0 0.0 0.0 5.468921523531087e-12 0.0 0.0 0.0 1.5972409010824797e-07 0.0 0.0 0.0 0.0 0.02216485283125115 0.0 0.0 0.0 0.007077229412660789 0.0 0.0 0.0 0.05809407897150248 0.0 0.0 0.0 0.04009673378931075 0.0 0.0013988757922074669 0.0 0.0 0.033898968526791445 3.203510748840416e-10 0.0 0.0 0.00012751813206960565 0.0032108286843865047 0.0 0.0 0.04815253922821313 0.031040269834068504 0.0 0.0 0.010636464671967761 0.0018568227969183787 0.0 0.0 0.04845343614042555 6.99731251978227e-08 0.0 0.0 0.06464381239324055 0.00767247198519662 0.0 0.0 0.27803803690085294 0.06858568436634498 0.0 0.0 0.02926248569404544 0.0 0.011825972594713706 0.0 0.0 0.0 0.011101993913887841 0.0 0.0 0.0 2.143711053366215e-07 0.0 0.0 0.0 0.012330122724091796 0.0 0.0 0.0 0.0 2.523736101271087e-08 0.0 0.0 0.0 9.669636085430509e-08 0.0 0.0 0.0 1.3482366738917985e-07 0.0 0.0 0.0 7.524167213824595e-08 0.0 2.127244081725353e-09 0.0 0.0 1.1063605191563404e-07 6.243068734795438e-09 0.0 0.0 0.026746615240189855 0.0019474418039422908 0.0 0.0 0.05930188859302134 0.04173368522029945 0.0 0.0 0.006232858115611245 0.0016383652553119612 0.0 0.0 0.09430860299721378 1.0266369783303754e-07 0.0 0.0 0.17769734293858794 0.01426322104943897 0.0 0.0 0.3196550551344453 0.2299315101765874 0.0 0.0 0.06901534468139295 0.0 0.26757400254981656 0.0 0.0 0.0 0.11326929803708406 0.0 0.0 0.0 7.982650219222752e-08 0.0 0.0 0.0 0.1347153245115337 0.0 0.0 0.0 0.0 0.07649240057397079 0.0 0.0 0.0 0.013233699799103596 0.0 0.0 0.0 9.777753510972075e-09 0.0 0.0 0.0 0.060150488672941524 0.0 0.00046031182082627216 0.0 0.0 0.041025625570294315 6.747078172544303e-08 0.0 0.0 0.08694009236810157 2.98857216297293e-08 0.0 0.0 0.032888764519354206 0.02300900265111396 0.0 0.0 0.01843869830805456 0.001001447409058385 0.0 0.0 0.04453852746761948 3.690032409019263e-08 0.0 0.0 0.038027322736363466 2.460232126824992e-09 0.0 0.0 0.0030354731464018853 0.0691861711348173 0.0 0.0 0.017819551265228196
0.0 0.006102952530741269 0.0 0.0 0.0 0.003390845384603023 0.0 0.0 0.0 1.5018541044773073e-07 0.0 0.0 0.0 0.0041938464712150654 0.0 0.0 0.0 0.0 0.00663821261611267 0.0 0.0 0.0 0.005654490872755894 0.0 0.0 0.0 0.1785979486456053 0.0 0.0 0.0 0.1592102711889945 0.0 1.1911453296232375e-10 0.0 0.0 0.0003904319875072277 9.51201120816343e-14 0.0 0.0 5.221602967351136e-08 0.00775266022696167 0.0 0.0 0.08856252005389537 0.046389947431201166 0.0 0.0 0.013664111598466453 6.99428179083656e-08 0.0 0.0 0.13237500481051706 1.281244569665304e-07 0.0 0.0 0.08795893140659977 0.01616225374773653 0.0 0.0 0.2909511551676333 0.13462204660711743 0.0 0.0 0.029937568721167235 0.0 3.722137892413674e-07 0.0 0.0 0.0 7.291689081766163e-08 0.0 0.0 0.0 1.6013115198456577e-12 0.0 0.0 0.0 3.066538901614138e-07 0.0 0.0 0.0 0.0 0.009616396038484593 0.0 0.0 0.0 0.03509725642697145 0.0 0.0 0.0 0.10335106076754659 0.0 0.0 0.0 0.061502717080734425 0.0 0.000556835518958889 0.0 0.0 0.06978436328673623 2.9000125626843406e-08 0.0 0.0 0.006684628281047989 0.0025299767960711484 0.0 0.0 0.04084694893956585 0.0018967414414824456 0.0 0.0 0.0006600399096922175 0.00391394134542807 0.0 0.0 0.11013698760568383 2.0615701455051743e-07 0.0 0.0 0.05522225522249 0.0068004380539760335 0.0 0.0 0.08898269545259017 0.07241116473673814 0.0 0.0 0.0575379261865435 0.0 0.02124489145872015 0.0 0.0 0.0 0.0035708051863593674 0.0 0.0 0.0 7.256267914070467e-08 0.0 0.0 0.0 0.022998539146070245 0.0 0.0 0.0 0.0 7.394747837035312e-07 0.0 0.0 0.0 2.6407761992944547e-08 0.0 0.0 0.0 1.3007504480765643e-08 0.0 0.0 0.0 3.989336379265449e-06 0.0 0.0008482746760477908 0.0 0.0 0.017736921038772543 1.0852811991292097e-07 0.0 0.0 0.0801838092825193 0.0030389778365812557 0.0 0.0 0.03044412779642872 0.1247603786554474 0.0 0.0 0.05641456289382003 0.005892905016576854 0.0 0.0 0.19678738834645004 8.056606739034052e-08 0.0 0.0 0.061751842035982725 0.004412086312532265 0.0 0.0 0.05910917048881457 0.22440156276938503 0.0 0.0 0.15344765522614084 0.0 0.3227527071202177 0.0 0.0 0.0 0.2053722841167303 0.0 0.0 0.0 4.5454767385427356e-06 0.0 0.0 0.0 0.2865129827966795 0.0 0.0 0.0 0.0 0.14050437550389022 0.0 0.0 0.0 0.08220780821002865 0.0 0.0 0.0 0.031478138287080536 0.0 0.0 0.0 0.06428472613666807 0.0 0.001647137982479336 0.0 0.0 0.08665001281601324 2.047681176057027e-07 0.0 0.0 0.0814969843461627 0.0015079255541832121 0.0 0.0 0.017148484729318052 0.07017302193600174 0.0 0.0 0.04495093978283177 0.0008286299705464247 0.0 0.0 0.07814604863636603 5.7826705913232325e-08 0.0 0.0 0.0674426767526868 0.005609989825786782 0.0 0.0 0.0897575881337036 0.1270679052235767 0.0 0.0 0.03753933615375529
0.0 0.005074307187249013 0.0 0.0 0.0 0.0013156099291851875 0.0 0.0 0.0 1.560051398224832e-08 0.0 0.0 0.0 0.004366711873993665 0.0 0.0 0.0 0.0 0.010794709708453485 0.0 0.0 0.0 0.06620409665852141 0.0 0.0 0.0 0.0025225820934959915 0.0 0.0 0.0 0.29809010587353596 0.0 1.1764450220836977e-05 0.0 0.0 0.0005545102908735093 1.6528027803121475e-09 0.0 0.0 0.0008942892855183529 8.527224307788442e-10 0.0 0.0 0.000938779133162557 0.02191619880791852 0.0 0.0 0.0050253697700705525 0.0016887207127987312 0.0 0.0 0.13016498155945602 4.047248080810775e-08 0.0 0.0 0.05021715712873275 3.7552928690149544e-08 0.0 0.0 0.05585418233079698 0.2521757279042096 0.0 0.0 0.041239660188288424 0.0 1.196852517082687e-07 0.0 0.0 0.0 0.0 0.0 0.0 0.0 1.427128729206301e-12 0.0 0.0 0.0 1.4293667772654248e-07 0.0 0.0 0.0 0.0 0.0013850998275676837 0.0 0.0 0.0 0.0 0.0 0.0 0.0 0.019840685249103034 0.0 0.0 0.0 0.03151424403939843 0.0 0.0021345202583886464 0.0 0.0 0.03843103638675859 0.0 0.0 0.0 0.0 0.004021603385976407 0.0 0.0 0.05840470247436753 0.0020444134008111665 0.0 0.0 0.0005255163950944744 0.0008640417946300799 0.0 0.0 0.04615857839283424 0.0 0.0 0.0 0.0 0.002269739623468141 0.0 0.0 0.09341006195651971 0.05745635468335704 0.0 0.0 0.02709052367190246 0.0 0.007943740322477397 0.0 0.0 0.0 0.008624945136621865 0.0 0.0 0.0 9.640069692935266e-08 0.0 0.0 0.0 0.0035902810750170957 0.0 0.0 0.0 0.0 4.186196881013706e-08 0.0 0.0 0.0 3.628645817342861e-07 0.0 0.0 0.0 4.601955607000372e-08 0.0 0.0 0.0 1.4194762439800337e-07 0.0 9.010307380659391e-10 0.0 0.0 2.174059993328208e-08 7.138398169827606e-08 0.0 0.0 0.033375011544315616 0.0003088717133925639 0.0 0.0 0.009123944395691495 0.007032612127050214 0.0 0.0 0.0017037686455814932 0.0021846379018918283 0.0 0.0 0.07884495361746229 9.852234780114244e-08 0.0 0.0 0.10628850445720289 0.009037143447839926 0.0 0.0 0.15947669071368498 0.11586729683713116 0.0 0.0 0.020094893276647242 0.0 0.3645933271390287 0.0 0.0 0.0 0.04279947405026209 0.0 0.0 0.0 4.1248469995259834e-07 0.0 0.0 0.0 0.10103218789277438 0.0 0.0 0.0 0.0 0.01716106284529957 0.0 0.0 0.0 0.03935733277829367 0.0 0.0 0.0 0.023197203420468385 0.0 0.0 0.0 0.029179383614662026 0.0 0.0026898276807545383 0.0 0.0 0.1870220946201289 3.8668275635350015e-08 0.0 0.0 0.021883672508227422 0.002454561677595031 0.0 0.0 0.07991378537136438 0.028487151666863563 0.0 0.0 0.010727962205287926 0.0011831308912264506 0.0 0.0 0.05016433124157867 1.1923467840351907e-08 0.0 0.0 0.014590665198714629 0.0005811668505225763 0.0 0.0 0.01248406532259092 0.02623531843811806 0.0 0.0 0.011942587654966285
0.0 0.0 0.0 0.0 0.0 0.010244022684778814 0.0 0.0 0.0 3.086545409421221e-08 0.0 0.0 0.0 0.003933756541468053 0.0 0.0 0.0 0.0 0.0 0.0 0.0 0.0 0.22095967403120453 0.0 0.0 0.0 2.4695584877340626e-07 0.0 0.0 0.0 0.08005762959780306 0.0 0.0 0.0 0.0 0.0 3.0695367248019213e-08 0.0 0.0 0.02420709955097479 2.684664038567846e-09 0.0 0.0 1.0707367473575159e-07 0.05619249595133211 0.0 0.0 0.026861348577981215 0.0 0.0 0.0 0.0 3.751611040957997e-07 0.0 0.0 0.28387544598989545 0.002144818983448665 0.0 0.0 0.09590691127569606 0.12128516980923199 0.0 0.0 0.05485201195793574 0.0 9.071863249973192e-07 0.0 0.0 0.0 4.54126148285374e-07 0.0 0.0 0.0 6.605931264587369e-12 0.0 0.0 0.0 4.021231214085578e-07 0.0 0.0 0.0 0.0 0.035645098811614984 0.0 0.0 0.0 0.08535796192732664 0.0 0.0 0.0 0.10740014969521905 0.0 0.0 0.0 0.004622457740481617 0.0 2.4878558106058755e-05 0.0 0.0 0.003757236895980574 2.957899921262184e-07 0.0 0.0 0.1520251782445535 6.920448275692021e-08 0.0 0.0 0.06647894027328982 0.0668246132877178 0.0 0.0 0.017208073039044935 0.005587259184194991 0.0 0.0 0.24914097288013742 5.455285858861292e-07 0.0 0.0 0.25287615357732535 0.004971938189741366 0.0 0.0 0.31140949182459277 0.18605372603899295 0.0 0.0 0.06847314020639343 0.0 0.03327822681106232 0.0 0.0 0.0 0.01077828997272443 0.0 0.0 0.0 4.646985580780755e-07 0.0 0.0 0.0 0.0030441746444801964 0.0 0.0 0.0 0.0 1.1331616912904486e-07 0.0 0.0 0.0 1.2699556035854631e-06 0.0 0.0 0.0 2.2881284763537892e-07 0.0 0.0 0.0 8.804042173770221e-08 0.0 2.7491423041991735e-09 0.0 0.0 5.6153926665161286e-08 1.324002495931175e-07 0.0 0.0 0.07054716325360903 0.00030097901594584473 0.0 0.0 0.005099457410435193 0.0072647736783387215 0.0 0.0 0.026320544302141636 0.006120255648409072 0.0 0.0 0.20573163991825638 2.512992361030847e-07 0.0 0.0 0.2128292466349363 0.03738660358188303 0.0 0.0 0.692603150271228 0.023907356165006305 0.0 0.0 0.0375151810083977 0.0 0.2596627722863834 0.0 0.0 0.0 0.2120029013909908 0.0 0.0 0.0 1.64442406255419e-06 0.0 0.0 0.0 0.062091304668561394 0.0 0.0 0.0 0.0 0.06321949292691662 0.0 0.0 0.0 3.793790327589903e-07 0.0 0.0 0.0 0.0022665938408184707 0.0 0.0 0.0 0.0035831718308632077 0.0 0.0010192430459347412 0.0 0.0 0.03168168086262974 8.767678919140418e-09 0.0 0.0 0.002867743668011893 0.0027517839082880522 0.0 0.0 0.049942708955871884 1.4786371114822276e-07 0.0 0.0 3.013744322202194e-08 0.0010992682575376971 0.0 0.0 0.035526013975743086 1.2379998665100648e-07 0.0 0.0 0.07928519651065795 0.0020261940025256032 0.0 0.0 0.04106319270721972 0.07223033997566716 0.0 0.0 0.009173182281933326
0.0 0.010312805479787706 0.0 0.0 0.0 0.006712359461624828 0.0 0.0 0.0 3.5571228467297794e-09 0.0 0.0 0.0 0.006532859236482765 0.0 0.0 0.0 0.0 0.0069776024885096245 0.0 0.0 0.0 0.041962771957744144 0.0 0.0 0.0 0.02500939653790048 0.0 0.0 0.0 0.04203330567494043 0.0 0.0002225435996867927 0.0 0.0 0.003288778758026784 1.0673514584720327e-07 0.0 0.0 0.05755199219608608 8.310544612024734e-10 0.0 0.0 0.0013772503867880454 0.0312910159521748 0.0 0.0 0.0067946322688726924 0.007366771582232543 0.0 0.0 0.16006649793892724 3.476833768839355e-07 0.0 0.0 0.19494842172149532 6.0604055738272225e-09 0.0 0.0 0.01126034259616274 0.11779594167040097 0.0 0.0 0.05908124498316729 0.0 5.096199418584154e-07 0.0 0.0 0.0 5.19940982920114e-07 0.0 0.0 0.0 5.847889451613418e-12 0.0 0.0 0.0 3.8347120052882717e-07 0.0 0.0 0.0 0.0 0.0578313152403701 0.0 0.0 0.0 0.0880351255021916 0.0 0.0 0.0 0.018068952932850664 0.0 0.0 0.0 0.05301799925504007 0.0 0.0013765580623422583 0.0 0.0 0.017387318084931932 6.024553735360123e-08 0.0 0.0 0.04163138219819234 0.003965602986643757 0.0 0.0 0.08649691642456762 0.03033521586243295 0.0 0.0 0.01065256270934789 0.005365467593865584 0.0 0.0 0.1439208312151531 4.493776955155124e-07 0.0 0.0 0.2468024624297416 0.027802316556514595 0.0 0.0 0.2777832107573511 0.1761084087104335 0.0 0.0 0.06870842971645223 0.0 0.026141856779999428 0.0 0.0 0.0 0.01349033533820728 0.0 0.0 0.0 7.376397340920262e-08 0.0 0.0 0.0 0.0 0.0 0.0 0.0 0.0 5.354080556764569e-07 0.0 0.0 0.0 6.687695572778232e-08 0.0 0.0 0.0 1.0448707225988022e-08 0.0 0.0 0.0 0.0 0.0 0.0007761796823616729 0.0 0.0 0.01194985471311332 1.0200105292901603e-08 0.0 0.0 0.006890351263317509 2.364286031460752e-08 0.0 0.0 0.025009387862022493 0.0 0.0 0.0 0.0 0.006859517513097721 0.0 0.0 0.14250705575054293 1.8498581467522028e-07 0.0 0.0 0.2807950510910727 0.0033755634598812406 0.0 0.0 0.08455594073085779 0.0 0.0 0.0 0.0 0.0 0.0795279047793657 0.0 0.0 0.0 0.1924427501103825 0.0 0.0 0.0 5.354067744848432e-07 0.0 0.0 0.0 0.1842874499613817 0.0 0.0 0.0 0.0 0.0357168675909001 0.0 0.0 0.0 0.05215472228812569 0.0 0.0 0.0 0.0015474474443222294 0.0 0.0 0.0 0.10041514775631319 0.0 0.0013640354639080398 0.0 0.0 0.05683760003792051 7.052647922750787e-08 0.0 0.0 0.03371585915133453 0.0015856056998381244 0.0 0.0 0.01035461751933423 0.07193239105832162 0.0 0.0 0.019676115995727897 0.00022695423752353534 0.0 0.0 0.014561637737552764 1.5250419374199325e-07 0.0 0.0 0.060509445144391494 0.002903146644982052 0.0 0.0 0.02125564725418303 0.0545345250635493 0.0 0.0 0.020918369797915885
0.0 0.007243493940054366 0.0 0.0 0.0 0.0 0.0 0.0 0.0 1.0563075673978094e-07 0.0 0.0 0.0 0.004986874933136499 0.0 0.0 0.0 0.0 0.008756319925865785 0.0 0.0 0.0 0.0 0.0 0.0 0.0 0.13022951117105186 0.0 0.0 0.0 0.005830172100585352 0.0 5.272233668118816e-11 0.0 0.0 4.034840428744953e-08 0.0 0.0 0.0 0.0 0.0021032667095882466 0.0 0.0 0.04711786920723175 0.005377366238416932 0.0 0.0 0.0014983852325168923 0.0009281821525390878 0.0 0.0 0.1332593438331645 0.0 0.0 0.0 0.0 0.015182854037986426 0.0 0.0 0.2934753790648237 0.04855011302892752 0.0 0.0 0.046397623655979575 0.0 9.929859811260413e-08 0.0 0.0 0.0 4.639830935120731e-08 0.0 0.0 0.0 4.367687825392393e-12 0.0 0.0 0.0 1.4310580471930526e-07 0.0 0.0 0.0 0.0 0.006213559080764864 0.0 0.0 0.0 0.002603673401608903 0.0 0.0 0.0 0.07024446093605023 0.0 0.0 0.0 0.09625074196629978 0.0 0.0013432019974202918 0.0 0.0 0.027929177289374926 7.51016565733404e-14 0.0 0.0 2.846524067253615e-08 3.262100494540425e-08 0.0 0.0 0.030607325784196008 0.0018800244773096865 0.0 0.0 0.0011826954373966598 0.00021070589518542196 0.0 0.0 0.039396946565031565 8.22296664222203e-08 0.0 0.0 0.03494301456828715 0.008002720002820204 0.0 0.0 0.22906706622024928 0.05716950725423058 0.0 0.0 0.03125111307489654 0.0 0.021696749505541523 0.0 0.0 0.0 0.016936783067540408 0.0 0.0 0.0 2.890644617228325e-07 0.0 0.0 0.0 0.01391299009189827 0.0 0.0 0.0 0.0 5.8518952222353726e-08 0.0 0.0 0.0 2.6510271871924106e-07 0.0 0.0 0.0 9.90615378601106e-07 0.0 0.0 0.0 1.8118644201129622e-07 0.0 0.0043774419980106985 0.0 0.0 0.06313252194809453 3.425688022556731e-09 0.0 0.0 0.03709359135529534 0.003811673929240182 0.0 0.0 0.08704187229904486 0.011267164158253618 0.0 0.0 0.0037790271887428247 0.005370918186999014 0.0 0.0 0.2057970703479027 1.3759073593304096e-07 0.0 0.0 0.2463439799635223 0.01969234028400586 0.0 0.0 0.45265550975568275 0.23928691663518706 0.0 0.0 0.06967532630816457 0.0 0.115875660453309 0.0 0.0 0.0 0.158375605918874 0.0 0.0 0.0 1.0048433824232479e-06 0.0 0.0 0.0 0.1285567480147751 0.0 0.0 0.0 0.0 0.04112699026329757 0.0 0.0 0.0 0.06033854756769068 0.0 0.0 0.0 0.0025048410949542956 0.0 0.0 0.0 0.04166934855069775 0.0 1.586979233437419e-08 0.0 0.0 0.0382367178915207 1.4210980786641474e-08 0.0 0.0 0.03500587649268515 0.0016516065056389703 0.0 0.0 0.0362889827448113 0.02055176400332718 0.0 0.0 0.012015450371578765 8.3512784192071e-09 0.0 0.0 0.030041677549927513 5.134993360482606e-08 0.0 0.0 0.04665466496533652 0.0001359250231443887 0.0 0.0 0.03451132991444383 0.043829119495216326 0.0 0.0 0.01620548500671799
0.0 0.0025799192820128904 0.0 0.0 0.0 0.0024955829539225795 0.0 0.0 0.0 1.7171617539010716e-07 0.0 0.0 0.0 0.003182990729002075 0.0 0.0 0.0 0.0 0.018350326665074138 0.0 0.0 0.0 0.012756659500278413 0.0 0.0 0.0 0.13082428420816775 0.0 0.0 0.0 0.06505375511899839 0.0 0.0005832290406622207 0.0 0.0 0.017560347927170195 7.2139371132044685e-19 0.0 0.0 1.776970743692426e-08 0.001654153428937382 0.0 0.0 0.02683684522936263 0.02932514964856766 0.0 0.0 0.007977456576980662 0.00031689087511749736 0.0 0.0 0.06887624519806967 2.6977933896604638e-08 0.0 0.0 0.09301467178626435 0.02465652322908288 0.0 0.0 0.3934518034581761 0.08749874266334455 0.0 0.0 0.023495823239319896 0.0 4.844443916753018e-08 0.0 0.0 0.0 0.0 0.0 0.0 0.0 3.678911234960833e-12 0.0 0.0 0.0 2.6977062438629835e-08 0.0 0.0 0.0 0.0 0.021584429598312006 0.0 0.0 0.0 0.0 0.0 0.0 0.0 0.06167434265275735 0.0 0.0 0.0 0.0010129791927028075 0.0 5.0087512106659247e-05 0.0 0.0 0.000967588875864036 0.0 0.0 0.0 0.0 0.0014731067915492101 0.0 0.0 0.036516592783809004 0.003513327108362044 0.0 0.0 0.0009299426402302683 0.0005952223625848862 0.0 0.0 0.01289160953606212 0.0 0.0 0.0 0.0 0.01200365741402033 0.0 0.0 0.17704419098913637 0.02362251398438575 0.0 0.0 0.007010196426625595 0.0 0.04923039260691768 0.0 0.0 0.0 0.0045412015782173906 0.0 0.0 0.0 2.126698840798619e-07 0.0 0.0 0.0 0.016491291320105465 0.0 0.0 0.0 0.0 1.875159328921477e-07 0.0 0.0 0.0 2.62647505047851e-06 0.0 0.0 0.0 1.1115483779506731e-07 0.0 0.0 0.0 4.336204924931948e-06 0.0 0.0002770777359765879 0.0 0.0 0.049997200722322714 1.1567934655012756e-13 0.0 0.0 0.0072699435694133265 0.003423400768498813 0.0 0.0 0.06472392283906646 0.05906163804669852 0.0 0.0 0.02889106612968603 0.005436804251928741 0.0 0.0 0.4724821184368235 2.330603794280199e-12 0.0 0.0 0.09645318736297924 0.01836559317358409 0.0 0.0 0.34655459534655547 0.11025806088062193 0.0 0.0 0.11009448438228317 0.0 0.175174665159149 0.0 0.0 0.0 0.0772349669116322 0.0 0.0 0.0 6.823118633613787e-06 0.0 0.0 0.0 0.10360498362404984 0.0 0.0 0.0 0.0 0.04400225584206915 0.0 0.0 0.0 0.030691359736592334 0.0 0.0 0.0 0.014482172305240444 0.0 0.0 0.0 0.03371344265495209 0.0 0.0002585915153263632 0.0 0.0 0.0332559917613414 1.6642150775566173e-08 0.0 0.0 0.005016803210336391 6.560908547465017e-05 0.0 0.0 0.0004471428423466815 0.02803814451107949 0.0 0.0 0.03270221085913956 0.0007407613874099795 0.0 0.0 0.03527962496965518 3.1802649561361955e-08 0.0 0.0 0.0314127670141143 0.00615818987610976 0.0 0.0 0.08710702176030156 0.040413771720688045 0.0 0.0 0.014150350935673166
0.0 0.009129875496743111 0.0 0.0 0.0 0.002366043082149094 0.0 0.0 0.0 8.080570537819402e-08 0.0 0.0 0.0 0.0034281323587959734 0.0 0.0 0.0 0.0 0.01000423659804612 0.0 0.0 0.0 0.11784347621587937 0.0 0.0 0.0 0.08442808565242381 0.0 0.0 0.0 0.01563420426991021 0.0 0.0016684389228499427 0.0 0.0 0.03514651309270556 2.1308150010808196e-08 0.0 0.0 0.01967809546384538 0.00043513230407049905 0.0 0.0 0.006593020311244619 0.0015909843695766212 0.0 0.0 0.00039910156182472646 0.003900669614427942 0.0 0.0 0.18306087816791256 3.49396279847308e-08 0.0 0.0 0.10302294088303347 0.01677487749621921 0.0 0.0 0.23184366008009583 0.13671641934787807 0.0 0.0 0.03655964760616261 0.0 3.4586318204915655e-07 0.0 0.0 0.0 5.625829351006168e-07 0.0 0.0 0.0 8.245073217872008e-12 0.0 0.0 0.0 3.426148271031612e-07 0.0 0.0 0.0 0.0 0.04150717203887879 0.0 0.0 0.0 0.08236783452703246 0.0 0.0 0.0 0.10734685953115793 0.0 0.0 0.0 0.06689472527168797 0.0 4.6264719555463505e-09 0.0 0.0 1.2190978407292276e-07 2.4473793297410084e-08 0.0 0.0 0.021722788798397903 0.0044739166175979325 0.0 0.0 0.11397619323651703 0.07018995420040355 0.0 0.0 0.032539377722799925 0.001403625466555286 0.0 0.0 0.10283509723073901 2.8918851076164123e-07 0.0 0.0 0.23598335707908988 0.027784084348925323 0.0 0.0 0.42656865955707546 0.19442882223331104 0.0 0.0 0.07318587936380398 0.0 0.03841552166378007 0.0 0.0 0.0 0.023650498316022884 0.0 0.0 0.0 1.2643996005581156e-07 0.0 0.0 0.0 0.002981593530225811 0.0 0.0 0.0 0.0 8.15854340636133e-08 0.0 0.0 0.0 9.37076971116891e-08 0.0 0.0 0.0 8.725253137281548e-08 0.0 0.0 0.0 2.8757918957231294e-08 0.0 0.00022091384950900605 0.0 0.0 0.011324833534645595 1.8123651211136728e-08 0.0 0.0 0.1069768777059885 0.0022445392013489716 0.0 0.0 0.04561168035250659 0.025129908095390903 0.0 0.0 0.009933962124850178 0.008208600240766225 0.0 0.0 0.3790691505326986 5.013843679662385e-07 0.0 0.0 0.4037753569261799 0.013335161224251412 0.0 0.0 0.18171901742208685 0.04507520734669551 0.0 0.0 0.01404354490199276 0.0 0.18529185788557867 0.0 0.0 0.0 0.2720994873876501 0.0 0.0 0.0 0.0 0.0 0.0 0.0 0.08253745320174465 0.0 0.0 0.0 0.0 0.013999817112612277 0.0 0.0 0.0 0.042690977135156724 0.0 0.0 0.0 0.0 0.0 0.0 0.0 0.03225672745782453 0.0 0.00011269419241788573 0.0 0.0 0.01036685343147285 2.6567556837907096e-07 0.0 0.0 0.0805666547708081 0.0 0.0 0.0 0.0 0.020451163477982082 0.0 0.0 0.0032880542090923726 0.0005015813915698243 0.0 0.0 0.0326378078790338 9.597551971511598e-08 0.0 0.0 0.09046374284066762 0.0 0.0 0.0 0.0 0.046346339403735594 0.0 0.0 0.009448751763768975
0.0 0.012435140514900767 0.0 0.0 0.0 0.003879802651134535 0.0 0.0 0.0 7.951067773390357e-08 0.0 0.0 0.0 0.006029880437032678 0.0 0.0 0.0 0.0 0.008320972494579937 0.0 0.0 0.0 0.05234097307931928 0.0 0.0 0.0 0.04709068955492808 0.0 0.0 0.0 0.024399412044264563 0.0 3.02724487710892e-09 0.0 0.0 0.008021321904931256 2.271554924126705e-08 0.0 0.0 0.009883477537257528 0.002543675078278314 0.0 0.0 0.029864167511681906 0.01994256975885188 0.0 0.0 0.006135325460162448 0.0035122999026242735 0.0 0.0 0.202661649047632 1.7203060044483205e-07 0.0 0.0 0.12185666149966941 0.007939866011536461 0.0 0.0 0.24149346398157584 0.029901503819934908 0.0 0.0 0.05456214061490143 0.0 5.973689714946208e-07 0.0 0.0 0.0 3.268060276434699e-07 0.0 0.0 0.0 3.07114252024688e-12 0.0 0.0 0.0 4.5410139725204064e-07 0.0 0.0 0.0 0.0 0.0376005291888481 0.0 0.0 0.0 0.05156921627735299 0.0 0.0 0.0 0.0751951808572648 0.0 0.0 0.0 0.11726735325540755 0.0 0.004798087158668909 0.0 0.0 0.07248428715278642 6.040685133569792e-08 0.0 0.0 0.07133468274673847 0.0018419981216448312 0.0 0.0 0.08650985061591886 0.01901356684918969 0.0 0.0 0.007633126727434107 0.0046476219710836954 0.0 0.0 0.16241054142993716 3.1813353060776684e-07 0.0 0.0 0.11204678252141205 0.0024536122141725265 0.0 0.0 0.1629312998366062 0.19341965742933773 0.0 0.0 0.08557833804267709 0.0 0.012367263577588154 0.0 0.0 0.0 0.016018728508462112 0.0 0.0 0.0 3.1346707426350776e-07 0.0 0.0 0.0 0.010415610434613105 0.0 0.0 0.0 0.0 4.053258710510159e-08 0.0 0.0 0.0 1.5929613955146824e-07 0.0 0.0 0.0 1.37443893083657e-06 0.0 0.0 0.0 1.0444039729074648e-07 0.0 0.002717137230058125 0.0 0.0 0.0341046914036881 3.274425884437732e-13 0.0 0.0 0.0010247214421846868 0.004397637326834069 0.0 0.0 0.060020647561345154 0.02501938293466104 0.0 0.0 0.00783784130570894 0.005538229684693008 0.0 0.0 0.13323374708491598 5.953554652976058e-07 0.0 0.0 0.26489745966771666 0.01962507308296411 0.0 0.0 0.43284800528506046 0.1863275868972586 0.0 0.0 0.052341138257656725 0.0 0.10734904571163145 0.0 0.0 0.0 0.2742066054370639 0.0 0.0 0.0 1.214693099763668e-06 0.0 0.0 0.0 0.21671875584767072 0.0 0.0 0.0 0.0 0.030469020777942314 0.0 0.0 0.0 0.15970532372268056 0.0 0.0 0.0 0.0034471717380172495 0.0 0.0 0.0 0.03954318458207362 0.0 0.000777816591520653 0.0 0.0 0.029673458608273893 1.5726674359633856e-07 0.0 0.0 0.08426495728348155 1.4071357308015106e-13 0.0 0.0 1.6431951638730316e-07 0.05024321082781562 0.0 0.0 0.016250289424650628 0.00035370754785217414 0.0 0.0 0.01933806027630998 1.0489227339505136e-07 0.0 0.0 0.09269645731673093 3.325719835465508e-08 0.0 0.0 0.04354169337041018 0.07440814317241634 0.0 0.0 0.02574891255081663
0.0 0.0014049761419657853 0.0 0.0 0.0 0.005274982972522316 0.0 0.0 0.0 6.679827077061223e-08 0.0 0.0 0.0 0.0045344633676870465 0.0 0.0 0.0 0.0 0.022010573323627835 0.0 0.0 0.0 0.03955088082623026 0.0 0.0 0.0 0.0049598883576916055 0.0 0.0 0.0 0.09895320310358904 0.0 0.0009464755049802458 0.0 0.0 0.024007781238519363 3.5974893442105496e-09 0.0 0.0 0.0021448912108157038 0.0012292605173481075 0.0 0.0 0.02390075911154845 0.003799613146062294 0.0 0.0 0.007823921282158695 0.0004538663836871453 0.0 0.0 0.022681347881677524 2.2600282047196416e-07 0.0 0.0 0.1317915665762666 0.01852742385894651 0.0 0.0 0.16589766277956813 0.0012757626334559233 0.0 0.0 0.06237558765319164 0.0 8.806177511434555e-07 0.0 0.0 0.0 6.304394896720255e-07 0.0 0.0 0.0 4.499705777698573e-12 0.0 0.0 0.0 1.2952022611522976e-07 0.0 0.0 0.0 0.0 0.02738778523845757 0.0 0.0 0.0 0.00782036868507508 0.0 0.0 0.0 0.058552738805633275 0.0 0.0 0.0 0.06504138597580522 0.0 0.00025284425804750216 0.0 0.0 0.003196694950501053 7.615312755787067e-08 0.0 0.0 0.011752413188054468 0.0037556710847251318 0.0 0.0 0.05657974551391773 0.04015907592012913 0.0 0.0 0.027989836386763924 0.004305576075992256 0.0 0.0 0.179371280282624 8.856561467209758e-07 0.0 0.0 0.33795072825039574 0.007333130219779014 0.0 0.0 0.12404628603204772 0.09229136184826782 0.0 0.0 0.02478578200941041 0.0 0.023470938352518695 0.0 0.0 0.0 0.010729511097154152 0.0 0.0 0.0 1.98799561234704e-07 0.0 0.0 0.0 0.008077203327118823 0.0 0.0 0.0 0.0 3.299161131387622e-08 0.0 0.0 0.0 6.384578054755463e-08 0.0 0.0 0.0 2.2101067973569988e-06 0.0 0.0 0.0 1.0330483195993902e-07 0.0 0.00023032669632658826 0.0 0.0 0.013078373021833987 6.7787973631012255e-09 0.0 0.0 0.0029522030836908043 1.678189454057048e-05 0.0 0.0 0.02795786869550849 0.010133142429099202 0.0 0.0 0.013494274239411377 0.0039496162797548785 0.0 0.0 0.1380332638440992 3.8236740501807787e-07 0.0 0.0 0.2008328942505457 0.011415470727355876 0.0 0.0 0.28238006191129683 0.1146580991429192 0.0 0.0 0.06815223897999306 0.0 0.14059775049890313 0.0 0.0 0.0 0.14279715419580502 0.0 0.0 0.0 2.1446466894672747e-06 0.0 0.0 0.0 0.12315948080655707 0.0 0.0 0.0 0.0 0.014454314055225492 0.0 0.0 0.0 0.09631504409818062 0.0 0.0 0.0 0.004348139569086155 0.0 0.0 0.0 0.003156200957963072 0.0 0.0004918060018511831 0.0 0.0 0.009058857538070668 1.0045236634167388e-08 0.0 0.0 0.03275012564431283 6.07603200849695e-08 0.0 0.0 0.06191882050691167 0.05589884876016368 0.0 0.0 0.013710230270205213 0.0005839780798061206 0.0 0.0 0.013575845012288092 4.9980943526120765e-08 0.0 0.0 0.0499102081705819 5.251333760570963e-08 0.0 0.0 0.07674082295257074 0.07778263897874849 0.0 0.0 0.012312682124194008
0.0 0.022217480036927154 0.0 0.0 0.0 0.007473023286199687 0.0 0.0 0.0 7.609491460237937e-08 0.0 0.0 0.0 0.005868841509348335 0.0 0.0 0.0 0.0 0.048054597134792314 0.0 0.0 0.0 0.020222328582712244 0.0 0.0 0.0 0.04909256992583993 0.0 0.0 0.0 0.051523925562222656 0.0 0.0046227267846058314 0.0 0.0 0.07428308831037371 6.497205445238529e-09 0.0 0.0 0.0023164953424039737 9.443835152549413e-09 0.0 0.0 0.0005557166157606778 0.03482426301525471 0.0 0.0 0.010195191352351219 0.019713012050948248 0.0 0.0 0.31385617927652215 2.73564026469648e-07 0.0 0.0 0.16308670616511997 0.009850187129576977 0.0 0.0 0.2301496909465744 0.16771990585807092 0.0 0.0 0.06779083121867081 0.0 6.199696715904938e-07 0.0 0.0 0.0 8.303878863085319e-08 0.0 0.0 0.0 4.526963863130262e-12 0.0 0.0 0.0 1.754582457446924e-07 0.0 0.0 0.0 0.0 0.075855781146999 0.0 0.0 0.0 0.07732773975624443 0.0 0.0 0.0 0.10740856810118599 0.0 0.0 0.0 0.04253579052589374 0.0 0.00017546011636659304 0.0 0.0 0.008463659054430459 9.934370766414277e-09 0.0 0.0 0.00459024268293377 0.0068991410852589355 0.0 0.0 0.12126327580116662 0.0014607157473064077 0.0 0.0 0.0015863100555321274 0.005882592084407604 0.0 0.0 0.1992701377846264 1.1363193675063646e-07 0.0 0.0 0.06290593603397653 0.007380638246187091 0.0 0.0 0.239795460355844 0.06353151469427872 0.0 0.0 0.0357096185969941 0.0 0.031864008114144096 0.0 0.0 0.0 0.010904881667793371 0.0 0.0 0.0 2.417454157119314e-07 0.0 0.0 0.0 0.013634269743695956 0.0 0.0 0.0 0.0 1.4884762096922635e-07 0.0 0.0 0.0 9.982821622236685e-07 0.0 0.0 0.0 6.420441137328405e-08 0.0 0.0 0.0 1.0649828964266587e-06 0.0 0.000169371168088664 0.0 0.0 0.04454217184014521 2.5924055443911262e-08 0.0 0.0 0.015158034070637398 0.004469105410835262 0.0 0.0 0.07613576378030665 0.02721131845296072 0.0 0.0 0.007153236629515932 0.004514282522496668 0.0 0.0 0.30510768438284 1.3407522890958585e-07 0.0 0.0 0.21530946777720744 0.01921086910034459 0.0 0.0 0.33465633099343906 0.17577968150677706 0.0 0.0 0.06586867884065561 0.0 0.12018708711954997 0.0 0.0 0.0 0.2847498915375415 0.0 0.0 0.0 1.887193917143658e-06 0.0 0.0 0.0 0.1295980265761656 0.0 0.0 0.0 0.0 0.002886970232523122 0.0 0.0 0.0 0.04688774785624676 0.0 0.0 0.0 0.009461570037564385 0.0 0.0 0.0 0.08986502516112135 0.0 0.0010292208467593813 0.0 0.0 0.038604391140859506 1.8345511225237421e-07 0.0 0.0 0.047652867271677966 0.0028822520808842057 0.0 0.0 0.043939390128228804 0.009359079712927109 0.0 0.0 0.040458421595684996 0.0005244392816596063 0.0 0.0 0.02986672481631625 1.3138929689209396e-07 0.0 0.0 0.10345626208429418 0.0022299502291487144 0.0 0.0 0.03803436704909064 0.054650413439598526 0.0 0.0 0.013991992030420994
0.0 0.003652874614306419 0.0 0.0 0.0 0.0 0.0 0.0 0.0 5.949313088868715e-08 0.0 0.0 0.0 0.0029976773221695257 0.0 0.0 0.0 0.0 0.05198792920125058 0.0 0.0 0.0 0.0 0.0 0.0 0.0 0.10524162646162175 0.0 0.0 0.0 0.06395942237766972 0.0 0.0012596658534313634 0.0 0.0 0.023594737261686576 0.0 0.0 0.0 0.0 0.00011121463901922056 0.0 0.0 0.0026654605068522474 0.019332030260855126 0.0 0.0 0.02875065191914691 0.00098598837381924 0.0 0.0 0.0704353931313044 0.0 0.0 0.0 0.0 0.005487749125015521 0.0 0.0 0.12956043127163816 0.025224236205611313 0.0 0.0 0.042035888037505804 0.0 1.277279950636233e-07 0.0 0.0 0.0 4.559774171027842e-08 0.0 0.0 0.0 1.7424012895619717e-12 0.0 0.0 0.0 8.725406115820712e-08 0.0 0.0 0.0 0.0 0.020734496944453274 0.0 0.0 0.0 0.01139230850370101 0.0 0.0 0.0 0.04089264514529071 0.0 0.0 0.0 0.04690077275323423 0.0 1.4104132382862921e-05 0.0 0.0 0.0001711998641235154 1.4220669412523039e-08 0.0 0.0 0.018701350134059314 0.0009094941380223691 0.0 0.0 0.005076060901643962 0.007659549971250954 0.0 0.0 0.01380663398964578 0.00064778173400009 0.0 0.0 0.00881560728420493 1.5867453294584008e-09 0.0 0.0 0.030672915331402675 0.005499276112751083 0.0 0.0 0.12992242982350788 0.06326440640535087 0.0 0.0 0.020285138062255726 0.0 0.014746029409641677 0.0 0.0 0.0 0.008831653345604486 0.0 0.0 0.0 2.976606392452248e-07 0.0 0.0 0.0 0.02289186647906433 0.0 0.0 0.0 0.0 6.372991867536594e-08 0.0 0.0 0.0 1.3449319243782112e-06 0.0 0.0 0.0 2.3284399555095473e-06 0.0 0.0 0.0 7.422908452441156e-06 0.0 0.0011584324103544267 0.0 0.0 0.01636527897436826 5.124801409343738e-09 0.0 0.0 0.022979203709165494 0.0039028757979207096 0.0 0.0 0.060987273179176744 0.027322711633612523 0.0 0.0 0.038493789499973924 0.0017461760904898163 0.0 0.0 0.11790060782102575 8.993739528841513e-08 0.0 0.0 0.15048760907406733 0.013192086911491728 0.0 0.0 0.2865149502567329 0.17644542253356707 0.0 0.0 0.16020523456556593 0.0 0.20278994628859884 0.0 0.0 0.0 0.11108852440333304 0.0 0.0 0.0 1.0807129788464412e-05 0.0 0.0 0.0 0.05866977284838902 0.0 0.0 0.0 0.0 0.0029912705653689065 0.0 0.0 0.0 0.03494475391617277 0.0 0.0 0.0 0.025072971851344578 0.0 0.0 0.0 0.02292485910792332 0.0 1.2685610666429201e-08 0.0 0.0 0.00123044066739776 1.283133685263954e-08 0.0 0.0 0.001959649265415984 0.009742023379121096 0.0 0.0 0.11697210951167403 0.006429403400929664 0.0 0.0 0.002513904268584142 0.0008384501495183673 0.0 0.0 0.03521642114078323 1.3688059204101857e-07 0.0 0.0 0.03430682882610775 0.009174493013473008 0.0 0.0 0.20362740736051563 0.026261976283071375 0.0 0.0 0.004733354839741405
0.0 0.0002630958629351162 0.0 0.0 0.0 0.001806462072541563 0.0 0.0 0.0 3.2175461166078054e-08 0.0 0.0 0.0 0.0001227762285413407 0.0 0.0 0.0 0.0 0.023698055588514965 0.0 0.0 0.0 0.14282758732325482 0.0 0.0 0.0 0.005151855120107667 0.0 0.0 0.0 0.044852653227351935 0.0 2.997493584137933e-10 0.0 0.0 0.0007434663476152889 5.0677031537037234e-14 0.0 0.0 0.002631615573858568 0.0012585596033577676 0.0 0.0 0.023738106242675555 0.0017574444814164464 0.0 0.0 0.00024216583171099516 2.0186560125218135e-09 0.0 0.0 0.005613475999088744 1.0689409326067311e-12 0.0 0.0 0.0649610078451416 0.0034057171637977015 0.0 0.0 0.087718114160838 0.011833072185723466 0.0 0.0 0.001828080278374704 0.0 8.156445594667124e-08 0.0 0.0 0.0 3.712348596051586e-08 0.0 0.0 0.0 7.865861350522813e-12 0.0 0.0 0.0 0.0 0.0 0.0 0.0 0.0 0.0012985808017204642 0.0 0.0 0.0 0.0021030530666547335 0.0 0.0 0.0 0.07720638230412695 0.0 0.0 0.0 0.0 0.0 1.5880549440302823e-19 0.0 0.0 6.593233397325204e-13 6.653730289877774e-19 0.0 0.0 2.5915050065296195e-08 0.0014665713751965193 0.0 0.0 0.14878260137408955 0.0 0.0 0.0 0.0 6.234324698192807e-09 0.0 0.0 0.02901942751539903 6.461396469721654e-13 0.0 0.0 0.028214980010722562 0.005492422138304726 0.0 0.0 0.4340501373647243 0.0 0.0 0.0 0.0 0.0 0.0048886776927166056 0.0 0.0 0.0 0.018682356611105216 0.0 0.0 0.0 4.314745691678292e-07 0.0 0.0 0.0 0.010570298972943879 0.0 0.0 0.0 0.0 2.945579789249275e-08 0.0 0.0 0.0 1.7560800203141171e-07 0.0 0.0 0.0 7.009387466325638e-08 0.0 0.0 0.0 2.2229080950304732e-07 0.0 7.114049503722222e-15 0.0 0.0 1.497512325227314e-08 4.291575640385097e-09 0.0 0.0 0.009074900641811304 0.0005066919521201046 0.0 0.0 0.07251348052559439 0.005629852873679664 0.0 0.0 0.0007757354337425399 2.362272398274133e-08 0.0 0.0 0.05574744648675005 1.1440206205584715e-07 0.0 0.0 0.36637769796071656 0.023087804738106087 0.0 0.0 0.6012077318966029 0.2522770869636715 0.0 0.0 0.06424586074730688 0.0 0.2113782961391217 0.0 0.0 0.0 0.06011916036536942 0.0 0.0 0.0 0.0 0.0 0.0 0.0 0.0 0.0 0.0 0.0 0.0 0.005374692534401334 0.0 0.0 0.0 0.005318382667083886 0.0 0.0 0.0 0.0 0.0 0.0 0.0 0.0 0.0 0.0012600604502853328 0.0 0.0 0.04359273246829547 1.467231397634686e-18 0.0 0.0 8.259958063807063e-08 0.0 0.0 0.0 0.0 0.0 0.0 0.0 0.0 0.0009322737137326875 0.0 0.0 0.04064290585975801 4.0431256165698213e-13 0.0 0.0 0.02551666271724012 0.0 0.0 0.0 0.0 0.0 0.0 0.0 0.0
0.0 0.005335734242843539 0.0 0.0 0.0 0.005174583132402761 0.0 0.0 0.0 3.1883853055405774e-08 0.0 0.0 0.0 0.002476758519020563 0.0 0.0 0.0 0.0 0.0035334211079756216 0.0 0.0 0.0 0.028919282313971575 0.0 0.0 0.0 0.012372817111416192 0.0 0.0 0.0 0.17330794165352448 0.0 3.049132816573615e-10 0.0 0.0 6.957688761212013e-09 9.216287757294146e-09 0.0 0.0 0.010395014763251784 8.880870856811232e-06 0.0 0.0 0.0036790770463411998 0.003000652306260926 0.0 0.0 0.001223520425459059 0.001703570158454836 0.0 0.0 0.08648458901145563 1.0615145981152136e-07 0.0 0.0 0.1496256479892897 0.0019631556769981306 0.0 0.0 0.07903335919386632 0.13216505223803623 0.0 0.0 0.027526701099359764 0.0 9.059018699743964e-08 0.0 0.0 0.0 2.5812725269866844e-07 0.0 0.0 0.0 1.0215210471108627e-11 0.0 0.0 0.0 8.63545201974093e-08 0.0 0.0 0.0 0.0 7.262453639160374e-09 0.0 0.0 0.0 0.12395713996865808 0.0 0.0 0.0 0.03677081423698675 0.0 0.0 0.0 0.08085454584642136 0.0 0.0008209681153382651 0.0 0.0 0.010511193627490756 9.677492924344616e-08 0.0 0.0 0.08678362675053798 0.009910690890372607 0.0 0.0 0.1416050115690893 0.001673819369941233 0.0 0.0 0.0008312364182980674 0.0024224863792720883 0.0 0.0 0.034773914916924116 7.35847792409229e-08 0.0 0.0 0.17748809192716958 0.0346372700431154 0.0 0.0 0.5535347875168743 0.046843459986415974 0.0 0.0 0.015382834699400699 0.0 0.02312561320549568 0.0 0.0 0.0 0.01249812670662192 0.0 0.0 0.0 2.3541138383533556e-07 0.0 0.0 0.0 0.021355769431485837 0.0 0.0 0.0 0.0 2.858708982952249e-08 0.0 0.0 0.0 1.5350686529952577e-07 0.0 0.0 0.0 9.353695923033955e-08 0.0 0.0 0.0 1.0532969288991525e-07 0.0 0.0005829053221161671 0.0 0.0 0.017816513292312 1.470230601238785e-13 0.0 0.0 0.003432984167715663 4.66551616290718e-05 0.0 0.0 0.005228154942329313 0.017971907237448848 0.0 0.0 0.004263431456469257 0.005419944597642112 0.0 0.0 0.24422696034533936 6.509824114185296e-08 0.0 0.0 0.22671197497873824 0.007702251937932547 0.0 0.0 0.32672323525142694 0.267615942512908 0.0 0.0 0.07702213116532204 0.0 0.1946582745897141 0.0 0.0 0.0 0.2187258560900068 0.0 0.0 0.0 1.1365515514809066e-07 0.0 0.0 0.0 0.23651694631849543 0.0 0.0 0.0 0.0 0.014773704934255831 0.0 0.0 0.0 0.08739664377432137 0.0 0.0 0.0 0.00019882669480518505 0.0 0.0 0.0 0.15798038522013974 0.0 0.0024466379244487734 0.0 0.0 0.10141489252595134 1.016463262110984e-08 0.0 0.0 0.12238580736031443 0.002563266827582768 0.0 0.0 0.042852829820358325 0.11409800226179272 0.0 0.0 0.026381531164697467 0.0006783539754370968 0.0 0.0 0.025728762291853856 7.409116777926254e-08 0.0 0.0 0.056778217436215535 0.00014757334649994196 0.0 0.0 0.0027660505472644884 0.06653235474056764 0.0 0.0 0.029363371885963094
0.0 0.0010375524107113158 0.0 0.0 0.0 0.0025977804390752545 0.0 0.0 0.0 5.8018768534725736e-08 0.0 0.0 0.0 0.005830151967396485 0.0 0.0 0.0 0.0 0.01039405777281816 0.0 0.0 0.0 0.04836068962022184 0.0 0.0 0.0 0.049240445767974456 0.0 0.0 0.0 0.15022709453783845 0.0 4.3689412078207125e-11 0.0 0.0 0.00018139139246032505 1.3777545471538543e-08 0.0 0.0 0.003949675939291622 0.0007558353566437883 0.0 0.0 0.013975012003556012 0.008209226755326792 0.0 0.0 0.0019150279851297095 3.87218980672026e-09 0.0 0.0 0.01802451588308676 1.5884324833305115e-07 0.0 0.0 0.09327928825539637 0.005600618949489839 0.0 0.0 0.0786156367783463 0.2195587437108492 0.0 0.0 0.05882257566779605 0.0 4.5065006600383865e-07 0.0 0.0 0.0 1.1723900520844992e-08 0.0 0.0 0.0 2.7729173336417695e-12 0.0 0.0 0.0 3.769146732946486e-08 0.0 0.0 0.0 0.0 0.006985058277038968 0.0 0.0 0.0 0.022772108474143807 0.0 0.0 0.0 0.056636060853154355 0.0 0.0 0.0 0.06513245205470163 0.0 0.0004399732609958123 0.0 0.0 0.01512434958028696 1.950334800819555e-09 0.0 0.0 0.0010744227227807563 0.005693818995511693 0.0 0.0 0.08573162297489344 0.020758565737295034 0.0 0.0 0.005969771506214363 0.003552836671113482 0.0 0.0 0.12208493843527765 9.376021356744187e-09 0.0 0.0 0.005790967127774521 0.004799664618316382 0.0 0.0 0.14351404630490897 0.02018732173910098 0.0 0.0 0.006501936771043743 0.0 0.0071353418973058545 0.0 0.0 0.0 0.005526893636957219 0.0 0.0 0.0 4.1549589124515567e-08 0.0 0.0 0.0 0.012909228456510258 0.0 0.0 0.0 0.0 3.3919145986515667e-08 0.0 0.0 0.0 1.2895355696448857e-12 0.0 0.0 0.0 4.237579316835219e-09 0.0 0.0 0.0 8.476713112718677e-07 0.0 9.794147684243017e-09 0.0 0.0 0.019815853380141274 3.610213291286246e-08 0.0 0.0 0.010244601992041328 0.0010248267408903245 0.0 0.0 0.042454239220382294 0.02662763526005848 0.0 0.0 0.009105470039836602 0.0009263146219497096 0.0 0.0 0.06103501051217686 1.5952533586207262e-07 0.0 0.0 0.10277839424206618 0.006622316206394873 0.0 0.0 0.06844865754498719 0.15439143062534602 0.0 0.0 0.06370308032153935 0.0 0.2500489427407697 0.0 0.0 0.0 0.14018515927081437 0.0 0.0 0.0 7.862581955342133e-07 0.0 0.0 0.0 0.09946597805877372 0.0 0.0 0.0 0.0 0.011607033284640017 0.0 0.0 0.0 0.056466455344719904 0.0 0.0 0.0 0.0033961616709227683 0.0 0.0 0.0 0.0466416383338822 0.0 0.003810857247578941 0.0 0.0 0.18279062707397153 2.514438481094682e-12 0.0 0.0 0.0235023945976002 1.6581359872027193e-09 0.0 0.0 3.464132594410723e-08 0.019441397089522215 0.0 0.0 0.0067883243955700135 0.0007355473242867414 0.0 0.0 0.054844855703001336 3.808747759708019e-08 0.0 0.0 0.04658364507147546 0.00107442301497957 0.0 0.0 0.02516611413139596 0.02325577203974296 0.0 0.0 0.01186953970719931
0.0 0.0174551595395105 0.0 0.0 0.0 0.005186722143924695 0.0 0.0 0.0 0.0 0.0 0.0 0.0 0.016480572653058922 0.0 0.0 0.0 0.0 0.04034630879238254 0.0 0.0 0.0 0.01881345412884693 0.0 0.0 0.0 0.0 0.0 0.0 0.0 0.4527390012785477 0.0 0.0002569455436596575 0.0 0.0 0.002519939623866777 4.890686186164688e-08 0.0 0.0 0.01063435091106167 0.0 0.0 0.0 0.0 0.03311211541690889 0.0 0.0 0.021653926669842165 0.007915284136973656 0.0 0.0 0.11974217397588141 6.566701189357075e-07 0.0 0.0 0.19124774117391538 0.0 0.0 0.0 0.0 0.3563922780355305 0.0 0.0 0.21138981329730425 0.0 1.7593569067277053e-06 0.0 0.0 0.0 0.0 0.0 0.0 0.0 1.8517212790663727e-12 0.0 0.0 0.0 1.032211267572324e-07 0.0 0.0 0.0 0.0 0.014560879023713091 0.0 0.0 0.0 0.0 0.0 0.0 0.0 0.004415791778597658 0.0 0.0 0.0 0.0125780843939712 0.0 0.0003149132617439363 0.0 0.0 0.010494230986797713 0.0 0.0 0.0 0.0 9.452298773873694e-05 0.0 0.0 0.007912906895549398 4.521359104829082e-09 0.0 0.0 0.00010307138248932124 0.011197572572410972 0.0 0.0 0.3775494303454316 0.0 0.0 0.0 0.0 0.003368588779230845 0.0 0.0 0.09714967652439638 9.767751836756087e-07 0.0 0.0 0.02496492202832485 0.0 0.0 0.0 0.0 0.0 0.013789948658386056 0.0 0.0 0.0 0.0 0.0 0.0 0.0 0.002031814816642003 0.0 0.0 0.0 0.0 0.0 0.0 0.0 0.0 3.1200029828479374e-06 0.0 0.0 0.0 0.0 0.0 0.0 0.0 1.4424235350416603e-06 0.0 0.0 0.0 0.0 0.0 4.120176565950668e-08 0.0 0.0 0.007089084118960233 0.0 0.0 0.0 0.0 0.005742105116086137 0.0 0.0 0.0007492012230164058 0.0 0.0 0.0 0.0 1.0125800119921232e-06 0.0 0.0 0.2802940920175325 0.0 0.0 0.0 0.0 0.12670907901753103 0.0 0.0 0.015355006693009023 0.0 0.48363507108547615 0.0 0.0 0.0 0.0125780843939712 0.0 0.0 0.0 4.562424666168318e-06 0.0 0.0 0.0 0.0 0.0 0.0 0.0 0.0 0.008258181634844887 0.0 0.0 0.0 0.00010307590384842605 0.0 0.0 0.0 0.00916463988123078 0.0 0.0 0.0 0.0 0.0 0.016513955392205557 0.0 0.0 0.24321322563571213 9.968982918518155e-08 0.0 0.0 0.024012261933874606 0.00766787303138062 0.0 0.0 0.17391095510396998 0.0 0.0 0.0 0.0 0.0023511668647676785 0.0 0.0 0.11191313280345636 3.5312975720508427e-09 0.0 0.0 0.0009536368696339265 0.004690778676677856 0.0 0.0 0.14338565178416882 0.0 0.0 0.0 0.0
0.0 0.014708710511517174 0.0 0.0 0.0 0.003764756719347566 0.0 0.0 0.0 1.277733302984449e-07 0.0 0.0 0.0 0.001699375723899597 0.0 0.0 0.0 0.0 0.21586888195185128 0.0 0.0 0.0 0.016764554392781055 0.0 0.0 0.0 0.061817636783011304 0.0 0.0 0.0 0.0486988657105847 0.0 0.00014934552449715507 0.0 0.0 0.028316947698534777 2.672332584979179e-09 0.0 0.0 0.005181377356649237 0.0009405365524641203 0.0 0.0 0.029107735456877015 0.18672362576470347 0.0 0.0 0.04259915267875773 0.00787638626278421 0.0 0.0 0.26421529577025277 5.5525375190315214e-08 0.0 0.0 0.1191444081660882 0.0146976165966054 0.0 0.0 0.2797167597245754 0.08546527678741196 0.0 0.0 0.021094116221506073 0.0 2.9161464345225626e-07 0.0 0.0 0.0 7.064367663597624e-08 0.0 0.0 0.0 4.299025257800391e-12 0.0 0.0 0.0 1.293737191199389e-07 0.0 0.0 0.0 0.0 0.03423113023542913 0.0 0.0 0.0 0.037781498263665385 0.0 0.0 0.0 0.04854367057554816 0.0 0.0 0.0 0.037677029073284386 0.0 9.752969628004003e-05 0.0 0.0 0.004110729095241108 8.540722629099565e-09 0.0 0.0 0.004996823868188327 0.006509606566843229 0.0 0.0 0.08083587162765904 0.000462645818404701 0.0 0.0 9.291636854533832e-05 0.0004580547712874254 0.0 0.0 0.1059574194196926 1.1497319045128086e-07 0.0 0.0 0.05379158693227248 0.0035045565022721087 0.0 0.0 0.24688670761024198 0.044920048000689966 0.0 0.0 0.013417334587072343 0.0 0.016994833419172954 0.0 0.0 0.0 0.012012610690478907 0.0 0.0 0.0 5.286207794578411e-07 0.0 0.0 0.0 0.014790218186079465 0.0 0.0 0.0 0.0 5.492492161534561e-08 0.0 0.0 0.0 1.3993327503674572e-07 0.0 0.0 0.0 3.249150380331918e-07 0.0 0.0 0.0 1.3662517409626073e-07 0.0 0.0020062919168200143 0.0 0.0 0.04084845453283454 2.0752078789184655e-08 0.0 0.0 0.007705564229732909 0.0011261667598944291 0.0 0.0 0.05027253024850406 0.005844477844651222 0.0 0.0 0.002558125989081512 0.006153320349330534 0.0 0.0 0.17542230291121017 2.1301932570480418e-07 0.0 0.0 0.22170670942939832 0.017019707938431494 0.0 0.0 0.8489967221236536 0.1893904965406157 0.0 0.0 0.07712685447954562 0.0 0.30635420470590474 0.0 0.0 0.0 0.14245589009442394 0.0 0.0 0.0 0.0 0.0 0.0 0.0 0.10108355660651719 0.0 0.0 0.0 0.0 0.0352203745429789 0.0 0.0 0.0 0.042559938992162934 0.0 0.0 0.0 0.0 0.0 0.0 0.0 0.03979296635507354 0.0 0.0018509446546495195 0.0 0.0 0.11846389019464029 2.345086974516973e-13 0.0 0.0 0.0026443245174125095 0.0 0.0 0.0 0.0 0.0018135377223212226 0.0 0.0 0.0013963006748586632 0.0022404861083652676 0.0 0.0 0.06700566751289858 7.615307837506804e-08 0.0 0.0 0.05376502829697739 0.0 0.0 0.0 0.0 0.03527354292804767 0.0 0.0 0.01378030215661339
0.0 0.0012326699001199667 0.0 0.0 0.0 0.0016024032034061353 0.0 0.0 0.0 1.8300929869623293e-08 0.0 0.0 0.0 0.0 0.0 0.0 0.0 0.0 0.0021559395463283397 0.0 0.0 0.0 0.08047668866921447 0.0 0.0 0.0 0.0034898219655184214 0.0 0.0 0.0 0.0 0.0 3.314588493354711e-15 0.0 0.0 6.924474269946602e-09 6.967151030139092e-14 0.0 0.0 0.002697460673641735 0.00010786420356666709 0.0 0.0 0.00204807534316776 0.0 0.0 0.0 0.0 1.1376448970499703e-08 0.0 0.0 0.02664590087561258 1.5005361944612483e-12 0.0 0.0 0.0653960905671047 0.0033514660485065104 0.0 0.0 0.05107181138428567 0.0 0.0 0.0 0.0 0.0 1.1023161666155919e-07 0.0 0.0 0.0 0.0 0.0 0.0 0.0 1.879689994098692e-11 0.0 0.0 0.0 9.837537621534708e-08 0.0 0.0 0.0 0.0 0.0012568708226234626 0.0 0.0 0.0 0.0 0.0 0.0 0.0 0.08003046404023052 0.0 0.0 0.0 0.004702487206410981 0.0 1.768075700656797e-14 0.0 0.0 6.427699371769667e-13 0.0 0.0 0.0 0.0 0.005365780095647988 0.0 0.0 0.08239222987282231 5.771284315651038e-13 0.0 0.0 2.1970231251969664e-13 0.000689137617174201 0.0 0.0 0.028088409950912645 0.0 0.0 0.0 0.0 0.03895292869988248 0.0 0.0 0.8745016277001676 0.038622769911181284 0.0 0.0 0.0167437017522096 0.0 0.0079508913544669 0.0 0.0 0.0 0.042428816421558234 0.0 0.0 0.0 2.019812743851338e-07 0.0 0.0 0.0 0.0014405898506748508 0.0 0.0 0.0 0.0 6.925296765382461e-09 0.0 0.0 0.0 1.0964076278966681e-07 0.0 0.0 0.0 1.0373339282241503e-07 0.0 0.0 0.0 9.919455234054917e-13 0.0 0.00012248854881456424 0.0 0.0 0.0038333931298405134 8.17278120894544e-09 0.0 0.0 0.05008119884070357 1.6694125226917467e-08 0.0 0.0 0.023795924991367273 0.0038452233641227355 0.0 0.0 0.0005254671174802064 0.0017459956402961646 0.0 0.0 0.07645081027024743 2.0045050511841119e-07 0.0 0.0 0.8385600537862998 0.005383916540528966 0.0 0.0 0.30119965091217327 0.07309355533073494 0.0 0.0 0.011198750204957674 0.0 0.07693877869485767 0.0 0.0 0.0 0.03862276991175841 0.0 0.0 0.0 0.0 0.0 0.0 0.0 0.0 0.0 0.0 0.0 0.0 0.0014405898506748504 0.0 0.0 0.0 9.837537621534708e-08 0.0 0.0 0.0 0.0 0.0 0.0 0.0 0.0 0.0 2.6243673031692672e-14 0.0 0.0 9.657018503737989e-13 1.0429897864032668e-13 0.0 0.0 0.004702487206306683 0.0 0.0 0.0 0.0 0.0 0.0 0.0 0.0 0.0002774582216748321 0.0 0.0 0.011446759100763048 3.268901766524486e-13 0.0 0.0 0.016743701752102415 0.0 0.0 0.0 0.0 0.0 0.0 0.0 0.0
0.0 0.008627002968255443 0.0 0.0 0.0 0.0 0.0 0.0 0.0 7.168639162974062e-08 0.0 0.0 0.0 0.00462071743293069 0.0 0.0 0.0 0.0 0.04699258361843766 0.0 0.0 0.0 0.0 0.0 0.0 0.0 0.09033792121215405 0.0 0.0 0.0 0.055509138388721874 0.0 1.1212140454550482e-09 0.0 0.0 0.0002081290007115278 0.0 0.0 0.0 0.0 0.00237339002101267 0.0 0.0 0.03914697654231987 0.033079378087292395 0.0 0.0 0.008842181709240116 0.0027379752964436766 0.0 0.0 0.0869352072949339 0.0 0.0 0.0 0.0 0.013909696898430848 0.0 0.0 0.19373404200634878 0.08466404822903448 0.0 0.0 0.05578603498610751 0.0 3.753223773891741e-08 0.0 0.0 0.0 1.0854927647031515e-07 0.0 0.0 0.0 5.24329291987419e-12 0.0 0.0 0.0 2.3510167312398952e-07 0.0 0.0 0.0 0.0 0.032662576932337 0.0 0.0 0.0 0.003922584177203787 0.0 0.0 0.0 0.14445171072712165 0.0 0.0 0.0 0.009767262449629633 0.0 3.680004942749292e-05 0.0 0.0 0.0025132027586125777 1.6563516087238397e-14 0.0 0.0 7.865436504530671e-09 0.000263730926275859 0.0 0.0 0.03900271497653811 0.0027705226780634865 0.0 0.0 0.0011520777833033907 0.00017130431667710148 0.0 0.0 0.013116378177373527 8.372960958320803e-08 0.0 0.0 0.04457751544512248 0.009573090134820635 0.0 0.0 0.24321145112998913 0.030404304360337284 0.0 0.0 0.05290619716032383 0.0 0.025326869051619214 0.0 0.0 0.0 0.021057201984249017 0.0 0.0 0.0 3.266074038562118e-07 0.0 0.0 0.0 0.03669402020817967 0.0 0.0 0.0 0.0 1.4109742522920973e-07 0.0 0.0 0.0 8.782968419423481e-07 0.0 0.0 0.0 2.448913424186664e-06 0.0 0.0 0.0 8.690183917400896e-06 0.0 1.5981439087487466e-08 0.0 0.0 0.044184425601094895 1.2890354292417408e-08 0.0 0.0 0.03832070935191638 0.013715100623214687 0.0 0.0 0.16624944464633193 0.06491670345039276 0.0 0.0 0.05471402871238272 0.009287215865275764 0.0 0.0 0.26070343076980357 2.47034196517446e-07 0.0 0.0 0.2316227490424342 0.02893593254758134 0.0 0.0 0.4701009433953595 0.2976080203342974 0.0 0.0 0.1765624340774802 0.0 0.16391571520869558 0.0 0.0 0.0 0.16974682375276656 0.0 0.0 0.0 1.1686466829964436e-05 0.0 0.0 0.0 0.28529585290632153 0.0 0.0 0.0 0.0 0.003994776177293541 0.0 0.0 0.0 0.04181559456362826 0.0 0.0 0.0 0.13828592213361232 0.0 0.0 0.0 0.1425145327745709 0.0 0.0015470017818902126 0.0 0.0 0.024858962465776666 1.6332178910981467e-13 0.0 0.0 0.005991855310311118 0.002084387563225815 0.0 0.0 0.0816763743965695 0.07396067564835622 0.0 0.0 0.01768036663054697 0.0005534351512590348 0.0 0.0 0.047631608048412 3.753409034776533e-08 0.0 0.0 0.07344748743903283 0.00925395464280053 0.0 0.0 0.2051903726969504 0.03156642554683963 0.0 0.0 0.030985743693349478
0.0 0.008173565280569556 0.0 0.0 0.0 0.003461245476024818 0.0 0.0 0.0 6.255549308080384e-08 0.0 0.0 0.0 0.001663435061627297 0.0 0.0 0.0 0.0 0.005593052355224844 0.0 0.0 0.0 0.06406844244306668 0.0 0.0 0.0 0.03243743524983665 0.0 0.0 0.0 0.022311570168837887 0.0 0.00011071151618541961 0.0 0.0 0.004055296954746499 5.548116695687649e-08 0.0 0.0 0.029399932405711114 0.0005319028622932616 0.0 0.0 0.005170739641683726 0.018974709770259106 0.0 0.0 0.002611660367821182 0.00394583703521621 0.0 0.0 0.1633614730816948 1.370923130507378e-07 0.0 0.0 0.08831012332535466 0.01348865550016369 0.0 0.0 0.13361114041416694 0.04245951437900568 0.0 0.0 0.023123071986631237 0.0 4.4603867646889256e-07 0.0 0.0 0.0 1.0281467689142543e-06 0.0 0.0 0.0 5.686348527789772e-12 0.0 0.0 0.0 4.2117467119419983e-07 0.0 0.0 0.0 0.0 0.0033433859738184195 0.0 0.0 0.0 0.06744027251956392 0.0 0.0 0.0 0.12667458592804415 0.0 0.0 0.0 0.008951704300153272 0.0 0.00038396454369628215 0.0 0.0 0.015605815810493764 1.3123196314969012e-07 0.0 0.0 0.07846827686870932 0.0027462106700393164 0.0 0.0 0.05260285295292136 0.001395002603561375 0.0 0.0 0.0008420777596434556 0.005162132145626255 0.0 0.0 0.16074419171132615 7.695671991543147e-07 0.0 0.0 0.48390530482616234 0.01361002499003668 0.0 0.0 0.2859901596347292 0.16483857197972104 0.0 0.0 0.08330813289534192 0.0 0.015003555596086397 0.0 0.0 0.0 0.0198899360511575 0.0 0.0 0.0 7.320933407760403e-08 0.0 0.0 0.0 0.007176985020470667 0.0 0.0 0.0 0.0 1.3323799371866735e-08 0.0 0.0 0.0 9.812941806295147e-08 0.0 0.0 0.0 1.8009486771666473e-09 0.0 0.0 0.0 2.251634739495083e-08 0.0 4.0050264582409385e-05 0.0 0.0 0.0011937222920935012 2.487115597680435e-07 0.0 0.0 0.09773074408877976 0.005461488602553672 0.0 0.0 0.05075438413030522 0.002894506693079382 0.0 0.0 0.001036878195875751 0.0029613593155777486 0.0 0.0 0.09194526094204297 4.098750479241723e-07 0.0 0.0 0.2899064228360391 0.006232267251962018 0.0 0.0 0.08574373398380619 0.09992046708578851 0.0 0.0 0.037163089467348163 0.0 0.10123293330163366 0.0 0.0 0.0 0.17691974128357188 0.0 0.0 0.0 0.0 0.0 0.0 0.0 0.08557130364979887 0.0 0.0 0.0 0.0 0.05191855734702463 0.0 0.0 0.0 0.012139026135073836 0.0 0.0 0.0 0.0 0.0 0.0 0.0 0.030354510827928588 0.0 0.00035988082196322354 0.0 0.0 0.012839547893535551 8.387535989871075e-08 0.0 0.0 0.03726430209654355 0.0 0.0 0.0 0.0 0.007281046111377577 0.0 0.0 0.0010160076294936484 0.00033437273086720653 0.0 0.0 0.018554644128613063 2.7392656609912088e-08 0.0 0.0 0.07006071717461394 0.0 0.0 0.0 0.0 0.04994547640470296 0.0 0.0 0.01107159160033568
0.0 0.0 0.0 0.0 0.0 0.007166726801647932 0.0 0.0 0.0 6.374863154088392e-09 0.0 0.0 0.0 0.010235571864187963 0.0 0.0 0.0 0.0 0.0 0.0 0.0 0.0 0.154679658957946 0.0 0.0 0.0 0.046919889859595554 0.0 0.0 0.0 0.2688092673389378 0.0 0.0 0.0 0.0 0.0 1.0314319539742273e-07 0.0 0.0 0.030367516714322616 4.804160293482656e-05 0.0 0.0 0.0009190636598249906 0.048231087764377005 0.0 0.0 0.008903846093945 0.0 0.0 0.0 0.0 4.452934472437316e-07 0.0 0.0 0.25606272358201687 0.0020407461815820298 0.0 0.0 0.01903797147390347 0.25693233947382493 0.0 0.0 0.09654507899176754 0.0 8.16724932681817e-07 0.0 0.0 0.0 0.0 0.0 0.0 0.0 3.823156310568976e-12 0.0 0.0 0.0 2.3668403628431065e-08 0.0 0.0 0.0 0.0 0.029735684328623755 0.0 0.0 0.0 0.0 0.0 0.0 0.0 0.006935997902068753 0.0 0.0 0.0 0.0006089175090397022 0.0 0.0025812798817402773 0.0 0.0 0.0335415625944461 0.0 0.0 0.0 0.0 0.0016884870075201841 0.0 0.0 0.06106509940810668 0.037740326784538085 0.0 0.0 0.018063000210170675 0.004912968730365634 0.0 0.0 0.20509056435070758 0.0 0.0 0.0 0.0 0.006749896593829514 0.0 0.0 0.19942339569546771 0.008308651831861618 0.0 0.0 0.004244799148690314 0.0 0.0018620551376491408 0.0 0.0 0.0 0.006060203551625325 0.0 0.0 0.0 0.0 0.0 0.0 0.0 0.004695941110990154 0.0 0.0 0.0 0.0 4.149004596700457e-09 0.0 0.0 0.0 8.228134722929139e-08 0.0 0.0 0.0 0.0 0.0 0.0 0.0 6.131295135645878e-07 0.0 0.0012497172830512136 0.0 0.0 0.017976798816050257 9.486260777066504e-09 0.0 0.0 0.009531173033007783 0.0 0.0 0.0 0.0 0.027470342408979827 0.0 0.0 0.0068893799741539296 0.000782033767326842 0.0 0.0 0.012612250423269957 2.4278391420523896e-07 0.0 0.0 0.12233972716925269 0.0 0.0 0.0 0.0 0.169077157647388 0.0 0.0 0.03324658276343857 0.0 0.4685459442938976 0.0 0.0 0.0 0.024053669386458962 0.0 0.0 0.0 6.10901959369453e-07 0.0 0.0 0.0 0.09958697777668098 0.0 0.0 0.0 0.0 0.05873397050097151 0.0 0.0 0.0 1.464722877695041e-08 0.0 0.0 0.0 0.0027432977472883163 0.0 0.0 0.0 0.05237257911312332 0.0 0.006180679135242079 0.0 0.0 0.26503774137796166 1.5492110056703227e-09 0.0 0.0 0.0003646223597868506 1.1742793472667006e-09 0.0 0.0 6.516502964138623e-08 0.023105832173121458 0.0 0.0 0.015193640364212231 0.0016956262429730013 0.0 0.0 0.09636038743410656 3.814113083742871e-08 0.0 0.0 0.010064513492535582 0.0005020618036733674 0.0 0.0 0.03123682278412197 0.03669115774519133 0.0 0.0 0.014429829862134723
0.0 0.005314353030147867 0.0 0.0 0.0 0.007546471287416228 0.0 0.0 0.0 6.450739392712257e-08 0.0 0.0 0.0 0.004845541458232072 0.0 0.0 0.0 0.0 0.007801021740479269 0.0 0.0 0.0 0.017087697582412086 0.0 0.0 0.0 0.07449191972797257 0.0 0.0 0.0 0.10136077903438384 0.0 0.0007237106517804481 0.0 0.0 0.012746432646822674 1.6217357462296526e-09 0.0 0.0 0.001043990709578448 0.00040137209114347877 0.0 0.0 0.007199211798441445 0.0019297336457034665 0.0 0.0 0.00048408708036003554 0.00358057429850933 0.0 0.0 0.07661445612887821 2.3720652989957257e-07 0.0 0.0 0.15228918242002393 0.013205784657045073 0.0 0.0 0.22504329270785692 0.06072412014987382 0.0 0.0 0.04421683562468238 0.0 2.5642380845527964e-07 0.0 0.0 0.0 2.5736284724249227e-07 0.0 0.0 0.0 3.5862288996561695e-12 0.0 0.0 0.0 2.2031459938945683e-07 0.0 0.0 0.0 0.0 0.004708465208603395 0.0 0.0 0.0 0.03323171877019394 0.0 0.0 0.0 0.03224734700261997 0.0 0.0 0.0 0.01620729999123504 0.0 7.581527287356893e-10 0.0 0.0 5.4722443423659726e-08 6.567080171321986e-08 0.0 0.0 0.02996514732767096 0.0013095529029350523 0.0 0.0 0.03666232401326899 0.0083729363546573 0.0 0.0 0.004320753588850953 0.0032126366184862636 0.0 0.0 0.09885913476512354 8.353227296420792e-08 0.0 0.0 0.15036382432944884 0.011245028164572209 0.0 0.0 0.20328387723733168 0.1046568056591418 0.0 0.0 0.04440956491921186 0.0 0.04036968115300847 0.0 0.0 0.0 0.00852320669511294 0.0 0.0 0.0 2.4408727690867373e-07 0.0 0.0 0.0 0.00897670641054914 0.0 0.0 0.0 0.0 8.792534349975085e-07 0.0 0.0 0.0 9.351096852473225e-08 0.0 0.0 0.0 2.355029051227687e-07 0.0 0.0 0.0 3.724139867241416e-07 0.0 0.0005350167283548719 0.0 0.0 0.005480123089589011 1.3997688451736436e-08 0.0 0.0 0.033789419544639356 0.007567367864189436 0.0 0.0 0.08298139339194127 0.004498468953299652 0.0 0.0 0.0008641838647097437 0.007607225543888732 0.0 0.0 0.3019422358871166 2.65429760969817e-07 0.0 0.0 0.17124809781506534 0.01609976828926818 0.0 0.0 0.39166021718196886 0.13004196690473452 0.0 0.0 0.03358588228041654 0.0 0.14830007706592416 0.0 0.0 0.0 0.07032489562727594 0.0 0.0 0.0 1.2720830383044551e-06 0.0 0.0 0.0 0.10613265773158012 0.0 0.0 0.0 0.0 0.00668146454411206 0.0 0.0 0.0 0.03031132547520657 0.0 0.0 0.0 0.028976485200914157 0.0 0.0 0.0 0.0323368971025589 0.0 0.0007081881542050293 0.0 0.0 0.03616146483619429 4.6653091485819056e-08 0.0 0.0 0.03965287490287483 0.00506766025704714 0.0 0.0 0.06171804428059088 0.0038057581709171426 0.0 0.0 0.0017299925477541303 0.0002951829299352025 0.0 0.0 0.021414719462864835 1.999296008552586e-08 0.0 0.0 0.03767841817628742 0.002973304119746891 0.0 0.0 0.043637298720819694 0.019868082917871913 0.0 0.0 0.014094192357014113
0.0 0.007533689271420141 0.0 0.0 0.0 0.0021168224529267304 0.0 0.0 0.0 7.806869143948189e-08 0.0 0.0 0.0 0.005334995706770126 0.0 0.0 0.0 0.0 0.027766962049916022 0.0 0.0 0.0 0.03934078049877935 0.0 0.0 0.0 0.059457901446926975 0.0 0.0 0.0 0.1663098230899794 0.0 0.00016246784210405027 0.0 0.0 0.022593603321573216 2.8781579950520654e-11 0.0 0.0 3.845007848273181e-05 0.0002613727794847174 0.0 0.0 0.0057332713736726005 0.09220020802625233 0.0 0.0 0.011696772652279173 0.0022257613090429233 0.0 0.0 0.14470062847748516 1.1557982520721942e-07 0.0 0.0 0.060995387496975126 0.021233567352185255 0.0 0.0 0.2720342554542368 0.14041734280398205 0.0 0.0 0.045252860331705315 0.0 7.571404135656599e-08 0.0 0.0 0.0 8.297110354877554e-07 0.0 0.0 0.0 2.745456226538381e-12 0.0 0.0 0.0 4.2916318155826683e-07 0.0 0.0 0.0 0.0 0.02922350999261894 0.0 0.0 0.0 0.08583591703453149 0.0 0.0 0.0 0.06370599331445313 0.0 0.0 0.0 0.11788995459435343 0.0 7.083882257421965e-10 0.0 0.0 1.4251921577120613e-08 2.7390627206223056e-08 0.0 0.0 0.01430078354417565 5.28579661176619e-08 0.0 0.0 0.08299051627991276 0.09284194249897725 0.0 0.0 0.019702830737716538 0.0009348727174085891 0.0 0.0 0.02108730468350668 6.636079205282722e-07 0.0 0.0 0.3610737813226782 0.0021274798162821177 0.0 0.0 0.1586506261359527 0.2056365765141831 0.0 0.0 0.07638604717044194 0.0 0.04451509486823882 0.0 0.0 0.0 0.004556380751003857 0.0 0.0 0.0 1.503268870473185e-07 0.0 0.0 0.0 0.0010229144880737526 0.0 0.0 0.0 0.0 1.863854022595246e-07 0.0 0.0 0.0 2.6271478754513177e-07 0.0 0.0 0.0 3.8017687958388543e-08 0.0 0.0 0.0 7.487575775767804e-13 0.0 0.00048345725089716623 0.0 0.0 0.016239464438990506 1.8944116546569593e-07 0.0 0.0 0.0762556433666562 0.0020547697782128944 0.0 0.0 0.017423511126332607 0.009191633362080365 0.0 0.0 0.002013779533729949 0.009731650926429483 0.0 0.0 0.4414879268088957 5.5414141895923594e-08 0.0 0.0 0.07292480251590114 0.021775466885911553 0.0 0.0 0.26622073227228027 0.03132340595976443 0.0 0.0 0.00769404472348815 0.0 0.24354109172018545 0.0 0.0 0.0 0.28998134202099085 0.0 0.0 0.0 2.5872030257759564e-07 0.0 0.0 0.0 0.24147153721870154 0.0 0.0 0.0 0.0 0.0793173167170435 0.0 0.0 0.0 0.08465920802158693 0.0 0.0 0.0 0.0004985155189970929 0.0 0.0 0.0 0.09007016434430608 0.0 0.001767481068802149 0.0 0.0 0.04244149975539711 1.7956656416064355e-07 0.0 0.0 0.15498576372490228 0.002326721306006508 0.0 0.0 0.04176379286767115 0.11374989652009608 0.0 0.0 0.028255278311810465 0.0008018038594208074 0.0 0.0 0.042097031422233956 1.0356197781488639e-07 0.0 0.0 0.08532273991860247 0.0003151096581543093 0.0 0.0 0.006341379996753719 0.06414458349763015 0.0 0.0 0.02601209885419472
0.0 0.006356200527896694 0.0 0.0 0.0 0.0006076911958047326 0.0 0.0 0.0 6.723108837253045e-08 0.0 0.0 0.0 0.0066326858185242425 0.0 0.0 0.0 0.0 0.02536806787107899 0.0 0.0 0.0 0.033932134326188364 0.0 0.0 0.0 0.2064795066853731 0.0 0.0 0.0 0.09089835962779082 0.0 0.0020424500079581436 0.0 0.0 0.04340966610838297 9.000302638054884e-10 0.0 0.0 0.0003572398133210111 0.00184462060644565 0.0 0.0 0.009964057832720453 0.0007356147218896364 0.0 0.0 0.013455106683938057 0.00517936749833308 0.0 0.0 0.12074817516046138 3.568211800482873e-08 0.0 0.0 0.015878879876065427 0.012531771971090228 0.0 0.0 0.12461184822797655 0.16452990862059785 0.0 0.0 0.07918019708195388 0.0 1.373301246344907e-07 0.0 0.0 0.0 6.57496226513566e-08 0.0 0.0 0.0 2.5349802676701247e-12 0.0 0.0 0.0 1.765052443862221e-07 0.0 0.0 0.0 0.0 0.0008794357592247974 0.0 0.0 0.0 0.0035537554268214454 0.0 0.0 0.0 0.09456648294833418 0.0 0.0 0.0 0.09483580810596612 0.0 4.6230352828006435e-15 0.0 0.0 3.2955910761821187e-13 5.669069959291354e-19 0.0 0.0 3.513219443344015e-08 0.0037847098706538414 0.0 0.0 0.10160653793673514 0.0629611558869394 0.0 0.0 0.019995205665024857 0.0006165900236613382 0.0 0.0 0.04927981868018282 6.796503930528154e-13 0.0 0.0 0.047222125484209586 0.0010506811572640882 0.0 0.0 0.15442346063917214 0.056242828994116006 0.0 0.0 0.019844733810348097 0.0 0.02466101394767289 0.0 0.0 0.0 0.006884286800212903 0.0 0.0 0.0 2.5306330569889e-07 0.0 0.0 0.0 0.03313595287334308 0.0 0.0 0.0 0.0 5.8641761688663134e-08 0.0 0.0 0.0 1.0047134983757658e-06 0.0 0.0 0.0 1.1193211815918339e-06 0.0 0.0 0.0 5.044783378096454e-06 0.0 0.0002521867321439317 0.0 0.0 0.011080648160561535 9.419760918662614e-08 0.0 0.0 0.034589466910578986 0.007004062655038296 0.0 0.0 0.09384786978226639 0.0672174570995525 0.0 0.0 0.09822912418921366 0.003289326889295797 0.0 0.0 0.16382069280267536 1.0888291852684931e-07 0.0 0.0 0.11085298387576531 0.021770479312883527 0.0 0.0 0.2328080884200188 0.25920960766815276 0.0 0.0 0.15151459490869282 0.0 0.32833953871371796 0.0 0.0 0.0 0.18634343849470625 0.0 0.0 0.0 6.907162890701028e-06 0.0 0.0 0.0 0.33224634819200516 0.0 0.0 0.0 0.0 0.04770183907073825 0.0 0.0 0.0 0.15086075002537366 0.0 0.0 0.0 0.011173800772075615 0.0 0.0 0.0 0.1686540076427855 0.0 0.002779600416723898 0.0 0.0 0.11547647618418512 6.130201871506887e-08 0.0 0.0 0.059246388314438035 0.002304953789932572 0.0 0.0 0.0568103222616946 0.0777558138211019 0.0 0.0 0.05154370230278987 0.0005888698547871406 0.0 0.0 0.06364947548865313 7.862215230419857e-08 0.0 0.0 0.06053311938306096 0.014390227321226374 0.0 0.0 0.16919369765981884 0.13311346251580375 0.0 0.0 0.04910237422195817
0.0 0.00436431830641879 0.0 0.0 0.0 0.0006739071863128969 0.0 0.0 0.0 2.535136193120395e-08 0.0 0.0 0.0 0.0021138365566752155 0.0 0.0 0.0 0.0 0.003142571550984362 0.0 0.0 0.0 0.0019091715751692587 0.0 0.0 0.0 0.07511565477947933 0.0 0.0 0.0 0.14300303292267422 0.0 8.598653626287925e-05 0.0 0.0 0.0018983733825179672 3.023484567704068e-14 0.0 0.0 0.0011582879183590724 3.4420447111581305e-09 0.0 0.0 0.0043721421063855235 0.003369068083925875 0.0 0.0 0.0011349705031057557 0.0036553801436085835 0.0 0.0 0.07965456487248704 6.330991234807843e-13 0.0 0.0 0.027192364916921976 0.0001404428899503622 0.0 0.0 0.07504038941791094 0.07070246023011878 0.0 0.0 0.027146484482912615 0.0 0.0 0.0 0.0 0.0 4.3452709928600045e-08 0.0 0.0 0.0 2.2806542077231555e-12 0.0 0.0 0.0 1.1115156543327019e-07 0.0 0.0 0.0 0.0 0.0 0.0 0.0 0.0 0.01179999480738769 0.0 0.0 0.0 0.02406001719399763 0.0 0.0 0.0 0.06185561026129807 0.0 0.0 0.0 0.0 0.0 1.4363989535812802e-08 0.0 0.0 0.01888523919467789 0.00031645074297083115 0.0 0.0 0.004475481570114992 0.03680859150396783 0.0 0.0 0.0036385131586919384 0.0 0.0 0.0 0.0 1.6322832153870045e-09 0.0 0.0 0.031182169743804854 0.005196257085960975 0.0 0.0 0.1206204513918077 0.12092909437888125 0.0 0.0 0.024237932325007927 0.0 0.008528870867087347 0.0 0.0 0.0 0.006779695474549299 0.0 0.0 0.0 1.263271144296973e-07 0.0 0.0 0.0 0.016294117298749102 0.0 0.0 0.0 0.0 1.1759034655929316e-07 0.0 0.0 0.0 1.3500647871965113e-07 0.0 0.0 0.0 7.684144793890009e-07 0.0 0.0 0.0 1.3108163538195285e-06 0.0 0.0009871330913101316 0.0 0.0 0.021483510486900198 2.982902591430542e-09 0.0 0.0 0.01866225980806411 0.0054623036316542 0.0 0.0 0.06037785802423567 0.040041608425600776 0.0 0.0 0.01705730502677581 0.0008281442520757829 0.0 0.0 0.09190715010198622 8.251094120462776e-08 0.0 0.0 0.09829275060677033 0.009660706970239416 0.0 0.0 0.1719680894116893 0.14023739940371857 0.0 0.0 0.06477184340564088 0.0 0.210277241654801 0.0 0.0 0.0 0.09026197614911126 0.0 0.0 0.0 2.146551801712069e-06 0.0 0.0 0.0 0.23880732661740345 0.0 0.0 0.0 0.0 0.008876142831301094 0.0 0.0 0.0 0.050414989145377335 0.0 0.0 0.0 0.05844611701386666 0.0 0.0 0.0 0.1394781426338481 0.0 0.001255691471630358 0.0 0.0 0.059292706400016916 2.6566354084796394e-08 0.0 0.0 0.06847757036911047 0.009821788678788256 0.0 0.0 0.1025156740946432 0.07967428715174023 0.0 0.0 0.023300351901890712 0.0003397519058810991 0.0 0.0 0.029295781710635082 2.6549422050054324e-08 0.0 0.0 0.03831526400003722 0.0017531686562551436 0.0 0.0 0.04399722618663094 0.0475861817951641 0.0 0.0 0.027960878653631283
0.0 0.010576871739677083 0.0 0.0 0.0 0.0047377532215904464 0.0 0.0 0.0 1.0608977468221014e-07 0.0 0.0 0.0 0.00207112472458661 0.0 0.0 0.0 0.0 0.05315202260845306 0.0 0.0 0.0 0.02804041003661476 0.0 0.0 0.0 0.09298590345468094 0.0 0.0 0.0 0.05914844155909107 0.0 1.0100783601931133e-05 0.0 0.0 0.0005555206381414111 1.0143473374770256e-07 0.0 0.0 0.04292806609130535 0.00023608184448918653 0.0 0.0 0.02973273631066133 0.0003742525739304675 0.0 0.0 0.0018951429197804376 0.003327620228103533 0.0 0.0 0.08732742335623475 1.7886301835400256e-07 0.0 0.0 0.17221278531947615 0.015586913654825172 0.0 0.0 0.2953170248373618 0.03082904863402441 0.0 0.0 0.02964163707195646 0.0 4.564131041137587e-07 0.0 0.0 0.0 1.3113872534697323e-07 0.0 0.0 0.0 6.5108398383605466e-12 0.0 0.0 0.0 1.0277026407114745e-07 0.0 0.0 0.0 0.0 0.002187760098560675 0.0 0.0 0.0 0.027664281939342884 0.0 0.0 0.0 0.012032958536883171 0.0 0.0 0.0 0.028987814589723822 0.0 5.0256555932765224e-05 0.0 0.0 0.005619368132552303 2.0496959223703094e-08 0.0 0.0 0.040509678252909076 0.0004764311943273966 0.0 0.0 0.009238412418222824 0.0011154337627672067 0.0 0.0 0.00042431333860139156 0.0014229290491789533 0.0 0.0 0.14566878910488296 1.6443730903195653e-07 0.0 0.0 0.08677528308896626 0.017646388510357276 0.0 0.0 0.23951501617127977 0.09952035025592947 0.0 0.0 0.024901544636925902 0.0 0.02654749215299967 0.0 0.0 0.0 0.01004975246712016 0.0 0.0 0.0 7.471065747747688e-08 0.0 0.0 0.0 0.006073249509159706 0.0 0.0 0.0 0.0 6.773036228464623e-07 0.0 0.0 0.0 9.607512114778142e-07 0.0 0.0 0.0 3.4340050902916486e-08 0.0 0.0 0.0 4.1558499660900406e-08 0.0 0.0008848212969986848 0.0 0.0 0.01795318682166944 4.953176760827568e-10 0.0 0.0 0.009223556023320945 0.00017436488618431808 0.0 0.0 0.0064174257194363005 0.050189657561345094 0.0 0.0 0.022947718594812747 0.009880059322292882 0.0 0.0 0.2856227936816824 1.804030131649356e-07 0.0 0.0 0.19765493295591305 0.006435235567878625 0.0 0.0 0.1419224241300042 0.06446581740044664 0.0 0.0 0.04226298660079038 0.0 0.1898038560766576 0.0 0.0 0.0 0.0560851783370746 0.0 0.0 0.0 1.5437302312186387e-06 0.0 0.0 0.0 0.01453068616208155 0.0 0.0 0.0 0.0 0.01568020176810683 0.0 0.0 0.0 0.0017282614251030598 0.0 0.0 0.0 0.0049204587599642555 0.0 0.0 0.0 0.00034624121291779305 0.0 0.0008580108822009398 0.0 0.0 0.031060832873327966 1.9460877197008487e-08 0.0 0.0 0.050650709596472394 0.0003112460332213953 0.0 0.0 0.005601714001802972 5.326509923307252e-09 0.0 0.0 7.458195603405642e-10 0.0009520479639124089 0.0 0.0 0.040554257273375575 2.473737597632616e-08 0.0 0.0 0.015495453926466342 0.003151144934873306 0.0 0.0 0.04799371628159153 0.013926698791091737 0.0 0.0 0.0021862796324217983
0.0 0.010386451280547706 0.0 0.0 0.0 0.00092298028321504 0.0 0.0 0.0 1.1762047181169577e-07 0.0 0.0 0.0 0.003650185331787037 0.0 0.0 0.0 0.0 0.011384521723765764 0.0 0.0 0.0 0.03401024782641016 0.0 0.0 0.0 0.0794226977412501 0.0 0.0 0.0 0.19429426624534984 0.0 8.381390814317242e-05 0.0 0.0 0.007741654753157203 4.025747481492313e-09 0.0 0.0 0.0025910635667179883 0.003859324820430734 0.0 0.0 0.04931136049557436 0.003088344685758862 0.0 0.0 0.0009975184046034286 0.0048189376841337676 0.0 0.0 0.19036999114486225 8.598022878060782e-08 0.0 0.0 0.03740407514921715 0.01401916323265327 0.0 0.0 0.26549384866307113 0.09879338073622425 0.0 0.0 0.036354360338191366 0.0 1.592287586853059e-07 0.0 0.0 0.0 7.392135399655459e-08 0.0 0.0 0.0 2.1446410466286326e-12 0.0 0.0 0.0 2.5078976860590124e-07 0.0 0.0 0.0 0.0 0.03135536569465865 0.0 0.0 0.0 0.03855559540326742 0.0 0.0 0.0 0.05236438356814765 0.0 0.0 0.0 0.01967375490557434 0.0 0.001377770841082948 0.0 0.0 0.056070131524083335 7.997485877557305e-08 0.0 0.0 0.023724127177969744 0.0026547173405664874 0.0 0.0 0.033693720956724044 0.01450150085222479 0.0 0.0 0.005169941782866977 0.0005099282202977331 0.0 0.0 0.060543558154191865 3.259925746546082e-08 0.0 0.0 0.050112776170597534 0.0047818971886121 0.0 0.0 0.09382642302264661 0.10884545606104735 0.0 0.0 0.0391302376873595 0.0 0.01346967821555194 0.0 0.0 0.0 0.007406980915373634 0.0 0.0 0.0 2.7657197443782363e-08 0.0 0.0 0.0 0.014169743626482672 0.0 0.0 0.0 0.0 3.6264371165151285e-07 0.0 0.0 0.0 2.916870183291071e-07 0.0 0.0 0.0 7.564239939248289e-07 0.0 0.0 0.0 7.711730634860121e-08 0.0 0.0019015143478251161 0.0 0.0 0.06827682380506965 5.485396741161272e-08 0.0 0.0 0.0363253732068462 0.0006575347543215296 0.0 0.0 0.03834206526467343 0.027653938138149793 0.0 0.0 0.006376394537839388 0.002299947267369799 0.0 0.0 0.1388370442150817 7.891896534559239e-08 0.0 0.0 0.10612413408090231 0.0036183276553864974 0.0 0.0 0.06977397349173209 0.2516408519436514 0.0 0.0 0.07480127879425347 0.0 0.29525544481191757 0.0 0.0 0.0 0.12379971613249388 0.0 0.0 0.0 1.3425922163575252e-06 0.0 0.0 0.0 0.15358252463661315 0.0 0.0 0.0 0.0 0.02493283459799717 0.0 0.0 0.0 0.05678757055727008 0.0 0.0 0.0 0.04774586117530086 0.0 0.0 0.0 0.04022063626255552 0.0 0.0030214987128572846 0.0 0.0 0.06800845064164013 5.1744465104187715e-08 0.0 0.0 0.03596078683975481 0.003890557899172364 0.0 0.0 0.05492540202800589 0.05660838359925927 0.0 0.0 0.03177358677129103 0.0009463235343117714 0.0 0.0 0.05740618869049583 5.027196933060169e-08 0.0 0.0 0.04570142336442498 0.00156490752346271 0.0 0.0 0.041728842444915086 0.0366606941696035 0.0 0.0 0.01833223030259231
0.0 0.011069411581250618 0.0 0.0 0.0 0.005293657856509074 0.0 0.0 0.0 6.380149771745064e-08 0.0 0.0 0.0 0.003430675290690689 0.0 0.0 0.0 0.0 0.04184806427629023 0.0 0.0 0.0 0.04249963558895346 0.0 0.0 0.0 0.009232473919936729 0.0 0.0 0.0 0.030758009259129086 0.0 0.0010419744343565618 0.0 0.0 0.03604997909708486 3.784519040299621e-08 0.0 0.0 0.025797442974297095 7.043351807854516e-05 0.0 0.0 0.0017271106036426378 0.015400288555830583 0.0 0.0 0.005895355709176513 0.005888167530130361 0.0 0.0 0.2032325382630259 2.44055493719505e-07 0.0 0.0 0.18280624040710347 0.0029002992532469133 0.0 0.0 0.19973400117655363 0.07575737473771565 0.0 0.0 0.039689802265822326 0.0 5.802490984211147e-07 0.0 0.0 0.0 4.6820981350133185e-07 0.0 0.0 0.0 5.686277833229927e-12 0.0 0.0 0.0 2.522540568055009e-07 0.0 0.0 0.0 0.0 0.02139631783177927 0.0 0.0 0.0 0.12055358270127696 0.0 0.0 0.0 0.039116823569091914 0.0 0.0 0.0 0.02846116578178198 0.0 0.00020581438159977887 0.0 0.0 0.013023773001342451 2.982560501033319e-07 0.0 0.0 0.11464889973184522 0.0003967357925382268 0.0 0.0 0.04491538561314745 0.07323540068519063 0.0 0.0 0.021802603573920342 0.0036290502912706634 0.0 0.0 0.1754088465178655 2.9473109148229694e-07 0.0 0.0 0.2775909738250172 0.012480574858990007 0.0 0.0 0.24495349179727577 0.0914417889678776 0.0 0.0 0.04145604746471987 0.0 0.023698925219867616 0.0 0.0 0.0 0.010029212386987237 0.0 0.0 0.0 2.2276710980620786e-07 0.0 0.0 0.0 0.014388209702028764 0.0 0.0 0.0 0.0 7.872878741136185e-08 0.0 0.0 0.0 6.321541679199632e-08 0.0 0.0 0.0 9.000358590165078e-08 0.0 0.0 0.0 5.502705833211762e-07 0.0 2.7129061532128758e-05 0.0 0.0 0.0009790832930644065 1.7883584364642044e-12 0.0 0.0 0.02949774097641792 0.0012189205608025395 0.0 0.0 0.01600423717287968 0.0010494679776071668 0.0 0.0 0.0005851274696842539 0.006489304323795898 0.0 0.0 0.22520273810049984 2.1050016071976702e-07 0.0 0.0 0.08867140228300263 0.02606254389728131 0.0 0.0 0.34130987368966176 0.13473873347039383 0.0 0.0 0.06290229338265879 0.0 0.08956926599409286 0.0 0.0 0.0 0.22019630405558466 0.0 0.0 0.0 4.956440796246935e-07 0.0 0.0 0.0 0.17515986648795878 0.0 0.0 0.0 0.0 0.02273816190080029 0.0 0.0 0.0 0.10517563546606412 0.0 0.0 0.0 0.0010123190211619101 0.0 0.0 0.0 0.06969623326164416 0.0 0.0019188759454130684 0.0 0.0 0.04281790856279744 1.3182079555908304e-07 0.0 0.0 0.05741225116385755 0.0035328360621880834 0.0 0.0 0.025133706973764533 0.00697391390667862 0.0 0.0 0.001249271671475753 0.0005934925618496379 0.0 0.0 0.01329380085341156 1.0800119723765041e-07 0.0 0.0 0.08727721049300419 0.0014542261328677978 0.0 0.0 0.01159929262052928 0.06673011200822658 0.0 0.0 0.022053614300745848
0.0 0.006262009468240476 0.0 0.0 0.0 0.0015405795188973364 0.0 0.0 0.0 1.063079211538874e-07 0.0 0.0 0.0 0.0012022421010723567 0.0 0.0 0.0 0.0 0.029578348883696398 0.0 0.0 0.0 0.07471603629818269 0.0 0.0 0.0 0.10875854159766324 0.0 0.0 0.0 0.03176382383403533 0.0 3.996617604078636e-05 0.0 0.0 0.020126042045215602 1.395560120154649e-08 0.0 0.0 0.05253730004253777 0.002406190941091847 0.0 0.0 0.02098306380361357 0.0008428207926918566 0.0 0.0 0.0005732661946119016 0.004858533681491645 0.0 0.0 0.08069683763075414 1.2356329069262346e-08 0.0 0.0 0.04815823018525074 0.01036373323473355 0.0 0.0 0.1760022743572145 0.022287569550500555 0.0 0.0 0.014111146469807555 0.0 1.9185263296143995e-07 0.0 0.0 0.0 2.7423395213980144e-07 0.0 0.0 0.0 3.580598198522031e-12 0.0 0.0 0.0 1.5215516429661348e-07 0.0 0.0 0.0 0.0 0.020165949717352985 0.0 0.0 0.0 0.041171812684823596 0.0 0.0 0.0 0.028271672603704775 0.0 0.0 0.0 0.050103446702855124 0.0 0.00032817470222902296 0.0 0.0 0.006950066227490049 7.0990825158542e-09 0.0 0.0 0.002599070382453395 0.0008963803047026418 0.0 0.0 0.048868798757222685 0.05357864396004482 0.0 0.0 0.030319892318133354 0.0017506225133972647 0.0 0.0 0.07697629840097701 1.90648156819693e-07 0.0 0.0 0.16857125177969012 0.0061462992983756905 0.0 0.0 0.16354989033193196 0.11370537601934597 0.0 0.0 0.03541596461533453 0.0 0.008846995623990283 0.0 0.0 0.0 0.011403421375606553 0.0 0.0 0.0 1.8733236579085208e-07 0.0 0.0 0.0 0.015407582703453947 0.0 0.0 0.0 0.0 3.697009017997762e-08 0.0 0.0 0.0 6.267938465036868e-08 0.0 0.0 0.0 8.819421195688216e-07 0.0 0.0 0.0 1.1596798516834362e-07 0.0 0.00038176905080619867 0.0 0.0 0.01314642302947808 6.62567867425067e-08 0.0 0.0 0.02804419190162787 0.0039239982006497864 0.0 0.0 0.08448242670625575 0.008719463808734715 0.0 0.0 0.002567777963324759 0.0004808616436037756 0.0 0.0 0.08331521709611074 2.0392645535402473e-07 0.0 0.0 0.1728946606882974 0.011921559634865606 0.0 0.0 0.28896572536870085 0.17610530192338308 0.0 0.0 0.08032323340399636 0.0 0.2297075536687139 0.0 0.0 0.0 0.12676860658028047 0.0 0.0 0.0 8.039157120245735e-07 0.0 0.0 0.0 0.14349679430715884 0.0 0.0 0.0 0.0 0.04776432838026498 0.0 0.0 0.0 0.02765312208896754 0.0 0.0 0.0 0.004235020774176358 0.0 0.0 0.0 0.05919126158175294 0.0 3.86101557765428e-05 0.0 0.0 0.0296060125337313 7.36618198145083e-08 0.0 0.0 0.05516857567586946 4.885530530836428e-14 0.0 0.0 5.3404112118241216e-08 0.05427945022931706 0.0 0.0 0.012902257732895338 0.0011263994727860871 0.0 0.0 0.04566144050232481 5.0341098478657616e-08 0.0 0.0 0.03814261295148256 2.5420948595717428e-08 0.0 0.0 0.031154530956361778 0.06589077067521215 0.0 0.0 0.018143810187261213
0.0 0.004777547157945039 0.0 0.0 0.0 0.007505034970117871 0.0 0.0 0.0 1.090001810797894e-07 0.0 0.0 0.0 0.0007193033573221108 0.0 0.0 0.0 0.0 0.045066906536969355 0.0 0.0 0.0 0.12681463169655807 0.0 0.0 0.0 0.10094806516070819 0.0 0.0 0.0 0.0394524806675013 0.0 3.2358731787325294e-05 0.0 0.0 0.001179186198720814 2.1086448755712394e-08 0.0 0.0 0.04593593451857374 0.001214535350739389 0.0 0.0 0.015549518329948601 0.0014081424484386135 0.0 0.0 0.00019269587682131797 0.0002189548445534421 0.0 0.0 0.09444104708639112 2.0579482134695405e-07 0.0 0.0 0.25689217360258143 0.015239992540303464 0.0 0.0 0.30419578128722047 0.04519646352078304 0.0 0.0 0.010174914500045 0.0 2.840765206480373e-07 0.0 0.0 0.0 4.2740759980634266e-07 0.0 0.0 0.0 1.0025099746484242e-11 0.0 0.0 0.0 1.4699371995107335e-07 0.0 0.0 0.0 0.0 0.003271275941829187 0.0 0.0 0.0 0.0029149222199499223 0.0 0.0 0.0 0.07595396300429559 0.0 0.0 0.0 0.032374416788059884 0.0 9.835609522065872e-10 0.0 0.0 2.1113392600605339e-07 1.1458227801147923e-07 0.0 0.0 0.09160382128654622 0.0034131745533497416 0.0 0.0 0.03772336333805908 0.003174328717063921 0.0 0.0 0.0004320602434288685 0.0011264060928003119 0.0 0.0 0.09274582214227425 1.8573605022174776e-07 0.0 0.0 0.24548453006576565 0.02263114065623489 0.0 0.0 0.5402863610344152 0.12652952167046622 0.0 0.0 0.03177752632908392 0.0 0.036255652943592474 0.0 0.0 0.0 0.016579879516049386 0.0 0.0 0.0 3.753582439294374e-07 0.0 0.0 0.0 0.011250707563024162 0.0 0.0 0.0 0.0 9.205792266190725e-08 0.0 0.0 0.0 1.3945749757304384e-07 0.0 0.0 0.0 1.9266154545193472e-07 0.0 0.0 0.0 6.019148442208755e-08 0.0 0.0011070946457215237 0.0 0.0 0.04111285734012586 5.111514664958389e-08 0.0 0.0 0.07181345560999669 0.0003972174945984996 0.0 0.0 0.01762039287929335 0.03371002757306587 0.0 0.0 0.011141124168600792 0.007055967854241804 0.0 0.0 0.3516163368274969 2.723530033819456e-07 0.0 0.0 0.30018220343195184 0.021190554785683963 0.0 0.0 0.5922272692315588 0.17618677981127182 0.0 0.0 0.059143301805287055 0.0 0.2665773078286134 0.0 0.0 0.0 0.09042923606036751 0.0 0.0 0.0 0.0 0.0 0.0 0.0 0.0410563291693773 0.0 0.0 0.0 0.0 0.00967807001730245 0.0 0.0 0.0 0.006617381464207216 0.0 0.0 0.0 0.0 0.0 0.0 0.0 0.03673103560193386 0.0 0.0031809632247019677 0.0 0.0 0.10058577975321654 9.604904413662049e-14 0.0 0.0 0.003770966312026251 0.0 0.0 0.0 0.0 0.0008953469371492705 0.0 0.0 0.00012493702178936422 0.0013726673390770951 0.0 0.0 0.05575321350618974 7.820021088732758e-09 0.0 0.0 0.04489840889964892 0.0 0.0 0.0 0.0 0.010962262380119471 0.0 0.0 0.007374089260542105
0.0 0.004243944856645797 0.0 0.0 0.0 0.0013464327059419668 0.0 0.0 0.0 1.2397705116321405e-08 0.0 0.0 0.0 0.005683346117955548 0.0 0.0 0.0 0.0 0.05696742281617859 0.0 0.0 0.0 0.0015632729797789974 0.0 0.0 0.0 0.046009581413427175 0.0 0.0 0.0 0.047492955919586556 0.0 0.0008144697300144855 0.0 0.0 0.026217863570034562 3.3420628714345414e-07 0.0 0.0 0.053051029304529186 4.412106900892315e-05 0.0 0.0 0.0011957860084621098 0.0004554164960804333 0.0 0.0 0.00022168284172038955 0.0016504035023357363 0.0 0.0 0.0642074085908569 1.156179686348529e-07 0.0 0.0 0.046773157229538107 0.004509295265590003 0.0 0.0 0.050975545889850704 0.10785263766943241 0.0 0.0 0.04376264504331272 0.0 4.4982338096404644e-07 0.0 0.0 0.0 4.0114771645843185e-07 0.0 0.0 0.0 4.117479802865193e-12 0.0 0.0 0.0 3.8130323225650675e-07 0.0 0.0 0.0 0.0 0.00034923165942330213 0.0 0.0 0.0 0.08015974725186929 0.0 0.0 0.0 0.10827800402374793 0.0 0.0 0.0 0.0797685964193622 0.0 4.340184182705284e-05 0.0 0.0 0.0009721148665494192 1.15336859471003e-13 0.0 0.0 0.002105924057997635 0.005102624830076773 0.0 0.0 0.07866918977395936 0.0011288657379704174 0.0 0.0 0.024617073646606705 0.0019149267989491 0.0 0.0 0.048087046031892164 1.712839937067326e-07 0.0 0.0 0.07183526932437363 0.004727297334268799 0.0 0.0 0.21416025221000592 0.06081849939650694 0.0 0.0 0.0905024386064316 0.0 0.016472393303739483 0.0 0.0 0.0 0.010133494782431425 0.0 0.0 0.0 9.590011203376178e-08 0.0 0.0 0.0 0.03599440701705685 0.0 0.0 0.0 0.0 2.348553859760843e-06 0.0 0.0 0.0 1.0229795866672445e-06 0.0 0.0 0.0 2.981110884425369e-07 0.0 0.0 0.0 7.651591462543934e-06 0.0 0.0005371058608527392 0.0 0.0 0.009024095192543356 7.508039359716327e-13 0.0 0.0 0.04118617202741408 0.011175707130389964 0.0 0.0 0.10922612911696264 0.22098306023038108 0.0 0.0 0.06386671182849125 0.005270179875990446 0.0 0.0 0.17416256130110228 4.291081767495598e-07 0.0 0.0 0.15414756518972836 0.006152037734422916 0.0 0.0 0.07891441609511207 0.37389764707662687 0.0 0.0 0.17849242963035603 0.0 0.13399711702207187 0.0 0.0 0.0 0.25707525071831283 0.0 0.0 0.0 1.1212934062784671e-05 0.0 0.0 0.0 0.46163517193014925 0.0 0.0 0.0 0.0 0.028597759502037842 0.0 0.0 0.0 0.030915151543867724 0.0 0.0 0.0 0.3017110978395223 0.0 0.0 0.0 0.15103926704477413 0.0 0.0006449986779132235 0.0 0.0 0.008125613207042685 1.2860280042037236e-07 0.0 0.0 0.0299206462631154 0.012678589137914462 0.0 0.0 0.18336624885038655 0.0017179819734064329 0.0 0.0 0.06652396771918609 0.0015166903167738997 0.0 0.0 0.03258650536224859 5.3458354363020734e-08 0.0 0.0 0.09302613758972546 0.018210718501667948 0.0 0.0 0.2545296980667762 0.08586426937969564 0.0 0.0 0.05509407830514075
0.0 0.004471222029557239 0.0 0.0 0.0 8.892495613010177e-05 0.0 0.0 0.0 7.150207291605856e-08 0.0 0.0 0.0 0.0036022054864443733 0.0 0.0 0.0 0.0 0.008919200839067271 0.0 0.0 0.0 0.025444902089400537 0.0 0.0 0.0 0.14166116131430923 0.0 0.0 0.0 0.07828292643492116 0.0 3.9779375131372653e-10 0.0 0.0 6.240902393758946e-05 1.1462495689553624e-10 0.0 0.0 0.00014273141255012942 0.0005446692091827625 0.0 0.0 0.010423692072688619 0.008141535595737642 0.0 0.0 0.005489829734562132 0.0013568416376886691 0.0 0.0 0.0719117896172051 2.314064481130057e-09 0.0 0.0 0.003230593628313011 0.006146120873627597 0.0 0.0 0.15920298469403416 0.129600166359084 0.0 0.0 0.035047727024999566 0.0 6.375928878006317e-08 0.0 0.0 0.0 3.6312225233211355e-08 0.0 0.0 0.0 8.111951679166313e-13 0.0 0.0 0.0 9.475736959113577e-08 0.0 0.0 0.0 0.0 0.004747245305631448 0.0 0.0 0.0 0.0162248391962502 0.0 0.0 0.0 0.03911319410077034 0.0 0.0 0.0 0.06899137972427333 0.0 3.041456280492682e-15 0.0 0.0 1.1025676603812265e-08 1.236746745060518e-08 0.0 0.0 0.019309328601993206 1.644552805853386e-08 0.0 0.0 0.027705134915492282 0.022414118057117394 0.0 0.0 0.0049853033885219914 5.944340486793792e-09 0.0 0.0 0.024159828480142854 1.5614442593927722e-08 0.0 0.0 0.022280076937787708 2.7202450461634897e-08 0.0 0.0 0.048810245395280456 0.08620479200019159 0.0 0.0 0.019754393678108596 0.0 0.019819154635706267 0.0 0.0 0.0 0.0005427645784957782 0.0 0.0 0.0 2.2194921453324605e-07 0.0 0.0 0.0 0.0032834385132644206 0.0 0.0 0.0 0.0 9.220828066437063e-08 0.0 0.0 0.0 4.725734571380358e-09 0.0 0.0 0.0 3.003059511236748e-07 0.0 0.0 0.0 7.29159752154151e-08 0.0 0.0007619454341650584 0.0 0.0 0.0240711745218006 1.81810379725358e-08 0.0 0.0 0.046453017992847005 0.0026188438248542435 0.0 0.0 0.08807634858405321 0.018329977348623693 0.0 0.0 0.0038544615324185485 0.004454764893005505 0.0 0.0 0.21105725894279076 3.3911222983547883e-09 0.0 0.0 0.01081850016092879 0.01433588568697442 0.0 0.0 0.3863900264053669 0.08413296304081146 0.0 0.0 0.034934859224322684 0.0 0.2524656386535334 0.0 0.0 0.0 0.12844493248007421 0.0 0.0 0.0 1.7670384293036844e-07 0.0 0.0 0.0 0.06631385185312111 0.0 0.0 0.0 0.0 0.011419730797377826 0.0 0.0 0.0 0.03274417879041471 0.0 0.0 0.0 0.0033911316987696276 0.0 0.0 0.0 0.028729074706906273 0.0 0.0012907241523140611 0.0 0.0 0.033063974858011366 9.788295364478e-08 0.0 0.0 0.05858079516128699 1.3197578312382041e-08 0.0 0.0 0.020013278339844655 0.04944422390783444 0.0 0.0 0.01916519404415394 0.0004586258301871021 0.0 0.0 0.04818715988957474 4.4963981401349114e-08 0.0 0.0 0.04039434135703793 3.2364851454745403e-09 0.0 0.0 0.005502551338562514 0.032732007794979735 0.0 0.0 0.005965729298586808
0.0 0.0041461309590001974 0.0 0.0 0.0 0.006184660470828176 0.0 0.0 0.0 3.2402425399458906e-08 0.0 0.0 0.0 0.0011898685004538192 0.0 0.0 0.0 0.0 0.07727050476883156 0.0 0.0 0.0 0.10728462774010747 0.0 0.0 0.0 0.08020795100026572 0.0 0.0 0.0 0.13081280520033065 0.0 0.00012665016752643496 0.0 0.0 0.03215474496117514 1.6616937474234978e-07 0.0 0.0 0.08146205782558687 5.037781455436356e-09 0.0 0.0 0.004570605935283292 0.03068760996227235 0.0 0.0 0.01065787483704549 0.0014606898806455212 0.0 0.0 0.07648215932048821 2.7886958221098397e-07 0.0 0.0 0.14043974902543777 0.0006144296279054898 0.0 0.0 0.1062478560540057 0.04981063406274937 0.0 0.0 0.016392307509232082 0.0 5.373729320010291e-07 0.0 0.0 0.0 4.347174202808608e-07 0.0 0.0 0.0 8.817725368522398e-12 0.0 0.0 0.0 4.404411648297631e-07 0.0 0.0 0.0 0.0 0.03044898240087197 0.0 0.0 0.0 0.01603721784602707 0.0 0.0 0.0 0.02468856495263432 0.0 0.0 0.0 0.005146301308134656 0.0 0.000639969104096796 0.0 0.0 0.01451755016627385 8.277878610724969e-08 0.0 0.0 0.04909372139205277 3.839008645879727e-05 0.0 0.0 0.013235865699859238 0.06632129088611338 0.0 0.0 0.011911307933619535 0.00444830380356758 0.0 0.0 0.14158553720992478 5.902016943137357e-07 0.0 0.0 0.2702394931649368 0.016449255458176236 0.0 0.0 0.42469012393822125 0.12612276748643234 0.0 0.0 0.07795921203103581 0.0 0.003530741786293578 0.0 0.0 0.0 0.015025762057694585 0.0 0.0 0.0 4.0591956245417517e-07 0.0 0.0 0.0 0.016214703500950677 0.0 0.0 0.0 0.0 6.08152567831904e-13 0.0 0.0 0.0 1.5373445406295977e-07 0.0 0.0 0.0 1.2848964717963206e-06 0.0 0.0 0.0 3.2668763581303783e-07 0.0 0.00010743246828253257 0.0 0.0 0.0019857248678314277 6.198829497339689e-08 0.0 0.0 0.04141192104805435 0.003246440401295934 0.0 0.0 0.04730677842010044 0.04526107922659542 0.0 0.0 0.0069175891977709125 0.0019466263046587812 0.0 0.0 0.04033969458674231 1.0435639946065127e-07 0.0 0.0 0.27893353691601985 0.014312062911041448 0.0 0.0 0.36632500758127867 0.2028348112707114 0.0 0.0 0.11205325023166975 0.0 0.40727854625882887 0.0 0.0 0.0 0.04952045085025104 0.0 0.0 0.0 1.3269883642458834e-06 0.0 0.0 0.0 0.19407524937016687 0.0 0.0 0.0 0.0 0.07422463890919881 0.0 0.0 0.0 0.020940097628898792 0.0 0.0 0.0 0.04133922676885416 0.0 0.0 0.0 0.07497629850578447 0.0 0.0007741015213653646 0.0 0.0 0.019301588769675505 9.112877499669211e-08 0.0 0.0 0.1487000902879686 3.5690777608188114e-09 0.0 0.0 0.0013419507133274442 0.03467994103701745 0.0 0.0 0.006137964674678433 0.0021809421611378383 0.0 0.0 0.07116282255279463 3.704691625686339e-08 0.0 0.0 0.020390333129274126 0.00011102617276417467 0.0 0.0 0.05302690581644569 0.09515743953571931 0.0 0.0 0.02616508700638412
0.0 0.010930246503000366 0.0 0.0 0.0 0.0028774706666839013 0.0 0.0 0.0 2.298347989563387e-08 0.0 0.0 0.0 0.00613854310064266 0.0 0.0 0.0 0.0 0.01023061110755418 0.0 0.0 0.0 0.03816685584975831 0.0 0.0 0.0 0.0041615098161064045 0.0 0.0 0.0 0.14042634221185127 0.0 0.0013132745017540512 0.0 0.0 0.019037783345849504 6.651079002134477e-09 0.0 0.0 0.003989709077080781 0.0003381293486513133 0.0 0.0 0.031346074014525174 0.012700896365339933 0.0 0.0 0.0029217672011773825 0.006551726868101502 0.0 0.0 0.1668725608479793 1.6574120692419316e-07 0.0 0.0 0.09825659413035033 0.005403041595898329 0.0 0.0 0.06621932382845834 0.14797786737693616 0.0 0.0 0.048061589034450736 0.0 4.235188336844347e-07 0.0 0.0 0.0 1.350211556652181e-07 0.0 0.0 0.0 2.7865187164587876e-12 0.0 0.0 0.0 1.8678829260780873e-07 0.0 0.0 0.0 0.0 0.04999748779673925 0.0 0.0 0.0 0.015776854222075705 0.0 0.0 0.0 0.029705927732016624 0.0 0.0 0.0 0.08147773859238283 0.0 6.57235139293386e-05 0.0 0.0 0.0023556569675030076 1.7362741323567335e-08 0.0 0.0 0.022960889804973367 0.0026152248338447716 0.0 0.0 0.05384561419633283 0.07115628182800122 0.0 0.0 0.0255112778428898 0.004099703175441434 0.0 0.0 0.15841720820179217 5.8676893053150575e-08 0.0 0.0 0.06873014649928035 0.0037398012478487043 0.0 0.0 0.16085233569044927 0.11042507492431412 0.0 0.0 0.03383374478547773 0.0 0.013866712838236768 0.0 0.0 0.0 0.007006663940538113 0.0 0.0 0.0 1.2368296957612495e-07 0.0 0.0 0.0 0.0039247172966476165 0.0 0.0 0.0 0.0 2.6829235428844093e-08 0.0 0.0 0.0 1.2536786901967964e-07 0.0 0.0 0.0 2.731814349671244e-09 0.0 0.0 0.0 7.554125167958512e-08 0.0 0.0015895671753652857 0.0 0.0 0.020110893110333185 1.748170355119909e-08 0.0 0.0 0.009470890910371718 0.0002977711406369757 0.0 0.0 0.0054583330603095205 0.0031613958565131343 0.0 0.0 0.00043086439065358385 0.00370404964343375 0.0 0.0 0.10401955251955487 2.439518079551194e-07 0.0 0.0 0.12681286046386891 0.010151951108412898 0.0 0.0 0.12738262039201595 0.07283556841412472 0.0 0.0 0.0271154800879287 0.0 0.16818793612519936 0.0 0.0 0.0 0.16707373871483674 0.0 0.0 0.0 0.0 0.0 0.0 0.0 0.2492977876647409 0.0 0.0 0.0 0.0 0.011419514771928289 0.0 0.0 0.0 0.12456685091051264 0.0 0.0 0.0 0.0 0.0 0.0 0.0 0.09861629235818281 0.0 0.001968967091512453 0.0 0.0 0.04361794081631504 1.5377601197628716e-07 0.0 0.0 0.15552516057939297 0.0 0.0 0.0 0.0 0.09559525393653834 0.0 0.0 0.023812912846060998 0.0006532712842690084 0.0 0.0 0.024911273614054572 8.168962469052683e-08 0.0 0.0 0.05435182173617843 0.0 0.0 0.0 0.0 0.07850055867053372 0.0 0.0 0.02734040298858023
0.0 0.011983001557589685 0.0 0.0 0.0 0.003880832179712365 0.0 0.0 0.0 9.324925161429748e-08 0.0 0.0 0.0 0.006013737513609126 0.0 0.0 0.0 0.0 0.019230034922132336 0.0 0.0 0.0 0.011598667763233907 0.0 0.0 0.0 0.10254119949080992 0.0 0.0 0.0 0.0603120837114457 0.0 0.0010932548444037677 0.0 0.0 0.02022407571268098 1.532040685485662e-18 0.0 0.0 2.4542636950425557e-08 0.0003980483278601097 0.0 0.0 0.03103282990477162 0.03709686762753103 0.0 0.0 0.015909371828069244 0.005443286983636792 0.0 0.0 0.08948560091014135 6.97823657698324e-08 0.0 0.0 0.08282657568577427 0.006270284177913239 0.0 0.0 0.15467605471056328 0.10806611922515183 0.0 0.0 0.06752032995536286 0.0 0.0 0.0 0.0 0.0 2.1746100407312372e-07 0.0 0.0 0.0 7.785581380897185e-12 0.0 0.0 0.0 2.537789532567967e-07 0.0 0.0 0.0 0.0 0.0 0.0 0.0 0.0 0.04099995003062509 0.0 0.0 0.0 0.11336277223632 0.0 0.0 0.0 0.08497887988000785 0.0 0.0 0.0 0.0 0.0 5.227063579118071e-09 0.0 0.0 0.04099988968370529 0.001280272115330519 0.0 0.0 0.014418406246364915 0.060338013920318866 0.0 0.0 0.03497430428965737 0.0 0.0 0.0 0.0 1.5838557538776408e-07 0.0 0.0 0.11461211911947312 0.02641876905107859 0.0 0.0 0.28689754513487514 0.11458431318078853 0.0 0.0 0.049195829788305605 0.0 0.0269714624206091 0.0 0.0 0.0 0.014160032462563105 0.0 0.0 0.0 1.6018719562335674e-07 0.0 0.0 0.0 0.021894246645332432 0.0 0.0 0.0 0.0 3.097021177865369e-08 0.0 0.0 0.0 1.6274532047651468e-06 0.0 0.0 0.0 8.226136247289805e-07 0.0 0.0 0.0 3.8148905522911135e-06 0.0 0.000883838175714334 0.0 0.0 0.027601999642543004 4.6477601002852426e-08 0.0 0.0 0.03900619251207584 0.007186643899590146 0.0 0.0 0.1217247580336965 0.02063755554650432 0.0 0.0 0.036172298597004625 0.004888186007872251 0.0 0.0 0.23457299264421935 1.9532929906381614e-07 0.0 0.0 0.24175041562642605 0.015468611380697867 0.0 0.0 0.19969059872322656 0.17897790179992967 0.0 0.0 0.13553886233556972 0.0 0.1547275219094231 0.0 0.0 0.0 0.22130060074664468 0.0 0.0 0.0 5.966776220135642e-06 0.0 0.0 0.0 0.3366287283249938 0.0 0.0 0.0 0.0 0.0865244068956096 0.0 0.0 0.0 0.09941074373976763 0.0 0.0 0.0 0.027504769149959536 0.0 0.0 0.0 0.15109704647755187 0.0 0.008949328397876582 0.0 0.0 0.11042671299177016 1.5970841700757898e-08 0.0 0.0 0.04413227536084828 0.0012657238746561841 0.0 0.0 0.05694146513031855 0.05616657482948553 0.0 0.0 0.01850972840376072 0.0006197700906590664 0.0 0.0 0.031976939529554584 4.817731394205186e-08 0.0 0.0 0.07753408079633849 0.0047375105254033115 0.0 0.0 0.10615690445088882 0.13679547162757197 0.0 0.0 0.038098724989560684
0.0 0.00210141472197327 0.0 0.0 0.0 0.0002899541514461213 0.0 0.0 0.0 7.403228515761273e-08 0.0 0.0 0.0 0.0031775333475639335 0.0 0.0 0.0 0.0 0.04918728514260949 0.0 0.0 0.0 0.06543263694409682 0.0 0.0 0.0 0.1251951015525338 0.0 0.0 0.0 0.1149501898297585 0.0 0.0008553076210202587 0.0 0.0 0.02351837973524586 9.285999132185644e-10 0.0 0.0 0.0007183704603629336 0.0045850721995154935 0.0 0.0 0.08460959817760613 0.016900534415978073 0.0 0.0 0.0037683492558639926 0.0004119288425593411 0.0 0.0 0.0368136648529816 9.644425171374067e-09 0.0 0.0 0.008817681815328923 0.010901279165987763 0.0 0.0 0.22626079853763092 0.1324342926986376 0.0 0.0 0.029803716229237415 0.0 8.51409874169411e-08 0.0 0.0 0.0 5.96268558299114e-07 0.0 0.0 0.0 2.126682011118222e-12 0.0 0.0 0.0 2.854000126390451e-07 0.0 0.0 0.0 0.0 0.02385839455680797 0.0 0.0 0.0 0.07520694382858452 0.0 0.0 0.0 0.003311941914595048 0.0 0.0 0.0 0.03804356505952853 0.0 0.00022369818171319238 0.0 0.0 0.006815840432051611 7.380301277364786e-08 0.0 0.0 0.06286503903943476 0.000859276825130621 0.0 0.0 0.014989092981111262 0.08380806038621605 0.0 0.0 0.030298458627070528 0.0010279654086648733 0.0 0.0 0.04333267022403481 5.840644267378111e-07 0.0 0.0 0.2005907057451524 0.0028030499163023913 0.0 0.0 0.09092461927712382 0.07804320440799 0.0 0.0 0.07084104189622178 0.0 0.011677975057118315 0.0 0.0 0.0 0.007219547967013327 0.0 0.0 0.0 1.2896041350214858e-07 0.0 0.0 0.0 0.009646924618017883 0.0 0.0 0.0 0.0 4.8037154826035945e-08 0.0 0.0 0.0 1.0337668113428073e-08 0.0 0.0 0.0 6.996054668291724e-08 0.0 0.0 0.0 2.868726050265848e-06 0.0 0.00032105578163767125 0.0 0.0 0.046625052872632786 2.915106792873782e-09 0.0 0.0 0.002748936903393098 0.0006360446629740578 0.0 0.0 0.014295272671858691 0.052679071871995185 0.0 0.0 0.011201822755317236 0.0007493087838461513 0.0 0.0 0.12877319432825993 1.4981714496975539e-07 0.0 0.0 0.10291933297606352 0.006518526932601829 0.0 0.0 0.20432591864438482 0.16703057019800674 0.0 0.0 0.06047335760765222 0.0 0.33289646731755357 0.0 0.0 0.0 0.1329107469724983 0.0 0.0 0.0 2.794066594546457e-06 0.0 0.0 0.0 0.13831973420817684 0.0 0.0 0.0 0.0 0.056273570394958464 0.0 0.0 0.0 0.05921994916539135 0.0 0.0 0.0 1.4700723999534924e-07 0.0 0.0 0.0 0.03371443377961524 0.0 0.0007112607582197252 0.0 0.0 0.07351732402369744 6.740823942494186e-08 0.0 0.0 0.06698403079071749 1.7807323471314092e-08 0.0 0.0 2.5075363871307723e-07 0.03045220508700912 0.0 0.0 0.015045900765287638 0.001268442818465162 0.0 0.0 0.0621435122969249 7.823072925348875e-08 0.0 0.0 0.041919743209463664 0.0022413090927273986 0.0 0.0 0.03538480824460582 0.06782075463184264 0.0 0.0 0.015681587305108092
0.0 0.0006704067385228946 0.0 0.0 0.0 0.0018883947509204465 0.0 0.0 0.0 8.3521146935018e-08 0.0 0.0 0.0 0.012310644161118373 0.0 0.0 0.0 0.0 0.03180181819279356 0.0 0.0 0.0 0.08037547732956533 0.0 0.0 0.0 0.06842346172869408 0.0 0.0 0.0 0.11232800224936713 0.0 8.130657854007724e-10 0.0 0.0 2.5764034838890766e-08 8.160694684731675e-09 0.0 0.0 0.020379760372106096 0.00010292456949726691 0.0 0.0 0.0035033841020262564 0.026003565420942253 0.0 0.0 0.014224961873704825 0.0002266169625683585 0.0 0.0 0.008050949517014419 7.098072661702548e-08 0.0 0.0 0.06035556035798624 0.009416292285237894 0.0 0.0 0.20380257970939655 0.07329533376867128 0.0 0.0 0.12858585441819492 0.0 6.907835543608668e-07 0.0 0.0 0.0 1.2802333642667626e-07 0.0 0.0 0.0 1.4562011249164924e-12 0.0 0.0 0.0 2.464966783653625e-07 0.0 0.0 0.0 0.0 0.0019726915960393224 0.0 0.0 0.0 0.007555076019238426 0.0 0.0 0.0 0.033844705369856176 0.0 0.0 0.0 0.02520564069772998 0.0 0.0009517878753569196 0.0 0.0 0.0304470262658153 9.048957822975367e-08 0.0 0.0 0.03840860188599288 0.0005285516252977398 0.0 0.0 0.04936436624694815 3.574317531248656e-08 0.0 0.0 0.00010821199222159633 0.0025040063854754537 0.0 0.0 0.08637325105775823 6.054366335343056e-08 0.0 0.0 0.07628549700219031 0.009350665453364273 0.0 0.0 0.06991098325507693 0.0318036542127587 0.0 0.0 0.06513166482143562 0.0 0.04708633471893417 0.0 0.0 0.0 0.010543167712829826 0.0 0.0 0.0 1.8923412833796093e-07 0.0 0.0 0.0 0.020886441668401545 0.0 0.0 0.0 0.0 1.8644092455618518e-06 0.0 0.0 0.0 1.257541866519751e-06 0.0 0.0 0.0 9.970785046364397e-07 0.0 0.0 0.0 4.210959166904298e-06 0.0 0.00043985309166864927 0.0 0.0 0.03811951931421121 1.9788165501647417e-12 0.0 0.0 1.5483178347242082e-07 0.0035694875832214066 0.0 0.0 0.08837048018333732 0.006370203852425439 0.0 0.0 0.004267889237642553 0.007950732900216275 0.0 0.0 0.23240023946972305 6.546341601858592e-07 0.0 0.0 0.07095440125338091 0.02382468613067623 0.0 0.0 0.2917323396701307 0.22059079235078102 0.0 0.0 0.11462882382358128 0.0 0.24517132725940868 0.0 0.0 0.0 0.06455460426702625 0.0 0.0 0.0 8.057232052148236e-06 0.0 0.0 0.0 0.2414545236654306 0.0 0.0 0.0 0.0 0.030438256877993557 0.0 0.0 0.0 0.061223034221459735 0.0 0.0 0.0 0.03886842391921395 0.0 0.0 0.0 0.14662514765982596 0.0 0.001591678210009615 0.0 0.0 0.036269240626247375 1.7248342146021356e-07 0.0 0.0 0.05774130574632461 0.009220553570780912 0.0 0.0 0.06776348202100965 0.09621400671372311 0.0 0.0 0.022492254894065096 0.0012048529333475938 0.0 0.0 0.05207300598499189 1.2164385241293747e-08 0.0 0.0 0.02022996105738202 0.02250297211621815 0.0 0.0 0.18763505504472405 0.07098298278599297 0.0 0.0 0.03347835410096015
0.0 0.0 0.0 0.0 0.0 0.007197584632125609 0.0 0.0 0.0 0.0 0.0 0.0 0.0 0.010187391743463402 0.0 0.0 0.0 0.0 0.0 0.0 0.0 0.0 0.3090422356612923 0.0 0.0 0.0 0.0 0.0 0.0 0.0 0.7289086905495169 0.0 0.0 0.0 0.0 0.0 5.47417538096519e-09 0.0 0.0 0.0061294956249853365 0.0 0.0 0.0 0.0 0.03381008275287182 0.0 0.0 0.009409124235495756 0.0 0.0 0.0 0.0 6.416057423094717e-07 0.0 0.0 0.25243584696692356 0.0 0.0 0.0 0.0 0.4905816791898811 0.0 0.0 0.13799001962528074 0.0 6.436391060005644e-07 0.0 0.0 0.0 0.0 0.0 0.0 0.0 6.323676230392049e-13 0.0 0.0 0.0 3.4401793222493223e-09 0.0 0.0 0.0 0.0 0.005120894759575511 0.0 0.0 0.0 0.0 0.0 0.0 0.0 0.0019586594043839844 0.0 0.0 0.0 0.0001180304681661124 0.0 0.0019263079585568658 0.0 0.0 0.07163771751276127 0.0 0.0 0.0 0.0 0.0042691715141740015 0.0 0.0 0.1861082261604298 0.03962898993152934 0.0 0.0 0.005471822583841018 0.0037403959330714227 0.0 0.0 0.17884940836294919 0.0 0.0 0.0 0.0 0.0009786598039552195 0.0 0.0 0.06796065128244483 0.006092999323972863 0.0 0.0 0.0009432278855153575 0.0 0.004223168398193127 0.0 0.0 0.0 0.0 0.0 0.0 0.0 3.120074625758869e-08 0.0 0.0 0.0 0.007636949780424298 0.0 0.0 0.0 0.0 3.120074625758869e-08 0.0 0.0 0.0 0.0 0.0 0.0 0.0 5.885892709761223e-08 0.0 0.0 0.0 1.910421641298496e-07 0.0 8.446202853112029e-10 0.0 0.0 5.8014306812301034e-08 0.0 0.0 0.0 0.0 1.3304635689167338e-05 0.0 0.0 0.00013501280761617107 0.0026208558649012327 0.0 0.0 0.0002444529744101279 0.0006157233984325117 0.0 0.0 0.047416091776905055 0.0 0.0 0.0 0.0 0.0042098637625039605 0.0 0.0 0.047896802367721404 0.30577160048378876 0.0 0.0 0.0495114652867398 0.0 1.0305234240461356 0.0 0.0 0.0 0.0 0.0 0.0 0.0 2.4990045885983876e-07 0.0 0.0 0.0 0.06730560080047612 0.0 0.0 0.0 0.0 0.03493824239878309 0.0 0.0 0.0 0.0 0.0 0.0 0.0 0.0010549668782327151 0.0 0.0 0.0 0.04913673648752734 0.0 0.009295446635577458 0.0 0.0 0.4174219129641218 0.0 0.0 0.0 0.0 0.0022157804584545223 0.0 0.0 0.13936598822260537 0.1867448250942229 0.0 0.0 0.023119695172392526 0.0030087672233890506 0.0 0.0 0.17697456299452352 0.0 0.0 0.0 0.0 0.00017336920458681254 0.0 0.0 0.013954866235273884 0.03257824210590216 0.0 0.0 0.006900415771907351
0.0 0.011772951499361277 0.0 0.0 0.0 0.0024117167220039583 0.0 0.0 0.0 1.6407493993767432e-07 0.0 0.0 0.0 0.002132055198786698 0.0 0.0 0.0 0.0 0.11241246834915287 0.0 0.0 0.0 0.13078068207016094 0.0 0.0 0.0 0.17416415233030688 0.0 0.0 0.0 0.04580722978096082 0.0 0.0006735664917673421 0.0 0.0 0.06753359970753606 1.259430856318562e-08 0.0 0.0 0.00728453227551352 0.0020915772836851356 0.0 0.0 0.057750642835730996 0.015286502183506552 0.0 0.0 0.00379160432124506 0.002334437155783891 0.0 0.0 0.2204008048544633 6.642636608091585e-08 0.0 0.0 0.06708690394067934 0.008857796713979009 0.0 0.0 0.5355003443702295 0.11624969554511683 0.0 0.0 0.024296826999416484 0.0 1.5252121738581103e-07 0.0 0.0 0.0 3.227601580365441e-07 0.0 0.0 0.0 1.1286029538443447e-12 0.0 0.0 0.0 7.127262075345995e-08 0.0 0.0 0.0 0.0 7.497850242781791e-08 0.0 0.0 0.0 0.08040145618604312 0.0 0.0 0.0 0.002429298366302933 0.0 0.0 0.0 0.04686425998575026 0.0 0.0006517182307336142 0.0 0.0 0.039627281124696864 1.246454587102085e-07 0.0 0.0 0.04936630325484092 0.0031042097260996866 0.0 0.0 0.12174222940039318 0.0006537259823947766 0.0 0.0 0.0007084071203380066 0.002493836445571513 0.0 0.0 0.06100889371379442 2.7819893184583797e-07 0.0 0.0 0.181577385998116 0.004373215767648059 0.0 0.0 0.07591496076745996 0.08694551757982741 0.0 0.0 0.02050095358084307 0.0 0.03841145263982233 0.0 0.0 0.0 0.003919180773566449 0.0 0.0 0.0 4.33845976171311e-07 0.0 0.0 0.0 0.015600384290546186 0.0 0.0 0.0 0.0 1.9652105473356426e-07 0.0 0.0 0.0 2.61704355956987e-08 0.0 0.0 0.0 3.727317192606033e-07 0.0 0.0 0.0 1.6945981203163143e-07 0.0 0.0013117212839592895 0.0 0.0 0.04258021909054945 2.3854424626781406e-10 0.0 0.0 0.008287970721549923 0.0025168057724233367 0.0 0.0 0.11402133678742535 0.04016821503506815 0.0 0.0 0.008833205196522786 0.008082239887272928 0.0 0.0 0.4285239556499223 2.3773867789979216e-08 0.0 0.0 0.09157475533655221 0.03698783990681579 0.0 0.0 0.6767288670717697 0.2760893420701855 0.0 0.0 0.07443651200593022 0.0 0.40282094248164 0.0 0.0 0.0 0.12336386926087028 0.0 0.0 0.0 1.6696097690955846e-07 0.0 0.0 0.0 0.07022365602477526 0.0 0.0 0.0 0.0 0.03423203214055287 0.0 0.0 0.0 0.004671835058316105 0.0 0.0 0.0 0.04112565069771347 0.0 0.0 0.0 0.007926648890146453 0.0 0.0003533484355322146 0.0 0.0 0.050345978773231256 7.000379828221845e-10 0.0 0.0 0.0004330337958337881 2.898157084789937e-09 0.0 0.0 0.00458741562793044 0.03938306517763102 0.0 0.0 0.005495462708315787 0.0018102092780876622 0.0 0.0 0.08123825247079518 3.997760955955172e-08 0.0 0.0 0.027204156729106584 3.481103044266281e-09 0.0 0.0 0.0061777388413771315 0.02163257115453224 0.0 0.0 0.011011531566373522
0.0 0.003084830941313085 0.0 0.0 0.0 0.00231750711329672 0.0 0.0 0.0 9.282273134685431e-08 0.0 0.0 0.0 0.0017143138372634947 0.0 0.0 0.0 0.0 0.004909011625139702 0.0 0.0 0.0 0.008952330654615924 0.0 0.0 0.0 0.10854186442759038 0.0 0.0 0.0 0.03566757684175664 0.0 3.25394719264498e-05 0.0 0.0 0.0012958809389952838 2.0406932277257634e-14 0.0 0.0 8.376401214228074e-08 0.0017347090928811022 0.0 0.0 0.03560069062322347 2.8298363627769796e-08 0.0 0.0 1.5295469004920163e-08 0.0006192398270011474 0.0 0.0 0.04935989100137937 5.142154267147184e-08 0.0 0.0 0.07768211775514472 0.009217567867599124 0.0 0.0 0.26001483180625995 0.026711238067917798 0.0 0.0 0.02485891836786201 0.0 6.355366960644514e-08 0.0 0.0 0.0 1.272492312643834e-07 0.0 0.0 0.0 4.513826699898148e-12 0.0 0.0 0.0 5.625977430899887e-08 0.0 0.0 0.0 0.0 0.0012462319124743903 0.0 0.0 0.0 0.00301647465809066 0.0 0.0 0.0 0.011223410912853105 0.0 0.0 0.0 0.003403440731865408 0.0 1.8020827684830426e-09 0.0 0.0 2.2547262117262425e-08 1.0114345066812901e-13 0.0 0.0 0.0052514503739375775 0.00019721937746920988 0.0 0.0 0.008282852696186302 0.0031817792346617974 0.0 0.0 0.0006450209581985672 0.0018901383156376041 0.0 0.0 0.02651423877175104 3.484077505104963e-08 0.0 0.0 0.0806840035864969 0.010249500239039606 0.0 0.0 0.26655398579871326 0.06696359790844106 0.0 0.0 0.014758195615691402 0.0 0.03783668650729049 0.0 0.0 0.0 0.014088796072897591 0.0 0.0 0.0 3.768896987362834e-07 0.0 0.0 0.0 0.0037026082825068877 0.0 0.0 0.0 0.0 9.669654701474819e-08 0.0 0.0 0.0 9.537804275560535e-07 0.0 0.0 0.0 1.7702260433052555e-07 0.0 0.0 0.0 4.979688077551507e-08 0.0 8.934458687635158e-05 0.0 0.0 0.016603935654394907 2.4581793444040964e-09 0.0 0.0 0.008782921190566059 0.0022151919294247572 0.0 0.0 0.07349755226387698 0.014501632643550835 0.0 0.0 0.011011251856172395 0.0032085900592489424 0.0 0.0 0.2980697093301726 1.5834622192779234e-07 0.0 0.0 0.27363413718048274 0.0309636990006387 0.0 0.0 0.5752890316599395 0.03817149681273969 0.0 0.0 0.02156505131678198 0.0 0.11714920254682946 0.0 0.0 0.0 0.002483127779857987 0.0 0.0 0.0 7.357358027848841e-07 0.0 0.0 0.0 0.05826171735305586 0.0 0.0 0.0 0.0 0.032508607250730376 0.0 0.0 0.0 0.005588587896765343 0.0 0.0 0.0 0.0012907501285496878 0.0 0.0 0.0 0.02429075045655515 0.0 0.0011609889739382533 0.0 0.0 0.03035760826683127 3.341190632874721e-13 0.0 0.0 0.02058814217371414 0.00046871304135868264 0.0 0.0 0.00920241628509085 0.0011522211377795527 0.0 0.0 0.0004317279480111093 0.00011590167789312949 0.0 0.0 0.026262569603920136 1.4342363139730853e-14 0.0 0.0 0.0009908390521915938 0.0008120983113088797 0.0 0.0 0.017875983400766658 0.027212789312091736 0.0 0.0 0.00725358140401668
0.0 0.0005635963209725902 0.0 0.0 0.0 0.002955218352607939 0.0 0.0 0.0 3.98636172485786e-08 0.0 0.0 0.0 0.0010798468967020813 0.0 0.0 0.0 0.0 0.024578774175233672 0.0 0.0 0.0 0.04970684317070634 0.0 0.0 0.0 0.007765236686302162 0.0 0.0 0.0 0.038948002059329294 0.0 2.1263800448274367e-05 0.0 0.0 0.024709217050225666 1.0480227378993219e-07 0.0 0.0 0.06560062000031942 9.905727708057094e-10 0.0 0.0 0.000264817917676109 0.010557726573388142 0.0 0.0 0.0041256670343161874 0.0002775389805161651 0.0 0.0 0.01196750203088862 8.988035948757421e-08 0.0 0.0 0.09914974704773044 0.0026739367760686655 0.0 0.0 0.11353175248233298 0.05464800738984556 0.0 0.0 0.014876534762988685 0.0 2.686160915644779e-07 0.0 0.0 0.0 1.5143093638771563e-07 0.0 0.0 0.0 4.803826217174392e-12 0.0 0.0 0.0 3.1057216287950074e-07 0.0 0.0 0.0 0.0 0.0517825659638133 0.0 0.0 0.0 0.05229596363530738 0.0 0.0 0.0 0.03135645825428387 0.0 0.0 0.0 0.10701366279248381 0.0 0.0008752798067873982 0.0 0.0 0.029370957375811274 6.8099639233607e-08 0.0 0.0 0.04503631589500944 0.0029214104336061884 0.0 0.0 0.05507627807561141 0.027787163371524173 0.0 0.0 0.011429278256526551 0.001579148248387009 0.0 0.0 0.0716865108848219 2.7889442247196167e-08 0.0 0.0 0.08902115012452018 0.01171597917028286 0.0 0.0 0.24057828203197917 0.13677209940923818 0.0 0.0 0.058645893568631695 0.0 0.010934132130494418 0.0 0.0 0.0 0.009037608883444742 0.0 0.0 0.0 1.1792526118472551e-07 0.0 0.0 0.0 0.008414280809571666 0.0 0.0 0.0 0.0 3.010713727450232e-08 0.0 0.0 0.0 1.2184332912529615e-07 0.0 0.0 0.0 6.91925447783878e-08 0.0 0.0 0.0 1.1927144692563354e-07 0.0 1.099836586159018e-09 0.0 0.0 0.0027204512274419355 1.3627323061214922e-13 0.0 0.0 0.0030645444658126087 0.0003089252434392241 0.0 0.0 0.004703313490407487 0.021314586235840264 0.0 0.0 0.010760377930083609 0.0005084319755385017 0.0 0.0 0.11007273817612122 8.930748150911642e-08 0.0 0.0 0.14319236639550814 0.007861757800180075 0.0 0.0 0.20453843960216475 0.13043909971851764 0.0 0.0 0.04648415928853731 0.0 0.10950085902401291 0.0 0.0 0.0 0.2304556719788993 0.0 0.0 0.0 1.0973623214684962e-07 0.0 0.0 0.0 0.09194688637464403 0.0 0.0 0.0 0.0 0.028918047923036108 0.0 0.0 0.0 0.07049382266517285 0.0 0.0 0.0 7.717033564641114e-09 0.0 0.0 0.0 0.0020294463478381384 0.0 0.0007630876243766477 0.0 0.0 0.024552041645279892 1.8924604965206877e-07 0.0 0.0 0.09135907258048928 0.002334871325462588 0.0 0.0 0.02610487289553208 0.0022486590304438207 0.0 0.0 0.0006284361234641878 0.0005739498980092767 0.0 0.0 0.022045690960140113 1.61398612465186e-07 0.0 0.0 0.07357527481791369 0.00019350425492330094 0.0 0.0 0.0024255802499587864 0.048136185384990586 0.0 0.0 0.010305117634331644
0.0 0.002467680586145484 0.0 0.0 0.0 0.00570124802216942 0.0 0.0 0.0 3.7586177062755066e-08 0.0 0.0 0.0 0.0032952389799962207 0.0 0.0 0.0 0.0 0.030649780221626625 0.0 0.0 0.0 0.07565908442391653 0.0 0.0 0.0 0.0030192770016522763 0.0 0.0 0.0 0.040984443018439745 0.0 2.3884399941144477e-08 0.0 0.0 6.536790966064788e-07 1.982755476630063e-08 0.0 0.0 0.00575558023270967 0.00011120038609998081 0.0 0.0 0.0013255952472420382 0.026880644199717738 0.0 0.0 0.004069853042728259 0.0012140351143554362 0.0 0.0 0.03409607080449479 2.220648115000133e-07 0.0 0.0 0.08395445615413538 0.007744253172642645 0.0 0.0 0.09044200304136432 0.09944671999935625 0.0 0.0 0.030607833630118444 0.0 1.81407975639152e-07 0.0 0.0 0.0 2.2248954131503813e-07 0.0 0.0 0.0 2.6295530488467115e-12 0.0 0.0 0.0 3.5563396448887835e-07 0.0 0.0 0.0 0.0 0.002046555928422076 0.0 0.0 0.0 0.07982172608195262 0.0 0.0 0.0 0.02415010927126344 0.0 0.0 0.0 0.09059159373456913 0.0 0.0005840287654411286 0.0 0.0 0.0036133703637782734 1.1796310945252789e-07 0.0 0.0 0.044829493772234975 0.0018314974744859675 0.0 0.0 0.06049168274267677 0.09012986627412756 0.0 0.0 0.022524144385640862 0.003705234837499406 0.0 0.0 0.05847887298700236 7.470407233064658e-08 0.0 0.0 0.1490613421495648 0.0050860739875903315 0.0 0.0 0.14793949153676994 0.11660853718522227 0.0 0.0 0.05650084638212958 0.0 0.014051993705031447 0.0 0.0 0.0 0.009931310026953471 0.0 0.0 0.0 1.9339068867238097e-07 0.0 0.0 0.0 0.007926013657670034 0.0 0.0 0.0 0.0 8.025191756230969e-07 0.0 0.0 0.0 1.2044394588062157e-06 0.0 0.0 0.0 2.1791402894562528e-07 0.0 0.0 0.0 1.1413455076106734e-07 0.0 6.898012135599823e-05 0.0 0.0 0.03196809383125853 2.1215564286205355e-08 0.0 0.0 0.009713837969574613 0.0010897113320822774 0.0 0.0 0.03721696482998291 1.4572611305056586e-07 0.0 0.0 2.560899638438631e-08 0.003693002558774284 0.0 0.0 0.12128773798970133 1.8943832489536654e-07 0.0 0.0 0.15142404763542103 0.011666637099886112 0.0 0.0 0.18952513044874705 0.07894299713263139 0.0 0.0 0.04998719232027608 0.0 0.1337927289664826 0.0 0.0 0.0 0.18097720447754306 0.0 0.0 0.0 2.0541800252792918e-06 0.0 0.0 0.0 0.21675418298981544 0.0 0.0 0.0 0.0 0.005446431830324672 0.0 0.0 0.0 0.06852218679616702 0.0 0.0 0.0 0.06295517857998977 0.0 0.0 0.0 0.09105199405496478 0.0 0.001563415211070124 0.0 0.0 0.07620023709818981 4.2403396800282744e-08 0.0 0.0 0.03191067596482552 0.0003756312664233123 0.0 0.0 0.004218363451351802 0.08201953957963883 0.0 0.0 0.026340239967628243 0.0006354846815918673 0.0 0.0 0.021860557227757066 7.191727696477428e-08 0.0 0.0 0.060731039891385015 0.004829424225258614 0.0 0.0 0.06447583687718898 0.03749772051705934 0.0 0.0 0.025334032921725532
0.0 0.015864593690451827 0.0 0.0 0.0 0.00011644775172456063 0.0 0.0 0.0 1.4969041239709301e-07 0.0 0.0 0.0 0.00422849693239748 0.0 0.0 0.0 0.0 0.040208315953473496 0.0 0.0 0.0 0.01690899288931115 0.0 0.0 0.0 0.0944199959700604 0.0 0.0 0.0 0.037933501313207114 0.0 0.0011719987464097795 0.0 0.0 0.0589253017243042 4.0694336059649863e-13 0.0 0.0 0.015998576537306776 0.00017719333948307007 0.0 0.0 0.05222165957700307 0.017706047964726235 0.0 0.0 0.0036789024598362875 0.010494607156560967 0.0 0.0 0.323906748155694 1.0262935424455651e-13 0.0 0.0 0.004523613273389129 0.01600452073218211 0.0 0.0 0.28774804611775323 0.07126733470893581 0.0 0.0 0.05292386888210298 0.0 0.0 0.0 0.0 0.0 0.0 0.0 0.0 0.0 2.4968102588319967e-12 0.0 0.0 0.0 1.1545204634473578e-07 0.0 0.0 0.0 0.0 0.0 0.0 0.0 0.0 0.0 0.0 0.0 0.0 0.060036550179914494 0.0 0.0 0.0 0.008103430657001823 0.0 0.0 0.0 0.0 0.0 0.0 0.0 0.0 0.0 0.0012246749554377665 0.0 0.0 0.04597177450496495 1.2782446358685097e-12 0.0 0.0 2.503759552330337e-08 0.0 0.0 0.0 0.0 0.0 0.0 0.0 0.0 0.0053359809610286765 0.0 0.0 0.11271680210960447 1.3407035845222818e-06 0.0 0.0 0.029442718600734743 0.0 0.040932439903737274 0.0 0.0 0.0 0.01163862945668481 0.0 0.0 0.0 4.4960475570373815e-07 0.0 0.0 0.0 0.028319214941755315 0.0 0.0 0.0 0.0 1.7664172618013611e-06 0.0 0.0 0.0 5.486358712681204e-08 0.0 0.0 0.0 1.594582308082425e-06 0.0 0.0 0.0 1.6974319072250512e-06 0.0 0.0015376714045667544 0.0 0.0 0.04119730403171021 7.83605993284639e-14 0.0 0.0 0.00011647460853854147 0.007550129820172977 0.0 0.0 0.09189695976700107 0.0028730058498353367 0.0 0.0 0.028277429652234787 0.006294112268614218 0.0 0.0 0.2855130104965216 1.1545284845184065e-07 0.0 0.0 0.10088761697498627 0.04000584011911465 0.0 0.0 0.46130711334250657 0.16427400459362748 0.0 0.0 0.18927858250529297 0.0 0.13267377253186305 0.0 0.0 0.0 0.05638490362850694 0.0 0.0 0.0 4.45891162411344e-06 0.0 0.0 0.0 0.13479294218213717 0.0 0.0 0.0 0.0 0.10966959797874105 0.0 0.0 0.0 0.0302874267463782 0.0 0.0 0.0 0.012123255619385525 0.0 0.0 0.0 0.01345142696320108 0.0 0.00032847152108763495 0.0 0.0 0.028308946858631227 1.75974901705262e-14 0.0 0.0 0.0009895789751403039 0.0005772282399827529 0.0 0.0 0.01967778892697923 0.007747223547635363 0.0 0.0 0.0018608018075182082 0.0003828269677469177 0.0 0.0 0.029017427759859587 1.0891723496329932e-12 0.0 0.0 0.024980982005591387 0.007124335777297918 0.0 0.0 0.14823108478593644 0.08509612742605403 0.0 0.0 0.01988489123914245
0.0 0.0033970453080921525 0.0 0.0 0.0 0.00519950387459734 0.0 0.0 0.0 5.649688445412246e-08 0.0 0.0 0.0 0.00045923379579041926 0.0 0.0 0.0 0.0 0.006003562707296555 0.0 0.0 0.0 0.03080636104551835 0.0 0.0 0.0 0.11949606085970106 0.0 0.0 0.0 0.10003173681254669 0.0 7.82183627341095e-15 0.0 0.0 2.3873915833350356e-08 1.69865220096675e-14 0.0 0.0 2.489014921542205e-08 0.0003665832419119074 0.0 0.0 0.010605946514418246 0.0006209113312494848 0.0 0.0 0.0005869526075282949 1.752369270024187e-08 0.0 0.0 0.0657727667145651 1.2527906799121897e-07 0.0 0.0 0.15192752522957556 0.010367868477334776 0.0 0.0 0.19744385698381528 0.00614062764961727 0.0 0.0 0.004920661994623115 0.0 9.50403893113264e-08 0.0 0.0 0.0 4.64155003716586e-09 0.0 0.0 0.0 5.039800585676068e-12 0.0 0.0 0.0 1.323765437608536e-07 0.0 0.0 0.0 0.0 0.0006053399197070046 0.0 0.0 0.0 0.008586616758023292 0.0 0.0 0.0 0.1072841868975222 0.0 0.0 0.0 0.02577026290545451 0.0 7.316602205444986e-20 0.0 0.0 2.473964448000228e-13 4.713739929938761e-13 0.0 0.0 0.02591150241414213 0.002626563853874577 0.0 0.0 0.06819826571281251 0.006702993330806433 0.0 0.0 0.002623449621375395 9.755088984445802e-09 0.0 0.0 0.036981263348352375 5.011479722607975e-14 0.0 0.0 0.003088584249548126 0.012817480587081827 0.0 0.0 0.26011399970909005 0.05627384412049914 0.0 0.0 0.021389441836676033 0.0 0.027612326162620392 0.0 0.0 0.0 0.004343454144087562 0.0 0.0 0.0 2.335665324255528e-07 0.0 0.0 0.0 0.012061099556197854 0.0 0.0 0.0 0.0 5.329159508588199e-08 0.0 0.0 0.0 1.4353350317431895e-07 0.0 0.0 0.0 1.2922687531840817e-07 0.0 0.0 0.0 7.708328387496032e-08 0.0 0.0002478179246654737 0.0 0.0 0.035272694277231974 6.52094676734283e-08 0.0 0.0 0.02462337686765253 0.0045775939461289925 0.0 0.0 0.07761818525723639 0.06921543173548754 0.0 0.0 0.015404412109449588 0.007738187491047657 0.0 0.0 0.22982258536312009 2.9832365737585e-08 0.0 0.0 0.08379305460427858 0.011282850673103357 0.0 0.0 0.39514821215932955 0.25155357710506465 0.0 0.0 0.06521919111215245 0.0 0.22532825491396083 0.0 0.0 0.0 0.13270344382047206 0.0 0.0 0.0 1.1306680077330844e-07 0.0 0.0 0.0 0.16634326272313463 0.0 0.0 0.0 0.0 0.005571486540599143 0.0 0.0 0.0 0.066669653596685 0.0 0.0 0.0 0.00017920034322157176 0.0 0.0 0.0 0.10948860659118705 0.0 0.0006601853796280667 0.0 0.0 0.03282304433582538 2.0128288370414336e-09 0.0 0.0 0.04474863391714811 0.001842161683210149 0.0 0.0 0.03272068330686097 0.1100163800288713 0.0 0.0 0.021327026608700915 0.0004096214012336634 0.0 0.0 0.03590107193903368 9.72925419534554e-09 0.0 0.0 0.05657192143389247 0.00013601096679264908 0.0 0.0 0.002708538696898988 0.031541515102311665 0.0 0.0 0.012323705711215509
0.0 0.001012975187393168 0.0 0.0 0.0 0.0014271902145587617 0.0 0.0 0.0 4.313069151247779e-08 0.0 0.0 0.0 0.002820134569521022 0.0 0.0 0.0 0.0 0.005523906557611936 0.0 0.0 0.0 0.03812570210386223 0.0 0.0 0.0 0.06719876427445312 0.0 0.0 0.0 0.08140306460841167 0.0 4.165360342414917e-05 0.0 0.0 0.004134029717880012 4.3751838973845103e-08 0.0 0.0 0.025680267398054898 0.0010288534630353416 0.0 0.0 0.03358050734379211 0.023951542362235557 0.0 0.0 0.005321782805971526 0.00022789535220703975 0.0 0.0 0.025358466201075295 2.5778127755856347e-08 0.0 0.0 0.0436635506123322 0.00482823353685147 0.0 0.0 0.11115715796872604 0.08076011093270268 0.0 0.0 0.02353692443870717 0.0 6.217850888391893e-08 0.0 0.0 0.0 1.0427429564757397e-08 0.0 0.0 0.0 6.264069667960725e-12 0.0 0.0 0.0 2.0914832003805008e-07 0.0 0.0 0.0 0.0 0.02148238999193711 0.0 0.0 0.0 0.027108086826765944 0.0 0.0 0.0 0.09307529680996338 0.0 0.0 0.0 0.09335523350331129 0.0 2.3887321140234044e-09 0.0 0.0 4.829087692074789e-08 4.875927173242582e-14 0.0 0.0 0.0016363979552906497 0.006984083926333333 0.0 0.0 0.11693339939540782 0.025680101082406738 0.0 0.0 0.005681132003756735 0.0006260785434583529 0.0 0.0 0.014190345226078212 2.0077219508311325e-13 0.0 0.0 0.007554431409855899 0.013495519260856568 0.0 0.0 0.24139774665586564 0.0965509818339122 0.0 0.0 0.0328248287654341 0.0 0.008550318885542068 0.0 0.0 0.0 0.005800060246424294 0.0 0.0 0.0 1.1911139247561258e-07 0.0 0.0 0.0 0.021390648006948308 0.0 0.0 0.0 0.0 6.782470020224409e-13 0.0 0.0 0.0 2.9683559667464032e-08 0.0 0.0 0.0 2.4899167993885664e-08 0.0 0.0 0.0 1.076649421494066e-07 0.0 5.231492471555458e-05 0.0 0.0 0.029669891452195004 3.4292749477620065e-08 0.0 0.0 0.05978023700131896 0.0007738091628142176 0.0 0.0 0.027479465869792934 0.030712189772763354 0.0 0.0 0.011806143507234999 0.0010335062206959576 0.0 0.0 0.06959074837494798 1.3722922315649327e-08 0.0 0.0 0.11591425815098329 0.008630646900416223 0.0 0.0 0.14461056715437418 0.24112481418039333 0.0 0.0 0.09425428968322541 0.0 0.17285573275603763 0.0 0.0 0.0 0.22779374624356513 0.0 0.0 0.0 0.0 0.0 0.0 0.0 0.22816776851831125 0.0 0.0 0.0 0.0 0.061454993280967596 0.0 0.0 0.0 0.09168134642866523 0.0 0.0 0.0 0.0 0.0 0.0 0.0 0.0986557285775964 0.0 0.0020876214790444213 0.0 0.0 0.0948915813746759 7.584892386348903e-08 0.0 0.0 0.068488226759191 0.0 0.0 0.0 0.0 0.07625943406990147 0.0 0.0 0.031687194822272426 0.0004906085967719815 0.0 0.0 0.031208728708418492 8.836571063846769e-08 0.0 0.0 0.08392256240863488 0.0 0.0 0.0 0.0 0.07940999977305667 0.0 0.0 0.03030377353273579
0.0 0.005624811224805234 0.0 0.0 0.0 0.0006507249244885619 0.0 0.0 0.0 6.931815528070933e-08 0.0 0.0 0.0 0.0025297860880619336 0.0 0.0 0.0 0.0 0.0018544907411696132 0.0 0.0 0.0 0.0034461949956992393 0.0 0.0 0.0 0.08860852907280439 0.0 0.0 0.0 0.08432826487119736 0.0 7.969992051779905e-10 0.0 0.0 1.0329101467743091e-08 8.204446827850735e-24 0.0 0.0 3.7945730714071675e-13 0.00012513302928555416 0.0 0.0 0.004204320697300434 0.00016605640716011816 0.0 0.0 0.0019031916997446893 0.0014435082654061279 0.0 0.0 0.02097444257904497 4.975599136618462e-13 0.0 0.0 0.025800344015461798 0.004016481463412122 0.0 0.0 0.14222357791125517 0.03033702500050549 0.0 0.0 0.030221995615963494 0.0 0.0 0.0 0.0 0.0 4.561193624368825e-08 0.0 0.0 0.0 2.662290763265898e-12 0.0 0.0 0.0 1.2530073521666712e-07 0.0 0.0 0.0 0.0 0.0 0.0 0.0 0.0 0.030018657557331973 0.0 0.0 0.0 0.036672328033502455 0.0 0.0 0.0 0.04384665313744188 0.0 0.0 0.0 0.0 0.0 3.791351653949442e-09 0.0 0.0 0.0019493455228213178 0.002876133131717863 0.0 0.0 0.034765462247750074 0.02406882260010322 0.0 0.0 0.019836575962448748 0.0 0.0 0.0 0.0 2.3820156885923195e-08 0.0 0.0 0.02782645156945516 0.007456884676493751 0.0 0.0 0.15740730340008652 0.0955384686143233 0.0 0.0 0.025990201940633968 0.0 0.016048518333580165 0.0 0.0 0.0 0.006480438541561543 0.0 0.0 0.0 2.357968413052381e-07 0.0 0.0 0.0 0.01454806093670422 0.0 0.0 0.0 0.0 3.959047330377138e-07 0.0 0.0 0.0 1.0194604815527623e-06 0.0 0.0 0.0 8.747154870742481e-07 0.0 0.0 0.0 3.612274907650179e-06 0.0 0.00010257245335401968 0.0 0.0 0.00964455850332713 4.060513039631854e-09 0.0 0.0 0.011132324254002478 0.004189304941635774 0.0 0.0 0.056013889975303904 0.04832164575429367 0.0 0.0 0.013417931156277527 0.006966113926750299 0.0 0.0 0.14662142449741508 3.350810589140549e-08 0.0 0.0 0.13187249985796862 0.011297143851560405 0.0 0.0 0.34706024583054423 0.12611418463069776 0.0 0.0 0.09656720461238531 0.0 0.15656415012248523 0.0 0.0 0.0 0.10340642965028995 0.0 0.0 0.0 5.51847400615185e-06 0.0 0.0 0.0 0.14062432085004192 0.0 0.0 0.0 0.0 0.004543826314068275 0.0 0.0 0.0 0.05003047124268011 0.0 0.0 0.0 0.01250866650183165 0.0 0.0 0.0 0.09061932911696328 0.0 3.831619493364201e-05 0.0 0.0 0.04815074732521645 7.601011492776402e-08 0.0 0.0 0.08534855494361848 0.0017974472449715328 0.0 0.0 0.0440269061913334 0.030998030683553758 0.0 0.0 0.008437780806767966 0.00025487991806771783 0.0 0.0 0.029626191617441636 2.9724593792530922e-08 0.0 0.0 0.030289813857442317 0.005482818124921244 0.0 0.0 0.0856649631455691 0.04505618540618591 0.0 0.0 0.013134256438280017
0.0 0.01545550116451754 0.0 0.0 0.0 0.004436452046271704 0.0 0.0 0.0 3.678693568665338e-08 0.0 0.0 0.0 0.00936699670272582 0.0 0.0 0.0 0.0 0.00826336040618802 0.0 0.0 0.0 0.07293843270358312 0.0 0.0 0.0 0.09676720974143223 0.0 0.0 0.0 0.12689624136142888 0.0 3.1115615022041365e-09 0.0 0.0 1.6504630054619944e-07 6.82557909263751e-08 0.0 0.0 0.018516954804288107 0.0004773116576616468 0.0 0.0 0.03275320894517826 3.3278223334922824e-07 0.0 0.0 0.007092087846383218 0.004275044079729144 0.0 0.0 0.16365248657196096 1.4317764999093385e-07 0.0 0.0 0.0957545093926739 0.0032653897985208367 0.0 0.0 0.10629504354559352 0.09103197771875238 0.0 0.0 0.10099384425392746 0.0 4.82762501702161e-07 0.0 0.0 0.0 9.691401588347458e-07 0.0 0.0 0.0 5.42308790164113e-12 0.0 0.0 0.0 6.944147317700764e-07 0.0 0.0 0.0 0.0 0.002070883912254918 0.0 0.0 0.0 0.01071468410955675 0.0 0.0 0.0 0.052727010291914296 0.0 0.0 0.0 0.012619745643825292 0.0 1.0083980647776013e-08 0.0 0.0 2.2813101916925546e-07 1.1555325108528439e-07 0.0 0.0 0.051440334341016095 0.00197380603391297 0.0 0.0 0.0377448027586037 0.0017552151327822352 0.0 0.0 0.02685690006883944 0.005466393136647279 0.0 0.0 0.1361969222587896 9.151669232391878e-07 0.0 0.0 0.5606943029249318 0.013843757811120636 0.0 0.0 0.32491538395460523 0.1102146263942219 0.0 0.0 0.08811101882092155 0.0 0.026355045540549876 0.0 0.0 0.0 0.03013179075788268 0.0 0.0 0.0 1.4856240871713756e-07 0.0 0.0 0.0 0.009791413452609223 0.0 0.0 0.0 0.0 8.110590827347263e-07 0.0 0.0 0.0 4.6308343386569855e-06 0.0 0.0 0.0 2.3330808708365995e-07 0.0 0.0 0.0 3.036213285826304e-07 0.0 0.0011774362698863219 0.0 0.0 0.009009886534306842 3.5835333100927706e-07 0.0 0.0 0.08085934019591852 0.01679586574906314 0.0 0.0 0.08014964565101615 0.007610118173302275 0.0 0.0 0.004731871013054101 0.015163584107645005 0.0 0.0 0.18785143696385137 5.458148466217789e-07 0.0 0.0 0.3681197349943269 0.01417123184162224 0.0 0.0 0.12844107536312488 0.15254943156387124 0.0 0.0 0.06487506265115674 0.0 0.2824291014297269 0.0 0.0 0.0 0.043563112013238044 0.0 0.0 0.0 5.5828415500641326e-06 0.0 0.0 0.0 0.16641675845767498 0.0 0.0 0.0 0.0 0.07078353356568651 0.0 0.0 0.0 0.03611366445592682 0.0 0.0 0.0 0.04140651233902025 0.0 0.0 0.0 0.037272152667108246 0.0 0.0020913978674851267 0.0 0.0 0.030401382355301553 6.006165380506804e-13 0.0 0.0 0.04462493929188875 0.0029024162829666823 0.0 0.0 0.036932067165632756 0.04640178486264467 0.0 0.0 0.01343445546717084 0.0012494945013437231 0.0 0.0 0.0442498511360361 4.219055098168548e-13 0.0 0.0 0.019433204523117153 0.010223417414109212 0.0 0.0 0.1480882044320432 0.08285106811438205 0.0 0.0 0.036916901191534734
0.0 0.0020322936408320087 0.0 0.0 0.0 0.0008256643635775935 0.0 0.0 0.0 1.0041084317853436e-07 0.0 0.0 0.0 0.0032056970372493503 0.0 0.0 0.0 0.0 0.0024115516683658553 0.0 0.0 0.0 0.0101137869339282 0.0 0.0 0.0 0.053203464120549396 0.0 0.0 0.0 0.03628349277935707 0.0 3.436101528561467e-16 0.0 0.0 1.190215809076565e-09 7.973273521703784e-08 0.0 0.0 0.005248027475205586 0.0022621093316089144 0.0 0.0 0.029384804052569 4.3225567841948796e-07 0.0 0.0 0.010132331245929849 1.1313406112737472e-08 0.0 0.0 0.04393590750235503 4.362334152644383e-07 0.0 0.0 0.032191770576313304 0.004066401787102477 0.0 0.0 0.3465010081339035 1.1538005721133153e-06 0.0 0.0 0.04713642351156351 0.0 5.159661504814762e-07 0.0 0.0 0.0 0.0 0.0 0.0 0.0 8.360437931474744e-12 0.0 0.0 0.0 8.559071087088538e-08 0.0 0.0 0.0 0.0 0.0008256643635775934 0.0 0.0 0.0 0.0 0.0 0.0 0.0 0.07815240507375662 0.0 0.0 0.0 0.03855212053971087 0.0 0.0006978954577287888 0.0 0.0 0.009415891476199409 0.0 0.0 0.0 0.0 0.000158193948804084 0.0 0.0 0.017170399436573013 0.002522577655490948 0.0 0.0 0.0004658073034108782 0.002321636396572384 0.0 0.0 0.0351181616549465 0.0 0.0 0.0 0.0 0.018184265198209794 0.0 0.0 0.2733728588556974 0.0342878020865222 0.0 0.0 0.020931137454504586 0.0 0.025924218517253347 0.0 0.0 0.0 0.018193557608692505 0.0 0.0 0.0 8.435298378393553e-07 0.0 0.0 0.0 0.05224797274679683 0.0 0.0 0.0 0.0 2.1353217306908163e-06 0.0 0.0 0.0 3.988029632034004e-06 0.0 0.0 0.0 4.998405952642288e-07 0.0 0.0 0.0 7.281002015562854e-06 0.0 0.0009433515807901616 0.0 0.0 0.03185500690552015 2.8811103646319033e-10 0.0 0.0 0.042312727063172434 0.0116916138130621 0.0 0.0 0.13220947268310282 0.07819610979715695 0.0 0.0 0.018181984836981552 0.00108901942009905 0.0 0.0 0.27884462546083283 1.4125095733202802e-07 0.0 0.0 0.27814794296566087 0.03514341044232991 0.0 0.0 0.7401697006794004 0.21460729252746108 0.0 0.0 0.3140760735020404 0.0 0.07405526737796468 0.0 0.0 0.0 0.09595070182394261 0.0 0.0 0.0 1.2960244932096084e-05 0.0 0.0 0.0 0.2755078412985556 0.0 0.0 0.0 0.0 0.043788433930268995 0.0 0.0 0.0 0.008707579867149795 0.0 0.0 0.0 0.18403389793299593 0.0 0.0 0.0 0.09443168494289794 0.0 0.0008787304543933609 0.0 0.0 0.06534238036452959 2.2397674027802182e-14 0.0 0.0 8.156327479531737e-08 0.002885466554026919 0.0 0.0 0.05220208779966742 0.041683473263184716 0.0 0.0 0.006282359264882248 0.0001331108295119292 0.0 0.0 0.009321138304032051 6.312786908211093e-09 0.0 0.0 0.040480926378349054 0.021975131327436326 0.0 0.0 0.2710678746078683 0.07422792935932856 0.0 0.0 0.04004413033807774
0.0 0.008183682254253598 0.0 0.0 0.0 0.0016379796249267103 0.0 0.0 0.0 8.422288828297124e-08 0.0 0.0 0.0 0.0022295717325936924 0.0 0.0 0.0 0.0 0.0062226501262482616 0.0 0.0 0.0 0.006294221479240504 0.0 0.0 0.0 0.06069490426951815 0.0 0.0 0.0 0.034992976663955046 0.0 0.0007889620445961831 0.0 0.0 0.006387072808490681 3.21658693752851e-14 0.0 0.0 0.002419638794211255 0.0014553114286386835 0.0 0.0 0.027155805350563875 0.0023478574262337116 0.0 0.0 0.0012042801202750923 0.005278584754939252 0.0 0.0 0.08027024283915027 8.457079286382679e-13 0.0 0.0 0.06106895665252919 0.006992733383322024 0.0 0.0 0.2250947458281038 0.04019898078283131 0.0 0.0 0.02615752810178944 0.0 2.1975369109991668e-07 0.0 0.0 0.0 3.1057562704268505e-07 0.0 0.0 0.0 4.9003683431762744e-12 0.0 0.0 0.0 2.3981787351631846e-07 0.0 0.0 0.0 0.0 0.001660681579052119 0.0 0.0 0.0 0.038343576933251904 0.0 0.0 0.0 0.03561333013881874 0.0 0.0 0.0 0.07677360395086487 0.0 1.5244075731268364e-09 0.0 0.0 4.311624065776406e-08 9.667558522339752e-08 0.0 0.0 0.039077931416526046 0.0003918312681566767 0.0 0.0 0.011729388705813004 0.005342648080001524 0.0 0.0 0.014187618966318536 0.0015989002050367253 0.0 0.0 0.06816095037335734 2.7056987937282436e-07 0.0 0.0 0.17255060176037967 0.01167985484039491 0.0 0.0 0.2619791795249512 0.08933928511962823 0.0 0.0 0.02861899372066985 0.0 0.018992934829074524 0.0 0.0 0.0 0.014113951445109345 0.0 0.0 0.0 2.5435577856334705e-07 0.0 0.0 0.0 0.009110152156980382 0.0 0.0 0.0 0.0 6.021897117713866e-08 0.0 0.0 0.0 8.481702490690425e-08 0.0 0.0 0.0 1.8546016924290192e-07 0.0 0.0 0.0 7.624625463116716e-07 0.0 0.00025021277345315296 0.0 0.0 0.0040388666057354465 1.8378931277492397e-08 0.0 0.0 0.036723043523405385 0.0038317513521722857 0.0 0.0 0.048074373806252985 0.007834536013403918 0.0 0.0 0.0026319806000456494 0.002762377934086794 0.0 0.0 0.1882179372940355 2.721161690057188e-07 0.0 0.0 0.2348458159265022 0.015226147472407036 0.0 0.0 0.3971024651398258 0.14746038728056754 0.0 0.0 0.047224571141812756 0.0 0.08102791570194273 0.0 0.0 0.0 0.13663895095632456 0.0 0.0 0.0 6.949888853719662e-07 0.0 0.0 0.0 0.16513276007177805 0.0 0.0 0.0 0.0 0.03387553604877008 0.0 0.0 0.0 0.026091676523531927 0.0 0.0 0.0 8.249190514260502e-09 0.0 0.0 0.0 0.11141124909429673 0.0 0.001202950027420672 0.0 0.0 0.08163556756819712 6.27582858481675e-08 0.0 0.0 0.051464051801857716 0.0016222863228296973 0.0 0.0 0.019417644991504356 0.050290010302142106 0.0 0.0 0.01754600514311771 0.0001693285707219326 0.0 0.0 0.016351091738304 4.965236342586472e-08 0.0 0.0 0.03577799623888586 0.0010173576389058286 0.0 0.0 0.01365240608457698 0.06213294401646819 0.0 0.0 0.022011810682910297
0.0 0.005637141337486092 0.0 0.0 0.0 0.004568630839075474 0.0 0.0 0.0 6.31968958988142e-08 0.0 0.0 0.0 0.0036984860643795863 0.0 0.0 0.0 0.0 0.006375850594353777 0.0 0.0 0.0 0.06395707646347121 0.0 0.0 0.0 0.06311609168380067 0.0 0.0 0.0 0.0590380212469356 0.0 2.2405369385669857e-08 0.0 0.0 0.021842561383413783 7.321916573161009e-09 0.0 0.0 0.02695874697235641 0.002758168178764154 0.0 0.0 0.02175462770464737 0.0019954492651509943 0.0 0.0 0.000917199367825197 0.001513601854764585 0.0 0.0 0.08012783004570195 2.915651132135084e-07 0.0 0.0 0.13550926208024627 0.007068134027897239 0.0 0.0 0.10742267854490142 0.1181356745653313 0.0 0.0 0.04720918473255652 0.0 4.2063490754112804e-07 0.0 0.0 0.0 6.014658436367181e-08 0.0 0.0 0.0 2.807851048542892e-12 0.0 0.0 0.0 1.1551587848903649e-07 0.0 0.0 0.0 0.0 0.02091352389604701 0.0 0.0 0.0 0.009004277546831661 0.0 0.0 0.0 0.06756592580561917 0.0 0.0 0.0 0.010144700080468081 0.0 0.0013512135251815898 0.0 0.0 0.03224065256054053 5.0427709967609844e-08 0.0 0.0 0.01901593777273668 0.0022510410901153185 0.0 0.0 0.058951222650051927 0.03068886236029308 0.0 0.0 0.010152471927871434 0.003480547489693453 0.0 0.0 0.08638490141999185 4.9914390362124106e-08 0.0 0.0 0.029728128002291774 0.009848616389124829 0.0 0.0 0.1501257131150049 0.06944440569727289 0.0 0.0 0.023940703944578024 0.0 0.014736364288767331 0.0 0.0 0.0 0.006468922801525917 0.0 0.0 0.0 4.288067617051224e-08 0.0 0.0 0.0 0.010005864386721852 0.0 0.0 0.0 0.0 9.91959095923989e-09 0.0 0.0 0.0 5.554106855495141e-08 0.0 0.0 0.0 3.9677183062790824e-09 0.0 0.0 0.0 8.437329384141778e-08 0.0 0.0008774217268660957 0.0 0.0 0.050000358072877074 7.336981594111745e-10 0.0 0.0 0.0007377944670659354 0.0045604999372066204 0.0 0.0 0.05936790736595222 0.012614329121299188 0.0 0.0 0.0025986708717137897 0.00363164753929757 0.0 0.0 0.13287396178950778 1.6579482428136233e-07 0.0 0.0 0.10829006828290673 0.003194260389642203 0.0 0.0 0.04837429307989408 0.122589679272955 0.0 0.0 0.0543111353109231 0.0 0.1888177232362094 0.0 0.0 0.0 0.09659081354178016 0.0 0.0 0.0 4.772129174151318e-08 0.0 0.0 0.0 0.14133200247661656 0.0 0.0 0.0 0.0 0.04477084801942704 0.0 0.0 0.0 0.08169004276312909 0.0 0.0 0.0 7.496083954093367e-05 0.0 0.0 0.0 0.028500616821499423 0.0 0.0027017783724771266 0.0 0.0 0.04720719364514865 4.812626398265231e-09 0.0 0.0 0.012894892424858053 0.0014724616091403096 0.0 0.0 0.026115211082663098 0.005709746659644747 0.0 0.0 0.0015821339156385766 0.0005074525773915508 0.0 0.0 0.03361177510734267 2.5729899289442865e-08 0.0 0.0 0.039818235969886165 5.8012735800598544e-05 0.0 0.0 0.0011535579168357238 0.06556244003395065 0.0 0.0 0.017181327240101615
0.0 0.012227054948142807 0.0 0.0 0.0 0.0028595523027619436 0.0 0.0 0.0 1.5400697018746772e-07 0.0 0.0 0.0 0.0021636241208647976 0.0 0.0 0.0 0.0 0.045773752606170975 0.0 0.0 0.0 0.006434430595966011 0.0 0.0 0.0 0.06664588419411879 0.0 0.0 0.0 0.030413838614633235 0.0 0.0015901367071384388 0.0 0.0 0.036134690895148334 2.5582728464201158e-08 0.0 0.0 0.011163410400247502 0.00028147890587152725 0.0 0.0 0.0327190810235148 0.0028308154508105065 0.0 0.0 0.008062874843699004 0.008398508961526914 0.0 0.0 0.19684605893684295 1.240502185751321e-07 0.0 0.0 0.09240628321369142 0.009388819553351812 0.0 0.0 0.3047986115167573 0.05247952706173111 0.0 0.0 0.016913146053875283 0.0 2.8685523818047927e-07 0.0 0.0 0.0 5.647888656337899e-08 0.0 0.0 0.0 3.826284015495534e-12 0.0 0.0 0.0 9.230247212737236e-08 0.0 0.0 0.0 0.0 0.0023205782773026928 0.0 0.0 0.0 0.02957093717427357 0.0 0.0 0.0 0.03933647827067502 0.0 0.0 0.0 0.0024827194218017433 0.0 2.7675443003917812e-05 0.0 0.0 0.003087990452432775 6.507346750610498e-09 0.0 0.0 0.0037507393479967333 0.00316043783199102 0.0 0.0 0.05683822844544361 1.2736098860436814e-08 0.0 0.0 3.6189020902189774e-09 0.00047021466977057266 0.0 0.0 0.10695708044786578 8.767669581057364e-08 0.0 0.0 0.04192072357854318 0.006418658705684604 0.0 0.0 0.2328376751792212 0.026648875332753622 0.0 0.0 0.008489571969842864 0.0 0.019500123767476483 0.0 0.0 0.0 0.012461786921547941 0.0 0.0 0.0 5.07608388908155e-07 0.0 0.0 0.0 0.030352499754247315 0.0 0.0 0.0 0.0 6.506557650071497e-08 0.0 0.0 0.0 2.6984835156331166e-06 0.0 0.0 0.0 1.869868139744344e-06 0.0 0.0 0.0 1.748263589491983e-06 0.0 0.0003358551841145644 0.0 0.0 0.02842655057048964 1.6188336687497673e-08 0.0 0.0 0.014945912374266202 0.005853739875874343 0.0 0.0 0.06567600046722821 0.004932233226100426 0.0 0.0 0.0043772552501906235 0.004148718826097385 0.0 0.0 0.2109376142593446 1.6451883541865212e-07 0.0 0.0 0.23593834918659723 0.029296942263863163 0.0 0.0 0.42586879526270394 0.155613751894825 0.0 0.0 0.21855654081163153 0.0 0.11032878223959544 0.0 0.0 0.0 0.05838931744085658 0.0 0.0 0.0 5.7200616359905215e-06 0.0 0.0 0.0 0.11724803842546117 0.0 0.0 0.0 0.0 0.03922351463217651 0.0 0.0 0.0 0.03085702812946054 0.0 0.0 0.0 0.018563330803667136 0.0 0.0 0.0 0.059072232779149234 0.0 5.673327083170125e-05 0.0 0.0 0.05552453822224351 6.857719471072367e-14 0.0 0.0 0.0019541845799385315 0.0037893306558898325 0.0 0.0 0.02447736754604614 0.00390669834682525 0.0 0.0 0.002261686457087502 0.0003807505234958167 0.0 0.0 0.02021333340288489 1.1116192871384347e-08 0.0 0.0 0.021663284879096825 0.004125510259134337 0.0 0.0 0.13714511758298312 0.06451483869675576 0.0 0.0 0.016345432967820255
0.0 0.00038901267528168343 0.0 0.0 0.0 0.005913239632875625 0.0 0.0 0.0 1.4677078570529937e-07 0.0 0.0 0.0 0.0013365638766070023 0.0 0.0 0.0 0.0 0.03894323655840207 0.0 0.0 0.0 0.011063663626970517 0.0 0.0 0.0 0.1339455168635925 0.0 0.0 0.0 0.0827217669008487 0.0 5.2719927685597525e-14 0.0 0.0 3.170987103915028e-08 7.843485044122836e-08 0.0 0.0 0.03365413659384837 0.006004957760054488 0.0 0.0 0.05151955666069627 0.0022705302064781156 0.0 0.0 0.011079467045672798 1.3486733585124243e-08 0.0 0.0 0.009094795660275986 2.421184613462717e-07 0.0 0.0 0.14307699995546216 0.020514431904830682 0.0 0.0 0.32071338103682867 0.07544352169238251 0.0 0.0 0.02085651064047939 0.0 7.018451533822612e-07 0.0 0.0 0.0 1.0622438417180655e-06 0.0 0.0 0.0 2.274904449969958e-12 0.0 0.0 0.0 1.0357757155265424e-07 0.0 0.0 0.0 0.0 0.03788265231900728 0.0 0.0 0.0 0.006941841478042284 0.0 0.0 0.0 0.06260700041912942 0.0 0.0 0.0 0.031688546708861114 0.0 0.00012893592642418639 0.0 0.0 0.0040258136051632126 2.2138848299069994e-08 0.0 0.0 0.008065082634279878 0.004242128463285361 0.0 0.0 0.05616434215261796 0.08871690083797043 0.0 0.0 0.023181648901698146 0.0028501112484589663 0.0 0.0 0.2456743255994957 9.80204959610136e-07 0.0 0.0 0.5661160923874337 0.003608737123406681 0.0 0.0 0.11551324229237117 0.07471953378147358 0.0 0.0 0.023828716645510627 0.0 0.021776471624761488 0.0 0.0 0.0 0.014828764502245366 0.0 0.0 0.0 8.990749707335552e-08 0.0 0.0 0.0 0.020150846077906598 0.0 0.0 0.0 0.0 9.710942474220493e-07 0.0 0.0 0.0 1.0593232066775913e-07 0.0 0.0 0.0 2.1212420779834855e-08 0.0 0.0 0.0 4.786492141964813e-07 0.0 0.00033386584515341386 0.0 0.0 0.021952282196990903 2.5727318686140433e-08 0.0 0.0 0.012843582678348025 0.0021933418762414337 0.0 0.0 0.10470513453332986 0.04661359596251939 0.0 0.0 0.020728509765915986 0.003777650938194706 0.0 0.0 0.19429420875373762 5.133179504112623e-07 0.0 0.0 0.26288954838551953 0.009035688150646877 0.0 0.0 0.1262011747729496 0.17100049461278047 0.0 0.0 0.12892279565660014 0.0 0.23479547173245824 0.0 0.0 0.0 0.12124251012848224 0.0 0.0 0.0 1.3402076453830196e-06 0.0 0.0 0.0 0.25995721065652655 0.0 0.0 0.0 0.0 0.02026068088942209 0.0 0.0 0.0 0.16651930690247382 0.0 0.0 0.0 0.012817800090674993 0.0 0.0 0.0 0.0818469363060408 0.0 2.0698521440730005e-05 0.0 0.0 0.04563370342918277 2.630194772301748e-09 0.0 0.0 0.0025346646322614596 0.005352906112315073 0.0 0.0 0.07801721611235886 0.05526472068206391 0.0 0.0 0.009433816445147257 0.0005276724750063781 0.0 0.0 0.03775140358680962 6.569914415222555e-08 0.0 0.0 0.04869308064176321 0.005803980721629931 0.0 0.0 0.043288027027227095 0.101967234949444 0.0 0.0 0.02422807195756567
0.0 0.005067969324530591 0.0 0.0 0.0 0.00832355043687697 0.0 0.0 0.0 1.1505317219696988e-07 0.0 0.0 0.0 0.009317190124114031 0.0 0.0 0.0 0.0 0.2144037975854011 0.0 0.0 0.0 0.13619274419028074 0.0 0.0 0.0 0.10438576215561525 0.0 0.0 0.0 0.11970026764812575 0.0 0.002080513092201449 0.0 0.0 0.1559185701566622 2.4022289396277222e-08 0.0 0.0 0.07125124142583202 0.0028952027358602438 0.0 0.0 0.06093125820491482 0.07664349079284155 0.0 0.0 0.0244547386808569 0.0019285223607444781 0.0 0.0 0.09046714491879645 2.289337263083168e-07 0.0 0.0 0.20189133760284897 0.005939604657844608 0.0 0.0 0.19129979297796545 0.11693879366181967 0.0 0.0 0.07060464570409648 0.0 1.0220500624252406e-06 0.0 0.0 0.0 1.223015422760107e-07 0.0 0.0 0.0 2.9571428550878333e-12 0.0 0.0 0.0 1.7886348393732437e-07 0.0 0.0 0.0 0.0 0.039995168653111514 0.0 0.0 0.0 0.044558948970404536 0.0 0.0 0.0 0.006845546802256994 0.0 0.0 0.0 0.03477649256322748 0.0 9.487184165224583e-05 0.0 0.0 0.001837304185213546 3.658324034849328e-07 0.0 0.0 0.07007300015608743 0.00384412419870259 0.0 0.0 0.08341192072970469 0.03346797087565653 0.0 0.0 0.0066714666447048624 0.007017153557052431 0.0 0.0 0.21209143384531678 6.30876877453213e-08 0.0 0.0 0.09419706295780174 0.008765565236254564 0.0 0.0 0.15816979716253307 0.14534434492667953 0.0 0.0 0.04077650025865661 0.0 0.006118165107967462 0.0 0.0 0.0 0.005460761909521938 0.0 0.0 0.0 1.7897094235149458e-07 0.0 0.0 0.0 0.01649366343851112 0.0 0.0 0.0 0.0 7.18892184289329e-13 0.0 0.0 0.0 2.5308190072215864e-07 0.0 0.0 0.0 7.789576083428932e-08 0.0 0.0 0.0 2.1612987143191155e-07 0.0 1.0497125484408639e-05 0.0 0.0 0.00024078555614167422 1.995118784324937e-07 0.0 0.0 0.04532495681543998 0.0014324125589567313 0.0 0.0 0.024481498301043153 0.06815933461995428 0.0 0.0 0.016359115935629463 0.0017156607991149894 0.0 0.0 0.04412228223705437 3.8160430290450346e-07 0.0 0.0 0.1058356195564014 0.004876173444804963 0.0 0.0 0.23024661296090101 0.25221813780452934 0.0 0.0 0.11663604950984058 0.0 0.5641531798150207 0.0 0.0 0.0 0.10634526622397691 0.0 0.0 0.0 2.5308118018922433e-07 0.0 0.0 0.0 0.20110361629414603 0.0 0.0 0.0 0.0 0.14021361538657287 0.0 0.0 0.0 0.006109757524689947 0.0 0.0 0.0 0.04477741357089505 0.0 0.0 0.0 0.035813862238097224 0.0 0.007477521897347561 0.0 0.0 0.10936406176146607 7.542447281348783e-10 0.0 0.0 0.0005121699801791907 4.696540881634884e-05 0.0 0.0 0.0009466930308716616 0.05461092869473208 0.0 0.0 0.01733249705166425 0.0037794575218291072 0.0 0.0 0.1147451984944361 5.947091132431204e-08 0.0 0.0 0.0436549185254433 0.0002727211857028209 0.0 0.0 0.0061633445490157325 0.12421931403811076 0.0 0.0 0.03678629912158586
0.0 0.004803274635056955 0.0 0.0 0.0 0.0018221486781576368 0.0 0.0 0.0 6.701027065673771e-08 0.0 0.0 0.0 0.004236088532013877 0.0 0.0 0.0 0.0 0.04748602710431271 0.0 0.0 0.0 0.009690579114939545 0.0 0.0 0.0 0.04258863457719565 0.0 0.0 0.0 0.04859429269154156 0.0 7.95417353216872e-05 0.0 0.0 0.007693701031771905 6.457916407779325e-09 0.0 0.0 0.026561709754777417 0.004418680000812556 0.0 0.0 0.03419100424189933 0.04068385038491267 0.0 0.0 0.008118533720992837 0.001843340387358581 0.0 0.0 0.09351098022949061 3.714878328958244e-08 0.0 0.0 0.05517563791941315 0.004580028846809984 0.0 0.0 0.22505531556963668 0.05906773551263428 0.0 0.0 0.05688311033054224 0.0 5.29894441104785e-07 0.0 0.0 0.0 3.5756328277791236e-08 0.0 0.0 0.0 5.323949368519598e-12 0.0 0.0 0.0 1.565507342380399e-07 0.0 0.0 0.0 0.0 0.0027604330810556132 0.0 0.0 0.0 0.0020666766197971224 0.0 0.0 0.0 0.07769592625242266 0.0 0.0 0.0 0.030016978241903837 0.0 0.0001555854220110846 0.0 0.0 0.0019111377352070272 9.85578334863205e-18 0.0 0.0 6.593439730857282e-13 0.0013101201513492763 0.0 0.0 0.014969705684837546 0.009053747592067557 0.0 0.0 0.0035181196264349123 0.0032079779184507203 0.0 0.0 0.08521445502282188 3.868603768410255e-07 0.0 0.0 0.029016273787500886 0.018820152399473388 0.0 0.0 0.22912119877788062 0.05158346508726171 0.0 0.0 0.030161025000247692 0.0 0.029575203852860926 0.0 0.0 0.0 0.013586473143445379 0.0 0.0 0.0 2.3994311821991966e-07 0.0 0.0 0.0 0.004496088531088947 0.0 0.0 0.0 0.0 5.85286492612395e-08 0.0 0.0 0.0 1.2710597562516245e-07 0.0 0.0 0.0 8.460359726250285e-07 0.0 0.0 0.0 1.8392965631716134e-12 0.0 2.3197635962075246e-05 0.0 0.0 0.016325298114408127 4.6109814275114644e-09 0.0 0.0 0.037082505741045664 0.0037094727798613215 0.0 0.0 0.03260587436295164 0.022946082367174235 0.0 0.0 0.009712875612117745 0.0036351474430939214 0.0 0.0 0.23019145164698807 2.2656602407975255e-07 0.0 0.0 0.22908102005449016 0.016271496964448427 0.0 0.0 0.35149591923426 0.0339862668763353 0.0 0.0 0.02210880568543196 0.0 0.11398052510563048 0.0 0.0 0.0 0.09153784591486908 0.0 0.0 0.0 7.460911852134852e-07 0.0 0.0 0.0 0.10381428403365461 0.0 0.0 0.0 0.0 0.07150050861438725 0.0 0.0 0.0 0.011823586073935537 0.0 0.0 0.0 0.002119921571228837 0.0 0.0 0.0 0.02710260138794007 0.0 0.0011622200183972146 0.0 0.0 0.03662358946430138 1.8095294139375574e-08 0.0 0.0 0.019361640781366807 3.5156755763030533e-13 0.0 0.0 3.868600252833237e-07 0.038775556525616095 0.0 0.0 0.009790460577872261 0.0007545682949038399 0.0 0.0 0.024645572699679784 5.357375416866388e-09 0.0 0.0 0.03269376890047151 2.3475854647046097e-08 0.0 0.0 0.02896229502601694 0.053236696799337506 0.0 0.0 0.01594738487287937
0.0 0.0013230824641519028 0.0 0.0 0.0 0.004906898307437034 0.0 0.0 0.0 5.373483306449774e-08 0.0 0.0 0.0 0.0009831231615590463 0.0 0.0 0.0 0.0 0.009745112699316685 0.0 0.0 0.0 0.09282157411850463 0.0 0.0 0.0 0.06687838670781024 0.0 0.0 0.0 0.10110932138628945 0.0 0.0009363771184499602 0.0 0.0 0.037857270846951036 5.897451340063084e-08 0.0 0.0 0.024421496329720804 0.0001025748624114583 0.0 0.0 0.01132069311075366 0.004940602106475338 0.0 0.0 0.0011557250752069973 0.0004490255079608212 0.0 0.0 0.020431265898633536 1.5193602006100817e-07 0.0 0.0 0.12544729120792797 0.008363051361190537 0.0 0.0 0.16093271109712493 0.055225391368990163 0.0 0.0 0.013441173240138877 0.0 2.3954910140111946e-07 0.0 0.0 0.0 5.899939901586262e-07 0.0 0.0 0.0 2.6166375077034242e-12 0.0 0.0 0.0 2.6532076432830464e-07 0.0 0.0 0.0 0.0 0.04788055382934278 0.0 0.0 0.0 0.007780459651654335 0.0 0.0 0.0 0.00447227610168732 0.0 0.0 0.0 0.06203627472386606 0.0 0.00017869097694741753 0.0 0.0 0.0032267181025993465 1.8979893221696412e-08 0.0 0.0 0.008842279203848431 0.0015740168329089624 0.0 0.0 0.05839360039300124 0.029409997359968087 0.0 0.0 0.0359144647516093 0.0015773682312363551 0.0 0.0 0.08862069838170065 4.92402029436797e-07 0.0 0.0 0.3017157651781723 0.0026879496079000396 0.0 0.0 0.1450985606682777 0.1440084056570201 0.0 0.0 0.04697019759635997 0.0 0.013703758331624905 0.0 0.0 0.0 0.009910981578402329 0.0 0.0 0.0 2.1276332207574697e-07 0.0 0.0 0.0 0.006947093378430671 0.0 0.0 0.0 0.0 5.091196377862446e-08 0.0 0.0 0.0 1.581701220950772e-06 0.0 0.0 0.0 7.388117925596641e-08 0.0 0.0 0.0 8.612731734574949e-08 0.0 7.45356853419239e-05 0.0 0.0 0.002588324508447185 6.524622375549847e-08 0.0 0.0 0.033847283411981004 0.0003814822934098542 0.0 0.0 0.03426187555848552 0.00025544973415664383 0.0 0.0 5.118504983985651e-05 0.0018881296952323351 0.0 0.0 0.12322946993831783 1.9711866244073522e-07 0.0 0.0 0.16846629454990145 0.015527332470045572 0.0 0.0 0.30353969571087763 0.13746161894909845 0.0 0.0 0.03213990309981692 0.0 0.2555273145670428 0.0 0.0 0.0 0.10429377543706188 0.0 0.0 0.0 1.52612090955336e-06 0.0 0.0 0.0 0.10648836323082932 0.0 0.0 0.0 0.0 0.02310908098385941 0.0 0.0 0.0 0.027505556919437887 0.0 0.0 0.0 0.00010946479720892463 0.0 0.0 0.0 0.03992197684289649 0.0 0.000842959516259015 0.0 0.0 0.07002899091566653 3.4482981637863327e-09 0.0 0.0 0.0026099081672524118 0.0003922979699697875 0.0 0.0 0.033947182009965715 0.0701332637552244 0.0 0.0 0.022906912798321293 0.0012660709365532206 0.0 0.0 0.03830732302567079 9.437954063681656e-08 0.0 0.0 0.0424459979870689 0.0015333406539437709 0.0 0.0 0.034758322983466226 0.03146494353097196 0.0 0.0 0.012053077983612309
0.0 0.0 0.0 0.0 0.0 0.0006677009318196835 0.0 0.0 0.0 3.237726135930457e-08 0.0 0.0 0.0 0.0038067959031748582 0.0 0.0 0.0 0.0 0.0 0.0 0.0 0.0 0.013224734461177412 0.0 0.0 0.0 0.1415763664935852 0.0 0.0 0.0 0.07532177933164108 0.0 0.0 0.0 0.0 0.0 1.0657149616351067e-19 0.0 0.0 6.015837744305659e-09 0.00046135827020900565 0.0 0.0 0.027474923039100485 0.002638065114266648 0.0 0.0 0.0002464163410969165 0.0 0.0 0.0 0.0 3.696879013902983e-13 0.0 0.0 0.023396817446824817 0.0031448090969480023 0.0 0.0 0.08836732271510142 0.10997039367189318 0.0 0.0 0.03175210277410348 0.0 0.0 0.0 0.0 0.0 0.0 0.0 0.0 0.0 9.929343179901122e-12 0.0 0.0 0.0 1.9478810094199635e-07 0.0 0.0 0.0 0.0 0.0 0.0 0.0 0.0 0.0 0.0 0.0 0.0 0.09271671396081185 0.0 0.0 0.0 0.03342684931748461 0.0 0.0 0.0 0.0 0.0 0.0 0.0 0.0 0.0 0.001585014316459811 0.0 0.0 0.06678327353043305 0.009554963876454764 0.0 0.0 0.002330307017037124 0.0 0.0 0.0 0.0 0.0 0.0 0.0 0.0 0.015593366498591672 0.0 0.0 0.3080819968121558 0.07567208772160117 0.0 0.0 0.028172632703438748 0.0 0.007402856067181034 0.0 0.0 0.0 0.01315994891790067 0.0 0.0 0.0 3.421432077128891e-07 0.0 0.0 0.0 0.02211288211287773 0.0 0.0 0.0 0.0 5.752062238869497e-08 0.0 0.0 0.0 1.560958905341271e-06 0.0 0.0 0.0 6.173684215771516e-07 0.0 0.0 0.0 3.571705340455032e-07 0.0 0.00031510691582470953 0.0 0.0 0.023257225458990165 2.9860379321192196e-09 0.0 0.0 0.097656173040099 0.0029771709011766657 0.0 0.0 0.07526891869666616 0.0847010330841929 0.0 0.0 0.017359862299100103 0.0019126080855589717 0.0 0.0 0.11626918137594014 1.2153830669702184e-07 0.0 0.0 0.22478552226301451 0.014563235145627103 0.0 0.0 0.5038178574413702 0.19871524321615477 0.0 0.0 0.12458172838949269 0.0 0.22272002421922263 0.0 0.0 0.0 0.10660300095153755 0.0 0.0 0.0 2.2184880849372483e-06 0.0 0.0 0.0 0.1645509643112139 0.0 0.0 0.0 0.0 0.030820711259888407 0.0 0.0 0.0 0.05788764268633813 0.0 0.0 0.0 0.067241795559269 0.0 0.0 0.0 0.032819046133991066 0.0 0.0019919206184074514 0.0 0.0 0.06601133149596668 1.8790299135027298e-13 0.0 0.0 0.009684839274792944 0.0024225170639557915 0.0 0.0 0.05363394446976974 0.0033046111688461327 0.0 0.0 0.004518867861599844 0.0002548935924647686 0.0 0.0 0.051093707374343565 6.01651603885812e-09 0.0 0.0 0.049560064206803485 0.0019285579481990898 0.0 0.0 0.06121726075086824 0.03443342147479421 0.0 0.0 0.02139790104176023
0.0 0.003855877033798592 0.0 0.0 0.0 0.003999260587634021 0.0 0.0 0.0 7.6252878094124e-08 0.0 0.0 0.0 0.0016955737368863355 0.0 0.0 0.0 0.0 0.0027341580132094084 0.0 0.0 0.0 0.01866737509673324 0.0 0.0 0.0 0.07835291950770384 0.0 0.0 0.0 0.06678626975526723 0.0 0.0013181157804386943 0.0 0.0 0.024462162157982068 4.793379137914815e-09 0.0 0.0 0.001767496482835882 0.0003498706456280764 0.0 0.0 0.0038851585354760555 0.0018028515173335938 0.0 0.0 0.0004556333431470838 0.0005207776860680934 0.0 0.0 0.0800056364704643 8.326229982171939e-08 0.0 0.0 0.1260947492997328 0.014096718492999592 0.0 0.0 0.20437319561054415 0.061663122314146064 0.0 0.0 0.01812551885583462 0.0 1.6020888574193774e-07 0.0 0.0 0.0 1.5330142833093135e-07 0.0 0.0 0.0 7.0776367443915336e-12 0.0 0.0 0.0 9.175355816334164e-08 0.0 0.0 0.0 0.0 0.027547684601927733 0.0 0.0 0.0 0.0408429817019049 0.0 0.0 0.0 0.07801017431844928 0.0 0.0 0.0 0.04583873954479365 0.0 3.133317205333625e-09 0.0 0.0 6.400140653167331e-08 6.815363201924834e-13 0.0 0.0 0.02542004400684934 0.004408702158571233 0.0 0.0 0.08899253599288437 0.0062420414803229796 0.0 0.0 0.0018002340642159418 0.0019406887828284957 0.0 0.0 0.045775884032941756 6.71350023894223e-08 0.0 0.0 0.08426572337674842 0.012480261779782752 0.0 0.0 0.3429597190723869 0.04291156333495203 0.0 0.0 0.016104056964118395 0.0 0.02444927087398255 0.0 0.0 0.0 0.006731279573692538 0.0 0.0 0.0 1.7593937199884697e-07 0.0 0.0 0.0 0.015261029858151 0.0 0.0 0.0 0.0 9.915598866008523e-08 0.0 0.0 0.0 4.5909095960094096e-08 0.0 0.0 0.0 5.115784663330703e-08 0.0 0.0 0.0 1.0747746362835085e-07 0.0 0.0013877529304709853 0.0 0.0 0.045656796299338505 3.4493738103837895e-08 0.0 0.0 0.05225141845190079 0.0003100544632919024 0.0 0.0 0.009704724313367134 0.04081222087316647 0.0 0.0 0.012898617753193278 0.003452290748004461 0.0 0.0 0.22611172903744467 1.493223563109772e-07 0.0 0.0 0.12917828415248495 0.010681496416250885 0.0 0.0 0.2803614367551013 0.22958200423048325 0.0 0.0 0.07776844361407965 0.0 0.13823541425624683 0.0 0.0 0.0 0.18150888670432067 0.0 0.0 0.0 0.0 0.0 0.0 0.0 0.15829815521383642 0.0 0.0 0.0 0.0 0.0037593514850947918 0.0 0.0 0.0 0.06735322213051503 0.0 0.0 0.0 0.0 0.0 0.0 0.0 0.10224649570224256 0.0 0.0007009908706199156 0.0 0.0 0.056081626491205544 1.1047341152237643e-08 0.0 0.0 0.05672578757864389 0.0 0.0 0.0 0.0 0.08177337443946925 0.0 0.0 0.01958978927411761 0.00023016767944919133 0.0 0.0 0.026785903501306087 5.5216151420525694e-08 0.0 0.0 0.07073446112956513 0.0 0.0 0.0 0.0 0.038324729705793106 0.0 0.0 0.013722121851731973
0.0 0.007321931634098917 0.0 0.0 0.0 0.0013047378664478376 0.0 0.0 0.0 3.133984033748412e-08 0.0 0.0 0.0 0.0030705449577126597 0.0 0.0 0.0 0.0 0.054624270908381185 0.0 0.0 0.0 0.05535535286659282 0.0 0.0 0.0 0.007949000590783007 0.0 0.0 0.0 0.11498429855092544 0.0 1.8445372871577084e-05 0.0 0.0 0.004063453082963356 4.834815661708545e-08 0.0 0.0 0.020522283985463984 0.0001662891895661297 0.0 0.0 0.003093065470293003 0.06460497212236527 0.0 0.0 0.011032269984953541 0.0036918968076239227 0.0 0.0 0.11453592881228511 3.703315023490033e-08 0.0 0.0 0.045654824312337826 0.0021758525408222085 0.0 0.0 0.07874372417780735 0.11125827343493079 0.0 0.0 0.03285217308252306 0.0 1.1157540179525939e-07 0.0 0.0 0.0 5.718745143652062e-07 0.0 0.0 0.0 2.2364790206996516e-12 0.0 0.0 0.0 3.038606243130984e-07 0.0 0.0 0.0 0.0 0.04458004677992892 0.0 0.0 0.0 0.018022684685097563 0.0 0.0 0.0 0.09042546797795177 0.0 0.0 0.0 0.002352501529365538 0.0 0.0012974346437704559 0.0 0.0 0.03355847040446788 7.613599461185938e-08 0.0 0.0 0.03332846501797035 0.002075944187364175 0.0 0.0 0.027962310941921472 0.026734430590700978 0.0 0.0 0.005964727200852739 0.0008665946417561054 0.0 0.0 0.042534626366824195 4.5871034208447166e-07 0.0 0.0 0.2557409546064543 0.00681755349104194 0.0 0.0 0.11839329222378295 0.18324751140161957 0.0 0.0 0.05808441534417285 0.0 0.011329692227118455 0.0 0.0 0.0 0.009169207671963372 0.0 0.0 0.0 8.248920240009662e-08 0.0 0.0 0.0 0.0010182763857733113 0.0 0.0 0.0 0.0 2.993363796235795e-08 0.0 0.0 0.0 9.002764400296734e-08 0.0 0.0 0.0 2.996709112580008e-08 0.0 0.0 0.0 2.398081896813512e-13 0.0 0.00037414970262972995 0.0 0.0 0.005305142883574184 2.7090378313525428e-08 0.0 0.0 0.024275979219535712 0.002131556873167567 0.0 0.0 0.04694178048908671 0.014393480088798993 0.0 0.0 0.003838375766214807 0.0030061796682665028 0.0 0.0 0.10282208999692259 1.6757455126593796e-07 0.0 0.0 0.15081045503415139 0.008087866284918237 0.0 0.0 0.12709461051475807 0.0088216540653475 0.0 0.0 0.0026375347966629374 0.0 0.2142611874800633 0.0 0.0 0.0 0.1412040635830339 0.0 0.0 0.0 4.571709448715563e-08 0.0 0.0 0.0 0.10086851218714699 0.0 0.0 0.0 0.0 0.004296479934685429 0.0 0.0 0.0 0.05020209688941872 0.0 0.0 0.0 7.94287717181426e-05 0.0 0.0 0.0 0.050379631795434976 0.0 0.001432240028038041 0.0 0.0 0.052270632577173674 7.145137545002749e-08 0.0 0.0 0.056593896046038525 0.001408513248696997 0.0 0.0 0.028064578005734298 0.021808371250622943 0.0 0.0 0.00613812926828582 0.0010103049331434165 0.0 0.0 0.03382236607726952 6.203220157831052e-08 0.0 0.0 0.05909302102830524 4.9563154789262035e-05 0.0 0.0 0.0011071922050041546 0.02546511601295257 0.0 0.0 0.010305487206818167
0.0 0.004267781007022069 0.0 0.0 0.0 0.002256375585131655 0.0 0.0 0.0 1.1148186670612433e-07 0.0 0.0 0.0 0.0017711253913959577 0.0 0.0 0.0 0.0 0.003539284262787753 0.0 0.0 0.0 0.031753765155849364 0.0 0.0 0.0 0.10430089468543714 0.0 0.0 0.0 0.11313875911349865 0.0 0.00026599433038313033 0.0 0.0 0.003361758047847425 4.2212100108253985e-14 0.0 0.0 0.0025299682721170824 0.00032068623363834363 0.0 0.0 0.003254399076120895 0.000775176930853601 0.0 0.0 0.006346281066015254 0.0024382655121783048 0.0 0.0 0.07938045640471798 1.388166262912582e-12 0.0 0.0 0.08779794373872038 0.013795973707678816 0.0 0.0 0.37568014582825343 0.10227105486554743 0.0 0.0 0.02437370813918679 0.0 6.70611865505725e-08 0.0 0.0 0.0 1.0131794448091881e-07 0.0 0.0 0.0 1.9928013688564534e-12 0.0 0.0 0.0 0.0 0.0 0.0 0.0 0.0 0.003627670245044968 0.0 0.0 0.0 0.0019628696831939683 0.0 0.0 0.0 0.007428783953201755 0.0 0.0 0.0 0.0 0.0 8.075918460251653e-06 0.0 0.0 0.00017283094912280805 5.3310058993815505e-14 0.0 0.0 0.0019628202520654563 0.0019300339631850877 0.0 0.0 0.05200825235352593 0.0 0.0 0.0 0.0 0.0010913125146866942 0.0 0.0 0.02618455649981096 4.0114602440348e-08 0.0 0.0 0.05824319500876474 0.0006561708709060352 0.0 0.0 0.12448383798706164 0.0 0.0 0.0 0.0 0.0 0.04881096512817501 0.0 0.0 0.0 0.0019628084794052368 0.0 0.0 0.0 3.7826099173067354e-07 0.0 0.0 0.0 0.003184492094288296 0.0 0.0 0.0 0.0 2.1852173358242074e-07 0.0 0.0 0.0 1.177271352983137e-08 0.0 0.0 0.0 4.045011173621279e-07 0.0 0.0 0.0 1.0698589411083616e-07 0.0 3.260974199117782e-05 0.0 0.0 0.006631310649691562 6.16497418904754e-09 0.0 0.0 0.0026451813619823407 0.00751098717131128 0.0 0.0 0.083770792094758 0.007542355858137126 0.0 0.0 0.0012467481207714024 0.0038233819170624787 0.0 0.0 0.5002227514309661 5.5038814542627776e-08 0.0 0.0 0.026476450370422355 0.028422289541526063 0.0 0.0 0.564154438573164 0.07518854578801615 0.0 0.0 0.03717580390614174 0.0 0.19965389002118933 0.0 0.0 0.0 0.00880003849895932 0.0 0.0 0.0 2.6229532187376455e-07 0.0 0.0 0.0 0.028194939977430337 0.0 0.0 0.0 0.0 0.009687090927451642 0.0 0.0 0.0 0.02236536682465598 0.0 0.0 0.0 0.00020697748421484238 0.0 0.0 0.0 0.0023216821916216203 0.0 0.00023361822610253952 0.0 0.0 0.039321611983181785 6.339917177717317e-08 0.0 0.0 0.027149271163695185 0.0025520083769184883 0.0 0.0 0.05038701681442242 9.035057292317804e-08 0.0 0.0 6.464289309940933e-09 0.000402135304551811 0.0 0.0 0.030462272232332773 3.6620771952416594e-09 0.0 0.0 0.0038542828280649904 0.0001030716362769813 0.0 0.0 0.008919689769469821 0.02843717764533368 0.0 0.0 0.0032151297473765345
0.0 0.012880957378274192 0.0 0.0 0.0 0.0028516795788999113 0.0 0.0 0.0 1.635012764467317e-08 0.0 0.0 0.0 0.006865907463903903 0.0 0.0 0.0 0.0 0.0354965488642128 0.0 0.0 0.0 0.07800565543482327 0.0 0.0 0.0 0.004146986773902359 0.0 0.0 0.0 0.36332447439270005 0.0 0.0022773732733031428 0.0 0.0 0.03188944858557995 7.580393955800377e-09 0.0 0.0 0.014696249595448104 4.5818071599741406e-14 0.0 0.0 6.534728100272994e-08 0.007026573367537097 0.0 0.0 0.001738523324605727 0.008316198826149201 0.0 0.0 0.23375507309404817 1.0204938439904931e-07 0.0 0.0 0.0992156657739909 0.00350239366495744 0.0 0.0 0.057273657867999234 0.3493657094758864 0.0 0.0 0.08321781202928655 0.0 6.53472696972216e-08 0.0 0.0 0.0 1.4718449307853514e-07 0.0 0.0 0.0 2.070239065656828e-12 0.0 0.0 0.0 5.021191484009972e-08 0.0 0.0 0.0 0.0 0.0006525251842559794 0.0 0.0 0.0 0.01580623993631999 0.0 0.0 0.0 0.002575389525164433 0.0 0.0 0.0 4.173148068080647e-05 0.0 0.00019933559763570454 0.0 0.0 0.0037066790628742037 1.226112493430453e-08 0.0 0.0 0.030877535074155926 0.00297383351034134 0.0 0.0 0.061748988945259764 0.016726021588568493 0.0 0.0 0.004954659239926006 0.001277133770697021 0.0 0.0 0.026625821039424135 2.932236133916015e-08 0.0 0.0 0.05070071622801498 0.004693450920183293 0.0 0.0 0.12277769710992144 0.02573512256562854 0.0 0.0 0.017465534917594828 0.0 0.014949365174817592 0.0 0.0 0.0 0.0015196286570930096 0.0 0.0 0.0 4.621887004586645e-08 0.0 0.0 0.0 0.006327896019790154 0.0 0.0 0.0 0.0 3.70963921998807e-08 0.0 0.0 0.0 6.695226619662481e-13 0.0 0.0 0.0 2.547352349102769e-08 0.0 0.0 0.0 9.457623326398757e-07 0.0 0.00011219954527068956 0.0 0.0 0.002654445273814493 1.1166284536423099e-14 0.0 0.0 0.0007140866362800333 0.00020108741117019568 0.0 0.0 0.0027950198495502766 0.00404968408265196 0.0 0.0 0.000859006713928054 0.00401908242110567 0.0 0.0 0.1405726704993831 4.215979298416941e-13 0.0 0.0 0.030227844707681414 0.006123865702212814 0.0 0.0 0.08826463535114341 0.07802470307768132 0.0 0.0 0.04058400435224294 0.0 0.45314327756527706 0.0 0.0 0.0 0.009115303770604507 0.0 0.0 0.0 9.457618499238409e-07 0.0 0.0 0.0 0.03421081043639292 0.0 0.0 0.0 0.0 0.02147912992933381 0.0 0.0 0.0 0.02007547486334279 0.0 0.0 0.0 0.004663127740086586 0.0 0.0 0.0 0.0007751835744560635 0.0 0.0048159922639588 0.0 0.0 0.3068287215000874 1.279355382429732e-09 0.0 0.0 0.0007751407124949848 0.004401566458110389 0.0 0.0 0.026558858999635303 0.0019855871253274403 0.0 0.0 0.0004965552313461947 0.0015812450730854249 0.0 0.0 0.08861375372649072 3.6738832027871817e-09 0.0 0.0 0.0024956357024758726 0.0009007384035495099 0.0 0.0 0.02839788264108185 0.023221270538440867 0.0 0.0 0.00423371309835001
0.0 0.0016246819505918125 0.0 0.0 0.0 0.0015366123533600761 0.0 0.0 0.0 6.183329298165604e-08 0.0 0.0 0.0 0.0005923013174787414 0.0 0.0 0.0 0.0 0.035904503443398815 0.0 0.0 0.0 0.0454533363549233 0.0 0.0 0.0 0.06023174826253097 0.0 0.0 0.0 0.027147055723300326 0.0 4.909480189397401e-09 0.0 0.0 0.01607691302521851 5.817433157918266e-10 0.0 0.0 0.013079525694421603 0.0002997478467653932 0.0 0.0 0.03646960173871139 0.0195609849302391 0.0 0.0 0.006104423623032417 9.121737906557312e-09 0.0 0.0 0.03655161458730081 2.069498879843429e-08 0.0 0.0 0.06014080703753365 0.005159253591768308 0.0 0.0 0.19836534351935778 0.030169273701273976 0.0 0.0 0.006583687742403472 0.0 6.584464551624505e-08 0.0 0.0 0.0 1.1685152338948748e-07 0.0 0.0 0.0 6.284227536400532e-12 0.0 0.0 0.0 6.749977300519097e-08 0.0 0.0 0.0 0.0 0.019737731571728118 0.0 0.0 0.0 0.006316659743246966 0.0 0.0 0.0 0.03341611212853245 0.0 0.0 0.0 0.002259452291322506 0.0 8.51506677931707e-09 0.0 0.0 0.021642599099903043 1.812810994558519e-14 0.0 0.0 4.7424264762072796e-08 0.0013122247878370962 0.0 0.0 0.026882826896980662 0.0018819890250758088 0.0 0.0 0.0003815267137250177 0.0003309936691021002 0.0 0.0 0.018393752658039796 1.9014353473169102e-08 0.0 0.0 0.08384088400432134 0.013375646668773515 0.0 0.0 0.34574924902098964 0.042170069498156895 0.0 0.0 0.013412046330432123 0.0 0.01584682204837742 0.0 0.0 0.0 0.01934422226703356 0.0 0.0 0.0 4.818642486470801e-07 0.0 0.0 0.0 0.005973190581255735 0.0 0.0 0.0 0.0 3.617168524997942e-08 0.0 0.0 0.0 1.8480822599055216e-07 0.0 0.0 0.0 1.7937700310076276e-07 0.0 0.0 0.0 1.433463584959676e-07 0.0 8.867007823634877e-05 0.0 0.0 0.004266525773647287 2.128985162045956e-09 0.0 0.0 0.005874588018055064 0.0005872793229538704 0.0 0.0 0.07887837300261352 0.002141930764870392 0.0 0.0 0.00043422333847087797 0.001659043670313132 0.0 0.0 0.15845435633319668 1.6321279608606913e-07 0.0 0.0 0.3354117477158162 0.02177008798548742 0.0 0.0 0.6200254147495177 0.09567255756950958 0.0 0.0 0.04604083279574834 0.0 0.14631945449091194 0.0 0.0 0.0 0.04084900426291302 0.0 0.0 0.0 0.0 0.0 0.0 0.0 0.028158881462932037 0.0 0.0 0.0 0.0 0.030801004994561093 0.0 0.0 0.0 0.000331041556475031 0.0 0.0 0.0 0.0 0.0 0.0 0.0 0.0035923943104033945 0.0 0.0008728529302813274 0.0 0.0 0.029866644016407463 1.0454867331198798e-08 0.0 0.0 0.0022594469940126435 0.0 0.0 0.0 0.0 7.770813890246032e-08 0.0 0.0 1.3567677056400455e-08 0.0006016180046735453 0.0 0.0 0.03195903099710612 3.4114473843640864e-08 0.0 0.0 0.01666561397574349 0.0 0.0 0.0 0.0 0.023730457019492307 0.0 0.0 0.00462332728984167
0.0 0.007491704922213427 0.0 0.0 0.0 0.0023792598246694034 0.0 0.0 0.0 6.182295659386393e-08 0.0 0.0 0.0 0.0014864358177557734 0.0 0.0 0.0 0.0 0.058757245819018575 0.0 0.0 0.0 0.024738152025495796 0.0 0.0 0.0 0.12035358149436569 0.0 0.0 0.0 0.04287185238694616 0.0 5.9420456933210646e-05 0.0 0.0 0.03142374316987659 3.203742577440594e-09 0.0 0.0 0.0014157819440000037 0.0019298733150244127 0.0 0.0 0.03428503114242654 0.02178086140479927 0.0 0.0 0.010032150422257908 0.005030182814386601 0.0 0.0 0.14483517406280405 1.4044971551178873e-07 0.0 0.0 0.07757986451461919 0.007350267501243949 0.0 0.0 0.1544207906107101 0.08009303755663146 0.0 0.0 0.020590999015346823 0.0 3.2486534677621176e-07 0.0 0.0 0.0 3.420618527527402e-07 0.0 0.0 0.0 3.991694206837074e-12 0.0 0.0 0.0 8.398610093123639e-08 0.0 0.0 0.0 0.0 0.002388754893643599 0.0 0.0 0.0 0.06181390246410061 0.0 0.0 0.0 0.057380433835685904 0.0 0.0 0.0 0.0008874852225467904 0.0 0.0003884303782518623 0.0 0.0 0.026021543006284394 1.8044822376921714e-08 0.0 0.0 0.008966193202054827 0.0008304773424332658 0.0 0.0 0.08080058156081087 0.002328035468662554 0.0 0.0 0.0005415629348781194 0.002304200726509529 0.0 0.0 0.11038101541295373 2.541653945616239e-07 0.0 0.0 0.21218782862775482 0.004478422156223956 0.0 0.0 0.21022075830832915 0.051593760192598134 0.0 0.0 0.01539120683670846 0.0 0.005384367167254518 0.0 0.0 0.0 0.014005938623704684 0.0 0.0 0.0 2.951667467076537e-07 0.0 0.0 0.0 0.014698339039425412 0.0 0.0 0.0 0.0 2.5326718152589106e-08 0.0 0.0 0.0 4.0788459849291e-07 0.0 0.0 0.0 5.168343528069125e-08 0.0 0.0 0.0 2.3116195803666517e-07 0.0 0.0003364188073233166 0.0 0.0 0.0067925919212084565 4.56009373638016e-08 0.0 0.0 0.05279378905434722 0.0039215453259965885 0.0 0.0 0.06096699922754022 0.042379703976266475 0.0 0.0 0.01067658537086047 0.001518738327013175 0.0 0.0 0.056709993091977336 2.6865633907859865e-07 0.0 0.0 0.216168088746053 0.012708755952920028 0.0 0.0 0.27611302585083597 0.19178295314718455 0.0 0.0 0.09417286051177981 0.0 0.22671542404294986 0.0 0.0 0.0 0.10608503590575008 0.0 0.0 0.0 3.590630149671311e-07 0.0 0.0 0.0 0.10803368114599035 0.0 0.0 0.0 0.0 0.03435301131217128 0.0 0.0 0.0 0.033324379564003366 0.0 0.0 0.0 0.00013361227099322568 0.0 0.0 0.0 0.03263477072832005 0.0 0.0009192371932570563 0.0 0.0 0.04520764629908344 4.5533860593967885e-14 0.0 0.0 1.1509737755957583e-07 0.0022161074140117525 0.0 0.0 0.02432531724860393 0.001170477187392986 0.0 0.0 0.0003492988925227376 0.0008008272331562744 0.0 0.0 0.045714527126856856 2.0796295150359374e-08 0.0 0.0 0.037445785240265705 0.0006534909892773743 0.0 0.0 0.008042180334846244 0.05629436420154432 0.0 0.0 0.013743811768714415
0.0 0.0 0.0 0.0 0.0 0.002079972209637533 0.0 0.0 0.0 5.4389199633876403e-08 0.0 0.0 0.0 0.00015608963780580209 0.0 0.0 0.0 0.0 0.0 0.0 0.0 0.0 0.006256883666515902 0.0 0.0 0.0 0.08728431787708782 0.0 0.0 0.0 0.018073466381698943 0.0 0.0 0.0 0.0 0.0 3.0415392896389305e-18 0.0 0.0 1.4279730255062908e-07 2.3939749310165384e-08 0.0 0.0 0.02326910538967143 0.014970890166707558 0.0 0.0 0.0043193013810783245 0.0 0.0 0.0 0.0 2.323437236345872e-12 0.0 0.0 0.07653055110678811 0.0059394806588386004 0.0 0.0 0.18054344198443956 0.0037129907167868016 0.0 0.0 0.00120103660720632 0.0 0.0 0.0 0.0 0.0 3.007840778487487e-07 0.0 0.0 0.0 7.74450958637067e-12 0.0 0.0 0.0 1.8698424580136034e-07 0.0 0.0 0.0 0.0 0.0 0.0 0.0 0.0 0.12164896572773848 0.0 0.0 0.0 0.026731275056910593 0.0 0.0 0.0 0.015089227702872757 0.0 0.0 0.0 0.0 0.0 1.9319191262931628e-07 0.0 0.0 0.10926544272317842 0.0012270865203082018 0.0 0.0 0.02371381679935363 0.0865838019813525 0.0 0.0 0.0261642094699994 0.0 0.0 0.0 0.0 1.5773667052799018e-07 0.0 0.0 0.150988913857976 0.006627917963424697 0.0 0.0 0.32360387767381227 0.09428713267627685 0.0 0.0 0.032478090532955285 0.0 0.020389255812598518 0.0 0.0 0.0 0.007885229855583997 0.0 0.0 0.0 2.6936787344330353e-07 0.0 0.0 0.0 0.022421285907512613 0.0 0.0 0.0 0.0 5.991030761678411e-07 0.0 0.0 0.0 6.43048212784331e-08 0.0 0.0 0.0 9.439239650556686e-08 0.0 0.0 0.0 2.661530753765572e-06 0.0 0.0009306215384843047 0.0 0.0 0.03885890540238046 9.776245033078868e-13 0.0 0.0 0.04695877713976411 0.0027715604768720746 0.0 0.0 0.05408862397060113 0.008798482071264588 0.0 0.0 0.03516662620933137 0.0011493934622737259 0.0 0.0 0.1932738740288894 3.619385688836742e-12 0.0 0.0 0.1573248031516524 0.026409469859812244 0.0 0.0 0.42593528062784974 0.22130096600983887 0.0 0.0 0.09421395229285269 0.0 0.09122541211270413 0.0 0.0 0.0 0.15350398175098845 0.0 0.0 0.0 3.095566230130647e-06 0.0 0.0 0.0 0.360453975069727 0.0 0.0 0.0 0.0 0.042558864571433014 0.0 0.0 0.0 0.15234602265392913 0.0 0.0 0.0 0.07355790948328075 0.0 0.0 0.0 0.12145563011474633 0.0 7.191269715416214e-05 0.0 0.0 0.01747838727618741 7.179052708156627e-08 0.0 0.0 0.03157554690380691 0.003069383703350758 0.0 0.0 0.02592647483224868 0.07441991950079116 0.0 0.0 0.022740756238937242 8.418853873077595e-05 0.0 0.0 0.018316334368925536 7.760369816080811e-08 0.0 0.0 0.04447827331860415 0.004651117821212687 0.0 0.0 0.06252711815881205 0.10111188490457736 0.0 0.0 0.041192007323044795
0.0 0.002341174622762549 0.0 0.0 0.0 0.0017871322346311995 0.0 0.0 0.0 8.113232868229982e-08 0.0 0.0 0.0 0.005618823464341599 0.0 0.0 0.0 0.0 0.003555823015446451 0.0 0.0 0.0 0.003590856184110829 0.0 0.0 0.0 0.07861289415276246 0.0 0.0 0.0 0.07538001574173121 0.0 1.248665557941111e-09 0.0 0.0 0.0023315427578213077 5.520353797016944e-10 0.0 0.0 0.02057661786974648 0.001529041845062626 0.0 0.0 0.03945690956300844 0.02421142405792408 0.0 0.0 0.004780726520365711 0.001116887769937476 0.0 0.0 0.0527398541586943 1.3350520305973157e-07 0.0 0.0 0.06717318501426456 0.02176443530414369 0.0 0.0 0.23114833944266014 0.06873678923191312 0.0 0.0 0.06961335527703501 0.0 2.852966924488504e-07 0.0 0.0 0.0 1.2498958881786967e-08 0.0 0.0 0.0 1.920230293077182e-12 0.0 0.0 0.0 9.106335795983826e-08 0.0 0.0 0.0 0.0 0.0596112550270774 0.0 0.0 0.0 0.02131900820364232 0.0 0.0 0.0 0.02902776167334538 0.0 0.0 0.0 0.027584950993854003 0.0 0.00016785254363085622 0.0 0.0 0.0648018234684178 1.7731113415064844e-09 0.0 0.0 0.0006533564735180614 0.0006336823701982553 0.0 0.0 0.0539894939488275 0.006190453657208173 0.0 0.0 0.0015793416074783289 0.0009777779792426514 0.0 0.0 0.09173949819158572 2.1955237166580424e-08 0.0 0.0 0.009070240882196061 0.0015748389373021416 0.0 0.0 0.10103007378838955 0.07046166913866166 0.0 0.0 0.01835406068609522 0.0 0.04131661449520073 0.0 0.0 0.0 0.005814117928509128 0.0 0.0 0.0 2.400121083921992e-07 0.0 0.0 0.0 0.011837976460411404 0.0 0.0 0.0 0.0 8.673372494741524e-08 0.0 0.0 0.0 8.165844301909765e-07 0.0 0.0 0.0 5.57463556546464e-07 0.0 0.0 0.0 1.2142880956795052e-06 0.0 0.0009486989607758235 0.0 0.0 0.05037829730288866 3.734779872464868e-09 0.0 0.0 0.0016241841152189827 0.0016894921946728413 0.0 0.0 0.04982072703296067 0.00778218314946022 0.0 0.0 0.002117308826678422 0.00602872371410359 0.0 0.0 0.21175399665994457 8.583058927339689e-08 0.0 0.0 0.11673135895312794 0.03040526639859522 0.0 0.0 0.2595527765514085 0.0985063173118668 0.0 0.0 0.06601085068347051 0.0 0.11748151467939522 0.0 0.0 0.0 0.125707822708309 0.0 0.0 0.0 2.3731099096709374e-06 0.0 0.0 0.0 0.12160456537579727 0.0 0.0 0.0 0.0 0.029719099638380788 0.0 0.0 0.0 0.09533567095456098 0.0 0.0 0.0 0.006719682027825116 0.0 0.0 0.0 0.0072870037431413456 0.0 0.00032577978817403233 0.0 0.0 0.013242331978552568 1.8723952670565005e-08 0.0 0.0 0.01197961059167737 0.0005081459827182615 0.0 0.0 0.01896919203507091 0.04806040135665914 0.0 0.0 0.017167704310017292 0.0001814894495340433 0.0 0.0 0.025305635185946387 9.230558166042106e-08 0.0 0.0 0.04636056079589288 0.0023451993986760514 0.0 0.0 0.06458333280579152 0.04084703796971795 0.0 0.0 0.013374421537977759
0.0 0.007728239922248623 0.0 0.0 0.0 0.006094869265202887 0.0 0.0 0.0 1.4840025729130555e-07 0.0 0.0 0.0 0.0011951965862757644 0.0 0.0 0.0 0.0 0.04464117611245735 0.0 0.0 0.0 0.017373664915735967 0.0 0.0 0.0 0.14365981350322776 0.0 0.0 0.0 0.05539914545315057 0.0 3.262702187039759e-05 0.0 0.0 0.002279586924674686 1.139159848833169e-08 0.0 0.0 0.04610024733300735 0.0015873774397262754 0.0 0.0 0.031746285257256444 0.02424893108910888 0.0 0.0 0.003585782981016367 0.0012862892615738387 0.0 0.0 0.13814676499490214 1.885387238926904e-07 0.0 0.0 0.1730743738528902 0.01586236751263492 0.0 0.0 0.34095938954064664 0.05087119216438657 0.0 0.0 0.01028576490435709 0.0 2.4711276125417077e-07 0.0 0.0 0.0 7.035182738165255e-08 0.0 0.0 0.0 6.477973263874968e-12 0.0 0.0 0.0 2.983918675464197e-07 0.0 0.0 0.0 0.0 0.006249627042474377 0.0 0.0 0.0 0.0012261484430860442 0.0 0.0 0.0 0.13272498541423416 0.0 0.0 0.0 0.012636240591229959 0.0 0.0008669935286528972 0.0 0.0 0.013146623888640921 5.61202005797437e-24 0.0 0.0 3.149889307608196e-13 0.000640273285985419 0.0 0.0 0.021993542898623257 1.4903208020526854e-07 0.0 0.0 7.350691088930242e-08 0.003750489890889531 0.0 0.0 0.07304336065544453 7.516939954407758e-13 0.0 0.0 0.04730245226345164 0.0071612233697003055 0.0 0.0 0.3712953566787282 0.12514834044267123 0.0 0.0 0.05632958227296721 0.0 0.03373049153191039 0.0 0.0 0.0 0.017442723606243247 0.0 0.0 0.0 3.951807278544386e-07 0.0 0.0 0.0 0.012679225731289044 0.0 0.0 0.0 0.0 6.73323810193937e-07 0.0 0.0 0.0 1.4672461769750892e-07 0.0 0.0 0.0 1.412291216364507e-07 0.0 0.0 0.0 1.023138574110872e-07 0.0 0.001072197625282806 0.0 0.0 0.09227610403940846 5.610112825294297e-08 0.0 0.0 0.054949755018314325 0.003860478251413535 0.0 0.0 0.1462423112627616 0.004225976120922989 0.0 0.0 0.00187835649421109 0.007033436750122068 0.0 0.0 0.35117380732378367 2.1995960207985435e-07 0.0 0.0 0.2673077960061167 0.032916520408062845 0.0 0.0 0.6419675616782524 0.1975774921984151 0.0 0.0 0.07481087349789488 0.0 0.2246010711386484 0.0 0.0 0.0 0.12419632667608357 0.0 0.0 0.0 5.200039438199757e-07 0.0 0.0 0.0 0.12796276375722176 0.0 0.0 0.0 0.0 0.05868939860995919 0.0 0.0 0.0 0.006191240036338321 0.0 0.0 0.0 0.028120294766859552 0.0 0.0 0.0 0.04883655105349707 0.0 0.0010174417209205273 0.0 0.0 0.0490642341240197 1.230817435424675e-13 0.0 0.0 0.0073447980605392624 2.579090841911418e-05 0.0 0.0 0.00023464931155548193 0.03542303313680894 0.0 0.0 0.023762092149348907 0.0010467369745396494 0.0 0.0 0.05381048590736656 9.171743380970714e-13 0.0 0.0 0.05638231946372561 0.0017988048742281233 0.0 0.0 0.018348611194425647 0.039265567391503685 0.0 0.0 0.015922018868210094
0.0 0.0065299208212923595 0.0 0.0 0.0 0.0030436516039088145 0.0 0.0 0.0 1.4990363258229738e-07 0.0 0.0 0.0 0.0034335319407917614 0.0 0.0 0.0 0.0 0.05797912139855404 0.0 0.0 0.0 0.029202183535622424 0.0 0.0 0.0 0.1265203934440382 0.0 0.0 0.0 0.012945757899537563 0.0 0.0014745075899921314 0.0 0.0 0.04938792884395456 2.1788772301557124e-08 0.0 0.0 0.04543330157222059 0.0003601715711272864 0.0 0.0 0.006394085937425253 0.023268951139936 0.0 0.0 0.00580123148863381 0.0015763128918916697 0.0 0.0 0.12848894813745215 7.063541228076373e-08 0.0 0.0 0.08594526398615489 0.01427907069813887 0.0 0.0 0.46603797765348004 0.07452073196314896 0.0 0.0 0.04365428869004317 0.0 2.9497471372698196e-07 0.0 0.0 0.0 6.011686257366987e-08 0.0 0.0 0.0 3.0431292746606837e-12 0.0 0.0 0.0 1.3937361003447623e-07 0.0 0.0 0.0 0.0 0.029070154903665824 0.0 0.0 0.0 0.06209240517576752 0.0 0.0 0.0 0.03690414702969393 0.0 0.0 0.0 0.0020060909186508215 0.0 5.716789085242595e-05 0.0 0.0 0.002304638918817005 2.5370435338218358e-09 0.0 0.0 0.02390362413010078 5.8180365466979246e-05 0.0 0.0 0.03294905204012237 0.054323187446629916 0.0 0.0 0.012366219924577372 0.0016364471381415976 0.0 0.0 0.04874354273485506 4.17143743120549e-08 0.0 0.0 0.03672223616741974 0.009596817839222019 0.0 0.0 0.1659285424055885 0.07233069617595572 0.0 0.0 0.022598159282667386 0.0 0.04715295108334025 0.0 0.0 0.0 0.004044568057071655 0.0 0.0 0.0 3.479166915634352e-07 0.0 0.0 0.0 0.007481026403376532 0.0 0.0 0.0 0.0 2.8093017896170016e-07 0.0 0.0 0.0 4.966230098986669e-08 0.0 0.0 0.0 2.1222588101575693e-07 0.0 0.0 0.0 8.167013159539344e-08 0.0 0.0011146999989739802 0.0 0.0 0.10111935889377731 3.709789120536662e-08 0.0 0.0 0.03385119892552348 0.0015974567210999776 0.0 0.0 0.05958022789875535 0.0013233453509329202 0.0 0.0 0.0003669045969437419 0.0049489811168084725 0.0 0.0 0.41834945390424044 2.561491441063809e-07 0.0 0.0 0.08482225994963699 0.032307051052447903 0.0 0.0 0.6019187999540122 0.1506772929607684 0.0 0.0 0.044681965420460934 0.0 0.16510863076955246 0.0 0.0 0.0 0.15222580461931035 0.0 0.0 0.0 1.2666512528770986e-07 0.0 0.0 0.0 0.10257110356808039 0.0 0.0 0.0 0.0 0.03897897245025405 0.0 0.0 0.0 0.03667198085182543 0.0 0.0 0.0 0.03552847678428484 0.0 0.0 0.0 0.0023063711994943865 0.0 0.00010328123789425658 0.0 0.0 0.002627932229175599 8.25017755405882e-09 0.0 0.0 0.0050845469764564475 2.481036083976882e-09 0.0 0.0 2.2571350696147074e-08 0.008285964257334862 0.0 0.0 0.0011565436843888682 0.0008294952989037367 0.0 0.0 0.037788427697356804 6.956894687566174e-08 0.0 0.0 0.051454329416420246 0.00048014273194088385 0.0 0.0 0.0048973520467850366 0.03517549632736171 0.0 0.0 0.01412901408543106
0.0 0.010345435327260542 0.0 0.0 0.0 0.007867433073209648 0.0 0.0 0.0 1.1068473714229373e-07 0.0 0.0 0.0 0.006610894861031384 0.0 0.0 0.0 0.0 0.05809557631375777 0.0 0.0 0.0 0.10374158148729012 0.0 0.0 0.0 0.2659625727231394 0.0 0.0 0.0 0.048120420712569834 0.0 0.00015710695973921934 0.0 0.0 0.005469237701603858 6.99981478047036e-09 0.0 0.0 0.0051615265403180234 0.002224939134846338 0.0 0.0 0.043622677828034064 0.027952173844421075 0.0 0.0 0.007011863338656262 0.003656394266294938 0.0 0.0 0.18034184878085227 2.2639773219827654e-07 0.0 0.0 0.2703276245258981 0.022794531192933825 0.0 0.0 0.37507556664745784 0.17055824253398874 0.0 0.0 0.06232840389621847 0.0 3.810001349594088e-07 0.0 0.0 0.0 3.1507703301747685e-07 0.0 0.0 0.0 6.9033195881693546e-12 0.0 0.0 0.0 6.87509108911152e-08 0.0 0.0 0.0 0.0 0.03876008868507538 0.0 0.0 0.0 0.13146842104336182 0.0 0.0 0.0 0.08015140641366504 0.0 0.0 0.0 0.1391751199596438 0.0 9.472686013355523e-05 0.0 0.0 0.0055389602508828404 9.122557826014213e-08 0.0 0.0 0.05546602496495979 0.006202570410711591 0.0 0.0 0.18684325887022887 0.003599872181802447 0.0 0.0 0.0012171891000652179 0.0025387964293864655 0.0 0.0 0.14661624628651826 1.9982764624627572e-07 0.0 0.0 0.2001633468856837 0.0108051596894075 0.0 0.0 0.4256780028202323 0.03865721331954837 0.0 0.0 0.010899736200160754 0.0 0.06281473696387756 0.0 0.0 0.0 0.004344658359729232 0.0 0.0 0.0 2.246560537198072e-07 0.0 0.0 0.0 0.015980870621257925 0.0 0.0 0.0 0.0 1.8914424943461403e-07 0.0 0.0 0.0 6.080713343072888e-13 0.0 0.0 0.0 3.866453064412988e-08 0.0 0.0 0.0 1.0753830603161088e-07 0.0 0.0016905425664927496 0.0 0.0 0.10285623139923819 6.206972447580539e-13 0.0 0.0 0.042116868640617866 0.01048269657088387 0.0 0.0 0.08238823630028577 0.08953498920756907 0.0 0.0 0.017044453115626922 0.014876381444889543 0.0 0.0 0.5274423166924012 1.1772573059268648e-12 0.0 0.0 0.08257127267200119 0.030630593602135298 0.0 0.0 0.39262940890512793 0.36750494328822714 0.0 0.0 0.09058223476540729 0.0 0.4033760021868959 0.0 0.0 0.0 0.37734262959177406 0.0 0.0 0.0 0.0 0.0 0.0 0.0 0.04539384255600314 0.0 0.0 0.0 0.0 0.04272299538653747 0.0 0.0 0.0 0.02375269133310252 0.0 0.0 0.0 0.0 0.0 0.0 0.0 0.00996792063847043 0.0 0.0012232386518298847 0.0 0.0 0.04844833340062271 7.263156843829833e-08 0.0 0.0 0.05744547418349405 0.0 0.0 0.0 0.0 0.07231701957568241 0.0 0.0 0.033061076329095565 0.0010009642056097137 0.0 0.0 0.08387606470489867 1.6775084430957524e-07 0.0 0.0 0.12210656304561093 0.0 0.0 0.0 0.0 0.026247196707035115 0.0 0.0 0.006562143705844764
0.0 0.0006850560456947205 0.0 0.0 0.0 0.0002997025821043017 0.0 0.0 0.0 3.8880361757389367e-08 0.0 0.0 0.0 0.00451361500719068 0.0 0.0 0.0 0.0 0.035435221723337566 0.0 0.0 0.0 0.03470625701770709 0.0 0.0 0.0 0.1518988911812768 0.0 0.0 0.0 0.25058133163697394 0.0 0.00010429050450914898 0.0 0.0 0.03476574322992541 7.611391823367392e-15 0.0 0.0 0.00040059153108105197 7.767443303541475e-05 0.0 0.0 0.00396423153617916 0.015331737962653273 0.0 0.0 0.004719548626201503 0.00014863851446144782 0.0 0.0 0.021557857472362697 1.8543285244369078e-13 0.0 0.0 0.010941852614060046 0.01681641174656391 0.0 0.0 0.10533317469345604 0.13408514380457842 0.0 0.0 0.054252660413857345 0.0 0.0 0.0 0.0 0.0 2.3631800645360457e-07 0.0 0.0 0.0 4.6823436254554365e-12 0.0 0.0 0.0 2.01183224550888e-07 0.0 0.0 0.0 0.0 0.0 0.0 0.0 0.0 0.0467544489053392 0.0 0.0 0.0 0.05103307872986226 0.0 0.0 0.0 0.04103815275048979 0.0 0.0 0.0 0.0 0.0 1.5584788718730309e-09 0.0 0.0 0.0008112350512381862 0.000461248914098693 0.0 0.0 0.05281416415786083 0.03289714437619245 0.0 0.0 0.010704060056939023 0.0 0.0 0.0 0.0 9.605156505063439e-08 0.0 0.0 0.1378275970959543 0.007757556394474929 0.0 0.0 0.25872118176018505 0.15304472422660195 0.0 0.0 0.04040613987742527 0.0 0.01894418421302487 0.0 0.0 0.0 0.014110615122399495 0.0 0.0 0.0 4.842766572622842e-07 0.0 0.0 0.0 0.02077319650606364 0.0 0.0 0.0 0.0 1.1328086365746259e-08 0.0 0.0 0.0 1.431929071229646e-07 0.0 0.0 0.0 2.0793130690056764e-06 0.0 0.0 0.0 1.8678074024090715e-06 0.0 4.4632696575177655e-05 0.0 0.0 0.038947573757520476 2.454134774280177e-09 0.0 0.0 0.03265036763888757 0.0023571711953677956 0.0 0.0 0.1178843967667043 0.020034604998608475 0.0 0.0 0.004489981757791901 0.002087946750471963 0.0 0.0 0.07902086248975772 1.9384572904985228e-07 0.0 0.0 0.23132910021681505 0.018801995105928223 0.0 0.0 0.4634831220291652 0.23770083314663196 0.0 0.0 0.1341351494898112 0.0 0.4625900589999008 0.0 0.0 0.0 0.12441512636318101 0.0 0.0 0.0 3.5784797635401598e-06 0.0 0.0 0.0 0.098064704543402 0.0 0.0 0.0 0.0 0.02405189231877623 0.0 0.0 0.0 0.01622700499885464 0.0 0.0 0.0 0.013474682041382371 0.0 0.0 0.0 0.07398550397652784 0.0 0.002680008684010187 0.0 0.0 0.11955027234074227 1.0553558216996463e-07 0.0 0.0 0.142059661181265 0.0036704130076259454 0.0 0.0 0.05526543999361632 0.04693571322266688 0.0 0.0 0.013696238560919102 0.0014505322700926826 0.0 0.0 0.08490329156366058 3.8060230387269246e-08 0.0 0.0 0.04173689007690539 0.0038860093210503583 0.0 0.0 0.10909349213714355 0.033349683629943526 0.0 0.0 0.012058578537413767
0.0 0.0070760953618012315 0.0 0.0 0.0 0.0011294825124984276 0.0 0.0 0.0 8.22466041762404e-08 0.0 0.0 0.0 0.0014139119884886318 0.0 0.0 0.0 0.0 0.038050124194926066 0.0 0.0 0.0 0.05742134418331886 0.0 0.0 0.0 0.03738883220700737 0.0 0.0 0.0 0.03497281724274011 0.0 1.9948568145579166e-05 0.0 0.0 0.0007940189915038873 1.2719028874071252e-09 0.0 0.0 0.024931884579423445 0.0004146758325519345 0.0 0.0 0.014945635849502915 0.0006083675392040219 0.0 0.0 0.00013546142595496425 0.000139775750252818 0.0 0.0 0.14046566444715733 1.012843096407436e-08 0.0 0.0 0.04088102886695001 0.00481399348989264 0.0 0.0 0.2533461592307525 0.004098195253502761 0.0 0.0 0.0209531223213718 0.0 7.639459077081631e-08 0.0 0.0 0.0 2.55542815316182e-07 0.0 0.0 0.0 4.853933636410336e-12 0.0 0.0 0.0 1.2804768609259577e-07 0.0 0.0 0.0 0.0 0.0013919774859971505 0.0 0.0 0.0 0.004449921683030391 0.0 0.0 0.0 0.05992679507533721 0.0 0.0 0.0 0.030579361249092094 0.0 8.475990023914913e-15 0.0 0.0 2.5398173337172948e-08 3.176376049482185e-09 0.0 0.0 0.030726238674988093 0.002708998572109074 0.0 0.0 0.039985595252344824 0.062013837668834934 0.0 0.0 0.023872336133904572 8.840179554776328e-09 0.0 0.0 0.02969884976668187 1.6231406461742815e-07 0.0 0.0 0.12027810803688124 0.022710414735968753 0.0 0.0 0.24775945098696003 0.07491679142113868 0.0 0.0 0.026254110678761614 0.0 0.028840588562714934 0.0 0.0 0.0 0.012380338762861362 0.0 0.0 0.0 1.9325262427995027e-07 0.0 0.0 0.0 0.004218468659535436 0.0 0.0 0.0 0.0 5.125422944856793e-08 0.0 0.0 0.0 8.858492459317192e-07 0.0 0.0 0.0 1.1380499688962459e-07 0.0 0.0 0.0 3.8177480972970487e-08 0.0 0.00046207031769782375 0.0 0.0 0.02986165960635635 1.7374537289156497e-08 0.0 0.0 0.0491472574442795 0.0003190839898877002 0.0 0.0 0.009967893553511308 0.01282902068475788 0.0 0.0 0.0020555709697604643 0.006844104785192471 0.0 0.0 0.21380996644448935 2.550265701913156e-07 0.0 0.0 0.21828968651318603 0.01288386845900357 0.0 0.0 0.31882916368191894 0.10982627137060781 0.0 0.0 0.026525319566013176 0.0 0.13191635750888547 0.0 0.0 0.0 0.08283797867528174 0.0 0.0 0.0 7.567737326655177e-07 0.0 0.0 0.0 0.09555698486381915 0.0 0.0 0.0 0.0 0.002407841123036969 0.0 0.0 0.0 0.09743488316114418 0.0 0.0 0.0 0.0013466677105581535 0.0 0.0 0.0 1.0156479000967456e-07 0.0 0.001283967585845351 0.0 0.0 0.02458641984150205 2.8907098396966223e-13 0.0 0.0 0.007496295479198496 0.000753047691616495 0.0 0.0 0.009060232481050224 0.017093957926391765 0.0 0.0 0.005278397228209736 0.0008696962620703945 0.0 0.0 0.025481344992446663 1.0697775043382588e-08 0.0 0.0 0.029867397185729463 0.0013755317349660122 0.0 0.0 0.01855470149370759 0.028925635957281162 0.0 0.0 0.00859961188766388
0.0 0.011338303770280342 0.0 0.0 0.0 0.0033449418368417232 0.0 0.0 0.0 1.0215690811315243e-07 0.0 0.0 0.0 0.002750437696299259 0.0 0.0 0.0 0.0 0.05224303650428 0.0 0.0 0.0 0.01619229257032033 0.0 0.0 0.0 0.05014147088731599 0.0 0.0 0.0 0.06044926797362765 0.0 0.00012613484132044733 0.0 0.0 0.016963183655403016 5.27169057766268e-13 0.0 0.0 0.018884004609142867 0.005249143861940046 0.0 0.0 0.05200594250725996 0.0024516572143346176 0.0 0.0 0.0006194590499280283 0.0041720513747180565 0.0 0.0 0.22262893174261322 4.213272458302823e-08 0.0 0.0 0.11531453979475083 0.014510976472207391 0.0 0.0 0.339299826947291 0.08540067019827494 0.0 0.0 0.03281149300070457 0.0 1.2096692300145643e-07 0.0 0.0 0.0 4.0699708403496585e-08 0.0 0.0 0.0 3.707053111226923e-12 0.0 0.0 0.0 6.45944646385007e-08 0.0 0.0 0.0 0.0 0.024685657025243342 0.0 0.0 0.0 0.007136766552532202 0.0 0.0 0.0 0.005195850188315706 0.0 0.0 0.0 0.00250719247896745 0.0 2.3444357385970794e-05 0.0 0.0 0.02335401973277347 2.838001614130694e-08 0.0 0.0 0.027198971625246142 0.00039987866063062225 0.0 0.0 0.01199924728533335 0.002936577371605574 0.0 0.0 0.0008566224563887953 0.0015321092331593794 0.0 0.0 0.04264614125109934 4.477127290367189e-09 0.0 0.0 0.027158516643092847 0.006429844866212594 0.0 0.0 0.19120532831783124 0.0432091385545681 0.0 0.0 0.011984732921728438 0.0 0.04291533940725929 0.0 0.0 0.0 0.005626418074648627 0.0 0.0 0.0 2.6940717251726024e-07 0.0 0.0 0.0 0.0021481212898418417 0.0 0.0 0.0 0.0 1.346750478893777e-07 0.0 0.0 0.0 2.5361309951703817e-08 0.0 0.0 0.0 1.6115599256569793e-07 0.0 0.0 0.0 4.0242293672349344e-08 0.0 0.00035328545066393076 0.0 0.0 0.03148266607782303 3.745522142342475e-09 0.0 0.0 0.0023076431462484763 0.0008232725768903208 0.0 0.0 0.013259035629723644 0.00474361216340411 0.0 0.0 0.0010404498850149924 0.010027442812718725 0.0 0.0 0.3764285944094096 8.529421173164796e-08 0.0 0.0 0.11505448113350511 0.024657946020970174 0.0 0.0 0.45321394223103467 0.039610961558701197 0.0 0.0 0.013951143238467204 0.0 0.11883083495522079 0.0 0.0 0.0 0.030554065633859942 0.0 0.0 0.0 0.0 0.0 0.0 0.0 0.05552971107725482 0.0 0.0 0.0 0.0 0.014582692124534374 0.0 0.0 0.0 0.043439705385217596 0.0 0.0 0.0 0.0 0.0 0.0 0.0 0.002405937148108603 0.0 0.0006631084733287394 0.0 0.0 0.05194635050517394 2.1358254000550393e-08 0.0 0.0 0.005689247136310004 0.0 0.0 0.0 0.0 0.005689606999791774 0.0 0.0 0.0013741033701389301 0.0005362034623302785 0.0 0.0 0.02867095980144246 4.087642003826399e-08 0.0 0.0 0.01255841217652294 0.0 0.0 0.0 0.0 0.020872387605655244 0.0 0.0 0.0063697463656351505
0.0 0.002406825909118834 0.0 0.0 0.0 0.002538201278625828 0.0 0.0 0.0 9.574391006413448e-08 0.0 0.0 0.0 0.0010026089880443326 0.0 0.0 0.0 0.0 0.016448486518390162 0.0 0.0 0.0 0.04444895686162113 0.0 0.0 0.0 0.10661709893199223 0.0 0.0 0.0 0.031659876080961664 0.0 1.0103605636134898e-08 0.0 0.0 0.020289439812763595 1.5853537843297355e-09 0.0 0.0 0.0006268737915107232 0.002227277081328698 0.0 0.0 0.04050027331323856 0.0031742748993454856 0.0 0.0 0.0008711802719583461 0.0009198104371934918 0.0 0.0 0.034058464786923176 8.954897125760647e-08 0.0 0.0 0.1006319520699071 0.008794578684135867 0.0 0.0 0.24953738286936658 0.02840246168046236 0.0 0.0 0.009012635647222685 0.0 1.0468891106753873e-07 0.0 0.0 0.0 4.5395050916987495e-07 0.0 0.0 0.0 4.586282066006106e-12 0.0 0.0 0.0 1.3151948764204845e-07 0.0 0.0 0.0 0.0 0.02658851148715397 0.0 0.0 0.0 0.012115118350338152 0.0 0.0 0.0 0.08159947279778343 0.0 0.0 0.0 2.2384926214099092e-07 0.0 2.2935722527387572e-09 0.0 0.0 0.004827650106302734 8.169103913919152e-08 0.0 0.0 0.05655348476558777 0.007182432440534106 0.0 0.0 0.0827268663599646 0.0015569768374460657 0.0 0.0 0.0011575580924939673 1.809649072451927e-08 0.0 0.0 0.04270675089556417 2.71689477300618e-07 0.0 0.0 0.19076122104103077 0.009812120557495007 0.0 0.0 0.2634173332476061 0.04477456478225514 0.0 0.0 0.026633582487049976 0.0 0.028087709463247554 0.0 0.0 0.0 0.00871692002719956 0.0 0.0 0.0 3.3574255014546727e-07 0.0 0.0 0.0 0.0151293168928832 0.0 0.0 0.0 0.0 7.659687947584211e-08 0.0 0.0 0.0 6.382136280175298e-08 0.0 0.0 0.0 1.0106807011160733e-06 0.0 0.0 0.0 1.669721700259312e-07 0.0 0.000168589751795295 0.0 0.0 0.008952430156442258 6.751736403965507e-08 0.0 0.0 0.02911514433922166 0.0023679102562182853 0.0 0.0 0.07677190000883888 0.03425319038091735 0.0 0.0 0.011755134974013143 0.004446974033115236 0.0 0.0 0.25483637027049977 1.4683470137102841e-07 0.0 0.0 0.1474752513801379 0.021915978115298062 0.0 0.0 0.45486564695635545 0.2167367291353678 0.0 0.0 0.09274064948462309 0.0 0.16867977833168776 0.0 0.0 0.0 0.10904775122820315 0.0 0.0 0.0 8.890334547757866e-07 0.0 0.0 0.0 0.11511750135923034 0.0 0.0 0.0 0.0 0.024652256256681236 0.0 0.0 0.0 0.09744091355361849 0.0 0.0 0.0 0.0044968079426317194 0.0 0.0 0.0 0.009204619866746465 0.0 1.2979610008887266e-08 0.0 0.0 0.029398731270868218 2.4129882524086017e-09 0.0 0.0 0.009204643027023578 5.903398527578444e-14 0.0 0.0 1.0201522065484234e-07 0.007945768720612268 0.0 0.0 0.002832846433556799 0.00041231422431641456 0.0 0.0 0.03628753842481859 2.8883599016690348e-08 0.0 0.0 0.04373729238254965 1.68075501930446e-08 0.0 0.0 0.0325637029850811 0.03770660563921826 0.0 0.0 0.012500251900623129
0.0 0.013718567251964438 0.0 0.0 0.0 0.008022962325580323 0.0 0.0 0.0 9.278916147955216e-08 0.0 0.0 0.0 0.0020416583441151956 0.0 0.0 0.0 0.0 0.05657348279103522 0.0 0.0 0.0 0.05288463108130061 0.0 0.0 0.0 0.08778157384588255 0.0 0.0 0.0 0.008960992878949171 0.0 0.0002622187640774585 0.0 0.0 0.011692127621250102 8.994898984099838e-09 0.0 0.0 0.02364131550552497 0.005459602802039118 0.0 0.0 0.07274066018989683 0.0033100571642068295 0.0 0.0 0.0007207753155633405 0.00773772188625662 0.0 0.0 0.29743260410256456 3.43271036746964e-07 0.0 0.0 0.3028674612388068 0.013111398697816959 0.0 0.0 0.30517757469663864 0.060350974064909364 0.0 0.0 0.021469722836543213 0.0 5.093109634458527e-07 0.0 0.0 0.0 8.024092795716752e-07 0.0 0.0 0.0 8.747523541531377e-12 0.0 0.0 0.0 3.2463068499092543e-07 0.0 0.0 0.0 0.0 0.03782653793841493 0.0 0.0 0.0 0.015640371951870825 0.0 0.0 0.0 0.03744535177202209 0.0 0.0 0.0 0.00308606025635681 0.0 5.677718284895665e-08 0.0 0.0 0.0057229981907540506 1.1250763295529144e-13 0.0 0.0 0.006320847193019342 0.0031738727100357757 0.0 0.0 0.04801583327291798 0.002466603787363363 0.0 0.0 0.004300922626939482 0.0022662598111393446 0.0 0.0 0.14789199918011955 3.1412526084807827e-07 0.0 0.0 0.3170272964354617 0.03378531722743412 0.0 0.0 0.5071317989367088 0.051575362967238594 0.0 0.0 0.08385199663784741 0.0 0.05557691927607398 0.0 0.0 0.0 0.028366429264493842 0.0 0.0 0.0 3.551692808760699e-07 0.0 0.0 0.0 0.0024178789437076954 0.0 0.0 0.0 0.0 9.913819563004571e-08 0.0 0.0 0.0 2.182034844838642e-06 0.0 0.0 0.0 1.4282240862391796e-07 0.0 0.0 0.0 4.686663758290214e-08 0.0 0.00021881583078831694 0.0 0.0 0.045711145043839815 1.60177253018479e-07 0.0 0.0 0.07582934499476685 0.00027520812605395887 0.0 0.0 0.012179716999592133 9.805394935227871e-08 0.0 0.0 2.1410120891059688e-08 0.01283234977125156 0.0 0.0 0.4667857545655733 8.341331513632307e-07 0.0 0.0 0.42849904271906925 0.025363176396329658 0.0 0.0 0.5433064841120574 0.07581816963550604 0.0 0.0 0.01861796569436554 0.0 0.1369046847581657 0.0 0.0 0.0 0.06047366447018731 0.0 0.0 0.0 1.9096794727204674e-06 0.0 0.0 0.0 0.020441017634690972 0.0 0.0 0.0 0.0 0.023426646489811843 0.0 0.0 0.0 0.0014739893635099608 0.0 0.0 0.0 1.6700244681108035e-07 0.0 0.0 0.0 7.669743023662518e-08 0.0 3.759646141057795e-09 0.0 0.0 0.0021795586791069476 4.725823672720329e-13 0.0 0.0 0.006781660665648356 1.699570745814955e-08 0.0 0.0 3.3115870120463687e-07 0.0027139384052216136 0.0 0.0 0.00037166703486949776 0.00046585411047914284 0.0 0.0 0.030731613411364454 3.826037817045352e-08 0.0 0.0 0.028124827844090757 0.002119652134030741 0.0 0.0 0.0463050133317846 0.021586072464121506 0.0 0.0 0.0033143180658097315
0.0 0.001390382544216564 0.0 0.0 0.0 0.0035719215018395543 0.0 0.0 0.0 4.9278060374048345e-08 0.0 0.0 0.0 0.001320385449049756 0.0 0.0 0.0 0.0 6.095440708894705e-08 0.0 0.0 0.0 0.02143140612828655 0.0 0.0 0.0 0.04727284923024211 0.0 0.0 0.0 0.06049170607684665 0.0 1.83937707696743e-10 0.0 0.0 0.0006086600342652798 4.263921100226261e-14 0.0 0.0 6.117872097487659e-05 0.0010323308589034695 0.0 0.0 0.03949646126391366 0.01879116175906269 0.0 0.0 0.007824285186876256 7.62113902645316e-09 0.0 0.0 0.028274204696525612 9.649355985418645e-08 0.0 0.0 0.12630197732775297 0.0029017692184847995 0.0 0.0 0.15148306842632592 0.03625569195354428 0.0 0.0 0.026683349747076816 0.0 1.041819037446923e-07 0.0 0.0 0.0 1.4897576362851156e-07 0.0 0.0 0.0 5.646842384031265e-12 0.0 0.0 0.0 2.545548478054096e-07 0.0 0.0 0.0 0.0 0.04189088673730732 0.0 0.0 0.0 0.013634442530589088 0.0 0.0 0.0 0.03619586967937294 0.0 0.0 0.0 0.012488710547198389 0.0 0.00019398457859145192 0.0 0.0 0.005827486586319291 6.929657141963903e-08 0.0 0.0 0.031303925420147344 0.0001753458555245678 0.0 0.0 0.034082606801087 0.006501350962945238 0.0 0.0 0.0025870040733747355 0.0013071892415157868 0.0 0.0 0.04160029677783627 1.0707329026156004e-07 0.0 0.0 0.07615457084160343 0.00847762098597181 0.0 0.0 0.22380171701730978 0.054743308329022196 0.0 0.0 0.044772635670576835 0.0 0.03527830963400425 0.0 0.0 0.0 0.01416460755995713 0.0 0.0 0.0 2.9232329969420964e-07 0.0 0.0 0.0 0.013809693960069324 0.0 0.0 0.0 0.0 9.874925132555244e-08 0.0 0.0 0.0 9.895437252187631e-08 0.0 0.0 0.0 1.997899772511846e-06 0.0 0.0 0.0 1.1029625520337434e-07 0.0 3.6255075735727905e-08 0.0 0.0 0.0013031525844040763 5.7051464627174155e-09 0.0 0.0 0.0029068806438028332 0.007510072253783775 0.0 0.0 0.054007937655925084 0.031024022771766396 0.0 0.0 0.018154873076856353 0.0039665578858836485 0.0 0.0 0.2319116892018026 1.5056476453037393e-07 0.0 0.0 0.16456815277890433 0.044675393758275506 0.0 0.0 0.34790404662631275 0.07348917224096838 0.0 0.0 0.07543533989552338 0.0 0.09252722602965785 0.0 0.0 0.0 0.08053462199767321 0.0 0.0 0.0 1.968185350709948e-06 0.0 0.0 0.0 0.10788030822769933 0.0 0.0 0.0 0.0 0.02592303156701084 0.0 0.0 0.0 0.038603622818192 0.0 0.0 0.0 0.0314362860151639 0.0 0.0 0.0 0.02704770179129949 0.0 0.0006563744317447874 0.0 0.0 0.045329224286233705 1.4165787615115426e-13 0.0 0.0 0.0007761657727269972 2.0236333211736836e-08 0.0 0.0 0.03418052155338554 0.016537051936544055 0.0 0.0 0.002548870494489772 0.0001585885752781037 0.0 0.0 0.01704545131702246 4.964179861568107e-08 0.0 0.0 0.031452119941924005 4.6567634635838463e-08 0.0 0.0 0.08574773761458847 0.04360236448652787 0.0 0.0 0.014296915304878548
0.0 0.006322461697896985 0.0 0.0 0.0 0.0009832154210960328 0.0 0.0 0.0 1.1891452692511017e-07 0.0 0.0 0.0 0.0011200130256848737 0.0 0.0 0.0 0.0 0.0653518862791747 0.0 0.0 0.0 0.0008307131747890267 0.0 0.0 0.0 0.09586300678899637 0.0 0.0 0.0 0.0270002498188889 0.0 0.00027885505342072585 0.0 0.0 0.01761355400851104 6.751102467429544e-08 0.0 0.0 0.04990389130682556 0.00031598638634614635 0.0 0.0 0.004897180590614208 0.023039026144945414 0.0 0.0 0.011651253817392427 0.0006794388517860066 0.0 0.0 0.12722154149445772 1.4806465710527387e-08 0.0 0.0 0.04148255665919066 0.016438660075635884 0.0 0.0 0.3174205220143749 0.04656393047049687 0.0 0.0 0.014892805228447038 0.0 3.981639537218708e-07 0.0 0.0 0.0 7.971859572325483e-08 0.0 0.0 0.0 5.363478178436788e-12 0.0 0.0 0.0 7.12531121152052e-08 0.0 0.0 0.0 0.0 0.02190316421490349 0.0 0.0 0.0 0.013956688675265963 0.0 0.0 0.0 0.024869799457984267 0.0 0.0 0.0 0.048117507885771627 0.0 0.0003589870787081839 0.0 0.0 0.011585883704898712 6.703904426171403e-08 0.0 0.0 0.024717625044664012 0.00021711468998044465 0.0 0.0 0.004472893210135909 0.0017522451298185603 0.0 0.0 0.0003820024264021082 0.0020165568739164436 0.0 0.0 0.11946910809593886 7.157140796329993e-08 0.0 0.0 0.05452592683041372 0.011641734957625181 0.0 0.0 0.17626619506415792 0.030744793421223177 0.0 0.0 0.012203838763064056 0.0 0.015771912276528022 0.0 0.0 0.0 0.008048869614653812 0.0 0.0 0.0 1.4409100501110948e-07 0.0 0.0 0.0 0.015786520196761657 0.0 0.0 0.0 0.0 7.086805781334738e-07 0.0 0.0 0.0 6.329355363397255e-08 0.0 0.0 0.0 8.239534235752295e-07 0.0 0.0 0.0 3.211620575803146e-07 0.0 0.0011184036515745615 0.0 0.0 0.05348577174374927 2.792759272786393e-09 0.0 0.0 0.0026074277259444216 0.0008289864229785573 0.0 0.0 0.03829203621005429 0.024728004594383166 0.0 0.0 0.012077156813473712 0.0028717948169197528 0.0 0.0 0.17528596584236134 1.651482671406407e-07 0.0 0.0 0.14467756955714112 0.006080702397234124 0.0 0.0 0.23439868356347937 0.1610933862535633 0.0 0.0 0.09698280724439941 0.0 0.16695108392347027 0.0 0.0 0.0 0.09981499547957977 0.0 0.0 0.0 1.41607651576631e-06 0.0 0.0 0.0 0.06665535583496751 0.0 0.0 0.0 0.0 0.020444055644423868 0.0 0.0 0.0 0.028699353180043564 0.0 0.0 0.0 0.006880194630039728 0.0 0.0 0.0 0.027538356856018992 0.0 3.3381514184025874e-05 0.0 0.0 0.02250859063739018 7.474586515938587e-08 0.0 0.0 0.05302887143604292 2.4211652799461288e-08 0.0 0.0 2.347580665449051e-07 0.01941143611185947 0.0 0.0 0.007673822307675992 0.0010683912186951153 0.0 0.0 0.037529054073547626 8.552619085585956e-08 0.0 0.0 0.03592435701752486 0.0023482818410944027 0.0 0.0 0.05290348773555853 0.026090029188243352 0.0 0.0 0.007965097833554098
0.0 0.002769429945937852 0.0 0.0 0.0 0.0006264390353951948 0.0 0.0 0.0 2.878168697902883e-08 0.0 0.0 0.0 0.0019128093705159189 0.0 0.0 0.0 0.0 0.008177805577162961 0.0 0.0 0.0 0.01135787039589372 0.0 0.0 0.0 0.02687132215446743 0.0 0.0 0.0 0.055358254205708765 0.0 1.6253846102925546e-10 0.0 0.0 8.187514083527399e-09 5.128987906181879e-15 0.0 0.0 3.2909812124157946e-09 0.0025640238925082083 0.0 0.0 0.041384132780991234 0.012068712035034169 0.0 0.0 0.006131838506686578 0.000596657250600624 0.0 0.0 0.041603805477539224 2.0280599430923323e-08 0.0 0.0 0.014589520297771925 0.0019192384274522674 0.0 0.0 0.08670437376677356 0.033635449048571575 0.0 0.0 0.02376220333671603 0.0 1.555705033745533e-07 0.0 0.0 0.0 1.9796688781176657e-07 0.0 0.0 0.0 3.5114954508564776e-12 0.0 0.0 0.0 1.741783333500658e-07 0.0 0.0 0.0 0.0 0.030682939654318325 0.0 0.0 0.0 0.006178042839305653 0.0 0.0 0.0 0.09570736061535624 0.0 0.0 0.0 0.08433334717365108 0.0 8.730804330888946e-05 0.0 0.0 0.005018530919320463 3.3852243095618693e-09 0.0 0.0 0.01310326985186562 0.0008103183863875165 0.0 0.0 0.011785477665948759 0.019530281441475512 0.0 0.0 0.007947074586101006 0.00024231798135351693 0.0 0.0 0.043690307733135265 1.1320542682253817e-07 0.0 0.0 0.1135876392545228 0.006883689960342788 0.0 0.0 0.15055168637491925 0.1215737966309909 0.0 0.0 0.0323538589959142 0.0 0.00764897526904568 0.0 0.0 0.0 0.012197008823075874 0.0 0.0 0.0 1.5353186213914785e-07 0.0 0.0 0.0 0.008853854698875643 0.0 0.0 0.0 0.0 1.2799829231877872e-08 0.0 0.0 0.0 1.253628549824449e-06 0.0 0.0 0.0 5.881166113946017e-08 0.0 0.0 0.0 6.124180319754877e-08 0.0 0.0004512716901544729 0.0 0.0 0.011795426919551372 7.648960248564613e-09 0.0 0.0 0.003877254734464464 0.002994578026555119 0.0 0.0 0.046505407280979905 0.034882379507325825 0.0 0.0 0.023362628249170368 0.0015159010304322353 0.0 0.0 0.05830997219292686 2.622597079877469e-07 0.0 0.0 0.19651503931041447 0.010355704643055923 0.0 0.0 0.17930877741170523 0.10108187677853461 0.0 0.0 0.0444100259294632 0.0 0.1138561678801147 0.0 0.0 0.0 0.20407804445727248 0.0 0.0 0.0 1.2041647827797082e-06 0.0 0.0 0.0 0.0703074124670973 0.0 0.0 0.0 0.0 0.023287974796066594 0.0 0.0 0.0 0.04074509741588288 0.0 0.0 0.0 0.0012902124756769293 0.0 0.0 0.0 0.019254531077985387 0.0 0.002108461157597653 0.0 0.0 0.0317419022591518 4.339742483406109e-08 0.0 0.0 0.04835454312118726 0.0012269466042705917 0.0 0.0 0.049423726191631774 0.02343378139742871 0.0 0.0 0.008949312050390228 0.0004083241818340543 0.0 0.0 0.01461414282976147 7.75418872694526e-08 0.0 0.0 0.07885614027539779 0.0019454923822869272 0.0 0.0 0.025833978083290812 0.029838649321404204 0.0 0.0 0.007659433489573817
0.0 0.007895518517701707 0.0 0.0 0.0 0.005370764965608073 0.0 0.0 0.0 4.865745628683511e-08 0.0 0.0 0.0 0.0014702101482345867 0.0 0.0 0.0 0.0 0.056187070018987886 0.0 0.0 0.0 0.08334333811363465 0.0 0.0 0.0 0.06503073027745605 0.0 0.0 0.0 0.044939845513293754 0.0 0.001619335255187578 0.0 0.0 0.057630583672526575 2.5774333723711386e-08 0.0 0.0 0.01761330691542682 0.0016209575594600056 0.0 0.0 0.027172629723468136 0.011529399505623402 0.0 0.0 0.004719229888157824 0.005745048794337847 0.0 0.0 0.13666869068941215 8.596078637764328e-08 0.0 0.0 0.12620044434984493 0.0034198849823742256 0.0 0.0 0.06884715314238145 0.054350431178825855 0.0 0.0 0.015864007239941493 0.0 8.510239664231682e-08 0.0 0.0 0.0 9.263066334483121e-08 0.0 0.0 0.0 4.115266165135933e-12 0.0 0.0 0.0 1.653643145403223e-07 0.0 0.0 0.0 0.0 4.023381412975908e-08 0.0 0.0 0.0 0.0284174701080033 0.0 0.0 0.0 0.08043453707362266 0.0 0.0 0.0 0.08948957925646624 0.0 1.5423160324457562e-05 0.0 0.0 0.0010800053353818187 1.1434219421243554e-08 0.0 0.0 0.005335537030304569 0.004931588838808742 0.0 0.0 0.08944388078805898 0.07310067948862944 0.0 0.0 0.02143575305005628 0.0004040141083538504 0.0 0.0 0.03171871292824834 7.366878088779005e-08 0.0 0.0 0.06590165773358615 0.009314484305453992 0.0 0.0 0.1812765985436518 0.07784475565867895 0.0 0.0 0.03709359499852746 0.0 0.010792314489408553 0.0 0.0 0.0 0.005893270365213563 0.0 0.0 0.0 9.034224334344623e-08 0.0 0.0 0.0 0.012365956888071931 0.0 0.0 0.0 0.0 1.6544362792079576e-08 0.0 0.0 0.0 9.904545061690547e-09 0.0 0.0 0.0 1.9423259311389538e-09 0.0 0.0 0.0 1.0884730904402581e-07 0.0 7.058473371492603e-05 0.0 0.0 0.0008031659672293513 1.4165665431353635e-10 0.0 0.0 0.01264749302378888 0.0032303873126701883 0.0 0.0 0.06475489394963835 0.038701053914791415 0.0 0.0 0.013761231290798641 0.0034438999939260867 0.0 0.0 0.08454486087691598 9.527394886044564e-08 0.0 0.0 0.08111397389640466 0.007640495148338407 0.0 0.0 0.09046553564737989 0.15716501217196777 0.0 0.0 0.07697116470373425 0.0 0.23081306581386538 0.0 0.0 0.0 0.18707749871042137 0.0 0.0 0.0 0.0 0.0 0.0 0.0 0.14306823391291656 0.0 0.0 0.0 0.0 0.06571834149701927 0.0 0.0 0.0 0.08358206099960075 0.0 0.0 0.0 0.0 0.0 0.0 0.0 0.008460424076055038 0.0 0.002483111428864182 0.0 0.0 0.058720334540234266 1.2831607487425785e-08 0.0 0.0 0.029036550716937892 0.0 0.0 0.0 0.0 0.04470736611396265 0.0 0.0 0.010331596699482658 0.0009551248142917225 0.0 0.0 0.03992939232795584 3.801615638106222e-08 0.0 0.0 0.06570492827898755 0.0 0.0 0.0 0.0 0.07531989481447791 0.0 0.0 0.017077012199778193
0.0 0.00094480353523425 0.0 0.0 0.0 0.0007282500730185591 0.0 0.0 0.0 8.276359704661297e-08 0.0 0.0 0.0 0.0006789945063076172 0.0 0.0 0.0 0.0 0.002603534096243222 0.0 0.0 0.0 0.02884533154168004 0.0 0.0 0.0 0.12018760244044568 0.0 0.0 0.0 0.028033896816029528 0.0 1.3262240252429616e-10 0.0 0.0 1.3161887274907166e-08 4.2031329339705085e-15 0.0 0.0 0.00023726270589101366 0.0025865369763203544 0.0 0.0 0.04583507495092677 0.002735987803531286 0.0 0.0 0.0004047409110577882 0.00023725079769622314 0.0 0.0 0.02639826927184855 4.576712296205296e-13 0.0 0.0 0.030556897670012368 0.006245965268095133 0.0 0.0 0.18735118954699811 0.04882353693225801 0.0 0.0 0.009874456017411546 0.0 8.034900412434575e-08 0.0 0.0 0.0 2.0842932208225349e-07 0.0 0.0 0.0 1.3748666992929986e-12 0.0 0.0 0.0 1.1010214927771993e-07 0.0 0.0 0.0 0.0 4.102082301128685e-08 0.0 0.0 0.0 0.03837923485698566 0.0 0.0 0.0 0.04365081799388481 0.0 0.0 0.0 0.0220824538594606 0.0 2.6904993666792586e-14 0.0 0.0 5.332705151902606e-08 6.88685256377128e-08 0.0 0.0 0.033876270615986255 0.003677904685901698 0.0 0.0 0.1447753474487863 0.006992949049227445 0.0 0.0 0.0019546991659921743 1.3582854602858721e-08 0.0 0.0 0.03018368271577175 1.912301611461534e-07 0.0 0.0 0.10884725197221073 0.00518727234345069 0.0 0.0 0.07436349648638887 0.0701446596449365 0.0 0.0 0.01956061216036168 0.0 0.014776749590347527 0.0 0.0 0.0 0.0036689760150896244 0.0 0.0 0.0 2.0123932194384018e-07 0.0 0.0 0.0 0.014404397176633674 0.0 0.0 0.0 0.0 4.098523306610786e-08 0.0 0.0 0.0 5.00885708827801e-08 0.0 0.0 0.0 7.429918801188483e-08 0.0 0.0 0.0 1.1863130189637961e-07 0.0 9.262090512191868e-06 0.0 0.0 0.02458785952618075 3.1528532969431644e-14 0.0 0.0 2.4972830108554555e-08 0.0015256680376664802 0.0 0.0 0.021696245039987096 0.08321847171682295 0.0 0.0 0.032800963349487414 0.0019169613451611267 0.0 0.0 0.1398123524357569 7.451535629717403e-08 0.0 0.0 0.05669861639918542 0.013626976709958412 0.0 0.0 0.2649895446291973 0.18390845927587324 0.0 0.0 0.07805791279179579 0.0 0.1639487314198126 0.0 0.0 0.0 0.09436175937778396 0.0 0.0 0.0 0.0 0.0 0.0 0.0 0.2105945218820446 0.0 0.0 0.0 0.0 0.04919600053994178 0.0 0.0 0.0 0.1173076375635761 0.0 0.0 0.0 0.0 0.0 0.0 0.0 0.05404395723871333 0.0 2.6475263439123624e-05 0.0 0.0 0.053650197016457006 3.227416223863517e-09 0.0 0.0 0.025954329895985628 0.0 0.0 0.0 0.0 0.001063175892918012 0.0 0.0 0.00043977124433189195 0.00016216766584489718 0.0 0.0 0.034855138049823854 1.833585997056918e-08 0.0 0.0 0.034031090559165415 0.0 0.0 0.0 0.0 0.0734397116082232 0.0 0.0 0.022625314080152018
0.0 0.0 0.0 0.0 0.0 0.0015715876215240817 0.0 0.0 0.0 1.988751177408978e-08 0.0 0.0 0.0 0.0013315616649736154 0.0 0.0 0.0 0.0 0.0 0.0 0.0 0.0 0.06725166579496941 0.0 0.0 0.0 0.07127219383035772 0.0 0.0 0.0 0.04561139631635663 0.0 0.0 0.0 0.0 0.0 7.137056057447618e-10 0.0 0.0 0.015647057638448147 3.4231651833028625e-05 0.0 0.0 0.016475760189963003 0.023933083467726605 0.0 0.0 0.005887776473177037 0.0 0.0 0.0 0.0 3.483541477248961e-08 0.0 0.0 0.0656959279559086 0.0009410687600599791 0.0 0.0 0.06144300024024509 0.058642971033687506 0.0 0.0 0.014759485604049242 0.0 1.208402637619852e-07 0.0 0.0 0.0 9.970176884419599e-08 0.0 0.0 0.0 6.563941402927927e-12 0.0 0.0 0.0 1.7243699006819252e-07 0.0 0.0 0.0 0.0 0.0013204329242139851 0.0 0.0 0.0 0.008715921834806383 0.0 0.0 0.0 0.02980545384017056 0.0 0.0 0.0 0.012320466380702033 0.0 1.4551094849770986e-14 0.0 0.0 6.767445017491098e-13 3.376895271078552e-12 0.0 0.0 0.022773108007462618 0.00397775698447217 0.0 0.0 0.0906181116259952 0.010643294362341148 0.0 0.0 0.0019904287264091887 0.0005402918635278229 0.0 0.0 0.02817240928329727 3.713934279028865e-08 0.0 0.0 0.05861059804922485 0.010844579616322337 0.0 0.0 0.1650866470464171 0.08259522908645581 0.0 0.0 0.04261668356707239 0.0 0.011601941932392097 0.0 0.0 0.0 0.014508320810962726 0.0 0.0 0.0 9.695569651039923e-08 0.0 0.0 0.0 0.016973991633228065 0.0 0.0 0.0 0.0 3.731153152107131e-08 0.0 0.0 0.0 1.979450261483842e-06 0.0 0.0 0.0 1.1421071039469495e-08 0.0 0.0 0.0 1.2275517158107827e-06 0.0 4.570121512216165e-09 0.0 0.0 0.01306298006367761 8.210781880486123e-09 0.0 0.0 0.004882390857179389 0.004403553065089741 0.0 0.0 0.053603171079849375 0.04029546132542122 0.0 0.0 0.02797185915518039 0.0016984241157215938 0.0 0.0 0.09376963165453216 2.991402606126792e-07 0.0 0.0 0.16080653100251868 0.01719478083347574 0.0 0.0 0.1350311710287765 0.1112023626568082 0.0 0.0 0.10388764679758757 0.0 0.17253319316902793 0.0 0.0 0.0 0.036082266845637305 0.0 0.0 0.0 3.1388853647301034e-06 0.0 0.0 0.0 0.25783303058510926 0.0 0.0 0.0 0.0 0.06065743989910791 0.0 0.0 0.0 0.0540331326307112 0.0 0.0 0.0 0.04445422168751669 0.0 0.0 0.0 0.12115519339114744 0.0 0.0002861449779296879 0.0 0.0 0.03394125380509439 1.0154855724967654e-08 0.0 0.0 0.04636618018846051 0.0032044034834786193 0.0 0.0 0.05015333678783305 0.04217119884778438 0.0 0.0 0.010379142557864802 0.00037830364669430333 0.0 0.0 0.032536213622087036 2.7878483338495173e-09 0.0 0.0 0.01368468195245754 0.0038255870724432095 0.0 0.0 0.07855884155532847 0.08390505388548325 0.0 0.0 0.02515496914850511
0.0 0.0013306320732611862 0.0 0.0 0.0 0.0 0.0 0.0 0.0 1.2776133844508051e-07 0.0 0.0 0.0 0.00034016397919193884 0.0 0.0 0.0 0.0 0.0024237396267587238 0.0 0.0 0.0 0.0 0.0 0.0 0.0 0.08876747939835679 0.0 0.0 0.0 0.03224869061037236 0.0 7.981861625020767e-15 0.0 0.0 1.4346965516450207e-08 0.0 0.0 0.0 0.0 0.0003377615938734282 0.0 0.0 0.003884171877683235 2.1177589036085894e-08 0.0 0.0 0.000154191456431811 1.3593099845927572e-08 0.0 0.0 0.027393079900986394 0.0 0.0 0.0 0.0 0.010893930952740978 0.0 0.0 0.23873880336788333 0.02383222017286511 0.0 0.0 0.005719671685709054 0.0 0.0 0.0 0.0 0.0 0.0 0.0 0.0 0.0 2.717369882613267e-12 0.0 0.0 0.0 2.759991349381112e-07 0.0 0.0 0.0 0.0 0.0 0.0 0.0 0.0 0.0 0.0 0.0 0.0 0.0701233464112784 0.0 0.0 0.0 0.0353711987812303 0.0 0.0 0.0 0.0 0.0 0.0 0.0 0.0 0.0 0.002596429692308633 0.0 0.0 0.02426121669237817 0.0086325427085807 0.0 0.0 0.0017258378408546073 0.0 0.0 0.0 0.0 0.0 0.0 0.0 0.0 0.012936501834023452 0.0 0.0 0.10811486215485154 0.024561269503815125 0.0 0.0 0.05429879333070292 0.0 0.018607734619198516 0.0 0.0 0.0 0.017202135236206527 0.0 0.0 0.0 3.7531045049139476e-07 0.0 0.0 0.0 0.02719333000722117 0.0 0.0 0.0 0.0 8.434247001380129e-07 0.0 0.0 0.0 9.962588076488549e-08 0.0 0.0 0.0 3.017583829114312e-06 0.0 0.0 0.0 3.3795972198096817e-06 0.0 2.1446519642014375e-08 0.0 0.0 0.05732894545655088 4.976212538640039e-09 0.0 0.0 0.002785580222612707 0.0010310021517801232 0.0 0.0 0.046504474268578976 0.04426704978292845 0.0 0.0 0.08403609967733465 0.001587834113035577 0.0 0.0 0.2028019368097121 1.8489654005524486e-07 0.0 0.0 0.13574939274794562 0.023899210471913415 0.0 0.0 0.36462663378856297 0.18625987103356287 0.0 0.0 0.15659994255900755 0.0 0.10350154294302819 0.0 0.0 0.0 0.08424866354882324 0.0 0.0 0.0 6.859524350038566e-06 0.0 0.0 0.0 0.13925280936217713 0.0 0.0 0.0 0.0 0.0019515774010921477 0.0 0.0 0.0 0.029346583189017193 0.0 0.0 0.0 0.07705934548703135 0.0 0.0 0.0 0.0584290732705845 0.0 1.490663280700721e-08 0.0 0.0 1.1698259654790635e-06 4.0036856067667184e-12 0.0 0.0 0.0015758592626651088 0.0046345453524231014 0.0 0.0 0.06873973283833017 0.023541645327886194 0.0 0.0 0.02755937474150043 8.303975449571664e-05 0.0 0.0 0.019052573333104294 2.9772291971617806e-08 0.0 0.0 0.040566261928597046 0.008129160189709479 0.0 0.0 0.24634759064219133 0.015915255671151173 0.0 0.0 0.015629157496417422
0.0 0.006414532947148928 0.0 0.0 0.0 0.005189723796203252 0.0 0.0 0.0 4.724760919338269e-08 0.0 0.0 0.0 0.005301846858485099 0.0 0.0 0.0 0.0 0.09506758246477615 0.0 0.0 0.0 0.0507824608303534 0.0 0.0 0.0 0.045683872706199995 0.0 0.0 0.0 0.02232013371205765 0.0 0.0010237491449996024 0.0 0.0 0.0349078887520422 1.090598546693077e-08 0.0 0.0 0.008490285272267844 0.0030048308996950524 0.0 0.0 0.05795162437232132 0.039597366002886145 0.0 0.0 0.021547707481165853 0.0028897526781974324 0.0 0.0 0.10503858560573562 2.021466024732069e-07 0.0 0.0 0.13181099032290747 0.004606466580309224 0.0 0.0 0.08502683146818513 0.15390547049504358 0.0 0.0 0.0517379853618416 0.0 4.1041336204937074e-07 0.0 0.0 0.0 6.621637142690871e-07 0.0 0.0 0.0 4.7878086376187004e-12 0.0 0.0 0.0 1.603719311603395e-07 0.0 0.0 0.0 0.0 0.03966312146008281 0.0 0.0 0.0 0.008468334476905736 0.0 0.0 0.0 0.08448919967493783 0.0 0.0 0.0 0.1348961222514645 0.0 0.0017498464510738707 0.0 0.0 0.038516556499196934 2.8386479165902703e-08 0.0 0.0 0.010702962102057824 0.008073981492800694 0.0 0.0 0.11523489146923876 0.0675968015595377 0.0 0.0 0.036720930169043695 0.004083859992057747 0.0 0.0 0.1122598784585465 6.583390612245676e-07 0.0 0.0 0.3733747010804216 0.01641968384548529 0.0 0.0 0.2173980083799694 0.07365760916574864 0.0 0.0 0.030607304712334235 0.0 0.01831421465342716 0.0 0.0 0.0 0.012125998286074254 0.0 0.0 0.0 1.1604049573342716e-07 0.0 0.0 0.0 0.01516177332598213 0.0 0.0 0.0 0.0 2.4213042080058404e-08 0.0 0.0 0.0 7.795290360957706e-07 0.0 0.0 0.0 1.3107962074071118e-07 0.0 0.0 0.0 3.843971342451261e-07 0.0 0.0008872987915240747 0.0 0.0 0.028685003152978155 2.124561971305017e-08 0.0 0.0 0.043189886573353015 0.001244036984892053 0.0 0.0 0.07906809948871416 0.005348248394651658 0.0 0.0 0.002503098139267354 0.003351070168048944 0.0 0.0 0.1450360622952995 1.1825902753919965e-07 0.0 0.0 0.19002528769978924 0.01060830139610741 0.0 0.0 0.1544214066030698 0.2470601686229643 0.0 0.0 0.07340525535006014 0.0 0.18912489169944904 0.0 0.0 0.0 0.2438479321933954 0.0 0.0 0.0 1.155925940426219e-06 0.0 0.0 0.0 0.30870133971746033 0.0 0.0 0.0 0.0 0.031792734693462436 0.0 0.0 0.0 0.20695108798875006 0.0 0.0 0.0 0.030752489310241618 0.0 0.0 0.0 0.059668808281404646 0.0 0.0015802542078745718 0.0 0.0 0.03017902624603219 5.0824231214515875e-08 0.0 0.0 0.014694675232271883 0.00044049961380529626 0.0 0.0 0.07054962926351524 0.06510370460643285 0.0 0.0 0.03433760864789779 0.0013403194156702291 0.0 0.0 0.040393283648991404 1.848973319766305e-07 0.0 0.0 0.07425867036839932 0.0012043014928842539 0.0 0.0 0.0442571793493531 0.0894059506889804 0.0 0.0 0.031603607880783785
0.0 0.014915179534402962 0.0 0.0 0.0 0.003797327730456074 0.0 0.0 0.0 1.0038050959928732e-07 0.0 0.0 0.0 0.002390427856421738 0.0 0.0 0.0 0.0 0.08871234695027733 0.0 0.0 0.0 0.01456476850679934 0.0 0.0 0.0 0.12805639705484181 0.0 0.0 0.0 0.09478927400997961 0.0 0.00016091580570933424 0.0 0.0 0.006339052006540055 6.788134403544215e-08 0.0 0.0 0.041841822240131464 0.004542373574039797 0.0 0.0 0.05515678857612171 0.06448311936540581 0.0 0.0 0.014061833481217138 0.005976799208127568 0.0 0.0 0.2824905279594567 2.7442757433411447e-07 0.0 0.0 0.13909314994595168 0.014339718560486343 0.0 0.0 0.24632379600157886 0.05541655894100242 0.0 0.0 0.01798054976129449 0.0 2.0997694504365138e-07 0.0 0.0 0.0 2.7723080919840505e-07 0.0 0.0 0.0 6.952870211362347e-12 0.0 0.0 0.0 2.4800994112847616e-07 0.0 0.0 0.0 0.0 0.0020853860054333025 0.0 0.0 0.0 0.18093100675511922 0.0 0.0 0.0 0.05167991864969818 0.0 0.0 0.0 0.006401058117133695 0.0 0.0003462453204440215 0.0 0.0 0.007156321963044261 3.187052916423631e-08 0.0 0.0 0.11648054292432701 0.003809517023178013 0.0 0.0 0.07181290871905781 0.02982695064723815 0.0 0.0 0.012519844234645958 0.003706601706521074 0.0 0.0 0.0863539403937408 1.4331138360283088e-07 0.0 0.0 0.15100717205541014 0.010827444751515161 0.0 0.0 0.21064067963104763 0.158366973246273 0.0 0.0 0.04200668916008934 0.0 0.02574732812494069 0.0 0.0 0.0 0.004212351837575323 0.0 0.0 0.0 8.46395182772237e-08 0.0 0.0 0.0 0.02100943979485023 0.0 0.0 0.0 0.0 7.13146696779504e-08 0.0 0.0 0.0 3.863856132140811e-09 0.0 0.0 0.0 1.1640550092349595e-06 0.0 0.0 0.0 3.091879091070232e-07 0.0 0.0006865171454095457 0.0 0.0 0.028604287483046414 7.867599482888615e-13 0.0 0.0 0.03985242485902182 0.002975022377458605 0.0 0.0 0.042065250132562966 0.05260583074599716 0.0 0.0 0.027567740253285056 0.007068236804073392 0.0 0.0 0.23683967522624572 7.747056574618376e-08 0.0 0.0 0.0555838473343227 0.011624358722159927 0.0 0.0 0.1426315308055479 0.26454564140681386 0.0 0.0 0.13251456544178708 0.0 0.2854600688856094 0.0 0.0 0.0 0.2334330027521012 0.0 0.0 0.0 1.1613616214966267e-06 0.0 0.0 0.0 0.2148128527089833 0.0 0.0 0.0 0.0 0.09578816866012904 0.0 0.0 0.0 0.04713594453570541 0.0 0.0 0.0 0.0048049784127262 0.0 0.0 0.0 0.09048387676163569 0.0 0.0014429050806074734 0.0 0.0 0.05336898540823307 1.0894427495954051e-07 0.0 0.0 0.09589381834394428 1.741408563632323e-18 0.0 0.0 3.288223948095202e-12 0.032991135686908375 0.0 0.0 0.00797756460940171 0.0017148144308979669 0.0 0.0 0.060468584365165425 1.0476873513642443e-07 0.0 0.0 0.07195619480281722 2.1264777166870865e-08 0.0 0.0 0.045018191640651156 0.07547087566867666 0.0 0.0 0.026682868711972292
0.0 0.00530091359257264 0.0 0.0 0.0 0.0011529697353814656 0.0 0.0 0.0 3.501898586251898e-08 0.0 0.0 0.0 0.006943229977600324 0.0 0.0 0.0 0.0 0.0852751108497257 0.0 0.0 0.0 0.006137653719016897 0.0 0.0 0.0 0.12108547553559268 0.0 0.0 0.0 0.22753116431076198 0.0 0.0009835972210666258 0.0 0.0 0.045472498999577414 7.118770421921095e-14 0.0 0.0 2.2394616150120486e-08 9.98700288396746e-05 0.0 0.0 0.0134722051313341 0.06601485062452622 0.0 0.0 0.02017047405899979 0.004601526503035181 0.0 0.0 0.11448497035241541 1.245619113720613e-07 0.0 0.0 0.043932953092681484 0.012472523243132043 0.0 0.0 0.1089885085605086 0.1747994210002706 0.0 0.0 0.06800181856830562 0.0 2.3720871205317064e-07 0.0 0.0 0.0 1.9474642799401465e-08 0.0 0.0 0.0 3.5488042783329123e-12 0.0 0.0 0.0 3.756584265527486e-07 0.0 0.0 0.0 0.0 0.01275889488458642 0.0 0.0 0.0 0.07892280981115199 0.0 0.0 0.0 0.07265430346875801 0.0 0.0 0.0 0.1717841821543864 0.0 0.00016081709269108224 0.0 0.0 0.005976868589437384 2.1139438944776807e-14 0.0 0.0 0.00068443128164332 0.0012231846627671966 0.0 0.0 0.04237295790511663 0.04335396814228695 0.0 0.0 0.009508622739085405 0.001029651616868264 0.0 0.0 0.08252097761506194 1.7912006314472144e-09 0.0 0.0 0.022840184648697272 0.004397301960248914 0.0 0.0 0.18669459302163197 0.18381865655489857 0.0 0.0 0.0525477062840233 0.0 0.024508160696599366 0.0 0.0 0.0 0.00910914983217721 0.0 0.0 0.0 2.0551142337456082e-07 0.0 0.0 0.0 0.0047258760268036135 0.0 0.0 0.0 0.0 8.341380584202252e-08 0.0 0.0 0.0 4.3199597599025877e-07 0.0 0.0 0.0 1.5967653032825208e-07 0.0 0.0 0.0 3.1611625943141185e-08 0.0 0.00010378992560644866 0.0 0.0 0.0033557000195003706 1.5866670599158357e-08 0.0 0.0 0.04546250106070453 0.0011347102616433282 0.0 0.0 0.048553411290385935 0.11611031341946389 0.0 0.0 0.030129401276627048 0.004234855538685318 0.0 0.0 0.172692304420517 1.9160949267002486e-07 0.0 0.0 0.1503226036496933 0.015815918273113586 0.0 0.0 0.34428538301633216 0.12888783192431041 0.0 0.0 0.027488886763240624 0.0 0.41682874439174566 0.0 0.0 0.0 0.3258580512766813 0.0 0.0 0.0 3.871562897313862e-07 0.0 0.0 0.0 0.19130751978956603 0.0 0.0 0.0 0.0 0.055960847714125406 0.0 0.0 0.0 0.01821995488690422 0.0 0.0 0.0 0.04089439983454715 0.0 0.0 0.0 0.08790179901681974 0.0 0.0015207146951868795 0.0 0.0 0.06649537998950937 2.0345880018966466e-07 0.0 0.0 0.1799193228488501 0.0027385508913346716 0.0 0.0 0.049035087654322504 0.15027649320672173 0.0 0.0 0.037231424348868634 0.001787190408210392 0.0 0.0 0.07209180484536541 9.505716242009944e-08 0.0 0.0 0.09068705451574469 0.00046130885370085915 0.0 0.0 0.00931771261716221 0.07073316774180444 0.0 0.0 0.026010554436684003
0.0 0.005346359081272711 0.0 0.0 0.0 0.0008858804935853729 0.0 0.0 0.0 5.2597114804774183e-08 0.0 0.0 0.0 0.0008268292280502218 0.0 0.0 0.0 0.0 0.032310691592580223 0.0 0.0 0.0 0.0022014566931591196 0.0 0.0 0.0 0.06673629989188376 0.0 0.0 0.0 0.062411735165293844 0.0 0.0001465406544896297 0.0 0.0 0.0036767575607259666 3.9597082615797506e-14 0.0 0.0 0.0013834215169606589 0.0013640623348549537 0.0 0.0 0.024046229193473437 0.0004596447878421558 0.0 0.0 0.035351420495542275 0.003452864188623954 0.0 0.0 0.06782473808639705 8.454148587425393e-13 0.0 0.0 0.033115225016773026 0.004868831787628117 0.0 0.0 0.12850042652322408 0.0031015597238000696 0.0 0.0 0.010606761763560959 0.0 2.6564606645117286e-08 0.0 0.0 0.0 1.8577908520110843e-08 0.0 0.0 0.0 1.0965695857899538e-11 0.0 0.0 0.0 4.220546309075054e-08 0.0 0.0 0.0 0.0 0.02449361123257415 0.0 0.0 0.0 0.036089451560341275 0.0 0.0 0.0 0.02475489511836249 0.0 0.0 0.0 0.02946997979208385 0.0 1.0729016128856334e-09 0.0 0.0 0.002257892544897086 4.2839000953562466e-13 0.0 0.0 0.02552744049262927 0.003638264732920687 0.0 0.0 0.0508729384493702 0.0010830885034183464 0.0 0.0 0.0004672058103227539 4.5919474487485846e-09 0.0 0.0 0.01083444771443625 1.9214085057149937e-13 0.0 0.0 0.01355505681122676 0.01292116319430117 0.0 0.0 0.35884454315043796 0.03488103892511783 0.0 0.0 0.009270612206320512 0.0 0.010020940443347537 0.0 0.0 0.0 0.011162977299701686 0.0 0.0 0.0 4.469037359707134e-07 0.0 0.0 0.0 0.025284569046762018 0.0 0.0 0.0 0.0 3.716344407340737e-08 0.0 0.0 0.0 2.1850910292769764e-06 0.0 0.0 0.0 2.48101990257801e-06 0.0 0.0 0.0 2.8771311708469213e-07 0.0 1.0234573800921373e-08 0.0 0.0 0.029415888834430835 2.5339991113240815e-08 0.0 0.0 0.035810915507953546 0.0006432206269169614 0.0 0.0 0.018708505040927862 0.050437173435782724 0.0 0.0 0.030478271645456974 0.0013834496387618417 0.0 0.0 0.10952360857089466 3.6499328547355595e-09 0.0 0.0 0.21612577916093378 0.018128204010128785 0.0 0.0 0.6014788656615621 0.2595276794540417 0.0 0.0 0.16047579080392402 0.0 0.14829285725369004 0.0 0.0 0.0 0.0981625342294625 0.0 0.0 0.0 4.491475676541741e-06 0.0 0.0 0.0 0.16732421881805426 0.0 0.0 0.0 0.0 0.009623736555330234 0.0 0.0 0.0 0.03657261328452865 0.0 0.0 0.0 0.07400033463588501 0.0 0.0 0.0 0.07138663827443119 0.0 6.761941403785374e-05 0.0 0.0 0.0011510384453725844 5.533129479123219e-09 0.0 0.0 0.05918058170249007 0.0020760784469760906 0.0 0.0 0.04823158742537033 0.024909231744371305 0.0 0.0 0.027652498232293255 0.0020086316046869696 0.0 0.0 0.02678603533369825 5.283381072729868e-08 0.0 0.0 0.031600114744757664 0.0028291085598204442 0.0 0.0 0.13596028550581388 0.06447289976434875 0.0 0.0 0.020114350380133095
0.0 0.0 0.0 0.0 0.0 0.002135855180286497 0.0 0.0 0.0 1.6682065305676993e-08 0.0 0.0 0.0 0.00027863808249853903 0.0 0.0 0.0 0.0 0.0 0.0 0.0 0.0 0.015038818916452552 0.0 0.0 0.0 0.02559913365734734 0.0 0.0 0.0 0.07064491596548801 0.0 0.0 0.0 0.0 0.0 1.4926427132153767e-08 0.0 0.0 0.0091463798440615 8.869578811634327e-05 0.0 0.0 0.000631020979944114 0.012884098879000813 0.0 0.0 0.00428514235145994 0.0 0.0 0.0 0.0 7.054380321301019e-08 0.0 0.0 0.07695108293010937 0.003754826464826072 0.0 0.0 0.038774454655127674 0.01220109701984208 0.0 0.0 0.002978330042850892 0.0 1.8547319084257825e-07 0.0 0.0 0.0 7.188130808640292e-08 0.0 0.0 0.0 2.7754229194249262e-12 0.0 0.0 0.0 1.6602506725887896e-07 0.0 0.0 0.0 0.0 0.006070733520041982 0.0 0.0 0.0 0.10021461848586019 0.0 0.0 0.0 0.09365629813296267 0.0 0.0 0.0 0.1276779535660327 0.0 0.00014314526048818607 0.0 0.0 0.0051404723231545275 1.056462441993729e-08 0.0 0.0 0.007610285367556919 0.002953460677646081 0.0 0.0 0.07060263403677547 0.07987776783676147 0.0 0.0 0.03166536359770032 0.0005765742136303534 0.0 0.0 0.05691703743692095 2.9705304991272717e-08 0.0 0.0 0.029871280450199086 0.004913697715920559 0.0 0.0 0.13769057645734062 0.10477729128914373 0.0 0.0 0.034666272936142196 0.0 0.0 0.0 0.0 0.0 0.0009953500401966983 0.0 0.0 0.0 8.2093138809954e-08 0.0 0.0 0.0 0.017212683064379546 0.0 0.0 0.0 0.0 0.0 0.0 0.0 0.0 5.5421571444059376e-08 0.0 0.0 0.0 2.851180180613806e-08 0.0 0.0 0.0 1.5596965890063858e-07 0.0 0.0 0.0 0.0 0.0 4.989128451435246e-09 0.0 0.0 0.008636916345355425 0.0015642885666069261 0.0 0.0 0.04951321092642885 0.04103003332708996 0.0 0.0 0.009404757166711868 0.0 0.0 0.0 0.0 1.277339634524646e-08 0.0 0.0 0.024791734544065046 0.003092430979621113 0.0 0.0 0.1179503294909696 0.24128821401274295 0.0 0.0 0.06972897171026445 0.0 0.11128268306609705 0.0 0.0 0.0 0.3244883266031062 0.0 0.0 0.0 1.4112532719642417e-07 0.0 0.0 0.0 0.2950249774059883 0.0 0.0 0.0 0.0 0.02096461924896786 0.0 0.0 0.0 0.08273964684082319 0.0 0.0 0.0 0.008636931056724572 0.0 0.0 0.0 0.20424593774240143 0.0 0.001388635592296625 0.0 0.0 0.05071659780893048 1.6277235249032477e-07 0.0 0.0 0.12098610397479764 0.002466608647651489 0.0 0.0 0.053541136062122116 0.14075935869489778 0.0 0.0 0.041172709106601584 0.00030615487843517746 0.0 0.0 0.021885754087553354 1.1710730456739903e-07 0.0 0.0 0.09141897674845749 0.00017066103905250663 0.0 0.0 0.0040326702965489455 0.08172491922711148 0.0 0.0 0.028825802438408096
0.0 0.005780315220176988 0.0 0.0 0.0 0.002795886451571296 0.0 0.0 0.0 5.19773423206777e-08 0.0 0.0 0.0 0.0011460396353589238 0.0 0.0 0.0 0.0 0.03835070488077317 0.0 0.0 0.0 0.03703267903552319 0.0 0.0 0.0 0.032381995558996624 0.0 0.0 0.0 0.04396118868934454 0.0 0.0004185402555192768 0.0 0.0 0.018828122089153507 1.2892367036760895e-07 0.0 0.0 0.046039583242356935 0.0004898839769228874 0.0 0.0 0.006970244356923104 0.017524840524877575 0.0 0.0 0.002519428919563771 0.0018719865832920349 0.0 0.0 0.11592081659989362 1.8131879413757758e-07 0.0 0.0 0.09530202665689268 0.004180891557687331 0.0 0.0 0.10695233726280158 0.044241047241430784 0.0 0.0 0.011387778741963476 0.0 2.6761604685762357e-07 0.0 0.0 0.0 7.532923016451348e-07 0.0 0.0 0.0 2.628685994456249e-12 0.0 0.0 0.0 3.266222786881284e-07 0.0 0.0 0.0 0.0 0.0031701581248203482 0.0 0.0 0.0 0.027433700589393123 0.0 0.0 0.0 0.005599768407889754 0.0 0.0 0.0 0.07162897162525278 0.0 5.50544631992222e-06 0.0 0.0 0.0002879117581456464 5.4420257394550236e-08 0.0 0.0 0.03188363815073079 0.001491416349023294 0.0 0.0 0.035564674423509864 0.006167906712555023 0.0 0.0 0.0016528614551506026 0.0018226040942808076 0.0 0.0 0.08529879577479074 5.836155337372137e-07 0.0 0.0 0.3634124030656701 0.006164580929676319 0.0 0.0 0.16254512645421546 0.1701614573881561 0.0 0.0 0.05233928557795447 0.0 0.007952198175699877 0.0 0.0 0.0 0.007521166070307696 0.0 0.0 0.0 1.8606966465684504e-07 0.0 0.0 0.0 0.005619879334954339 0.0 0.0 0.0 0.0 1.4227129126749461e-08 0.0 0.0 0.0 7.403787038180886e-08 0.0 0.0 0.0 4.1184238008804494e-08 0.0 0.0 0.0 1.086003981461544e-07 0.0 0.00018029845723397907 0.0 0.0 0.003711376585420946 6.438746358406919e-10 0.0 0.0 0.0014607311904725065 0.00016949338682292224 0.0 0.0 0.0025921582256044832 0.021002160379728005 0.0 0.0 0.008865586281966917 0.0033660328513142866 0.0 0.0 0.07537532251760609 1.9592338635313264e-07 0.0 0.0 0.1419932368247623 0.008597163450493814 0.0 0.0 0.2000065242501195 0.047158698906869405 0.0 0.0 0.03813389024862228 0.0 0.131574469222748 0.0 0.0 0.0 0.09751479293317539 0.0 0.0 0.0 0.0 0.0 0.0 0.0 0.12976973752841664 0.0 0.0 0.0 0.0 0.04670359233036409 0.0 0.0 0.0 0.012587515052905856 0.0 0.0 0.0 0.0 0.0 0.0 0.0 0.07207977886302376 0.0 0.0011740755473378514 0.0 0.0 0.03607389981181699 1.62910712636961e-07 0.0 0.0 0.12704196013433713 0.0 0.0 0.0 0.0 0.0002953154900642078 0.0 0.0 9.531876580846562e-05 0.0008832337351532966 0.0 0.0 0.025151376857657927 3.977702661399627e-08 0.0 0.0 0.03461125763505526 0.0 0.0 0.0 0.0 0.05373912324829613 0.0 0.0 0.015776454547603663
0.0 0.008084003856678396 0.0 0.0 0.0 0.004476447182137856 0.0 0.0 0.0 1.7669997346019474e-07 0.0 0.0 0.0 0.00396626005117979 0.0 0.0 0.0 0.0 0.08514898005669481 0.0 0.0 0.0 0.051714034690587087 0.0 0.0 0.0 0.1258270502813298 0.0 0.0 0.0 0.02962179187733018 0.0 0.0026593344238508452 0.0 0.0 0.06893187131819098 1.617366635488025e-08 0.0 0.0 0.011294358874211596 0.005108891430186491 0.0 0.0 0.0693689913626943 0.05161526880029341 0.0 0.0 0.009968147968693625 0.0038111399001223654 0.0 0.0 0.17330545385681323 3.087051760269231e-07 0.0 0.0 0.1279095677527071 0.0449844776585333 0.0 0.0 0.4874406627366053 0.05022956878131825 0.0 0.0 0.04999369589967085 0.0 1.7241094503900225e-07 0.0 0.0 0.0 2.3194464423883667e-07 0.0 0.0 0.0 4.256964402535989e-12 0.0 0.0 0.0 4.471957234396937e-07 0.0 0.0 0.0 0.0 0.06522931822638756 0.0 0.0 0.0 0.014709243413876406 0.0 0.0 0.0 0.04021891075213723 0.0 0.0 0.0 0.003362157077528958 0.0 0.00017569696745124683 0.0 0.0 0.011652133597797203 1.5309940343897199e-07 0.0 0.0 0.06715312600188725 0.0015827086699036208 0.0 0.0 0.020835603623601442 0.0014151200010479633 0.0 0.0 0.0011893419506195104 0.0007679336897234582 0.0 0.0 0.06872079514156006 2.1795165704683472e-07 0.0 0.0 0.06468307762239617 0.008379523195207348 0.0 0.0 0.22207535382262245 0.06686567515772193 0.0 0.0 0.07371330865122275 0.0 0.05673788265851365 0.0 0.0 0.0 0.010128472064635468 0.0 0.0 0.0 1.54234806972925e-07 0.0 0.0 0.0 0.020675983310362734 0.0 0.0 0.0 0.0 1.7633227173955373e-07 0.0 0.0 0.0 7.589145682911328e-08 0.0 0.0 0.0 1.7101974547847709e-07 0.0 0.0 0.0 4.129164185426358e-06 0.0 0.0012458970429523985 0.0 0.0 0.0750994950374341 3.996310758858352e-09 0.0 0.0 0.003025138584354728 0.00455729276168375 0.0 0.0 0.05026497774069492 0.07098265012466443 0.0 0.0 0.014314508057640262 0.005489985333379115 0.0 0.0 0.4476107637309071 7.215145175234962e-08 0.0 0.0 0.1822409706902765 0.01319894364710142 0.0 0.0 0.22507056066369657 0.2380554802531087 0.0 0.0 0.09560539919163209 0.0 0.23212285198291713 0.0 0.0 0.0 0.10891447827851257 0.0 0.0 0.0 4.152375574928249e-06 0.0 0.0 0.0 0.20717879834172734 0.0 0.0 0.0 0.0 0.06856841710310334 0.0 0.0 0.0 0.03758052991579136 0.0 0.0 0.0 0.044450583972598115 0.0 0.0 0.0 0.0812219579075005 0.0 0.0024015499272762846 0.0 0.0 0.08453039990701353 1.998733847326894e-09 0.0 0.0 0.0047630255989647334 0.0011018474590812483 0.0 0.0 0.01525597035604869 0.0053540862757805105 0.0 0.0 0.0008031545036462426 0.001090982534748291 0.0 0.0 0.05092394864653502 7.747917045579016e-08 0.0 0.0 0.044136620107313104 0.005024925128573793 0.0 0.0 0.08070857074198777 0.0637024315847969 0.0 0.0 0.03252903814352055
0.0 0.0009416901334899905 0.0 0.0 0.0 0.002081526562788645 0.0 0.0 0.0 4.3179889597049365e-08 0.0 0.0 0.0 0.004012142863488158 0.0 0.0 0.0 0.0 0.0025845064992786808 0.0 0.0 0.0 0.06969070509648467 0.0 0.0 0.0 0.03631211027766787 0.0 0.0 0.0 0.10012897780221977 0.0 1.4300490203232743e-10 0.0 0.0 1.4364725132959718e-08 3.569635953183914e-08 0.0 0.0 0.01655294853633593 0.005652068804973117 0.0 0.0 0.024915275324060588 0.014363493129854148 0.0 0.0 0.011275137948759135 0.00023724427423180882 0.0 0.0 0.026718288350310104 1.96244850724873e-07 0.0 0.0 0.0640833066883836 0.0015236835053759864 0.0 0.0 0.14496902526331712 0.0623414726600514 0.0 0.0 0.05173272571595236 0.0 3.203337153238262e-07 0.0 0.0 0.0 3.705907878202259e-07 0.0 0.0 0.0 2.9478069510034646e-12 0.0 0.0 0.0 1.072856979614132e-07 0.0 0.0 0.0 0.0 0.0027069778886709126 0.0 0.0 0.0 0.028522163839589627 0.0 0.0 0.0 0.07777845656761503 0.0 0.0 0.0 0.02684851460273469 0.0 3.78025456603649e-08 0.0 0.0 8.527934619375827e-07 2.287138742578221e-09 0.0 0.0 0.0014003191202670655 0.004996795226685052 0.0 0.0 0.05347532426908188 0.02427534833449894 0.0 0.0 0.01971422793628082 0.0020481808443301355 0.0 0.0 0.056207117867357256 7.045146585215372e-08 0.0 0.0 0.061522305005872795 0.006292344971261914 0.0 0.0 0.1622745166128145 0.03274923731677528 0.0 0.0 0.04882128334921547 0.0 0.027467795282367834 0.0 0.0 0.0 0.006588599166568981 0.0 0.0 0.0 1.9339100724971163e-07 0.0 0.0 0.0 0.00847466270119955 0.0 0.0 0.0 0.0 3.8076052701236865e-08 0.0 0.0 0.0 1.1909088243269485e-06 0.0 0.0 0.0 9.151573218789288e-08 0.0 0.0 0.0 1.3548096052268432e-07 0.0 0.0007978617450019393 0.0 0.0 0.03131077576087484 6.7757030809126546e-09 0.0 0.0 0.013241885902240505 0.006619760871291836 0.0 0.0 0.05153008056173444 0.01625583393900842 0.0 0.0 0.0023807015080326813 0.0033645786489871145 0.0 0.0 0.18091290060704054 3.135593839392463e-07 0.0 0.0 0.13257672251248223 0.013917570671194921 0.0 0.0 0.29371322816952683 0.1446217104950624 0.0 0.0 0.04163916223102076 0.0 0.18030649392607784 0.0 0.0 0.0 0.12718561657846483 0.0 0.0 0.0 1.170061512750095e-06 0.0 0.0 0.0 0.09269688051832539 0.0 0.0 0.0 0.0 0.06746745148407018 0.0 0.0 0.0 0.0056488479250614764 0.0 0.0 0.0 0.0016840727009222562 0.0 0.0 0.0 0.02545496052678506 0.0 2.3371491474017618e-05 0.0 0.0 0.027197928369543885 1.3362998603895493e-07 0.0 0.0 0.039267142753413524 0.001549834808459194 0.0 0.0 0.028550447828992378 0.028927162216626823 0.0 0.0 0.00492231080329498 0.0005641277900808129 0.0 0.0 0.029258064589159454 3.956826100185838e-08 0.0 0.0 0.04127042590009752 0.0012859987503319314 0.0 0.0 0.02789196337986273 0.07919028435495741 0.0 0.0 0.012662351700335313
0.0 0.004462330081890193 0.0 0.0 0.0 0.0017991229633704574 0.0 0.0 0.0 1.0498931197297477e-07 0.0 0.0 0.0 0.0024742215301061087 0.0 0.0 0.0 0.0 0.03213130643709583 0.0 0.0 0.0 0.1256733643033879 0.0 0.0 0.0 0.11276004490291397 0.0 0.0 0.0 0.07733942584138168 0.0 0.00037994448490515553 0.0 0.0 0.006434022985020334 1.1843692925460601e-09 0.0 0.0 0.031816011217713866 0.0009966593203741296 0.0 0.0 0.040251164181467944 0.0441904715702909 0.0 0.0 0.008103705828906828 0.0024216866249333747 0.0 0.0 0.07690765054359808 7.739510007492751e-08 0.0 0.0 0.04527299153179662 0.00884189310243628 0.0 0.0 0.16444864325667677 0.12039002681642831 0.0 0.0 0.03388834444691974 0.0 1.21217121284684e-08 0.0 0.0 0.0 3.6731630247612555e-07 0.0 0.0 0.0 3.694460577399534e-12 0.0 0.0 0.0 1.7751932224456675e-07 0.0 0.0 0.0 0.0 0.006324360306341188 0.0 0.0 0.0 0.03651653431259379 0.0 0.0 0.0 0.02881407220837156 0.0 0.0 0.0 0.011370159757082688 0.0 0.0014700122528463054 0.0 0.0 0.027943945838227804 1.2757504980902525e-07 0.0 0.0 0.0956503373437037 0.0001645084778372297 0.0 0.0 0.03806761528942072 0.0416628369971684 0.0 0.0 0.03810566329784057 0.00023188777488360936 0.0 0.0 0.004942095425136614 1.5194910088620068e-07 0.0 0.0 0.11330636381813526 0.006688316728389043 0.0 0.0 0.21265168332632045 0.02929804154700697 0.0 0.0 0.04321237575816975 0.0 0.018677902769385347 0.0 0.0 0.0 0.0017657237321617723 0.0 0.0 0.0 2.4978649910811647e-07 0.0 0.0 0.0 0.022447125977870446 0.0 0.0 0.0 0.0 2.6435008353030853e-08 0.0 0.0 0.0 2.301706656286851e-09 0.0 0.0 0.0 1.2818259422584547e-07 0.0 0.0 0.0 3.939386960251043e-06 0.0 2.324462837610082e-06 0.0 0.0 0.032772989261009175 7.413308152353137e-13 0.0 0.0 0.045121410999573903 0.007630624430573492 0.0 0.0 0.056727644213318766 0.0065427961617939056 0.0 0.0 0.005514348313631503 0.0014233274960582137 0.0 0.0 0.1516849981714395 5.273522786515292e-13 0.0 0.0 0.034937490403584244 0.013490020456126928 0.0 0.0 0.3312744701223639 0.2841910975138383 0.0 0.0 0.1313361435565296 0.0 0.32476389651179166 0.0 0.0 0.0 0.10863458657315972 0.0 0.0 0.0 3.668044436168411e-06 0.0 0.0 0.0 0.19640780757130463 0.0 0.0 0.0 0.0 0.0937162875946031 0.0 0.0 0.0 0.08294110776811144 0.0 0.0 0.0 0.00461742572686267 0.0 0.0 0.0 0.04005451150902626 0.0 0.0013759778150919013 0.0 0.0 0.086818247673773 1.4047466433131682e-07 0.0 0.0 0.017828487108176597 1.6980596874303817e-08 0.0 0.0 2.1253437624812129e-07 0.018357677151469985 0.0 0.0 0.004387276756301908 0.0014306186531225626 0.0 0.0 0.06466736381968471 7.167065951989085e-08 0.0 0.0 0.0360694887201143 0.005078947469929043 0.0 0.0 0.0721243566820943 0.08517701094269546 0.0 0.0 0.023826539541530575
0.0 0.003535847979609593 0.0 0.0 0.0 0.017776989661347883 0.0 0.0 0.0 3.692904979479168e-08 0.0 0.0 0.0 0.0012061989680252167 0.0 0.0 0.0 0.0 0.1190198433324901 0.0 0.0 0.0 0.0838335666534268 0.0 0.0 0.0 0.013894796189649262 0.0 0.0 0.0 0.04024824843332579 0.0 1.1726110908192612e-09 0.0 0.0 0.0023542401374555878 4.9204480278454083e-08 0.0 0.0 0.02301159121556987 0.004394490078029957 0.0 0.0 0.11478326433359647 0.0016476093025492768 0.0 0.0 0.00025856367417200204 2.45745224347074e-08 0.0 0.0 0.07136371603454125 1.7630280596658106e-06 0.0 0.0 0.6604707331620355 0.0020794356301846745 0.0 0.0 0.11019006837852743 0.08713110249613872 0.0 0.0 0.01671353204921154 0.0 2.11217677570078e-06 0.0 0.0 0.0 1.7144395741019004e-06 0.0 0.0 0.0 4.356482333262611e-12 0.0 0.0 0.0 9.856227390297037e-08 0.0 0.0 0.0 0.0 0.012594985482540318 0.0 0.0 0.0 0.04621997788318373 0.0 0.0 0.0 0.004552907082217562 0.0 0.0 0.0 0.004411105286238702 0.0 0.001237181024053509 0.0 0.0 0.04418099639347764 6.401951142532318e-08 0.0 0.0 0.039593576193415685 1.5226832488001427e-08 0.0 0.0 0.009351305013000662 0.03028238509702065 0.0 0.0 0.005408024253634921 0.014318152912399658 0.0 0.0 0.5655560100122508 1.7288072450756815e-06 0.0 0.0 0.8955513048132204 0.0053374776109908284 0.0 0.0 0.2261003866016395 0.08557553387268323 0.0 0.0 0.021528107851571155 0.0 0.020067015545373285 0.0 0.0 0.0 0.014043221365064829 0.0 0.0 0.0 2.1186946480626442e-07 0.0 0.0 0.0 0.002354186919029104 0.0 0.0 0.0 0.0 9.272084186210675e-08 0.0 0.0 0.0 4.807635915769622e-08 0.0 0.0 0.0 9.1959334454549e-08 0.0 0.0 0.0 4.341490204999566e-08 0.0 9.923110532902617e-05 0.0 0.0 0.006417880854739652 8.782618364915157e-09 0.0 0.0 0.004296790822511323 0.0014335915964424036 0.0 0.0 0.010506126967816892 0.0018109360583422596 0.0 0.0 0.0004003026684415391 0.005010889194555258 0.0 0.0 0.16467856381039098 3.5075183668224875e-07 0.0 0.0 0.22700167174064717 0.01921461740800165 0.0 0.0 0.3613927066613998 0.07500359752708913 0.0 0.0 0.018567770027810942 0.0 0.23339147890713335 0.0 0.0 0.0 0.03595713680451796 0.0 0.0 0.0 2.7368566440958294e-08 0.0 0.0 0.0 0.059272621744189895 0.0 0.0 0.0 0.0 0.01483488758259225 0.0 0.0 0.0 5.9159936186156786e-08 0.0 0.0 0.0 0.0065170736250401776 0.0 0.0 0.0 0.04604940949100006 0.0 0.00024267234949967915 0.0 0.0 0.04576670522662577 6.9882834256838576e-09 0.0 0.0 0.002998441856292844 0.003914008822050657 0.0 0.0 0.03756706687168314 0.018005801060347097 0.0 0.0 0.002254733995885539 0.0016109212050618327 0.0 0.0 0.04763226288373973 2.102218040883785e-08 0.0 0.0 0.0101127524765967 9.099932639936637e-05 0.0 0.0 0.0009792422940677497 0.017889826984821337 0.0 0.0 0.0037328616471786597
0.0 0.007902609732259902 0.0 0.0 0.0 0.0025461485917079364 0.0 0.0 0.0 1.995789719890799e-08 0.0 0.0 0.0 0.003486457375671548 0.0 0.0 0.0 0.0 0.013353680919748659 0.0 0.0 0.0 0.054041585091506354 0.0 0.0 0.0 0.03295240515720685 0.0 0.0 0.0 0.004350017537237001 0.0 8.312151405408468e-05 0.0 0.0 0.016580007818552345 4.566757189522028e-09 0.0 0.0 0.002150570115685981 1.894594733684123e-05 0.0 0.0 0.024481246278911177 0.018474910495713242 0.0 0.0 0.004186300328382828 0.004435880075809502 0.0 0.0 0.12196247292216061 2.4382669572866497e-07 0.0 0.0 0.1055792207902319 0.0014484976042842478 0.0 0.0 0.05064406704275373 0.06142550173321208 0.0 0.0 0.04500829001527084 0.0 6.767991342653736e-07 0.0 0.0 0.0 1.5764257686175703e-07 0.0 0.0 0.0 6.497951481895335e-12 0.0 0.0 0.0 1.0811795786167098e-07 0.0 0.0 0.0 0.0 0.022939453478456752 0.0 0.0 0.0 0.016281518018193282 0.0 0.0 0.0 0.03258411073418026 0.0 0.0 0.0 0.007965096375108944 0.0 0.00023972755938436008 0.0 0.0 0.007329550550911799 3.7110081720747404e-08 0.0 0.0 0.036513149945448006 0.0039469999117928015 0.0 0.0 0.08975868237101581 0.010121464733354912 0.0 0.0 0.005696207965032668 0.0057249149277593635 0.0 0.0 0.12808344966693855 9.149363291207892e-08 0.0 0.0 0.08413652327555479 0.011378074867285202 0.0 0.0 0.24574026906859323 0.03904590049297638 0.0 0.0 0.019330108806861784 0.0 0.009742226896888806 0.0 0.0 0.0 0.01283113157465708 0.0 0.0 0.0 1.6113460512531994e-07 0.0 0.0 0.0 0.01103661780857859 0.0 0.0 0.0 0.0 5.897143193691251e-07 0.0 0.0 0.0 1.0757982295404735e-06 0.0 0.0 0.0 6.146586408368072e-07 0.0 0.0 0.0 8.174346904551982e-08 0.0 0.00016983259067546998 0.0 0.0 0.0025692988667188428 8.390022909321745e-09 0.0 0.0 0.02679416000530173 0.001553215634016193 0.0 0.0 0.018001003471123468 0.018591460369555037 0.0 0.0 0.00591024089204025 0.002905412096329064 0.0 0.0 0.09415782182345848 5.007950133722828e-07 0.0 0.0 0.23423607840775051 0.011624656050919389 0.0 0.0 0.13313812203328004 0.07993772637106812 0.0 0.0 0.07622794129497155 0.0 0.10980449304900632 0.0 0.0 0.0 0.06439274079699735 0.0 0.0 0.0 2.180815658516216e-06 0.0 0.0 0.0 0.12309110841777747 0.0 0.0 0.0 0.0 0.030197181667316914 0.0 0.0 0.0 0.08328164123909292 0.0 0.0 0.0 0.008052089669425966 0.0 0.0 0.0 0.0204896771393575 0.0 0.00010056730586228757 0.0 0.0 0.004053450966627282 2.8726747164962252e-08 0.0 0.0 0.02045073137522971 3.6587269660320904e-08 0.0 0.0 3.970135693976463e-07 0.011258662465382756 0.0 0.0 0.0036359486487040553 0.0003786582764085937 0.0 0.0 0.01978342171736366 2.765721594270353e-08 0.0 0.0 0.023578898684399534 0.0036397108118252654 0.0 0.0 0.07046447159354374 0.04665045913704068 0.0 0.0 0.013964508168517673
0.0 0.009833927147032571 0.0 0.0 0.0 0.0 0.0 0.0 0.0 7.334268657896989e-08 0.0 0.0 0.0 0.006242246741379802 0.0 0.0 0.0 0.0 0.06376271223299558 0.0 0.0 0.0 0.0 0.0 0.0 0.0 0.0394050045153053 0.0 0.0 0.0 0.06294678800631887 0.0 1.960544342356265e-08 0.0 0.0 0.028749122455400986 0.0 0.0 0.0 0.0 0.005199990150394463 0.0 0.0 0.0739036288785604 0.0006343574084084935 0.0 0.0 0.00029732347050233 0.004759148364958228 0.0 0.0 0.15632206578844202 0.0 0.0 0.0 0.0 0.007030713407136201 0.0 0.0 0.2131524411842679 0.11339524418380555 0.0 0.0 0.04227860784181882 0.0 1.3145779071488285e-07 0.0 0.0 0.0 1.6704180613211682e-08 0.0 0.0 0.0 4.465605880625764e-13 0.0 0.0 0.0 9.425324743543601e-08 0.0 0.0 0.0 0.0 0.03798025008715514 0.0 0.0 0.0 0.021174044508231512 0.0 0.0 0.0 0.07222871794302986 0.0 0.0 0.0 0.02976033104462778 0.0 0.0012024661586261056 0.0 0.0 0.022939816510547183 1.0582370387252578e-08 0.0 0.0 0.004002906480929267 0.00023711541165491297 0.0 0.0 0.009842386860223637 0.0012410790773726438 0.0 0.0 0.006831406240707285 0.001242401105065831 0.0 0.0 0.04953221850693195 2.936969278304992e-08 0.0 0.0 0.012455420296634418 0.000939549936713986 0.0 0.0 0.02964951367404802 0.015765632898467063 0.0 0.0 0.021666312369655754 0.0 0.01652572536693803 0.0 0.0 0.0 0.0 0.0 0.0 0.0 7.050337927552378e-07 0.0 0.0 0.0 0.03919919978688896 0.0 0.0 0.0 0.0 1.552193823339014e-07 0.0 0.0 0.0 0.0 0.0 0.0 0.0 3.5374491717445364e-06 0.0 0.0 0.0 1.1366077934036854e-06 0.0 0.00304808930194181 0.0 0.0 0.05152065174556625 0.0 0.0 0.0 0.0 0.006065366904412198 0.0 0.0 0.12098925176511464 0.006695988348221981 0.0 0.0 0.0014173261350297805 0.004253316301793555 0.0 0.0 0.15044662971661193 0.0 0.0 0.0 0.0 0.03245902833735973 0.0 0.0 0.6683955252350067 0.23597864877635108 0.0 0.0 0.2059292635922216 0.0 0.13975472078285844 0.0 0.0 0.0 0.16114332687886368 0.0 0.0 0.0 4.0508994215873275e-06 0.0 0.0 0.0 0.12066048268868977 0.0 0.0 0.0 0.0 0.00704132442917704 0.0 0.0 0.0 0.025123142814199906 0.0 0.0 0.0 0.07809941429277974 0.0 0.0 0.0 0.057947865463643854 0.0 0.0007423498307578823 0.0 0.0 0.04926435512603196 1.4483804920352744e-07 0.0 0.0 0.049471602077833896 0.0002554513908419 0.0 0.0 0.017837376556266646 0.029285270257611833 0.0 0.0 0.011008285499813208 0.0008284565625121193 0.0 0.0 0.028163360920896413 5.7625552950288704e-08 0.0 0.0 0.06532114930181224 0.0035384146491063482 0.0 0.0 0.16369228780585668 0.022463712980219704 0.0 0.0 0.022061378704294497
0.0 0.011075303595262433 0.0 0.0 0.0 0.002171244259166784 0.0 0.0 0.0 1.0495048305589409e-07 0.0 0.0 0.0 0.0023132871958963016 0.0 0.0 0.0 0.0 0.04391375946155571 0.0 0.0 0.0 0.06839283677654134 0.0 0.0 0.0 0.04197942583988208 0.0 0.0 0.0 0.001174735795316807 0.0 0.002309067046798782 0.0 0.0 0.06354869905871781 6.945458737609578e-09 0.0 0.0 0.016781846373793746 0.0004903023772612454 0.0 0.0 0.007853355450438936 0.029752082968093237 0.0 0.0 0.008515413418587704 0.009016729487193762 0.0 0.0 0.21273578400542306 1.2320269281019283e-07 0.0 0.0 0.06838091637641547 0.007696970241466226 0.0 0.0 0.22228839422179264 0.09024433348440933 0.0 0.0 0.023727121071765528 0.0 4.951034170793898e-07 0.0 0.0 0.0 3.748110067753288e-08 0.0 0.0 0.0 2.703721208412595e-12 0.0 0.0 0.0 1.0360666752892406e-07 0.0 0.0 0.0 0.0 0.04921238977123574 0.0 0.0 0.0 0.0010420117319471071 0.0 0.0 0.0 0.03086677011393757 0.0 0.0 0.0 0.04956224002197103 0.0 0.00013226228449682103 0.0 0.0 0.00536169886867668 5.55124779364235e-09 0.0 0.0 0.0019278940331606891 0.002016756562634886 0.0 0.0 0.06329856377429088 0.01960257056786849 0.0 0.0 0.004467225496739396 0.001962012427599251 0.0 0.0 0.16134890505227095 7.236201318236933e-08 0.0 0.0 0.028175373627344333 0.005264507906643192 0.0 0.0 0.14771655993430005 0.03900698531862979 0.0 0.0 0.011942454135378937 0.0 0.00867307154123949 0.0 0.0 0.0 0.01046991200725269 0.0 0.0 0.0 2.116200458630479e-07 0.0 0.0 0.0 0.013149041547312213 0.0 0.0 0.0 0.0 1.492579688215543e-08 0.0 0.0 0.0 7.83491866696589e-08 0.0 0.0 0.0 4.212319422198342e-08 0.0 0.0 0.0 1.3346942694589965e-06 0.0 6.947178830020495e-05 0.0 0.0 0.021231007052220113 1.738716811205284e-08 0.0 0.0 0.006522244358390434 0.0032461102837194745 0.0 0.0 0.03556956457513307 0.008908013560654822 0.0 0.0 0.004517530804000396 0.0012607784703486675 0.0 0.0 0.0933472353693498 2.0690059991956283e-07 0.0 0.0 0.20102530450509867 0.011661215928943834 0.0 0.0 0.19868601376347392 0.10813815708137088 0.0 0.0 0.08330368582008879 0.0 0.13571188763337694 0.0 0.0 0.0 0.1180422178915713 0.0 0.0 0.0 1.025572943514041e-06 0.0 0.0 0.0 0.10859110283174728 0.0 0.0 0.0 0.0 0.03612460948056188 0.0 0.0 0.0 0.0273720502814405 0.0 0.0 0.0 0.0038847282872741273 0.0 0.0 0.0 0.05667214713234681 0.0 0.0002306131877635417 0.0 0.0 0.05118874299282049 1.23058872121696e-07 0.0 0.0 0.026751477207603926 5.255157743765659e-09 0.0 0.0 8.119832519833726e-08 0.024956714789343155 0.0 0.0 0.004282699954017908 0.0005790053083075451 0.0 0.0 0.0253282996916799 8.07858363299293e-08 0.0 0.0 0.04585181428237239 0.0014877080808837475 0.0 0.0 0.025771846392229472 0.04173737615926927 0.0 0.0 0.0129231174277859
0.0 0.0 0.0 0.0 0.0 0.0020351746399862067 0.0 0.0 0.0 4.431300797936379e-08 0.0 0.0 0.0 0.0025251699967208194 0.0 0.0 0.0 0.0 0.0 0.0 0.0 0.0 0.0585284175277973 0.0 0.0 0.0 0.0678285572867141 0.0 0.0 0.0 0.08155977084069127 0.0 0.0 0.0 0.0 0.0 9.151817632533974e-10 0.0 0.0 0.0006926788060290664 0.0049355816052666845 0.0 0.0 0.05069530656034594 0.02123540725406937 0.0 0.0 0.0033564181562945896 0.0 0.0 0.0 0.0 5.421425062014173e-08 0.0 0.0 0.051829927439013976 0.006611550362116437 0.0 0.0 0.0961014669570668 0.09158927850501797 0.0 0.0 0.02590646233172393 0.0 1.5647399716133663e-07 0.0 0.0 0.0 2.950174765490093e-07 0.0 0.0 0.0 3.695511057960183e-12 0.0 0.0 0.0 3.0764894845874693e-07 0.0 0.0 0.0 0.0 4.592067239121398e-08 0.0 0.0 0.0 0.023292164635485176 0.0 0.0 0.0 0.04347450113659677 0.0 0.0 0.0 0.09884363293436473 0.0 4.026248823843724e-05 0.0 0.0 0.001301411267630203 1.5574478838244892e-08 0.0 0.0 0.02782492935734531 0.005474346565156776 0.0 0.0 0.06572410855241521 0.07729901320319327 0.0 0.0 0.03058206806126599 0.000976213002228639 0.0 0.0 0.03537732869465278 3.1638578780104706e-07 0.0 0.0 0.1373593682665245 0.005487196910721022 0.0 0.0 0.10601235391593261 0.12212163381221826 0.0 0.0 0.04810752281420583 0.0 0.003261855187653143 0.0 0.0 0.0 0.005106703668155241 0.0 0.0 0.0 4.916252137700793e-08 0.0 0.0 0.0 0.019786510898250634 0.0 0.0 0.0 0.0 1.2363931079114905e-09 0.0 0.0 0.0 1.2769010388517172e-06 0.0 0.0 0.0 7.528783322268937e-09 0.0 0.0 0.0 3.0513203925869246e-07 0.0 0.0005067140071777082 0.0 0.0 0.01162164882926946 2.5439344335052883e-08 0.0 0.0 0.009973159513700541 2.834711233137257e-08 0.0 0.0 0.024710032889708508 0.08584299474784077 0.0 0.0 0.023188430130841833 0.0008349597486909319 0.0 0.0 0.02147023883823527 1.3513804927276427e-07 0.0 0.0 0.06030953503455109 0.0018866121343449518 0.0 0.0 0.048794105632368766 0.21916933928312737 0.0 0.0 0.10435743397693602 0.0 0.20465473399355236 0.0 0.0 0.0 0.15846817130150107 0.0 0.0 0.0 1.435852113218863e-06 0.0 0.0 0.0 0.36824392226935565 0.0 0.0 0.0 0.0 0.08091534614012191 0.0 0.0 0.0 0.12642429600540273 0.0 0.0 0.0 0.036662107898302494 0.0 0.0 0.0 0.14553768527898142 0.0 0.0015857094105254438 0.0 0.0 0.16047533315741788 1.4727952675230918e-07 0.0 0.0 0.1147662576795971 6.642927896340925e-05 0.0 0.0 0.0006342115378535484 0.030310509020937047 0.0 0.0 0.01810264034725831 0.0006165302928538455 0.0 0.0 0.04179277902198415 6.41974982973374e-08 0.0 0.0 0.0526860777055099 0.002887451126361769 0.0 0.0 0.03513920000124489 0.10953061334535219 0.0 0.0 0.04448756883908882
0.0 0.011084728948597012 0.0 0.0 0.0 0.005110190014980166 0.0 0.0 0.0 8.81237900197047e-08 0.0 0.0 0.0 0.00367582803167117 0.0 0.0 0.0 0.0 0.06905600602998602 0.0 0.0 0.0 0.05244844321205733 0.0 0.0 0.0 0.07036611406159274 0.0 0.0 0.0 0.02406927493433796 0.0 0.0011103636779145189 0.0 0.0 0.038307253911774815 6.534176546623909e-09 0.0 0.0 0.004442677311317883 0.0012683288256011593 0.0 0.0 0.02718730018897218 0.014523596790163578 0.0 0.0 0.003363018418843624 0.0075662603449174115 0.0 0.0 0.19812732957884724 2.6046372020544153e-07 0.0 0.0 0.19097215551311003 0.008858280557833003 0.0 0.0 0.25371093545558543 0.09971173459556523 0.0 0.0 0.03535207083610564 0.0 3.940811772989365e-07 0.0 0.0 0.0 6.549498064698317e-08 0.0 0.0 0.0 3.650435973432537e-12 0.0 0.0 0.0 2.0339840465057474e-07 0.0 0.0 0.0 0.0 0.0020863847996977366 0.0 0.0 0.0 0.04112137154315411 0.0 0.0 0.0 0.08186980733037143 0.0 0.0 0.0 0.08550847236641994 0.0 0.001074297229238821 0.0 0.0 0.06056552816670939 3.819522517011031e-09 0.0 0.0 0.0008280994585248527 0.0001926691148387078 0.0 0.0 0.017830984985685545 0.023258799107657123 0.0 0.0 0.006909946684025079 0.0016361696932522562 0.0 0.0 0.11533274963661175 8.079087017279769e-08 0.0 0.0 0.030328588335622592 0.011806039585516553 0.0 0.0 0.21355244147197436 0.1286784651015489 0.0 0.0 0.04475695111264391 0.0 0.025622981872260118 0.0 0.0 0.0 0.009452041593976897 0.0 0.0 0.0 1.7733928491066034e-07 0.0 0.0 0.0 0.006279717906125289 0.0 0.0 0.0 0.0 7.999833658037522e-08 0.0 0.0 0.0 5.1417097738293416e-08 0.0 0.0 0.0 6.169307266715643e-08 0.0 0.0 0.0 7.235801472279198e-08 0.0 0.00213072579914702 0.0 0.0 0.052455845619174636 8.981098061185724e-08 0.0 0.0 0.03334953790817888 0.0010912014570836088 0.0 0.0 0.03466247900760306 0.0022418810738264673 0.0 0.0 0.0007255621589706622 0.0035172733582389116 0.0 0.0 0.24152503584487983 1.0969874246759564e-07 0.0 0.0 0.13789369317771066 0.01863170031732352 0.0 0.0 0.27086632267766936 0.10338741703538636 0.0 0.0 0.03192176835302631 0.0 0.1792317333359396 0.0 0.0 0.0 0.1915389585905982 0.0 0.0 0.0 0.0 0.0 0.0 0.0 0.017003701625212544 0.0 0.0 0.0 0.0 0.019060074830743966 0.0 0.0 0.0 0.007899321649458979 0.0 0.0 0.0 0.0 0.0 0.0 0.0 5.4481210708391234e-08 0.0 0.0019461004586123864 0.0 0.0 0.0498963247336752 5.0527292000944554e-08 0.0 0.0 0.05347435608274975 0.0 0.0 0.0 0.0 0.003607876833158129 0.0 0.0 0.0006531655044958629 0.0008896445577170417 0.0 0.0 0.038088959854011374 4.354409546390065e-08 0.0 0.0 0.07233921209784266 0.0 0.0 0.0 0.0 0.012364623014444558 0.0 0.0 0.002509683262815651
0.0 0.011837614705312534 0.0 0.0 0.0 0.013338555634876553 0.0 0.0 0.0 6.148599326188856e-08 0.0 0.0 0.0 0.0018455501861596542 0.0 0.0 0.0 0.0 0.0071200326175642585 0.0 0.0 0.0 0.10800188106716316 0.0 0.0 0.0 0.03144356925342425 0.0 0.0 0.0 0.09164024734176827 0.0 0.0004478477503044533 0.0 0.0 0.006552554144318386 1.1306482314462686e-07 0.0 0.0 0.06434180108657486 0.0012521319825825959 0.0 0.0 0.049238936564545754 0.000480801100649287 0.0 0.0 0.00020925082993125986 0.00968802398429262 0.0 0.0 0.21102795362705204 4.6437093219413933e-07 0.0 0.0 0.35700004379908745 0.008108861049243016 0.0 0.0 0.1566304664930553 0.037129617626419156 0.0 0.0 0.016698949012378853 0.0 8.29297140466142e-07 0.0 0.0 0.0 3.7739588505358376e-07 0.0 0.0 0.0 6.830070828119813e-12 0.0 0.0 0.0 3.295907920999755e-07 0.0 0.0 0.0 0.0 0.06414620445758773 0.0 0.0 0.0 0.050542793406428 0.0 0.0 0.0 0.11348466149482636 0.0 0.0 0.0 0.026309681630172745 0.0 0.00011744944076011621 0.0 0.0 0.007856367410967556 6.1089227932096674e-09 0.0 0.0 0.035924862148474054 0.007179109219297486 0.0 0.0 0.09114791800717668 0.03490007397361084 0.0 0.0 0.01758581854605966 0.007894526995303873 0.0 0.0 0.26532825995862214 3.716172197340324e-07 0.0 0.0 0.25887522688345255 0.027572411543209118 0.0 0.0 0.3526335641178865 0.14744826252483217 0.0 0.0 0.06976466592914553 0.0 0.026339183173321862 0.0 0.0 0.0 0.017782190439163476 0.0 0.0 0.0 6.889739017173875e-08 0.0 0.0 0.0 0.017782557606197485 0.0 0.0 0.0 0.0 2.396653409060696e-08 0.0 0.0 0.0 1.1780094717311869e-07 0.0 0.0 0.0 1.9970534071514506e-08 0.0 0.0 0.0 8.404194072225378e-08 0.0 0.000201203967703529 0.0 0.0 0.005012911429489785 5.3622826428551887e-08 0.0 0.0 0.03488335298347342 0.004453106203776374 0.0 0.0 0.029245255128008615 0.06061682069614752 0.0 0.0 0.019675419673909154 0.006451617497401183 0.0 0.0 0.20866908679439383 4.5442509594280667e-07 0.0 0.0 0.24334266292310672 0.010228331988449375 0.0 0.0 0.10407763390914791 0.18898636196186952 0.0 0.0 0.05828239358031737 0.0 0.2000281031041451 0.0 0.0 0.0 0.22494660109023498 0.0 0.0 0.0 0.0 0.0 0.0 0.0 0.14309073117729626 0.0 0.0 0.0 0.0 0.05125717548204365 0.0 0.0 0.0 0.03616681498863578 0.0 0.0 0.0 0.0 0.0 0.0 0.0 0.07529517808976606 0.0 0.0014903815462023393 0.0 0.0 0.06226371558573752 3.84512144870376e-08 0.0 0.0 0.09781657962075045 0.0 0.0 0.0 0.0 0.026983292631584964 0.0 0.0 0.004691183268158049 0.0007307308303738892 0.0 0.0 0.029573531011879397 1.0435374114520368e-07 0.0 0.0 0.08508310978734258 0.0 0.0 0.0 0.0 0.07152020485656285 0.0 0.0 0.023763047537013686
0.0 0.001000384141651173 0.0 0.0 0.0 0.005044220470441419 0.0 0.0 0.0 6.392812641110136e-09 0.0 0.0 0.0 0.004041379850218979 0.0 0.0 0.0 0.0 0.023879401855691453 0.0 0.0 0.0 0.2111968857889993 0.0 0.0 0.0 0.060013642739000665 0.0 0.0 0.0 0.29344267916728495 0.0 1.6451944276677835e-05 0.0 0.0 0.0004359641674697848 6.254165684534119e-08 0.0 0.0 0.04282502245949737 6.828449903774484e-05 0.0 0.0 0.0012626010734236757 0.03670126301611068 0.0 0.0 0.005237560581725213 0.0004004063102614246 0.0 0.0 0.011896000564372702 2.4302911158815452e-08 0.0 0.0 0.1548484832574494 0.0007847333512828891 0.0 0.0 0.013127949911888832 0.1455214384323536 0.0 0.0 0.04185620472443171 0.0 0.0 0.0 0.0 0.0 0.0 0.0 0.0 0.0 5.2598615176584585e-12 0.0 0.0 0.0 2.374879461227013e-07 0.0 0.0 0.0 0.0 0.0 0.0 0.0 0.0 0.0 0.0 0.0 0.0 0.030856215822841565 0.0 0.0 0.0 0.03221725704488008 0.0 0.0 0.0 0.0 0.0 0.0 0.0 0.0 0.0 0.006876213475096149 0.0 0.0 0.15651500415054773 0.030176605058695186 0.0 0.0 0.024302430767003686 0.0 0.0 0.0 0.0 0.0 0.0 0.0 0.0 0.008701607206747713 0.0 0.0 0.17333704917673928 0.12590553006602193 0.0 0.0 0.050798202461515576 0.0 0.0 0.0 0.0 0.0 0.0024973394488581897 0.0 0.0 0.0 0.0 0.0 0.0 0.0 0.016126950099382028 0.0 0.0 0.0 0.0 0.0 0.0 0.0 0.0 6.393128036530444e-09 0.0 0.0 0.0 0.0 0.0 0.0 0.0 1.573043702168384e-06 0.0 0.0 0.0 0.0 0.0 6.558479395749036e-08 0.0 0.0 0.060378204431834205 0.0 0.0 0.0 0.0 0.05325588253443066 0.0 0.0 0.011304496512220041 0.0 0.0 0.0 0.0 1.3430901245097612e-08 0.0 0.0 0.05001019766165404 0.0 0.0 0.0 0.0 0.26969601657335424 0.0 0.0 0.10115838904158954 0.0 0.5875322254093253 0.0 0.0 0.0 0.05553191294842203 0.0 0.0 0.0 1.5730387577022863e-06 0.0 0.0 0.0 0.10934333445873098 0.0 0.0 0.0 0.0 0.06266780842750654 0.0 0.0 0.0 0.006673361269215372 0.0 0.0 0.0 0.03406879050143661 0.0 0.0 0.0 0.029123835556126014 0.0 0.007125430325467172 0.0 0.0 0.22627907612068732 6.302995182538493e-08 0.0 0.0 0.027956441400911816 0.000695487713381978 0.0 0.0 0.026863652232121556 0.05799972663929661 0.0 0.0 0.015171541257277798 0.002543702275118937 0.0 0.0 0.12982420000242187 8.602990952089426e-09 0.0 0.0 0.022724039699677664 0.0014979633026937441 0.0 0.0 0.049758360162778084 0.03813759864074722 0.0 0.0 0.013624226333883953
0.0 0.029884145742995825 0.0 0.0 0.0 0.00395629186570746 0.0 0.0 0.0 1.01703329545722e-07 0.0 0.0 0.0 0.0013091139675105396 0.0 0.0 0.0 0.0 0.06219056255072203 0.0 0.0 0.0 0.03788126835794927 0.0 0.0 0.0 0.053508562774897496 0.0 0.0 0.0 0.08714055176365304 0.0 0.002737135019125424 0.0 0.0 0.058079223763222665 1.689844591526803e-08 0.0 0.0 0.017943890279069424 0.0006443033649741409 0.0 0.0 0.010216357025016175 0.028425773116684195 0.0 0.0 0.007613617486120935 0.025810300239463856 0.0 0.0 0.5938594586774202 1.8404936634485084e-07 0.0 0.0 0.13335855504769906 0.010984822045359166 0.0 0.0 0.26264121445833893 0.05234273358354278 0.0 0.0 0.01630841658072598 0.0 5.174368235463066e-07 0.0 0.0 0.0 8.425919970860153e-08 0.0 0.0 0.0 5.064982008238832e-12 0.0 0.0 0.0 1.4159429153390566e-07 0.0 0.0 0.0 0.0 0.04042288965748588 0.0 0.0 0.0 0.07578744034708014 0.0 0.0 0.0 0.05699469186872662 0.0 0.0 0.0 0.046536034889417655 0.0 0.0001182838011885825 0.0 0.0 0.007182726413477658 8.615247239046137e-09 0.0 0.0 0.00537190927176467 0.006140970823075703 0.0 0.0 0.14286301134371018 0.026156133091672768 0.0 0.0 0.0028664992338684843 0.0026614653037050594 0.0 0.0 0.19103937551011613 1.1607789371264157e-07 0.0 0.0 0.06369559630249261 0.0073854367542402835 0.0 0.0 0.26946640545077577 0.05336047072355718 0.0 0.0 0.0159358753408705 0.0 0.018339963113181958 0.0 0.0 0.0 0.01444339350241713 0.0 0.0 0.0 2.3404637536435153e-07 0.0 0.0 0.0 0.014193180733448107 0.0 0.0 0.0 0.0 3.950172854718813e-08 0.0 0.0 0.0 1.7854755605298236e-07 0.0 0.0 0.0 5.883073220966746e-08 0.0 0.0 0.0 1.4285148231190775e-07 0.0 0.00030386399717803315 0.0 0.0 0.034752007887277135 2.0762357612863538e-08 0.0 0.0 0.010038914359467804 0.004275439967766457 0.0 0.0 0.05337375333995669 0.0058734546223727 0.0 0.0 0.002014447035453451 0.0037670724829043335 0.0 0.0 0.18426231114052677 2.131235089602394e-07 0.0 0.0 0.26522758945204855 0.014967666090019718 0.0 0.0 0.36194831234618374 0.2469318585013484 0.0 0.0 0.0689822776278105 0.0 0.19785631366294482 0.0 0.0 0.0 0.201341287135386 0.0 0.0 0.0 8.397672922966397e-08 0.0 0.0 0.0 0.12391233843064145 0.0 0.0 0.0 0.0 0.02304682524288995 0.0 0.0 0.0 0.07703065534141984 0.0 0.0 0.0 0.00012858849747357482 0.0 0.0 0.0 0.0436501308107123 0.0 7.649494378146969e-05 0.0 0.0 0.03845602302872537 1.0482858960563475e-07 0.0 0.0 0.04635484237198604 0.002475889393971539 0.0 0.0 0.043561410769751216 0.05799288372014805 0.0 0.0 0.00817457145562575 0.0007473740101891045 0.0 0.0 0.02952727885882548 7.893997038027775e-08 0.0 0.0 0.061553444379123017 0.00010224295601554966 0.0 0.0 0.0020168360306182507 0.04095006705830645 0.0 0.0 0.015030318271922189
0.0 0.007023864706618119 0.0 0.0 0.0 0.008664000050904808 0.0 0.0 0.0 4.878358392625339e-08 0.0 0.0 0.0 0.0127758769498715 0.0 0.0 0.0 0.0 0.011731059038156274 0.0 0.0 0.0 0.09065073378006172 0.0 0.0 0.0 0.06285342367766127 0.0 0.0 0.0 0.47733838838465026 0.0 0.0006796123143718164 0.0 0.0 0.0396272128269233 3.6936713744211284e-13 0.0 0.0 0.007847361260445525 3.464218524756105e-05 0.0 0.0 0.0012967779405107368 0.03472029529881248 0.0 0.0 0.010935956644990825 0.004841936556710014 0.0 0.0 0.12305504866560629 2.0450121969234976e-07 0.0 0.0 0.3290747466598991 0.014349910938301201 0.0 0.0 0.10842393058308111 0.4339752172674568 0.0 0.0 0.15200667010453273 0.0 1.0929982403088766e-06 0.0 0.0 0.0 0.0 0.0 0.0 0.0 1.1953357875464123e-11 0.0 0.0 0.0 1.8299311828601333e-07 0.0 0.0 0.0 0.0 0.06241892101649956 0.0 0.0 0.0 0.0 0.0 0.0 0.0 0.02260075272413223 0.0 0.0 0.0 0.011836263029830091 0.0 0.0007312512234468947 0.0 0.0 0.043133188936436716 0.0 0.0 0.0 0.0 0.011217357706568364 0.0 0.0 0.08709127617181112 5.676688499216477e-13 0.0 0.0 2.1241815609041425e-08 0.007014868639182694 0.0 0.0 0.32293772343909405 0.0 0.0 0.0 0.0 0.023100806707206278 0.0 0.0 0.4791855870396145 1.2032965958650862e-06 0.0 0.0 0.050481907474201074 0.0 0.0125869702844104 0.0 0.0 0.0 0.03166335683415469 0.0 0.0 0.0 4.0347910910988934e-08 0.0 0.0 0.0 0.021202422359403457 0.0 0.0 0.0 0.0 1.2336040261425964e-06 0.0 0.0 0.0 5.5736077766526004e-08 0.0 0.0 0.0 5.558335986253212e-07 0.0 0.0 0.0 7.780763689077967e-08 0.0 1.4424333129589805e-08 0.0 0.0 7.213073465715535e-07 6.955066771663468e-08 0.0 0.0 0.027689535635443675 0.002634428129338905 0.0 0.0 0.048937111872776384 0.02027320066916151 0.0 0.0 0.004720316022432335 0.0012805314775959824 0.0 0.0 0.11076968497454494 9.009970298350195e-07 0.0 0.0 0.4392027055356551 0.007804753649907835 0.0 0.0 0.06526226623872453 0.23155535485700335 0.0 0.0 0.09616609650113406 0.0 0.6229616768912606 0.0 0.0 0.0 0.04962806458112726 0.0 0.0 0.0 2.7804787639550284e-06 0.0 0.0 0.0 0.17753793273920862 0.0 0.0 0.0 0.0 0.020990644812989626 0.0 0.0 0.0 0.03640453349424377 0.0 0.0 0.0 0.021053203362294173 0.0 0.0 0.0 0.13306803337207435 0.0 0.01215035567131613 0.0 0.0 0.3725840996677714 4.847900718584684e-08 0.0 0.0 0.01710941102728308 0.003810096920553197 0.0 0.0 0.11988243314625073 0.06860797506582572 0.0 0.0 0.028098342616184078 0.0017652201840216916 0.0 0.0 0.15361998545908367 5.247398328548407e-08 0.0 0.0 0.021497046016612592 0.005474939690764509 0.0 0.0 0.09905485854588786 0.06099720823493708 0.0 0.0 0.030247132260798896
0.0 0.011444941687439796 0.0 0.0 0.0 0.006082597547491978 0.0 0.0 0.0 6.353286984853851e-08 0.0 0.0 0.0 0.003181229799215155 0.0 0.0 0.0 0.0 0.03046912619217522 0.0 0.0 0.0 0.2216111974215355 0.0 0.0 0.0 0.153152012697484 0.0 0.0 0.0 0.06972886411298304 0.0 0.00010450235303574887 0.0 0.0 0.02858028745515261 2.3627652081302902e-09 0.0 0.0 0.018462179349123743 0.004818072354991889 0.0 0.0 0.03469775745110275 0.023273322776695523 0.0 0.0 0.005835481922610849 0.005207764105768367 0.0 0.0 0.17425259792724224 2.3277774264137603e-07 0.0 0.0 0.20395038603880586 0.012041854886059713 0.0 0.0 0.19538499063079415 0.10527777206262875 0.0 0.0 0.042762549046680615 0.0 4.354555935442293e-07 0.0 0.0 0.0 5.214208959450341e-07 0.0 0.0 0.0 8.419280063801185e-12 0.0 0.0 0.0 3.023102465649001e-07 0.0 0.0 0.0 0.0 0.034662575122036327 0.0 0.0 0.0 0.0032408024122397923 0.0 0.0 0.0 0.021615784543147717 0.0 0.0 0.0 0.042797496062509974 0.0 0.0004638321281667326 0.0 0.0 0.007312112580788031 1.2342666998842114e-07 0.0 0.0 0.13566337195426187 0.0028739555724012524 0.0 0.0 0.08930388665552787 2.543631278017091e-07 0.0 0.0 5.427558874428538e-08 0.006673988307039976 0.0 0.0 0.15093443218302652 5.636146842715435e-07 0.0 0.0 0.31120121266871315 0.011468468335078374 0.0 0.0 0.3748563443270534 0.1692314668225262 0.0 0.0 0.038029645886814636 0.0 0.02487289323189779 0.0 0.0 0.0 0.013247932274832739 0.0 0.0 0.0 1.0088456869291902e-07 0.0 0.0 0.0 0.010052282063921251 0.0 0.0 0.0 0.0 2.272915982610774e-07 0.0 0.0 0.0 6.98694843656761e-08 0.0 0.0 0.0 1.7153237627061963e-12 0.0 0.0 0.0 5.075187166775964e-08 0.0 0.000508676884304957 0.0 0.0 0.11338252455576446 1.0090746227969837e-07 0.0 0.0 0.042126830479703135 0.0011121151955190167 0.0 0.0 0.008855739235188521 0.04442132830167468 0.0 0.0 0.0074370078944457985 0.005434284590339614 0.0 0.0 0.1558724571110716 1.7866564186925649e-07 0.0 0.0 0.2446959514678523 0.015420698845015188 0.0 0.0 0.12464687767048165 0.2203237347508034 0.0 0.0 0.0678485038464227 0.0 0.4413482914339546 0.0 0.0 0.0 0.08298560689671314 0.0 0.0 0.0 1.8348881179675457e-07 0.0 0.0 0.0 0.12907935905483656 0.0 0.0 0.0 0.0 0.05063978824089355 0.0 0.0 0.0 0.010765521253272552 0.0 0.0 0.0 0.043076526211715815 0.0 0.0 0.0 0.04111074112933417 0.0 0.0020557933179494135 0.0 0.0 0.06877673841979542 8.588709671685097e-09 0.0 0.0 0.07764741810049397 1.0578781438903528e-08 0.0 0.0 1.3994978004948023e-07 0.012271780018462117 0.0 0.0 0.002136377628701064 0.0014480310063753115 0.0 0.0 0.08588532885514791 4.885147940411633e-08 0.0 0.0 0.028648772085982446 0.0004380326873736056 0.0 0.0 0.0064969510277000445 0.04786566460290289 0.0 0.0 0.017595297286577175
0.0 0.0043230332115495465 0.0 0.0 0.0 0.0 0.0 0.0 0.0 1.9345943263979865e-07 0.0 0.0 0.0 0.0030250050211104453 0.0 0.0 0.0 0.0 0.004587853441120998 0.0 0.0 0.0 0.0 0.0 0.0 0.0 0.16262296109668206 0.0 0.0 0.0 0.03637035352646395 0.0 7.230032890168092e-15 0.0 0.0 2.5302208714025167e-08 0.0 0.0 0.0 0.0 0.0005156160851734983 0.0 0.0 0.007462008603942444 5.087151453682651e-07 0.0 0.0 0.013098504711213339 2.149089177771023e-08 0.0 0.0 0.08809434291531955 0.0 0.0 0.0 0.0 0.01349404141335109 0.0 0.0 0.4949421138691033 1.0879644442647168e-06 0.0 0.0 0.04450981642272052 0.0 5.381623490243267e-07 0.0 0.0 0.0 0.0 0.0 0.0 0.0 3.2564691708706636e-12 0.0 0.0 0.0 3.20605878967574e-07 0.0 0.0 0.0 0.0 0.003619113538329436 0.0 0.0 0.0 0.0 0.0 0.0 0.0 0.0868924159026227 0.0 0.0 0.0 0.07520723962416226 0.0 0.0006405823020977652 0.0 0.0 0.008648030847063887 0.0 0.0 0.0 0.0 0.0006846126814604017 0.0 0.0 0.05001195174904502 0.0025282371681632555 0.0 0.0 0.020093753230097385 0.0022059092879650253 0.0 0.0 0.033388464042743815 0.0 0.0 0.0 0.0 0.0030993296625489914 0.0 0.0 0.198830157264909 0.07607279584939143 0.0 0.0 0.06861084442505136 0.0 0.03947992818787883 0.0 0.0 0.0 0.022879600202531464 0.0 0.0 0.0 5.657433735346542e-07 0.0 0.0 0.0 0.019954692512677105 0.0 0.0 0.0 0.0 1.2596796213957972e-06 0.0 0.0 0.0 1.6169780704751205e-06 0.0 0.0 0.0 1.2694749920213541e-06 0.0 0.0 0.0 5.877413049624954e-06 0.0 0.001999166467798176 0.0 0.0 0.07224474871092278 7.4049944602995756e-09 0.0 0.0 0.04219144760309411 0.005180448843346473 0.0 0.0 0.11268888377661991 0.014211160683387493 0.0 0.0 0.009951666220959027 0.003410124386767828 0.0 0.0 0.41639379255304926 2.9162870052101046e-07 0.0 0.0 0.22594286526590257 0.048326426867106 0.0 0.0 0.7553525307249919 0.2273938748289368 0.0 0.0 0.16500647196593032 0.0 0.16480404756772893 0.0 0.0 0.0 0.14283916886258294 0.0 0.0 0.0 9.2643396708736e-06 0.0 0.0 0.0 0.14363055989642526 0.0 0.0 0.0 0.0 0.012868458271434671 0.0 0.0 0.0 0.08260555099985722 0.0 0.0 0.0 0.008950883236825713 0.0 0.0 0.0 0.0682389342176052 0.0 7.682522265030515e-05 0.0 0.0 0.03318893324563742 5.215734179436854e-07 0.0 0.0 0.06209469095695686 0.00390171879871275 0.0 0.0 0.06853914720442467 0.017450528688356906 0.0 0.0 0.005989651165274585 0.00010170841920396441 0.0 0.0 0.03147321817608941 3.8164371536076014e-08 0.0 0.0 0.051978496706656066 0.007112592294761737 0.0 0.0 0.15399958502834893 0.09022255375920249 0.0 0.0 0.013986239536978093
0.0 0.008805334025724134 0.0 0.0 0.0 0.004695866305062262 0.0 0.0 0.0 1.0460411926778537e-07 0.0 0.0 0.0 0.0038503444344721604 0.0 0.0 0.0 0.0 0.005476950016894757 0.0 0.0 0.0 0.07005216937356792 0.0 0.0 0.0 0.15363548647745318 0.0 0.0 0.0 0.08373336113758359 0.0 0.00013339661741387893 0.0 0.0 0.0034118808024351873 6.471654613235909e-08 0.0 0.0 0.022845640669974035 0.000848550998199403 0.0 0.0 0.00851865588884007 0.0023526399432367896 0.0 0.0 0.0009216350784576148 0.005987038459595595 0.0 0.0 0.12351591226191909 3.6192433872570084e-07 0.0 0.0 0.147956750650482 0.012396855431452082 0.0 0.0 0.3157020538798782 0.11702974657002913 0.0 0.0 0.03766312647619175 0.0 4.0981257634573547e-07 0.0 0.0 0.0 4.174811383236294e-07 0.0 0.0 0.0 3.4899839046700104e-12 0.0 0.0 0.0 2.6975695873240094e-07 0.0 0.0 0.0 0.0 0.001455433527340945 0.0 0.0 0.0 0.08792936928565749 0.0 0.0 0.0 0.10238873001743379 0.0 0.0 0.0 0.09070219441259784 0.0 0.0016672289105260614 0.0 0.0 0.0647809994431612 4.312022091727009e-08 0.0 0.0 0.021930618493066354 0.004979434925185411 0.0 0.0 0.07616526331035699 0.03975630408739462 0.0 0.0 0.005782804220069184 0.004719120347036576 0.0 0.0 0.1238174908713357 3.5714251546899044e-07 0.0 0.0 0.23391038957336094 0.005299461546857637 0.0 0.0 0.15493830529263566 0.16215333035361937 0.0 0.0 0.04537629226531985 0.0 0.020816235432794955 0.0 0.0 0.0 0.00866070691500716 0.0 0.0 0.0 2.882309999325311e-07 0.0 0.0 0.0 0.012014269011972455 0.0 0.0 0.0 0.0 7.073447955511121e-08 0.0 0.0 0.0 8.230832653348672e-08 0.0 0.0 0.0 1.361318564573057e-07 0.0 0.0 0.0 1.0366394663831755e-07 0.0 0.0002728722588952907 0.0 0.0 0.049279803329708945 1.0347785041138546e-13 0.0 0.0 0.0002343453806853693 0.00010644482213364794 0.0 0.0 0.0854578714667897 0.08632393278571943 0.0 0.0 0.034349082582707566 0.0037357304150010973 0.0 0.0 0.22055631219708538 1.636553882490822e-07 0.0 0.0 0.13843521392447183 0.01786075186694632 0.0 0.0 0.43678638548921034 0.1970498186915494 0.0 0.0 0.06314415908805832 0.0 0.283275987734404 0.0 0.0 0.0 0.26095461458115715 0.0 0.0 0.0 0.0 0.0 0.0 0.0 0.10184944263177224 0.0 0.0 0.0 0.0 0.032100010436387855 0.0 0.0 0.0 0.04595846792858767 0.0 0.0 0.0 0.0 0.0 0.0 0.0 0.03965584747020005 0.0 0.00034797161114882727 0.0 0.0 0.11895807698780954 7.515930962862345e-08 0.0 0.0 0.08990196968643954 0.0 0.0 0.0 0.0 0.003763936517991265 0.0 0.0 0.0011194767216292697 0.0004882907497604956 0.0 0.0 0.055931369760431476 5.787489937377935e-08 0.0 0.0 0.09428652204954886 0.0 0.0 0.0 0.0 0.03765033599779334 0.0 0.0 0.012401643572590729
0.0 0.0023379819966410616 0.0 0.0 0.0 0.0030078768019744413 0.0 0.0 0.0 1.3382945428795824e-08 0.0 0.0 0.0 0.0004882970057772349 0.0 0.0 0.0 0.0 0.02619240919823889 0.0 0.0 0.0 0.0810863855409393 0.0 0.0 0.0 0.01549753817105818 0.0 0.0 0.0 0.005622310409321283 0.0 2.02396861178456e-05 0.0 0.0 0.0007532466830222732 1.341054112952321e-07 0.0 0.0 0.046952536548965494 0.0007465471390062585 0.0 0.0 0.014278312424568047 0.0036568016806839097 0.0 0.0 0.0005040221479735049 0.0007828223800358549 0.0 0.0 0.0319965416695103 4.0160794785631183e-08 0.0 0.0 0.11728599329617956 0.0014807064553514961 0.0 0.0 0.030080124040636747 0.04490109036388015 0.0 0.0 0.006910720005930115 0.0 1.723381688963819e-07 0.0 0.0 0.0 1.4463244990926944e-07 0.0 0.0 0.0 1.1790665632749525e-11 0.0 0.0 0.0 1.9936539034126367e-07 0.0 0.0 0.0 0.0 0.019773233053661295 0.0 0.0 0.0 0.0024836925121081736 0.0 0.0 0.0 0.020317079694758634 0.0 0.0 0.0 0.012730880829677674 0.0 1.0242661394044917e-05 0.0 0.0 0.0004047515285246887 5.23911465636485e-14 0.0 0.0 0.0020573094271761666 0.0015888801423000671 0.0 0.0 0.07950913655967357 1.3655245119841332e-08 0.0 0.0 3.071727099318361e-08 0.0010988571141704964 0.0 0.0 0.040795984917646806 3.8031009180109755e-08 0.0 0.0 0.08858367781755348 0.017864555126819417 0.0 0.0 0.5325943854071027 0.034641437284726934 0.0 0.0 0.045752300568038216 0.0 0.010373659037909376 0.0 0.0 0.0 0.03268088585468405 0.0 0.0 0.0 3.8721654770525304e-07 0.0 0.0 0.0 0.007115094016528217 0.0 0.0 0.0 0.0 4.747531950090487e-08 0.0 0.0 0.0 2.331319531832439e-07 0.0 0.0 0.0 1.5031193670763868e-06 0.0 0.0 0.0 4.1275378639999704e-08 0.0 9.965601348449688e-05 0.0 0.0 0.0012515676352520986 5.647801970388537e-09 0.0 0.0 0.02767766095955677 0.0005898263906826705 0.0 0.0 0.01357712866967842 0.0013429149270994614 0.0 0.0 0.000867740471627026 0.0027361627990378197 0.0 0.0 0.10970539026612912 2.546353678854662e-07 0.0 0.0 0.46734851348594875 0.02812365374615275 0.0 0.0 0.5785399169932334 0.07129581360316807 0.0 0.0 0.04354487893333096 0.0 0.11568682994683833 0.0 0.0 0.0 0.019615978801097375 0.0 0.0 0.0 1.369698046433749e-06 0.0 0.0 0.0 0.04134891451323539 0.0 0.0 0.0 0.0 0.020946150688528925 0.0 0.0 0.0 5.350663636139549e-08 0.0 0.0 0.0 0.003683662529338061 0.0 0.0 0.0 0.02432263817642783 0.0 0.0003773689687998047 0.0 0.0 0.027408275173226655 9.893149722106509e-09 0.0 0.0 0.002361210848825219 6.051432813813203e-09 0.0 0.0 0.006658912118458261 0.0047561078827790875 0.0 0.0 0.0011139797541338684 0.0007088195642978032 0.0 0.0 0.02112228049900704 3.387421258246697e-08 0.0 0.0 0.00906433388286186 3.5178793029982826e-08 0.0 0.0 0.051739256037497586 0.016058913561634792 0.0 0.0 0.005524308532138304
0.0 0.002099859700664446 0.0 0.0 0.0 0.000516908282099098 0.0 0.0 0.0 4.59490113281253e-08 0.0 0.0 0.0 0.004787162124665307 0.0 0.0 0.0 0.0 0.0007564186633739042 0.0 0.0 0.0 0.06336906560766101 0.0 0.0 0.0 0.16544741400898835 0.0 0.0 0.0 0.12261921893965023 0.0 6.414986490406947e-16 0.0 0.0 2.2365437632468407e-09 2.1710501776191404e-08 0.0 0.0 0.019821163239584237 0.001581871161619474 0.0 0.0 0.04365983520545473 0.01755277390147372 0.0 0.0 0.005391775366535686 1.1696441345475422e-08 0.0 0.0 0.04571954494425394 1.642301741172007e-08 0.0 0.0 0.013444499219692565 0.011704493695248173 0.0 0.0 0.11763720066862426 0.09251056024313326 0.0 0.0 0.04859353287221006 0.0 0.0 0.0 0.0 0.0 4.3281793570765555e-08 0.0 0.0 0.0 7.391006675042794e-12 0.0 0.0 0.0 9.261783820722085e-08 0.0 0.0 0.0 0.0 0.0 0.0 0.0 0.0 0.03196419447495205 0.0 0.0 0.0 0.25421220892410906 0.0 0.0 0.0 0.018747021928008603 0.0 0.0 0.0 0.0 0.0 5.3383493883235814e-09 0.0 0.0 0.04348236079757714 0.0037235162748153134 0.0 0.0 0.06540502362727707 0.05743901380385168 0.0 0.0 0.025782115339497945 0.0 0.0 0.0 0.0 2.3549165245755318e-08 0.0 0.0 0.021705047040718704 0.009191288179902828 0.0 0.0 0.3475296843643975 0.12006859406462408 0.0 0.0 0.020842348452569704 0.0 0.012827704813554053 0.0 0.0 0.0 0.011160750094905428 0.0 0.0 0.0 1.5158049101196462e-07 0.0 0.0 0.0 0.0224011313364305 0.0 0.0 0.0 0.0 3.997475605179101e-08 0.0 0.0 0.0 2.050291204112639e-07 0.0 0.0 0.0 2.828007760471202e-08 0.0 0.0 0.0 2.526870655652896e-07 0.0 0.003242974004581559 0.0 0.0 0.07612901111149997 1.3951109273185435e-08 0.0 0.0 0.09139210632559984 0.00635403908054918 0.0 0.0 0.10128715851661924 0.1066793513723762 0.0 0.0 0.04405117664732156 0.0019454475846374098 0.0 0.0 0.10015817147608314 8.021472037279619e-08 0.0 0.0 0.23747770507349109 0.009475870905756998 0.0 0.0 0.22291361232545234 0.28126773187558357 0.0 0.0 0.1285104029765593 0.0 0.337264552705455 0.0 0.0 0.0 0.2958911995706303 0.0 0.0 0.0 1.9882633023239176e-07 0.0 0.0 0.0 0.2160123015883707 0.0 0.0 0.0 0.0 0.08725098418358408 0.0 0.0 0.0 0.10049858924025822 0.0 0.0 0.0 0.00016330053655331487 0.0 0.0 0.0 0.05528781370690915 0.0 0.0014922324894304751 0.0 0.0 0.043602475586227124 1.7850828871023707e-08 0.0 0.0 0.026385785625734758 0.0026645688573774784 0.0 0.0 0.043523607276800505 0.06269322221208382 0.0 0.0 0.01629239736315051 0.000723310281348748 0.0 0.0 0.06400065440801303 2.0622877436196222e-08 0.0 0.0 0.11155859674372898 0.00011516272814766888 0.0 0.0 0.00210899901606883 0.11095700521766005 0.0 0.0 0.024515632324606212
0.0 0.008807269579953607 0.0 0.0 0.0 0.005907759799080375 0.0 0.0 0.0 5.632495346147082e-08 0.0 0.0 0.0 0.0026124706177502936 0.0 0.0 0.0 0.0 0.051578443412358954 0.0 0.0 0.0 0.05890015901414032 0.0 0.0 0.0 0.047611137511425566 0.0 0.0 0.0 0.041487829361213556 0.0 0.0005909795687516722 0.0 0.0 0.017005582718366212 2.0238039422548803e-08 0.0 0.0 0.04259043198080944 0.002185955074621586 0.0 0.0 0.03395210204471331 0.020043165510172666 0.0 0.0 0.0024213699602832726 0.006139170263020766 0.0 0.0 0.13810799741657356 6.815478995318048e-08 0.0 0.0 0.15186924426533607 0.012594235908736172 0.0 0.0 0.16292419658774548 0.09062711649986387 0.0 0.0 0.027999250516570307 0.0 2.383590475452271e-07 0.0 0.0 0.0 2.9217408818556395e-08 0.0 0.0 0.0 4.971560604802938e-12 0.0 0.0 0.0 1.839095951597713e-07 0.0 0.0 0.0 0.0 0.02663641571817694 0.0 0.0 0.0 0.05628376159071953 0.0 0.0 0.0 0.08532888625837179 0.0 0.0 0.0 0.041220898841883014 0.0 3.7255721034215185e-05 0.0 0.0 0.0024382441464240647 9.831235636696108e-10 0.0 0.0 0.00129340215558915 0.0008907681098886747 0.0 0.0 0.053038210884936626 0.04541006043507851 0.0 0.0 0.01816047157065119 0.002553080280943157 0.0 0.0 0.07944948725388644 1.215334897471957e-08 0.0 0.0 0.016499274886151553 0.017449685510563747 0.0 0.0 0.2877513351493171 0.10642524081014677 0.0 0.0 0.04805082788484092 0.0 0.027293601625976226 0.0 0.0 0.0 0.011139993051672997 0.0 0.0 0.0 2.6453654000275863e-07 0.0 0.0 0.0 0.007722469549928239 0.0 0.0 0.0 0.0 2.971102065596321e-08 0.0 0.0 0.0 1.2033425472094224e-07 0.0 0.0 0.0 8.484623182709537e-07 0.0 0.0 0.0 1.3313898298173543e-07 0.0 0.000557400389237763 0.0 0.0 0.04108348288534554 1.975773520794075e-12 0.0 0.0 0.03706490128116318 0.0004394909907600664 0.0 0.0 0.006553623741540377 0.040519939830696454 0.0 0.0 0.01125287517642976 0.0062703448822981666 0.0 0.0 0.2581393049446588 1.5536922857371296e-07 0.0 0.0 0.21106251341390028 0.012596165489915167 0.0 0.0 0.2396772902311216 0.04115585402059906 0.0 0.0 0.04750169025604668 0.0 0.163476459734161 0.0 0.0 0.0 0.19242218034098912 0.0 0.0 0.0 8.107801116047603e-07 0.0 0.0 0.0 0.09442357613506251 0.0 0.0 0.0 0.0 0.040574718254201024 0.0 0.0 0.0 0.006084373067611412 0.0 0.0 0.0 0.004530842065033247 0.0 0.0 0.0 0.060480586229098174 0.0 0.00020272092251374647 0.0 0.0 0.0235809706526457 1.4336520042689015e-07 0.0 0.0 0.03915423503398199 9.748515189543447e-14 0.0 0.0 1.0211342433575835e-07 0.06753410395181376 0.0 0.0 0.017107383975694376 0.0009766042939382512 0.0 0.0 0.03045620959473581 5.122531639591724e-08 0.0 0.0 0.05864494091226704 2.7679534565629945e-08 0.0 0.0 0.03250645785496955 0.044689435984459715 0.0 0.0 0.012070837669237921
0.0 0.006330714003004889 0.0 0.0 0.0 0.005562678524069273 0.0 0.0 0.0 4.950505874295765e-08 0.0 0.0 0.0 0.001740025167082096 0.0 0.0 0.0 0.0 0.031700821477661394 0.0 0.0 0.0 0.044207304987820356 0.0 0.0 0.0 0.05257131389756175 0.0 0.0 0.0 0.05662476019316806 0.0 0.0010396435741772654 0.0 0.0 0.030940182187799745 3.3817174688302168e-09 0.0 0.0 0.0024044362855042945 0.00012817261820320672 0.0 0.0 0.01843149717886906 0.012750161375101276 0.0 0.0 0.004434331364034928 0.004295803684446779 0.0 0.0 0.11382192443237817 2.2015783198691827e-07 0.0 0.0 0.17358026389441852 0.0033218214911160176 0.0 0.0 0.0760504167967658 0.052335546547995465 0.0 0.0 0.02261844684019275 0.0 2.0794293609634754e-07 0.0 0.0 0.0 1.4928544594691918e-07 0.0 0.0 0.0 2.6383926034219976e-12 0.0 0.0 0.0 2.1934788698021207e-07 0.0 0.0 0.0 0.0 0.0009256016167363899 0.0 0.0 0.0 0.06069940520780407 0.0 0.0 0.0 0.07607175485393407 0.0 0.0 0.0 0.0716571247101747 0.0 0.0007702252220646491 0.0 0.0 0.030557867352321914 6.227097766162372e-08 0.0 0.0 0.035452594722717785 0.003334889562298975 0.0 0.0 0.06415659615187957 0.03454807647946648 0.0 0.0 0.0073910331504360395 0.0020587156442497577 0.0 0.0 0.07856483583737212 1.8666238937253736e-07 0.0 0.0 0.09197669121013342 0.009279635490284748 0.0 0.0 0.18578948478600713 0.11487547517286625 0.0 0.0 0.03490879624242512 0.0 0.022593645863373882 0.0 0.0 0.0 0.004061164081063975 0.0 0.0 0.0 2.1811709612012923e-07 0.0 0.0 0.0 0.017913635142757206 0.0 0.0 0.0 0.0 6.657239789421972e-08 0.0 0.0 0.0 1.3053021333471391e-06 0.0 0.0 0.0 1.4925075769776275e-07 0.0 0.0 0.0 2.94646069649812e-07 0.0 0.00047569205088900357 0.0 0.0 0.009668575052600048 4.3030762067428045e-13 0.0 0.0 0.02828091467586564 0.0027870754198761755 0.0 0.0 0.11024954884126903 0.022167408633529274 0.0 0.0 0.005848666077314237 0.004346241285320402 0.0 0.0 0.151044868534887 9.642099093936298e-13 0.0 0.0 0.08053406955522348 0.019369479277152914 0.0 0.0 0.20622588994089092 0.19784990438226976 0.0 0.0 0.0948524519651027 0.0 0.1561796327468967 0.0 0.0 0.0 0.19972989449807002 0.0 0.0 0.0 1.4455773977089804e-06 0.0 0.0 0.0 0.1970253341447548 0.0 0.0 0.0 0.0 0.03750193829861156 0.0 0.0 0.0 0.07130332941440529 0.0 0.0 0.0 0.04336567691419663 0.0 0.0 0.0 0.0625232392367359 0.0 5.800511178105336e-05 0.0 0.0 0.0026780860515232415 4.8867874121611357e-08 0.0 0.0 0.0447111156296741 0.002337025578025864 0.0 0.0 0.028049736029032216 0.08614655986003351 0.0 0.0 0.02682482138215094 0.0005891406262860929 0.0 0.0 0.028748104396263217 5.523672228703126e-08 0.0 0.0 0.06051373507219065 0.001700994119824782 0.0 0.0 0.037422575397203735 0.057265519360790315 0.0 0.0 0.021724340478258254
0.0 0.0038291374979046527 0.0 0.0 0.0 0.0019239063917353494 0.0 0.0 0.0 1.0049062000631097e-07 0.0 0.0 0.0 0.0027139702552983237 0.0 0.0 0.0 0.0 0.0032628175910866452 0.0 0.0 0.0 0.09871561095125682 0.0 0.0 0.0 0.17100419299639008 0.0 0.0 0.0 0.17802633389601208 0.0 7.902704223848205e-06 0.0 0.0 0.0008523734641460197 3.790794569899168e-09 0.0 0.0 0.0012234873269152582 0.00010029150627728503 0.0 0.0 0.004769966832115861 0.04069945471440138 0.0 0.0 0.0024068128450087808 0.0017853119470374787 0.0 0.0 0.08711665129626388 1.514728090188648e-07 0.0 0.0 0.04341813181748277 0.011938838707161361 0.0 0.0 0.296457581970748 0.08574057111584998 0.0 0.0 0.029402537925748227 0.0 2.2515005217689918e-07 0.0 0.0 0.0 2.829996466371936e-07 0.0 0.0 0.0 4.123658882202736e-12 0.0 0.0 0.0 1.1596989844088168e-07 0.0 0.0 0.0 0.0 0.0008715988573864135 0.0 0.0 0.0 0.05177818898101969 0.0 0.0 0.0 0.04059914331885694 0.0 0.0 0.0 0.0691908771211218 0.0 0.0005905996911689242 0.0 0.0 0.02760112507189426 1.0297171776360247e-07 0.0 0.0 0.039323295260764474 2.131747538787931e-08 0.0 0.0 0.003709782384556355 0.06868013802809675 0.0 0.0 0.05549794155445267 0.0009325267584015408 0.0 0.0 0.06685811897175921 1.928110002083322e-07 0.0 0.0 0.15103342322750746 0.010957404908364412 0.0 0.0 0.2352962315686108 0.0724628288954968 0.0 0.0 0.024730681932921127 0.0 0.01670815691120662 0.0 0.0 0.0 0.0158882598196267 0.0 0.0 0.0 1.362959822096977e-07 0.0 0.0 0.0 0.019865620370587072 0.0 0.0 0.0 0.0 1.068046629917606e-06 0.0 0.0 0.0 2.5449038359756172e-06 0.0 0.0 0.0 2.192922574922716e-07 0.0 0.0 0.0 3.3201731555954656e-07 0.0 0.0019095020564665836 0.0 0.0 0.044312914598999324 5.655203982481856e-13 0.0 0.0 0.0028251495317257575 0.006350157177755405 0.0 0.0 0.10142309777387927 0.08265609993212246 0.0 0.0 0.017760096725752232 0.0004930958033865298 0.0 0.0 0.17871074883496732 1.8933757579069752e-07 0.0 0.0 0.2718464399086578 0.009005894749269185 0.0 0.0 0.22221017546317523 0.26345832335445213 0.0 0.0 0.10053050010308308 0.0 0.4304714358755822 0.0 0.0 0.0 0.14749289082542932 0.0 0.0 0.0 3.927469313070151e-06 0.0 0.0 0.0 0.1602258865739107 0.0 0.0 0.0 0.0 0.04592480868878002 0.0 0.0 0.0 0.044906682779954604 0.0 0.0 0.0 0.045633462189762074 0.0 0.0 0.0 0.04930770515456206 0.0 0.001211391804838247 0.0 0.0 0.08381557185327602 7.289927785484279e-10 0.0 0.0 0.04688540030568432 0.007896494634998606 0.0 0.0 0.08451283405850062 0.06353414661375066 0.0 0.0 0.017120950562112568 0.0015367838700351805 0.0 0.0 0.06659227216179467 4.5613212293809194e-08 0.0 0.0 0.05127756324871425 0.006213070396100964 0.0 0.0 0.09787569750298095 0.030105347450195843 0.0 0.0 0.01869564439778697
0.0 0.03069722406835026 0.0 0.0 0.0 0.007630393872725374 0.0 0.0 0.0 9.528717759596406e-08 0.0 0.0 0.0 0.002950856461535414 0.0 0.0 0.0 0.0 0.05586061648477434 0.0 0.0 0.0 0.1052060320905529 0.0 0.0 0.0 0.05648712436531285 0.0 0.0 0.0 0.01206737115277275 0.0 0.00320214134577427 0.0 0.0 0.046766142219724555 7.109384359721048e-09 0.0 0.0 0.007814480810739386 0.0022831326716699326 0.0 0.0 0.04042868128215418 0.004059429462317203 0.0 0.0 0.03456018474717819 0.01966010027619779 0.0 0.0 0.5140856296052939 2.7695276780066026e-07 0.0 0.0 0.2402644228561998 0.007652105913978424 0.0 0.0 0.2540644741720767 0.0664810501606681 0.0 0.0 0.03455922816940105 0.0 7.490566065638255e-07 0.0 0.0 0.0 1.4755751178668291e-06 0.0 0.0 0.0 4.89880389608582e-12 0.0 0.0 0.0 1.647886516713994e-07 0.0 0.0 0.0 0.0 0.07045338224213614 0.0 0.0 0.0 0.07533641404216916 0.0 0.0 0.0 0.03356045154270262 0.0 0.0 0.0 0.04486288587790426 0.0 0.0034369464347840527 0.0 0.0 0.04402746648714143 1.6020032057919275e-07 0.0 0.0 0.08556904562611811 0.004383306369579301 0.0 0.0 0.0472192123094661 0.005325693356586125 0.0 0.0 0.0019674829885153013 0.00799583491561075 0.0 0.0 0.23500123455609073 1.410986861543457e-06 0.0 0.0 0.767160214492649 0.016083370064674637 0.0 0.0 0.2596692734010481 0.0737275649141016 0.0 0.0 0.02879432822811377 0.0 0.01961161115260537 0.0 0.0 0.0 0.010541779468621847 0.0 0.0 0.0 1.1789178560339338e-07 0.0 0.0 0.0 0.012934967078176962 0.0 0.0 0.0 0.0 4.951467037867128e-08 0.0 0.0 0.0 2.137200832402121e-06 0.0 0.0 0.0 5.6911219938915613e-08 0.0 0.0 0.0 8.089643474211003e-08 0.0 0.002071030721433601 0.0 0.0 0.06474413176435508 1.307639673034263e-08 0.0 0.0 0.0068832011408205196 0.0006336496093054694 0.0 0.0 0.011255841604408649 0.004295875956817728 0.0 0.0 0.0013896063517088444 0.004247139249699408 0.0 0.0 0.2186822779049816 1.9923279214890946e-07 0.0 0.0 0.18881016341903326 0.009691642096580511 0.0 0.0 0.236215558809821 0.1886495126523884 0.0 0.0 0.05052682398759451 0.0 0.17931172537673937 0.0 0.0 0.0 0.2060394847884471 0.0 0.0 0.0 2.1113392954585645e-06 0.0 0.0 0.0 0.042438814679327364 0.0 0.0 0.0 0.0 0.012800219128601537 0.0 0.0 0.0 0.011384730438956539 0.0 0.0 0.0 0.001225717406011214 0.0 0.0 0.0 0.03841576051663397 0.0 0.001217178817357964 0.0 0.0 0.031003969235461823 2.6421820771053978e-08 0.0 0.0 0.023403587928453255 1.0941459872326442e-08 0.0 0.0 1.9826030340192342e-07 0.04111236054986337 0.0 0.0 0.008516506059121043 0.0007362279089035386 0.0 0.0 0.032727546456056966 2.954449309726134e-07 0.0 0.0 0.06852811528513682 0.002361257923941641 0.0 0.0 0.04797007751361264 0.015201756427266754 0.0 0.0 0.008992921921660244
0.0 0.00479540242380122 0.0 0.0 0.0 0.004524513250882036 0.0 0.0 0.0 4.006305417526112e-08 0.0 0.0 0.0 0.002374297075510116 0.0 0.0 0.0 0.0 0.029839848296850744 0.0 0.0 0.0 0.038100291541551264 0.0 0.0 0.0 0.048841137991880744 0.0 0.0 0.0 0.05242609153351705 0.0 7.241794625328427e-05 0.0 0.0 0.0010080687363470356 9.200135993219136e-08 0.0 0.0 0.045163342610818245 0.0023765883776577785 0.0 0.0 0.050305947336806885 0.01750390337052742 0.0 0.0 0.012370886602886814 0.003715811050840796 0.0 0.0 0.06736465752099226 4.571781806899547e-07 0.0 0.0 0.12580371536737853 0.006571087712202241 0.0 0.0 0.10549761046856888 0.037483251237325044 0.0 0.0 0.020236511480347365 0.0 4.678896603149463e-07 0.0 0.0 0.0 3.5024267536815695e-07 0.0 0.0 0.0 1.4041751123437957e-12 0.0 0.0 0.0 4.633150040201947e-07 0.0 0.0 0.0 0.0 0.07246649290913483 0.0 0.0 0.0 0.004306999865116881 0.0 0.0 0.0 0.008781236818303067 0.0 0.0 0.0 0.03387935853160201 0.0 0.0005264406630004887 0.0 0.0 0.012981306353581532 2.9687087799136312e-12 0.0 0.0 8.420438029006724e-07 0.004098865040631522 0.0 0.0 0.05103205765609776 0.005422606034784876 0.0 0.0 0.0019951585822467503 0.0038708237361582383 0.0 0.0 0.1593456157236637 3.496152398792086e-07 0.0 0.0 0.1024876642052816 0.004716783018792748 0.0 0.0 0.07376599876488454 0.13039673773119126 0.0 0.0 0.07749682308037027 0.0 0.008320342908821382 0.0 0.0 0.0 0.008380977130959207 0.0 0.0 0.0 1.1268450167065482e-07 0.0 0.0 0.0 0.01981385134770987 0.0 0.0 0.0 0.0 8.26150530317499e-09 0.0 0.0 0.0 2.1850194904983574e-06 0.0 0.0 0.0 6.796276726030146e-08 0.0 0.0 0.0 7.3515214414240035e-06 0.0 4.389846673470811e-05 0.0 0.0 0.0015976818244479924 7.761164724181505e-08 0.0 0.0 0.05188727264118092 7.206452202014074e-05 0.0 0.0 0.006295853684631561 0.05674070377587454 0.0 0.0 0.013926543763254291 0.0014398320299512158 0.0 0.0 0.059795707158596285 1.2372396274836512e-07 0.0 0.0 0.15332177582293005 0.005401201766145943 0.0 0.0 0.13062564068004723 0.18370479515218727 0.0 0.0 0.11739284301484551 0.0 0.14866208873315798 0.0 0.0 0.0 0.10652824749964017 0.0 0.0 0.0 9.46001624446481e-06 0.0 0.0 0.0 0.2585657771828763 0.0 0.0 0.0 0.0 0.021072543478921905 0.0 0.0 0.0 0.0336477999509559 0.0 0.0 0.0 0.07294165351684033 0.0 0.0 0.0 0.13009911333912277 0.0 0.0009688147700378944 0.0 0.0 0.01952462166697463 4.588519903151988e-08 0.0 0.0 0.017255515189461848 0.004331068568025578 0.0 0.0 0.105565486007783 0.007403667107536899 0.0 0.0 0.06030108619617448 0.0010561977071705923 0.0 0.0 0.022308145593907723 1.3543018564657558e-07 0.0 0.0 0.056160667994728124 0.008947625066516175 0.0 0.0 0.12859332474984647 0.08326665598956971 0.0 0.0 0.029943465385175033
0.0 0.0030598461732017977 0.0 0.0 0.0 0.0018852740831396741 0.0 0.0 0.0 5.0162062533541795e-08 0.0 0.0 0.0 0.0016259019396658424 0.0 0.0 0.0 0.0 0.07134959521562059 0.0 0.0 0.0 0.032824849512701024 0.0 0.0 0.0 0.07362502301426745 0.0 0.0 0.0 0.08313862459092478 0.0 2.539376647884391e-05 0.0 0.0 0.000603867903638654 1.659826310090095e-08 0.0 0.0 0.022596192009971098 0.006212410634261854 0.0 0.0 0.03538233202879498 0.02221206169423688 0.0 0.0 0.003127059678958468 0.0012216134989952159 0.0 0.0 0.044365142400238915 9.603647511816708e-08 0.0 0.0 0.06331903071762401 0.003912204780317969 0.0 0.0 0.1522752620361868 0.05180734731761834 0.0 0.0 0.01902719321585674 0.0 6.916811797221456e-08 0.0 0.0 0.0 1.7530758417008252e-07 0.0 0.0 0.0 2.5544409730038487e-12 0.0 0.0 0.0 1.7859330631445552e-07 0.0 0.0 0.0 0.0 0.000629200701098457 0.0 0.0 0.0 0.010180537726756573 0.0 0.0 0.0 0.04462387556941743 0.0 0.0 0.0 0.026367672647623092 0.0 1.2238985849029825e-14 0.0 0.0 1.4338154556803959e-13 1.6912338336422843e-10 0.0 0.0 0.004290153356616821 0.002271742911007944 0.0 0.0 0.05950011227844907 0.008428748817256013 0.0 0.0 0.0018529537538595148 0.0020890053243331017 0.0 0.0 0.02743808954583836 5.5233718863127804e-08 0.0 0.0 0.10615453716437423 0.0034192087970575874 0.0 0.0 0.1615923430974051 0.13991441264282917 0.0 0.0 0.03453058672193046 0.0 0.019059389044610867 0.0 0.0 0.0 0.010076168688795234 0.0 0.0 0.0 2.8725350308065584e-07 0.0 0.0 0.0 0.00930047196023106 0.0 0.0 0.0 0.0 3.2581701801367615e-08 0.0 0.0 0.0 1.124627125874368e-06 0.0 0.0 0.0 1.090988882431142e-07 0.0 0.0 0.0 1.5741747753187432e-07 0.0 7.874200162540998e-06 0.0 0.0 0.01951364841616614 4.373466883721893e-08 0.0 0.0 0.022070158082463334 0.004322490582827956 0.0 0.0 0.06438062583073392 0.013604217611235368 0.0 0.0 0.003737232004303872 0.0013568441044453353 0.0 0.0 0.14100040009017442 1.0783122639948957e-07 0.0 0.0 0.17894695021252488 0.018588678759204943 0.0 0.0 0.3047405500889075 0.09817283219634698 0.0 0.0 0.05612327724766622 0.0 0.2388187879475832 0.0 0.0 0.0 0.06983966856537648 0.0 0.0 0.0 1.035722412401392e-06 0.0 0.0 0.0 0.06811410680736958 0.0 0.0 0.0 0.0 0.018180505816183034 0.0 0.0 0.0 0.0333371994198849 0.0 0.0 0.0 0.003506719347933192 0.0 0.0 0.0 0.024016234716571678 0.0 0.0006187950129305717 0.0 0.0 0.05440874851450403 9.309622766508555e-08 0.0 0.0 0.050979441509964224 4.5122606907661254e-09 0.0 0.0 8.146380379935917e-08 0.020328869270652396 0.0 0.0 0.007186655992253705 0.0012515464507119997 0.0 0.0 0.04859799313260926 1.0371859530371463e-08 0.0 0.0 0.026781775473948267 0.0012545656657946013 0.0 0.0 0.025393958027338813 0.02230510949256652 0.0 0.0 0.008830847418303658
0.0 0.020376021259132213 0.0 0.0 0.0 0.007399869891606884 0.0 0.0 0.0 3.024098611713235e-08 0.0 0.0 0.0 0.0021662026379989543 0.0 0.0 0.0 0.0 0.1121154180688664 0.0 0.0 0.0 0.0882861971197085 0.0 0.0 0.0 0.07057893232187284 0.0 0.0 0.0 0.04516413972283968 0.0 0.005004330560341488 0.0 0.0 0.11055936604036946 1.521259858628046e-08 0.0 0.0 0.005812026070620487 0.004401719913700933 0.0 0.0 0.027897854808881593 0.0025002646894954363 0.0 0.0 0.0006649590352392513 0.01306386414099298 0.0 0.0 0.3800907070778563 4.679831645094295e-07 0.0 0.0 0.24047993420099922 0.00355555629017852 0.0 0.0 0.10730247547356644 0.13241952891953024 0.0 0.0 0.03082147404408274 0.0 5.802963149740502e-07 0.0 0.0 0.0 2.1380015933590504e-07 0.0 0.0 0.0 6.0584630237874875e-12 0.0 0.0 0.0 2.732601474963448e-07 0.0 0.0 0.0 0.0 0.03401804488328082 0.0 0.0 0.0 0.10245758892351507 0.0 0.0 0.0 0.06614967771819028 0.0 0.0 0.0 0.003994997337142611 0.0 0.0013489897156873634 0.0 0.0 0.03821779458493752 1.3330699902421729e-08 0.0 0.0 0.006193095149546927 0.005797261320752624 0.0 0.0 0.07410336855228097 0.0061025687253328555 0.0 0.0 0.03335759321748747 0.005097576146982185 0.0 0.0 0.17780089723182077 2.251570126640504e-07 0.0 0.0 0.10508543268825245 0.014404496369090643 0.0 0.0 0.30976564794183703 0.11796172036532028 0.0 0.0 0.05231941614375565 0.0 0.0147857768570159 0.0 0.0 0.0 0.013738636018080863 0.0 0.0 0.0 6.489009316779007e-08 0.0 0.0 0.0 0.009500985884725957 0.0 0.0 0.0 0.0 1.0359066936356456e-06 0.0 0.0 0.0 1.0558661204861499e-07 0.0 0.0 0.0 7.692194342988644e-09 0.0 0.0 0.0 4.765949346809862e-08 0.0 2.2990065953049156e-05 0.0 0.0 0.0010663533126771228 5.684459232825335e-08 0.0 0.0 0.09691713357516257 0.00010472199100075685 0.0 0.0 0.03581738686573585 0.00739546034031165 0.0 0.0 0.0013851262405145436 0.0023595052646590586 0.0 0.0 0.11000628002251307 7.825770974718568e-08 0.0 0.0 0.2313225001965407 0.0027240469923022126 0.0 0.0 0.08959571299818553 0.22685659466998712 0.0 0.0 0.05409298187382817 0.0 0.27266192290205893 0.0 0.0 0.0 0.18548160465249577 0.0 0.0 0.0 1.1017078557474017e-06 0.0 0.0 0.0 0.04107215105949937 0.0 0.0 0.0 0.0 0.004351449317855053 0.0 0.0 0.0 0.006588440975335916 0.0 0.0 0.0 0.005980611503690376 0.0 0.0 0.0 0.03581911104549043 0.0 0.00034478940570992157 0.0 0.0 0.008669887331564798 9.503766123743373e-08 0.0 0.0 0.0401443171013074 0.0018420880449339023 0.0 0.0 0.033249558490269636 5.473063815939913e-08 0.0 0.0 0.0007275056228811369 0.001449545364132474 0.0 0.0 0.05450091615737698 1.303063141320378e-07 0.0 0.0 0.06701660859574642 0.005195572727956297 0.0 0.0 0.03922569514496862 0.005980587881294045 0.0 0.0 0.0018952172798714162
0.0 0.001430954131898498 0.0 0.0 0.0 0.000347903225786157 0.0 0.0 0.0 4.480153354481435e-08 0.0 0.0 0.0 0.0010622566605449448 0.0 0.0 0.0 0.0 0.0261103531945483 0.0 0.0 0.0 0.06957856135936391 0.0 0.0 0.0 0.05456678194388249 0.0 0.0 0.0 0.05342682806011731 0.0 5.456083874393881e-06 0.0 0.0 0.000646981366694743 1.1134039097615976e-09 0.0 0.0 0.0007352835830469117 8.445156668082875e-05 0.0 0.0 0.007954940104189376 0.022734619982828632 0.0 0.0 0.0035171555346388194 3.892210162334954e-05 0.0 0.0 0.026673366447955323 9.477379749769186e-09 0.0 0.0 0.011697291230911264 0.0010523434770978804 0.0 0.0 0.15596557141299422 0.04557507010704666 0.0 0.0 0.010949152971310175 0.0 9.485826854500043e-08 0.0 0.0 0.0 1.4447568395208702e-07 0.0 0.0 0.0 2.6520328175073156e-12 0.0 0.0 0.0 4.2833434438966404e-08 0.0 0.0 0.0 0.0 4.827180198499776e-08 0.0 0.0 0.0 0.05764836854202664 0.0 0.0 0.0 0.04262943041444853 0.0 0.0 0.0 0.0037860519288028505 0.0 6.171533843646467e-09 0.0 0.0 0.01866832015151018 5.811280499024714e-08 0.0 0.0 0.025985058040694932 0.0032608943414069586 0.0 0.0 0.06467517250806769 0.03913617694203967 0.0 0.0 0.00946315782786341 1.0762066439678135e-08 0.0 0.0 0.036237553111413585 1.5172125596523932e-07 0.0 0.0 0.0810843190873173 0.005776521724115642 0.0 0.0 0.13073513097898495 0.023210913417466044 0.0 0.0 0.006762707040285456 0.0 0.0064232275815774035 0.0 0.0 0.0 0.0052685860176957975 0.0 0.0 0.0 1.5527154313362426e-07 0.0 0.0 0.0 0.014213091677723609 0.0 0.0 0.0 0.0 3.9724287227044714e-08 0.0 0.0 0.0 1.1568267200165369e-06 0.0 0.0 0.0 7.888040195075113e-08 0.0 0.0 0.0 5.532644478310842e-07 0.0 6.8872828289426e-11 0.0 0.0 2.7803073422016687e-08 4.7829329604495306e-14 0.0 0.0 0.0022690647817046957 0.003541473479868478 0.0 0.0 0.0687057485853843 0.018762508029671585 0.0 0.0 0.02560655553223095 0.00022780662852671152 0.0 0.0 0.07570794818355431 2.0001524691409423e-12 0.0 0.0 0.10227325902502074 0.010184560662256094 0.0 0.0 0.27445719974341093 0.21653345064368706 0.0 0.0 0.05432004081180666 0.0 0.21859107530370792 0.0 0.0 0.0 0.09474560570000065 0.0 0.0 0.0 1.628620128314161e-06 0.0 0.0 0.0 0.11462515321086031 0.0 0.0 0.0 0.0 0.010114175609924465 0.0 0.0 0.0 0.027075616461269575 0.0 0.0 0.0 0.0216890870421211 0.0 0.0 0.0 0.07102166526924818 0.0 0.0018782076458848651 0.0 0.0 0.05920148196984627 1.4458864620175172e-08 0.0 0.0 0.013575070373379888 0.0003858233280667681 0.0 0.0 0.002610239798939867 0.03923673858479511 0.0 0.0 0.011347522362838789 0.0007942846760962615 0.0 0.0 0.038856974754107904 2.2865539552410913e-08 0.0 0.0 0.029321770120729545 0.0016189919690472927 0.0 0.0 0.02860026256829131 0.022773985127162395 0.0 0.0 0.015525102078068266
0.0 0.02460443321632114 0.0 0.0 0.0 0.005543963060547421 0.0 0.0 0.0 4.879960711634268e-08 0.0 0.0 0.0 0.001777273142282606 0.0 0.0 0.0 0.0 0.039866334088247336 0.0 0.0 0.0 0.08984850453210083 0.0 0.0 0.0 0.036593614883990315 0.0 0.0 0.0 0.005048803919957097 0.0 0.0006466763921339684 0.0 0.0 0.0134882914947171 7.009290481267398e-08 0.0 0.0 0.02519203163607873 9.181506877252592e-05 0.0 0.0 0.0022555014392953944 0.018297486728507346 0.0 0.0 0.004462250392959141 0.016252495028541866 0.0 0.0 0.48059361652904814 2.0811397862016426e-07 0.0 0.0 0.1519976762876046 0.007037508313657719 0.0 0.0 0.13574314731015366 0.10028016018578896 0.0 0.0 0.021568722143402073 0.0 4.681343088865869e-07 0.0 0.0 0.0 3.0605639290843084e-07 0.0 0.0 0.0 1.2718288510819662e-12 0.0 0.0 0.0 1.3905764528305854e-07 0.0 0.0 0.0 0.0 0.023676201358677408 0.0 0.0 0.0 0.09552496491457749 0.0 0.0 0.0 0.00024000019663896093 0.0 0.0 0.0 0.047381517506675117 0.0 0.0021217274999114173 0.0 0.0 0.03208951780013492 1.25979401021405e-07 0.0 0.0 0.10675066838835924 0.0021154089252290635 0.0 0.0 0.04870050346965473 0.005002071239312409 0.0 0.0 0.0011582190835330909 0.006627244596756478 0.0 0.0 0.17778035503084644 3.54878974953685e-07 0.0 0.0 0.1914537907158271 0.0016665212471509844 0.0 0.0 0.06842532337037219 0.10178228044494589 0.0 0.0 0.026397408483364915 0.0 0.01711101478344952 0.0 0.0 0.0 0.0010273658081705885 0.0 0.0 0.0 9.985890931885298e-08 0.0 0.0 0.0 0.004313105981179442 0.0 0.0 0.0 0.0 4.2584394275763156e-08 0.0 0.0 0.0 1.2661954082478503e-08 0.0 0.0 0.0 6.039617012991798e-08 0.0 0.0 0.0 3.3017269775887097e-08 0.0 0.0001168005462828833 0.0 0.0 0.0024435322666950515 6.628504404095042e-10 0.0 0.0 0.001235997538463226 0.0037843363487996572 0.0 0.0 0.027831144636856146 0.001036974921620506 0.0 0.0 0.00038488855523150027 0.005224620275917635 0.0 0.0 0.15682562535873731 1.3404622393887551e-08 0.0 0.0 0.028023549226518726 0.00775599652809892 0.0 0.0 0.1726369373492219 0.06445692488481684 0.0 0.0 0.020668890547620267 0.0 0.12964134129021604 0.0 0.0 0.0 0.1569858907464523 0.0 0.0 0.0 0.0 0.0 0.0 0.0 0.0 0.0 0.0 0.0 0.0 0.0008915452140499979 0.0 0.0 0.0 0.005198964046822061 0.0 0.0 0.0 0.0 0.0 0.0 0.0 0.0 0.0 0.00021236887334071788 0.0 0.0 0.026442716577221893 3.556094386237069e-09 0.0 0.0 0.0015162850595155566 0.0 0.0 0.0 0.0 0.0 0.0 0.0 0.0 0.0007237850058733105 0.0 0.0 0.0238098788547747 8.741813523914944e-08 0.0 0.0 0.048307344291036544 0.0 0.0 0.0 0.0 0.0 0.0 0.0 0.0
0.0 0.0016330977694335703 0.0 0.0 0.0 0.0018050223771858259 0.0 0.0 0.0 1.5189618434818994e-09 0.0 0.0 0.0 0.008696520602375782 0.0 0.0 0.0 0.0 0.03741655493530241 0.0 0.0 0.0 0.10420925364199281 0.0 0.0 0.0 0.023890799030145227 0.0 0.0 0.0 0.4540068993581839 0.0 4.595261543077552e-05 0.0 0.0 0.0006255660305137092 3.489693077283914e-08 0.0 0.0 0.01658156811302182 0.000103224324978003 0.0 0.0 0.0012925474055074015 0.04060742445505525 0.0 0.0 0.011485827514268574 0.0013174704876980458 0.0 0.0 0.020108343449233654 7.113474700653121e-08 0.0 0.0 0.060845005698958274 0.00035155130015439425 0.0 0.0 0.004935369064059203 0.4855321153201988 0.0 0.0 0.10031694792693663 0.0 1.4701602001421455e-07 0.0 0.0 0.0 0.0 0.0 0.0 0.0 5.0744047673252996e-14 0.0 0.0 0.0 0.0 0.0 0.0 0.0 0.0 0.005272276792306115 0.0 0.0 0.0 0.0 0.0 0.0 0.0 0.00021158400700370695 0.0 0.0 0.0 0.0 0.0 0.0011859863181655304 0.0 0.0 0.08729341898531173 0.0 0.0 0.0 0.0 0.00027189211093177915 0.0 0.0 0.0227698210926369 0.0 0.0 0.0 0.0 0.0007042402874382183 0.0 0.0 0.08898488646359488 0.0 0.0 0.0 0.0 7.714222596205847e-05 0.0 0.0 0.007243053207220904 0.0 0.0 0.0 0.0 0.0 0.0020508578065243015 0.0 0.0 0.0 0.0 0.0 0.0 0.0 0.0 0.0 0.0 0.0 0.0003490343368938377 0.0 0.0 0.0 0.0 6.876604353456014e-08 0.0 0.0 0.0 0.0 0.0 0.0 0.0 0.0 0.0 0.0 0.0 5.0744047673252996e-14 0.0 0.0002761337357667048 0.0 0.0 0.023789503477232098 0.0 0.0 0.0 0.0 0.0 0.0 0.0 0.0 0.00019653663584058716 0.0 0.0 1.50473711631198e-05 0.0002657261749873304 0.0 0.0 0.034764695327058184 0.0 0.0 0.0 0.0 0.0 0.0 0.0 0.0 0.02764026707701027 0.0 0.0 0.0023726072228475283 0.0 0.6158394043736465 0.0 0.0 0.0 0.0 0.0 0.0 0.0 6.724708169107824e-08 0.0 0.0 0.0 0.06497839320720926 0.0 0.0 0.0 0.0 0.028053244862054228 0.0 0.0 0.0 0.0 0.0 0.0 0.0 0.00017483818285357651 0.0 0.0 0.0 0.04559962502907036 0.0 0.006001948361530887 0.0 0.0 0.3152303120284671 0.0 0.0 0.0 0.0 0.0014785181244277288 0.0 0.0 0.02644497332496308 0.10570737948688215 0.0 0.0 0.021307762689706203 0.002337184286939531 0.0 0.0 0.10261014862057469 0.0 0.0 0.0 0.0 0.00011756405696417532 0.0 0.0 0.00235753170751583 0.026009842346524495 0.0 0.0 0.011558431034862269
0.0 0.003315800993548791 0.0 0.0 0.0 0.003389942076349604 0.0 0.0 0.0 5.566506580098051e-08 0.0 0.0 0.0 0.0034736307549062804 0.0 0.0 0.0 0.0 0.026706143373482948 0.0 0.0 0.0 0.03622706553184883 0.0 0.0 0.0 0.07713857785897765 0.0 0.0 0.0 0.07380574100800603 0.0 0.0009821124871947882 0.0 0.0 0.022598334153523716 3.6477956053203976e-09 0.0 0.0 0.0026668351048774836 0.0021132607689240152 0.0 0.0 0.05448239040278426 0.013993469349172378 0.0 0.0 0.0024622167969638644 0.001280065642233573 0.0 0.0 0.05387532065439981 2.262483800289696e-07 0.0 0.0 0.10272629712992665 0.009116392780881756 0.0 0.0 0.14717006200172292 0.1298062077153107 0.0 0.0 0.03022688141920259 0.0 3.5599892038060315e-07 0.0 0.0 0.0 6.321814887776501e-07 0.0 0.0 0.0 2.2660609133963668e-12 0.0 0.0 0.0 1.343834179826998e-07 0.0 0.0 0.0 0.0 0.02678321058099298 0.0 0.0 0.0 0.007955239790316114 0.0 0.0 0.0 0.05135308163041805 0.0 0.0 0.0 0.07345738871542604 0.0 0.00014478263700317895 0.0 0.0 0.004180427088898689 8.308132248042074e-09 0.0 0.0 0.0035574251075464634 0.0049586845509716915 0.0 0.0 0.06631514609021345 0.04697879362379226 0.0 0.0 0.009760302652482018 0.0021548728989119136 0.0 0.0 0.14799931296924562 5.047303806268826e-07 0.0 0.0 0.35101211423008133 0.0076069594163873265 0.0 0.0 0.12353427535330525 0.0738596095089622 0.0 0.0 0.013459325724686753 0.0 0.015480703639763197 0.0 0.0 0.0 0.010750364275023629 0.0 0.0 0.0 1.2505843241100756e-07 0.0 0.0 0.0 0.008201772279636374 0.0 0.0 0.0 0.0 9.090536112095663e-08 0.0 0.0 0.0 6.363470960712083e-08 0.0 0.0 0.0 9.336682925586803e-09 0.0 0.0 0.0 2.875425837371081e-07 0.0 0.0006615671040929517 0.0 0.0 0.023449533959955495 1.5679020657339114e-10 0.0 0.0 0.0006999865461641474 0.0013380087332256795 0.0 0.0 0.062284595201887824 0.03484591220889738 0.0 0.0 0.011263018871875707 0.0031907331252290032 0.0 0.0 0.13848033343957097 3.2188776264841284e-07 0.0 0.0 0.20606481810831703 0.006326264096262481 0.0 0.0 0.11131395974748143 0.08480415102293798 0.0 0.0 0.042147820248041555 0.0 0.19508066714008312 0.0 0.0 0.0 0.14540798218429118 0.0 0.0 0.0 2.749472960079133e-07 0.0 0.0 0.0 0.17580719056243077 0.0 0.0 0.0 0.0 0.045809177851399055 0.0 0.0 0.0 0.09171320110216545 0.0 0.0 0.0 0.03118074307394951 0.0 0.0 0.0 0.023464667425272267 0.0 0.0011919516804151109 0.0 0.0 0.04924147635546482 8.478146733392043e-09 0.0 0.0 0.005547596232277214 0.0029591344213605363 0.0 0.0 0.03006078427618521 0.06949740874290089 0.0 0.0 0.02339356480870027 0.000573343914789956 0.0 0.0 0.034376714970998916 4.9108705104273635e-08 0.0 0.0 0.047351902372770656 0.0005338302437985162 0.0 0.0 0.00777041790699931 0.049534066472565266 0.0 0.0 0.020829026336076032
0.0 0.01137704321512873 0.0 0.0 0.0 0.00047172754921371527 0.0 0.0 0.0 1.7041571003436492e-08 0.0 0.0 0.0 0.004650314586058107 0.0 0.0 0.0 0.0 0.08984117370227834 0.0 0.0 0.0 0.00038692901118716957 0.0 0.0 0.0 0.0313467597724675 0.0 0.0 0.0 0.06617647228580835 0.0 0.0027456123560293884 0.0 0.0 0.05859709411294677 6.155438182332912e-08 0.0 0.0 0.02468156361201994 9.572057062277102e-05 0.0 0.0 0.0018291604925682844 0.026329104701801304 0.0 0.0 0.004017299998311257 0.008417958325971725 0.0 0.0 0.19874451790056782 2.5429819020757808e-08 0.0 0.0 0.011432032804670646 0.001827666758296423 0.0 0.0 0.03884535528705856 0.09548842924369451 0.0 0.0 0.025172418952080042 0.0 0.0 0.0 0.0 0.0 5.046673531242636e-07 0.0 0.0 0.0 6.033412826368868e-12 0.0 0.0 0.0 4.123343085921583e-07 0.0 0.0 0.0 0.0 0.0 0.0 0.0 0.0 0.08822851816738211 0.0 0.0 0.0 0.056741935828095044 0.0 0.0 0.0 0.10461315276876583 0.0 0.0 0.0 0.0 0.0 7.382205180313293e-08 0.0 0.0 0.03435722720937028 0.0031538536328537285 0.0 0.0 0.037394331972622055 0.038991203440957425 0.0 0.0 0.01394199756316925 0.0 0.0 0.0 0.0 3.866889150065499e-07 0.0 0.0 0.21016434909655804 0.01093451342808708 0.0 0.0 0.2614987647452313 0.17897595440655834 0.0 0.0 0.07017301906045553 0.0 0.0009924638452309172 0.0 0.0 0.0 0.01425202160504079 0.0 0.0 0.0 7.152437652189384e-08 0.0 0.0 0.0 0.006243241947035214 0.0 0.0 0.0 0.0 1.9073753563196518e-13 0.0 0.0 0.0 5.163583813301342e-07 0.0 0.0 0.0 1.7889566959504947e-08 0.0 0.0 0.0 8.604353474803249e-07 0.0 0.0011104009878379916 0.0 0.0 0.022123544834324903 6.336380172321261e-09 0.0 0.0 0.09029525043917044 1.6662917575880122e-05 0.0 0.0 0.0032144890116621696 0.03233110819530713 0.0 0.0 0.007666498116848514 0.0005461484338381228 0.0 0.0 0.012199781859869552 2.9195489631635854e-07 0.0 0.0 0.22820297295776143 0.004154157284094937 0.0 0.0 0.10353162125660027 0.10690849235332521 0.0 0.0 0.031711498758597745 0.0 0.17538182771138172 0.0 0.0 0.0 0.23485935294263535 0.0 0.0 0.0 1.3061115055693431e-06 0.0 0.0 0.0 0.17763634858665467 0.0 0.0 0.0 0.0 0.028454443696212476 0.0 0.0 0.0 0.03922272410407396 0.0 0.0 0.0 0.06866924734897768 0.0 0.0 0.0 0.05419065542625451 0.0 0.0021914576502068766 0.0 0.0 0.04987919371202398 1.1397404454239192e-08 0.0 0.0 0.06611322103294377 8.682537959211692e-05 0.0 0.0 0.0017975443149703776 0.06255541100904452 0.0 0.0 0.044710643845893225 0.0014875246380874501 0.0 0.0 0.03838427228242572 5.982384653255957e-08 0.0 0.0 0.06650037027331089 0.0012183989505605056 0.0 0.0 0.03914369777827052 0.04422956135876415 0.0 0.0 0.023373119347604093
0.0 0.0158695623984209 0.0 0.0 0.0 0.0009505116956277593 0.0 0.0 0.0 5.421532786876106e-08 0.0 0.0 0.0 0.003467589602020599 0.0 0.0 0.0 0.0 0.043548345403989226 0.0 0.0 0.0 0.10652175802928664 0.0 0.0 0.0 0.04563889508892773 0.0 0.0 0.0 0.07896485598454936 0.0 0.0008909709313749952 0.0 0.0 0.009904366868427081 1.0122883449861147e-09 0.0 0.0 0.047736627602188844 0.0004928546691779656 0.0 0.0 0.017817731793608682 0.01721740062928372 0.0 0.0 0.005532242079621964 0.00676608536208578 0.0 0.0 0.20282679910293339 1.1406415259916124e-08 0.0 0.0 0.03132851029901402 0.004575835435048395 0.0 0.0 0.1180120488427302 0.09548546941836551 0.0 0.0 0.048049002345919974 0.0 9.005647327583822e-08 0.0 0.0 0.0 4.5220956985122734e-08 0.0 0.0 0.0 3.59002545917534e-12 0.0 0.0 0.0 4.566964690203288e-08 0.0 0.0 0.0 0.0 0.0218850624463855 0.0 0.0 0.0 0.024849076226021675 0.0 0.0 0.0 0.049312298263597565 0.0 0.0 0.0 0.04396252643992345 0.0 0.00044467448192660566 0.0 0.0 0.008361216140272226 4.8262308936375367e-08 0.0 0.0 0.04565464895450015 0.00013569961936190446 0.0 0.0 0.06204495670551979 0.035696782586499276 0.0 0.0 0.013068688233039279 0.0012582564518181288 0.0 0.0 0.030229840438064565 3.1877415955098825e-08 0.0 0.0 0.02276485948120675 0.008187277813168869 0.0 0.0 0.16012589766199312 0.023316942085276123 0.0 0.0 0.008313295015495586 0.0 0.014732466276980655 0.0 0.0 0.0 0.001482453909420364 0.0 0.0 0.0 1.0735812369864478e-07 0.0 0.0 0.0 0.009247544778609599 0.0 0.0 0.0 0.0 6.051847159064957e-07 0.0 0.0 0.0 5.3492795174335486e-08 0.0 0.0 0.0 9.130463185244273e-07 0.0 0.0 0.0 9.528658752076987e-08 0.0 0.0014375918749013766 0.0 0.0 0.011247693046084424 1.2873399297631054e-15 0.0 0.0 8.255088403699008e-05 0.00037597040000681407 0.0 0.0 0.005930849470058296 0.05043588009219942 0.0 0.0 0.03230226687175102 0.007344673465254414 0.0 0.0 0.15177439019688405 4.106650450505288e-13 0.0 0.0 0.029524511720805658 0.006574403291706151 0.0 0.0 0.17365517647860734 0.18584343379267365 0.0 0.0 0.06415604926035033 0.0 0.24407173577487815 0.0 0.0 0.0 0.13394263896093433 0.0 0.0 0.0 1.5269061248354438e-06 0.0 0.0 0.0 0.08527708955655981 0.0 0.0 0.0 0.0 0.034158182550880975 0.0 0.0 0.0 0.02657751204516544 0.0 0.0 0.0 0.006860712752158936 0.0 0.0 0.0 0.03039586225863157 0.0 0.0009339326998419944 0.0 0.0 0.051434231833370675 2.907074806322024e-08 0.0 0.0 0.012257030508351766 0.004241594425698548 0.0 0.0 0.05713119773279975 0.020239894267830884 0.0 0.0 0.0070854294310502275 0.0012115326441938304 0.0 0.0 0.041265224586476155 5.93207508984045e-08 0.0 0.0 0.04484972014634056 0.0023311999925335254 0.0 0.0 0.05379204822056496 0.03505718832636846 0.0 0.0 0.008481956204379937
0.0 0.010768860797813435 0.0 0.0 0.0 0.007490083615821479 0.0 0.0 0.0 7.282495762573837e-08 0.0 0.0 0.0 0.002003338261529313 0.0 0.0 0.0 0.0 0.10221472999497332 0.0 0.0 0.0 0.06001347382756436 0.0 0.0 0.0 0.002666957190937579 0.0 0.0 0.0 0.13429474326098112 0.0 0.0007672495465819663 0.0 0.0 0.01260056565136046 7.567124402500827e-08 0.0 0.0 0.10586827185058939 0.00011916840235154387 0.0 0.0 0.003936880627736116 0.03976430047029498 0.0 0.0 0.010448460909638574 0.00675318864788475 0.0 0.0 0.18324922537734345 2.222221481300186e-07 0.0 0.0 0.2062524568317815 0.009561334889031478 0.0 0.0 0.17352787807456013 0.0466970680147867 0.0 0.0 0.019875145095535264 0.0 1.2054613718693443e-06 0.0 0.0 0.0 8.578409496538053e-08 0.0 0.0 0.0 1.9232962395047975e-11 0.0 0.0 0.0 4.4896040821261217e-07 0.0 0.0 0.0 0.0 0.10278309004606158 0.0 0.0 0.0 0.0004470666011007014 0.0 0.0 0.0 0.1275311801449483 0.0 0.0 0.0 0.16402269533935052 0.0 7.508825863618332e-05 0.0 0.0 0.003987480570229051 3.6524798240555146e-09 0.0 0.0 0.0008083533051729061 0.004479644218575638 0.0 0.0 0.09916605581599468 0.0031132365252989646 0.0 0.0 0.0022523225493536513 0.009645991291899286 0.0 0.0 0.3896732563973339 2.4992913783584037e-07 0.0 0.0 0.062015004731205255 0.033573630186507414 0.0 0.0 0.7475817136658048 0.19920300929357443 0.0 0.0 0.07430363535435458 0.0 0.0 0.0 0.0 0.0 0.04288485451255106 0.0 0.0 0.0 6.089247823235777e-08 0.0 0.0 0.0 0.021722492668147027 0.0 0.0 0.0 0.0 0.0 0.0 0.0 0.0 3.5947600634202465e-06 0.0 0.0 0.0 1.9686166049863696e-08 0.0 0.0 0.0 6.43212733598293e-08 0.0 0.0 0.0 0.0 0.0 1.8660836322401548e-07 0.0 0.0 0.11633475543550549 0.00021221145404833972 0.0 0.0 0.0030887089090881155 0.021918965400132166 0.0 0.0 0.006753616907717181 0.0 0.0 0.0 0.0 6.787431260874971e-07 0.0 0.0 0.8531081539914546 0.003786069977442112 0.0 0.0 0.11945445708716011 0.3427993567557238 0.0 0.0 0.11297161597253848 0.0 0.2884199075597277 0.0 0.0 0.0 0.3444090082189936 0.0 0.0 0.0 3.5450308340094476e-06 0.0 0.0 0.0 0.09647424335805654 0.0 0.0 0.0 0.0 0.010443405278317561 0.0 0.0 0.0 0.0534180497070124 0.0 0.0 0.0 0.01811028769280261 0.0 0.0 0.0 0.04889535267444559 0.0 0.001298787410497841 0.0 0.0 0.03908236625531316 1.4224176892016023e-07 0.0 0.0 0.06129069381072967 0.008939769481735367 0.0 0.0 0.20008515119110926 0.04944246533066095 0.0 0.0 0.017587628309912468 0.0022550191071602247 0.0 0.0 0.03812509840813247 1.8115683996313632e-07 0.0 0.0 0.11031880089337873 0.003935579463484421 0.0 0.0 0.08527948715599183 0.026367325832225907 0.0 0.0 0.01431604050746444
0.0 0.008430288966843492 0.0 0.0 0.0 0.001916787147602007 0.0 0.0 0.0 7.400613630028797e-08 0.0 0.0 0.0 0.002283022639843006 0.0 0.0 0.0 0.0 0.03348668600660619 0.0 0.0 0.0 0.10876914618952957 0.0 0.0 0.0 0.09407172252010866 0.0 0.0 0.0 0.07555535745514388 0.0 1.5461394666700202e-09 0.0 0.0 6.386778652365682e-08 2.1200145515026526e-08 0.0 0.0 0.056077790516281104 0.00034125985899629034 0.0 0.0 0.00882598347290753 0.0021177192499764923 0.0 0.0 0.009816720591687861 0.0010794776814718671 0.0 0.0 0.1420483935862919 1.479114893489184e-08 0.0 0.0 0.055290134141460195 0.008542122201735163 0.0 0.0 0.22129967891936708 0.06380799162644102 0.0 0.0 0.031464100092047156 0.0 2.8674643445640923e-07 0.0 0.0 0.0 2.6714358978559266e-07 0.0 0.0 0.0 6.877915755925039e-12 0.0 0.0 0.0 5.056222616260402e-08 0.0 0.0 0.0 0.0 1.5576468028090942e-07 0.0 0.0 0.0 0.04139763839689704 0.0 0.0 0.0 0.012385434184533028 0.0 0.0 0.0 0.0549725135081202 0.0 0.0015903627415408265 0.0 0.0 0.030968892216383406 5.27089500695498e-08 0.0 0.0 0.042686934774712026 0.0015801694573178804 0.0 0.0 0.03485201009952387 0.025334724378275063 0.0 0.0 0.018289683477004378 0.003406662336618232 0.0 0.0 0.11206956951845434 3.237446543356842e-07 0.0 0.0 0.17497765954839192 0.021650249354379328 0.0 0.0 0.26261297787661886 0.02664710371666936 0.0 0.0 0.022791853681816344 0.0 0.014564833999316422 0.0 0.0 0.0 0.010106209820241123 0.0 0.0 0.0 1.2746374617644015e-07 0.0 0.0 0.0 0.015611750571117482 0.0 0.0 0.0 0.0 3.094048560255899e-08 0.0 0.0 0.0 4.897258442848259e-08 0.0 0.0 0.0 2.90008570955357e-07 0.0 0.0 0.0 6.120983229683276e-08 0.0 0.0012749760236329122 0.0 0.0 0.023651841368316124 4.939571435647708e-09 0.0 0.0 0.03467020735023293 8.455297379530309e-05 0.0 0.0 0.005714192939662431 0.03296060095642392 0.0 0.0 0.008185418159920316 0.0029817322204263312 0.0 0.0 0.14257149710296205 8.701594601665754e-08 0.0 0.0 0.17727733588759137 0.008084549378013511 0.0 0.0 0.20817018122237896 0.17649799028476312 0.0 0.0 0.06281603746616594 0.0 0.28888750245879397 0.0 0.0 0.0 0.09673247774279764 0.0 0.0 0.0 2.2965471289074727e-07 0.0 0.0 0.0 0.09441227549979664 0.0 0.0 0.0 0.0 0.04369268759214871 0.0 0.0 0.0 0.005135996294696501 0.0 0.0 0.0 8.43479983427226e-05 0.0 0.0 0.0 0.06356082374167188 0.0 0.0009449680161122292 0.0 0.0 0.02888372792356312 6.113746955092281e-08 0.0 0.0 0.05432433274286485 1.4612507511289417e-08 0.0 0.0 0.028224050164559592 0.06948799771989826 0.0 0.0 0.012500922290545629 0.0013519921944829386 0.0 0.0 0.043337927456205856 3.8921242461981443e-08 0.0 0.0 0.0288520048160684 4.01767621441755e-09 0.0 0.0 0.008700335883228936 0.07585826609741037 0.0 0.0 0.017260555629928218
0.0 0.0004864393045020289 0.0 0.0 0.0 0.006536301154309081 0.0 0.0 0.0 2.968534771179375e-08 0.0 0.0 0.0 0.0013817082865938688 0.0 0.0 0.0 0.0 0.027513068382631487 0.0 0.0 0.0 0.09750414363915433 0.0 0.0 0.0 0.0937892507882768 0.0 0.0 0.0 0.14385177521756184 0.0 5.764003252931833e-06 0.0 0.0 0.0003872251500654702 4.609998119767997e-08 0.0 0.0 0.020953501350629535 0.00015504859292227692 0.0 0.0 0.005515381060440409 0.05627671914877479 0.0 0.0 0.014181385142759215 0.00012107576596020238 0.0 0.0 0.009119332736391554 1.9530742429890844e-07 0.0 0.0 0.1008032445053236 0.0025643153168036876 0.0 0.0 0.08614050127022747 0.06582736047933947 0.0 0.0 0.019544294467400126 0.0 8.982245899023583e-08 0.0 0.0 0.0 1.9958360081713147e-07 0.0 0.0 0.0 1.8841556095191523e-12 0.0 0.0 0.0 4.321437402203876e-07 0.0 0.0 0.0 0.0 0.0007547927675473373 0.0 0.0 0.0 0.00036951546137772184 0.0 0.0 0.0 0.062475183280771666 0.0 0.0 0.0 0.08785606335811633 0.0 1.6559090376492278e-09 0.0 0.0 0.004822030918697848 1.5392073628443272e-07 0.0 0.0 0.0646293135261065 0.001686305298920057 0.0 0.0 0.026701637459878542 0.10263876707368803 0.0 0.0 0.02120090506398521 9.8185883349669e-09 0.0 0.0 0.032055980359602124 2.542665366703654e-07 0.0 0.0 0.08553218461285668 0.01011534537369686 0.0 0.0 0.12481896064167071 0.12083049964437886 0.0 0.0 0.08143529148693178 0.0 0.00883928351589624 0.0 0.0 0.0 0.006529670855814471 0.0 0.0 0.0 8.404451328675166e-08 0.0 0.0 0.0 0.006887166321310445 0.0 0.0 0.0 0.0 1.0016709394607113e-12 0.0 0.0 0.0 4.1017536995854725e-08 0.0 0.0 0.0 2.417548680580986e-07 0.0 0.0 0.0 7.271266446914718e-08 0.0 5.6773520643486426e-05 0.0 0.0 0.0005855627294120161 1.182425444331644e-12 0.0 0.0 0.08356900883743812 0.00010270450327541987 0.0 0.0 0.0005708251590751809 0.060972962515710244 0.0 0.0 0.01040685710398201 0.005244538067603346 0.0 0.0 0.06053965285105059 4.902321888822007e-08 0.0 0.0 0.060432851636023736 0.007632430227304525 0.0 0.0 0.10459243033937453 0.1501446359278331 0.0 0.0 0.03501864281812547 0.0 0.3450459071757995 0.0 0.0 0.0 0.13838938327408867 0.0 0.0 0.0 2.41754326039885e-07 0.0 0.0 0.0 0.2707108941285247 0.0 0.0 0.0 0.0 0.0632441386449047 0.0 0.0 0.0 0.12380541479985246 0.0 0.0 0.0 1.8546802387248535e-08 0.0 0.0 0.0 0.09004416374658421 0.0 0.0015007627407441317 0.0 0.0 0.09833892987647078 2.0096242802892973e-09 0.0 0.0 0.0033765685705060304 5.0076201037120986e-08 0.0 0.0 0.06721353792858657 0.1281597762054045 0.0 0.0 0.023162409657568023 0.0011284652918060727 0.0 0.0 0.055235376412329854 2.092298013802418e-08 0.0 0.0 0.035491853165377805 5.34841058004063e-09 0.0 0.0 0.008051957031280728 0.09437215657699072 0.0 0.0 0.03330999051259022
0.0 0.0 0.0 0.0 0.0 0.0029478505206448624 0.0 0.0 0.0 7.167731584436259e-08 0.0 0.0 0.0 0.0018901018579088622 0.0 0.0 0.0 0.0 0.0 0.0 0.0 0.0 0.01447693188657169 0.0 0.0 0.0 0.16106139310909934 0.0 0.0 0.0 0.07428101581586186 0.0 0.0 0.0 0.0 0.0 1.3034552048145593e-14 0.0 0.0 9.346813977951834e-09 0.0021172081034161443 0.0 0.0 0.022323690948313008 0.008937564971604816 0.0 0.0 0.0026265666201825554 0.0 0.0 0.0 0.0 1.0926331645731993e-07 0.0 0.0 0.07321032282953559 0.005557931917212674 0.0 0.0 0.14126885834992686 0.039428277701988236 0.0 0.0 0.023895179443946365 0.0 1.0243191883884886e-07 0.0 0.0 0.0 1.2700113550963257e-07 0.0 0.0 0.0 1.6925652516375523e-12 0.0 0.0 0.0 1.4939361305765604e-07 0.0 0.0 0.0 0.0 2.9852847432087662e-09 0.0 0.0 0.0 0.011567092642904533 0.0 0.0 0.0 0.04263952908278863 0.0 0.0 0.0 0.07025565571748509 0.0 0.0002736687723467019 0.0 0.0 0.007530791779805003 9.546978660786962e-08 0.0 0.0 0.02096378109637495 0.00039135994687073143 0.0 0.0 0.03635515502299847 0.01058620909522717 0.0 0.0 0.004201621605586266 0.0007034800561559366 0.0 0.0 0.021703695256787316 9.818217986026786e-08 0.0 0.0 0.05810402945451415 0.009908133139599509 0.0 0.0 0.09197627049984128 0.09682868941362203 0.0 0.0 0.029609863750556097 0.0 0.01818151222149012 0.0 0.0 0.0 0.005452627857229586 0.0 0.0 0.0 5.64357646995728e-08 0.0 0.0 0.0 0.012411113095458632 0.0 0.0 0.0 0.0 4.898376393108375e-08 0.0 0.0 0.0 6.008310527939458e-07 0.0 0.0 0.0 1.0211035403400285e-07 0.0 0.0 0.0 9.499459048844123e-07 0.0 0.0011091550693575387 0.0 0.0 0.040150872404756704 2.777580581074818e-13 0.0 0.0 0.005210280251130886 0.008140376694977029 0.0 0.0 0.1051878102453251 0.03984223083903564 0.0 0.0 0.03844651901380623 0.0014408761915644316 0.0 0.0 0.1203879828228585 5.184349902404912e-08 0.0 0.0 0.11018340434600411 0.005524961420412359 0.0 0.0 0.09262888206925649 0.18126807814807577 0.0 0.0 0.06036026306300268 0.0 0.23163772615812386 0.0 0.0 0.0 0.11606167504945306 0.0 0.0 0.0 1.5298332950872024e-06 0.0 0.0 0.0 0.16725926055657367 0.0 0.0 0.0 0.0 0.03600498802129487 0.0 0.0 0.0 0.054258057428466885 0.0 0.0 0.0 0.028888285977857652 0.0 0.0 0.0 0.062409285255993804 0.0 0.001033563785254194 0.0 0.0 0.047869332450477246 1.4351591101023458e-13 0.0 0.0 0.0018597733481412288 0.0006456353211911828 0.0 0.0 0.014965441359780689 0.08398901800310565 0.0 0.0 0.032204080798841184 0.00027728018119076636 0.0 0.0 0.04571800479124139 2.4069143713361342e-08 0.0 0.0 0.03930265908074132 0.0012929390602183022 0.0 0.0 0.044841392294552695 0.058177574053307694 0.0 0.0 0.01892515928435743
0.0 0.0231382076455963 0.0 0.0 0.0 0.006527041594421384 0.0 0.0 0.0 6.133663675209026e-08 0.0 0.0 0.0 0.004394491727655905 0.0 0.0 0.0 0.0 0.07034561717304276 0.0 0.0 0.0 0.03345568738906454 0.0 0.0 0.0 0.045850224178003475 0.0 0.0 0.0 0.10077838014428776 0.0 0.0024575104160917387 0.0 0.0 0.03785309357986835 6.517507548446258e-08 0.0 0.0 0.028011142253230287 0.0003729638537079135 0.0 0.0 0.01223715275361987 0.004451382235546781 0.0 0.0 0.002925255582076603 0.00792797569141635 0.0 0.0 0.3106262323981313 2.96640132236327e-07 0.0 0.0 0.23357152488417396 0.0023787864789325775 0.0 0.0 0.20303084959318501 0.09691689441041454 0.0 0.0 0.05440363409410409 0.0 4.936963342044538e-07 0.0 0.0 0.0 5.735222280637812e-07 0.0 0.0 0.0 3.9270515879753696e-12 0.0 0.0 0.0 1.6196791027620426e-08 0.0 0.0 0.0 0.0 0.004969479809136635 0.0 0.0 0.0 0.0054296638229336435 0.0 0.0 0.0 0.005155091363723448 0.0 0.0 0.0 0.03134933189712585 0.0 0.00021208222149594682 0.0 0.0 0.0034986423504850695 1.3535193075651066e-08 0.0 0.0 0.011452983597148388 1.818009710802602e-08 0.0 0.0 0.012065142436402458 0.011517984599209725 0.0 0.0 0.0006540272850330457 0.007296313336333417 0.0 0.0 0.17250158729627593 4.4822064042318456e-07 0.0 0.0 0.3223777949799666 0.006920391820410392 0.0 0.0 0.2397293943895252 0.02810576520664241 0.0 0.0 0.0037643142992224233 0.0 0.024165999693700632 0.0 0.0 0.0 0.009200069641278598 0.0 0.0 0.0 3.370748259539724e-07 0.0 0.0 0.0 0.0029605031271450477 0.0 0.0 0.0 0.0 1.0649124814675106e-07 0.0 0.0 0.0 1.2191028470559624e-07 0.0 0.0 0.0 8.626276640259806e-07 0.0 0.0 0.0 4.641331700886869e-08 0.0 0.0007353837470756514 0.0 0.0 0.02850045940288675 3.862371389433448e-09 0.0 0.0 0.0016572203805708128 0.0007669102190691114 0.0 0.0 0.011220558743144768 0.008279731266694542 0.0 0.0 0.0018943755676440513 0.0134199205002483 0.0 0.0 0.23474388810093835 2.435337434407155e-07 0.0 0.0 0.1776209393818122 0.02588779656574652 0.0 0.0 0.5275593308997331 0.07840061223945254 0.0 0.0 0.021551890611783503 0.0 0.1946451235323722 0.0 0.0 0.0 0.031175882134991527 0.0 0.0 0.0 7.390271241295459e-07 0.0 0.0 0.0 0.0036262734838435977 0.0 0.0 0.0 0.0 0.00740513649533216 0.0 0.0 0.0 0.0005154210827819308 0.0 0.0 0.0 0.0020484650200661195 0.0 0.0 0.0 1.2452124297669122e-08 0.0 0.0010024832041589356 0.0 0.0 0.055728537953637095 2.6842973978221587e-09 0.0 0.0 0.0011820268847542266 2.6887703579993674e-08 0.0 0.0 0.04303865045640463 0.02522139851035661 0.0 0.0 0.00595448362463492 0.001008124459281094 0.0 0.0 0.04177635229131634 9.767826899846963e-09 0.0 0.0 0.0048223771873602645 1.5531283024409755e-08 0.0 0.0 0.030303542561442978 0.00228794900455537 0.0 0.0 0.0006056026664974523
0.0 0.0025339218053403102 0.0 0.0 0.0 0.0001613754640311538 0.0 0.0 0.0 8.974515716340012e-08 0.0 0.0 0.0 0.0027303698761826684 0.0 0.0 0.0 0.0 0.03414520258208186 0.0 0.0 0.0 0.029318239795812766 0.0 0.0 0.0 0.1319372619095083 0.0 0.0 0.0 0.087627115572528 0.0 3.930923654995614e-09 0.0 0.0 0.011430470977162578 3.3411345649547963e-13 0.0 0.0 0.013115928576596542 0.002174593693393407 0.0 0.0 0.09999909237423767 0.01865794868230679 0.0 0.0 0.009902261805502084 1.5253573096543424e-08 0.0 0.0 0.049733341775823184 1.437318798718239e-13 0.0 0.0 0.006325934325534032 0.01157185941829407 0.0 0.0 0.29245336264638516 0.055160516516422876 0.0 0.0 0.021607700196866943 0.0 1.0251023054985485e-07 0.0 0.0 0.0 1.206193253785301e-07 0.0 0.0 0.0 7.563718098411476e-12 0.0 0.0 0.0 4.106736305514751e-07 0.0 0.0 0.0 0.0 0.025756996974625936 0.0 0.0 0.0 0.0339255913398467 0.0 0.0 0.0 0.06312891447257495 0.0 0.0 0.0 0.008744309626217655 0.0 9.475342514851554e-09 0.0 0.0 0.03147940492566202 9.80571258360825e-09 0.0 0.0 0.0036836752568796677 0.010261451058657582 0.0 0.0 0.09039272672861243 0.002718091487018756 0.0 0.0 0.0009004803366313783 1.4279746261666035e-08 0.0 0.0 0.040606428159297374 1.8465925687043934e-07 0.0 0.0 0.06023337464388346 0.023365342252376048 0.0 0.0 0.3509878252671911 0.059617697695914594 0.0 0.0 0.07478344466794407 0.0 0.020324121430789564 0.0 0.0 0.0 0.023377044369123898 0.0 0.0 0.0 2.9775794099877136e-07 0.0 0.0 0.0 0.021762831136563965 0.0 0.0 0.0 0.0 5.0676023187243324e-08 0.0 0.0 0.0 5.529325051047166e-08 0.0 0.0 0.0 2.8755381223592082e-08 0.0 0.0 0.0 1.4664851807006634e-06 0.0 0.0002064845725032722 0.0 0.0 0.01215837767991529 1.545153626402239e-07 0.0 0.0 0.10441438511450894 0.0013219063933219233 0.0 0.0 0.06401064196463283 0.01047258007127345 0.0 0.0 0.002481875250865045 0.0031265818824996456 0.0 0.0 0.20879177457053075 2.0659571564538048e-07 0.0 0.0 0.3125014575741094 0.015591997799901275 0.0 0.0 0.26152547446598823 0.28257711988427153 0.0 0.0 0.12299743063391637 0.0 0.26482795462584285 0.0 0.0 0.0 0.10801727196078482 0.0 0.0 0.0 1.2136991737417008e-06 0.0 0.0 0.0 0.3223567483289104 0.0 0.0 0.0 0.0 0.09537804980781175 0.0 0.0 0.0 0.07619196264560696 0.0 0.0 0.0 2.004249189095554e-07 0.0 0.0 0.0 0.1812453851063989 0.0 0.002449355100118109 0.0 0.0 0.07787438337831075 4.055916287508973e-08 0.0 0.0 0.06424414864015726 0.00011286974742728462 0.0 0.0 0.004125854525437797 0.11033043597562248 0.0 0.0 0.035162491288276386 0.0007708138070919242 0.0 0.0 0.04791422490534798 3.7675061737880365e-08 0.0 0.0 0.04507540749394038 0.0010642743310468343 0.0 0.0 0.04361706543444778 0.14045229167713016 0.0 0.0 0.04211777638535125
0.0 0.0033380899869481073 0.0 0.0 0.0 0.002373632800928045 0.0 0.0 0.0 1.0185381033057726e-07 0.0 0.0 0.0 0.0037170783931827324 0.0 0.0 0.0 0.0 0.005873142402892179 0.0 0.0 0.0 0.005482423418018716 0.0 0.0 0.0 0.08007571807522146 0.0 0.0 0.0 0.14164297479191912 0.0 4.267924456077715e-20 0.0 0.0 1.4596433962203517e-13 1.426063003407741e-14 0.0 0.0 6.742532587145996e-09 0.0052629269683840164 0.0 0.0 0.07201514536512521 0.016045079679606184 0.0 0.0 0.004890999486851285 1.9625785994716445e-08 0.0 0.0 0.07527943579680291 6.48741136705521e-08 0.0 0.0 0.03438921607068026 0.015865147746852996 0.0 0.0 0.24923439905348166 0.09636173373203538 0.0 0.0 0.033059541260418296 0.0 0.0 0.0 0.0 0.0 4.4776637219980145e-08 0.0 0.0 0.0 4.704865922920346e-12 0.0 0.0 0.0 8.728401329009502e-08 0.0 0.0 0.0 0.0 0.0 0.0 0.0 0.0 0.02914718042433742 0.0 0.0 0.0 0.10913408386752925 0.0 0.0 0.0 0.06247245243976707 0.0 0.0 0.0 0.0 0.0 1.3919873851929526e-09 0.0 0.0 0.030045023539694408 0.006350309226641652 0.0 0.0 0.13649577768958615 0.006833986782297743 0.0 0.0 0.003232267874389477 0.0 0.0 0.0 0.0 1.6851831973744123e-08 0.0 0.0 0.02529842082808674 0.010984180250924645 0.0 0.0 0.15948908802348916 0.03445795040516146 0.0 0.0 0.01973928693323362 0.0 0.030614574966335843 0.0 0.0 0.0 0.0016322008520732532 0.0 0.0 0.0 9.961003992680745e-08 0.0 0.0 0.0 0.02167721105350232 0.0 0.0 0.0 0.0 3.6522817432227844e-08 0.0 0.0 0.0 1.0259231098639461e-07 0.0 0.0 0.0 2.473646841603347e-08 0.0 0.0 0.0 1.9180743234753645e-07 0.0 0.0010175929707148318 0.0 0.0 0.04107334269067688 1.3108096001576723e-13 0.0 0.0 0.008047877300330419 0.004542008120683934 0.0 0.0 0.042856210450145725 0.07285867195871008 0.0 0.0 0.026988757979217314 0.00788122975675507 0.0 0.0 0.25737597434300047 4.730913724673919e-13 0.0 0.0 0.032565163160968746 0.00806994235169594 0.0 0.0 0.15575843426240388 0.31359500111006633 0.0 0.0 0.11406963687280997 0.0 0.19912159373476754 0.0 0.0 0.0 0.22212695210615252 0.0 0.0 0.0 5.1598163072490144e-08 0.0 0.0 0.0 0.30360061711116165 0.0 0.0 0.0 0.0 0.0923409793169499 0.0 0.0 0.0 0.150870364313441 0.0 0.0 0.0 0.00012675749092964635 0.0 0.0 0.0 0.08565689272053945 0.0 7.087330359044805e-05 0.0 0.0 0.0973472891040576 1.98536188375068e-08 0.0 0.0 0.054857098622352655 0.0011690160319973116 0.0 0.0 0.03908842602954349 0.07252737608171192 0.0 0.0 0.02471241273278574 0.00045918737802286996 0.0 0.0 0.0331135162254873 4.990503472225385e-08 0.0 0.0 0.07908964207485113 4.835493269759405e-05 0.0 0.0 0.0018127378229564606 0.11216941480065559 0.0 0.0 0.03501344514745918
0.0 0.008408027560240547 0.0 0.0 0.0 0.0015832722065817326 0.0 0.0 0.0 3.3817699871170374e-08 0.0 0.0 0.0 0.00621698528274379 0.0 0.0 0.0 0.0 0.06175553992518181 0.0 0.0 0.0 0.06551782415724322 0.0 0.0 0.0 0.07080363314987403 0.0 0.0 0.0 0.09640599777353316 0.0 0.0016597384553095936 0.0 0.0 0.06605994408139726 3.3155423268191185e-08 0.0 0.0 0.022268456693465707 0.0003886802552396143 0.0 0.0 0.04242107267503952 0.0035344108462117487 0.0 0.0 0.001457096235305975 0.003680238340635266 0.0 0.0 0.10849554678891607 5.300973937956635e-09 0.0 0.0 0.06066582957732049 0.003233474236484527 0.0 0.0 0.08320033398700678 0.129907729287895 0.0 0.0 0.06254862275632694 0.0 3.180236805278407e-07 0.0 0.0 0.0 4.2821877820337687e-07 0.0 0.0 0.0 7.423449929612882e-12 0.0 0.0 0.0 3.523522604001706e-07 0.0 0.0 0.0 0.0 0.0021241053607625655 0.0 0.0 0.0 0.05348542252324028 0.0 0.0 0.0 0.14660336695527365 0.0 0.0 0.0 0.07220124077348691 0.0 8.762579201513855e-10 0.0 0.0 3.006312175578101e-08 2.0820684969902205e-07 0.0 0.0 0.0845055218954851 0.009267672305439652 0.0 0.0 0.13919691606912477 0.04288051596559395 0.0 0.0 0.012779677447392852 0.0039725668167186375 0.0 0.0 0.09392659292013081 3.771116267196975e-07 0.0 0.0 0.2120906912563729 0.013713663282329975 0.0 0.0 0.29136006574444184 0.20277890576256097 0.0 0.0 0.06945376394139384 0.0 0.0125787016620683 0.0 0.0 0.0 0.01817039362587045 0.0 0.0 0.0 1.0483097120234853e-07 0.0 0.0 0.0 0.00852161839501373 0.0 0.0 0.0 0.0 2.5754381710564226e-08 0.0 0.0 0.0 4.002021293370873e-08 0.0 0.0 0.0 4.049045728658969e-08 0.0 0.0 0.0 3.23910425925859e-08 0.0 0.0016044813642752112 0.0 0.0 0.036526065336971475 1.9543659188806612e-08 0.0 0.0 0.05957955140940077 1.3991387008036892e-08 0.0 0.0 0.02374371901481511 0.06465650456309861 0.0 0.0 0.03129668537199758 0.005132467353518366 0.0 0.0 0.09419367961979329 3.29548764159209e-07 0.0 0.0 0.2723323150644453 0.012667314443042907 0.0 0.0 0.1636360353506709 0.14648797325179713 0.0 0.0 0.04910802820906693 0.0 0.2762013443373598 0.0 0.0 0.0 0.25466004156153305 0.0 0.0 0.0 0.0 0.0 0.0 0.0 0.28334458234436694 0.0 0.0 0.0 0.0 0.07390987217986048 0.0 0.0 0.0 0.16962725612856924 0.0 0.0 0.0 0.0 0.0 0.0 0.0 0.05962570630873782 0.0 0.00019217252013074948 0.0 0.0 0.04516295358486795 7.273292499102355e-08 0.0 0.0 0.08409690399254698 0.0 0.0 0.0 0.0 0.08841913300510203 0.0 0.0 0.024090903385179697 0.0011546895090058388 0.0 0.0 0.053485231141800094 5.30019206174112e-08 0.0 0.0 0.09175735694653843 0.0 0.0 0.0 0.0 0.11344536029448161 0.0 0.0 0.03121599902616519
0.0 0.008835737472857012 0.0 0.0 0.0 0.005079536605514117 0.0 0.0 0.0 6.040502412706063e-08 0.0 0.0 0.0 0.005493241657372118 0.0 0.0 0.0 0.0 0.011975070880643333 0.0 0.0 0.0 0.15238689986176135 0.0 0.0 0.0 0.04432444969309715 0.0 0.0 0.0 0.31358412209246955 0.0 4.79874178267502e-10 0.0 0.0 4.306528509480871e-08 2.1624832581434957e-08 0.0 0.0 0.007146266607389164 0.001481933859699025 0.0 0.0 0.036395996701583416 0.01427989432161898 0.0 0.0 0.003009945437276211 0.001698859200575521 0.0 0.0 0.16411104107242339 2.3439285897046432e-07 0.0 0.0 0.16197335720804623 0.0114231009404339 0.0 0.0 0.18630558665765024 0.29685995823575356 0.0 0.0 0.066600658899229 0.0 3.6018658077432113e-07 0.0 0.0 0.0 1.3637006124764764e-07 0.0 0.0 0.0 4.002105926996164e-12 0.0 0.0 0.0 3.194202458296402e-07 0.0 0.0 0.0 0.0 0.034177693592351066 0.0 0.0 0.0 0.005021189988833412 0.0 0.0 0.0 0.08104511722496474 0.0 0.0 0.0 0.004856193909508369 0.0 0.0002437056456422939 0.0 0.0 0.01615497013334387 3.581656073101323e-13 0.0 0.0 0.015974943446328393 0.004600451799947007 0.0 0.0 0.10569728405104398 0.03465103295988154 0.0 0.0 0.004977646317449497 0.0010759584037682542 0.0 0.0 0.13496806420997232 1.5098471626856225e-07 0.0 0.0 0.07231395529553176 0.004468394412997746 0.0 0.0 0.224085444893276 0.10248285712588161 0.0 0.0 0.039652702438691616 0.0 0.015723675987212086 0.0 0.0 0.0 0.012891421654755503 0.0 0.0 0.0 1.4130811234497256e-07 0.0 0.0 0.0 0.00663299460171046 0.0 0.0 0.0 0.0 6.203966509537156e-08 0.0 0.0 0.0 6.917124343557347e-08 0.0 0.0 0.0 3.682935460514067e-08 0.0 0.0 0.0 3.367687544187449e-08 0.0 0.0020130790349817433 0.0 0.0 0.03627198322919115 6.444701559010554e-08 0.0 0.0 0.032943504689827305 0.003160696318116019 0.0 0.0 0.04967716578367498 0.001122568727904471 0.0 0.0 0.00018054151670521466 0.006822677516657548 0.0 0.0 0.1724444624068655 2.976657568115563e-07 0.0 0.0 0.18744058258597446 0.010113656220596703 0.0 0.0 0.21697943179763307 0.18031756976748425 0.0 0.0 0.04502223192389332 0.0 0.5068957157648284 0.0 0.0 0.0 0.10712910008532671 0.0 0.0 0.0 0.0 0.0 0.0 0.0 0.06318159446308187 0.0 0.0 0.0 0.0 0.01626151777666981 0.0 0.0 0.0 0.02489187533215655 0.0 0.0 0.0 0.0 0.0 0.0 0.0 0.039980753307561484 0.0 0.007041285137156668 0.0 0.0 0.2965498901925173 1.0244044756928125e-08 0.0 0.0 0.05482967290956122 0.0 0.0 0.0 0.0 0.007594313025338373 0.0 0.0 0.0028480433476269023 0.0015516708942559796 0.0 0.0 0.10480368109286435 3.66213068128771e-08 0.0 0.0 0.046425245022177 0.0 0.0 0.0 0.0 0.016513889683471734 0.0 0.0 0.009846970301663495
0.0 0.0 0.0 0.0 0.0 0.0007536050637203255 0.0 0.0 0.0 0.0 0.0 0.0 0.0 0.0 0.0 0.0 0.0 0.0 0.0 0.0 0.0 0.0 0.20647018040222329 0.0 0.0 0.0 0.0 0.0 0.0 0.0 0.0 0.0 0.0 0.0 0.0 0.0 1.001004579211503e-13 0.0 0.0 0.0038727884318980467 0.0 0.0 0.0 0.0 0.0 0.0 0.0 0.0 0.0 0.0 0.0 0.0 7.090884380867239e-13 0.0 0.0 0.030757655096804153 0.0 0.0 0.0 0.0 0.0 0.0 0.0 0.0 0.0 0.0 0.0 0.0 0.0 0.0 0.0 0.0 0.0 2.767726759467014e-11 0.0 0.0 0.0 1.4967916744534843e-07 0.0 0.0 0.0 0.0 0.0 0.0 0.0 0.0 0.0 0.0 0.0 0.0 0.06616341784964093 0.0 0.0 0.0 0.009953806675105743 0.0 0.0 0.0 0.0 0.0 0.0 0.0 0.0 0.0 0.010614945713704405 0.0 0.0 0.1958556213830588 2.64869175982888e-17 0.0 0.0 8.694262215710783e-13 0.0 0.0 0.0 0.0 0.0 0.0 0.0 0.0 0.05433000903712962 0.0 0.0 1.3660156089569737 1.043860792814667e-06 0.0 0.0 0.03841584558315552 0.0 0.0 0.0 0.0 0.0 0.07849366675534215 0.0 0.0 0.0 5.095346801347887e-07 0.0 0.0 0.0 0.0038727884319981476 0.0 0.0 0.0 0.0 0.0 0.0 0.0 0.0 3.8669557054970396e-07 0.0 0.0 0.0 1.2821433120204173e-06 0.0 0.0 0.0 2.677445491901334e-12 0.0 0.0 0.0 0.0 0.0 8.780014480510177e-09 0.0 0.0 0.050687765010533695 0.0003254660438750333 0.0 0.0 0.012685808351254612 0.010211749896010956 0.0 0.0 0.0013975553716446044 0.0 0.0 0.0 0.0 2.0311295171586138e-07 0.0 0.0 1.4186850352164992 0.01486782844090671 0.0 0.0 0.7460526382714273 0.19625843050621236 0.0 0.0 0.03011370478691152 0.0 0.20647018040222329 0.0 0.0 0.0 0.0 0.0 0.0 0.0 1.0438607928411538e-06 0.0 0.0 0.0 0.0 0.0 0.0 0.0 0.0 0.0038727884319981476 0.0 0.0 0.0 0.0 0.0 0.0 0.0 1.4967916744534843e-07 0.0 0.0 0.0 0.0 0.0 7.158311600397432e-14 0.0 0.0 2.6058623758973594e-12 0.0 0.0 0.0 0.0 6.007162244925052e-09 0.0 0.0 0.009953800667943498 0.0 0.0 0.0 0.0 0.0007536050636487424 0.0 0.0 0.030757655094907382 0.0 0.0 0.0 0.0 2.0678740738595756e-08 0.0 0.0 0.03841582490528421 0.0 0.0 0.0 0.0
0.0 0.00673571118834694 0.0 0.0 0.0 0.008508952784357674 0.0 0.0 0.0 7.045183934268088e-08 0.0 0.0 0.0 0.0014819366778335695 0.0 0.0 0.0 0.0 0.03552580738555156 0.0 0.0 0.0 0.0860939691594052 0.0 0.0 0.0 0.0161762609639831 0.0 0.0 0.0 0.0007735004740954417 0.0 0.00012347418676573695 0.0 0.0 0.032673835750086144 6.440144788099373e-08 0.0 0.0 0.023633629282921054 0.001732782087149015 0.0 0.0 0.019903918148111367 4.896277224802031e-09 0.0 0.0 1.4749503279130485e-09 0.004545809527978288 0.0 0.0 0.10855991846542119 2.879993976464381e-07 0.0 0.0 0.1451934754782804 0.005063832442077225 0.0 0.0 0.1829206037118198 0.0588465874693661 0.0 0.0 0.014163791609137291 0.0 6.46872679811829e-07 0.0 0.0 0.0 2.3076947772006213e-07 0.0 0.0 0.0 4.00249073970688e-12 0.0 0.0 0.0 3.3788391432063486e-07 0.0 0.0 0.0 0.0 0.003948127795036835 0.0 0.0 0.0 0.04279405227453663 0.0 0.0 0.0 0.10648267818931614 0.0 0.0 0.0 0.036978384604484764 0.0 0.00028513934387416174 0.0 0.0 0.026334539077554182 1.6784121763761008e-07 0.0 0.0 0.08827362379963746 0.0030204788709842006 0.0 0.0 0.09933066835478234 0.0014948155864514354 0.0 0.0 0.0005353448962954208 0.006875891963944087 0.0 0.0 0.18835312275189076 1.6703937921281694e-07 0.0 0.0 0.13236213738156127 0.0061060956505911024 0.0 0.0 0.19902210323945352 0.07214849849967031 0.0 0.0 0.07700717503333364 0.0 0.008669150377757368 0.0 0.0 0.0 0.01128461254141843 0.0 0.0 0.0 3.3787204521589e-07 0.0 0.0 0.0 0.01704192067176296 0.0 0.0 0.0 0.0 3.8177584328816184e-08 0.0 0.0 0.0 4.326106986522853e-08 0.0 0.0 0.0 9.760244072700567e-07 0.0 0.0 0.0 1.2860829036306484e-06 0.0 0.001171102207998249 0.0 0.0 0.03718964283133455 1.1154165978728766e-07 0.0 0.0 0.024982563323386553 0.0006368273315214251 0.0 0.0 0.041145975696178685 0.015738603688272682 0.0 0.0 0.006361360189270066 0.0029955658579473065 0.0 0.0 0.10050614575069812 3.7186111391370255e-07 0.0 0.0 0.18952976527633125 0.01863434213366293 0.0 0.0 0.3159106539504842 0.19283970242777923 0.0 0.0 0.10671332864748133 0.0 0.12316402954425118 0.0 0.0 0.0 0.17040944676812053 0.0 0.0 0.0 1.935218078045439e-06 0.0 0.0 0.0 0.12016128482840407 0.0 0.0 0.0 0.0 0.038593736869536016 0.0 0.0 0.0 0.09038671307578518 0.0 0.0 0.0 0.004566271631915492 0.0 0.0 0.0 0.007263298705456963 0.0 3.3899471044884876e-05 0.0 0.0 0.0030973952569049723 1.784980704377377e-08 0.0 0.0 0.01656951826408263 0.00023806427562885957 0.0 0.0 0.004284134514075121 0.020415600581993494 0.0 0.0 0.007601130772743158 0.0006957885428248146 0.0 0.0 0.02257970681958807 2.6996051220642903e-08 0.0 0.0 0.061330478753623234 0.0015635986713692129 0.0 0.0 0.06461181829059325 0.056188091335289174 0.0 0.0 0.014168061581093063
0.0 0.010057976943726139 0.0 0.0 0.0 0.0006715099404909934 0.0 0.0 0.0 5.1338912916631056e-08 0.0 0.0 0.0 0.0031245028861287168 0.0 0.0 0.0 0.0 0.0076751377509691075 0.0 0.0 0.0 0.001873381927730049 0.0 0.0 0.0 0.03267199500604542 0.0 0.0 0.0 0.027542063597329438 0.0 0.0003759035712680583 0.0 0.0 0.016499642832658628 3.754282986831318e-14 0.0 0.0 0.0023134193738039194 7.270830851509977e-05 0.0 0.0 0.004738264746379808 0.0010100491532978098 0.0 0.0 0.004134153724598716 0.004537117290371758 0.0 0.0 0.1760229000402793 3.746033093469125e-13 0.0 0.0 0.025880071390316176 0.0038453727778986705 0.0 0.0 0.1431019036187678 0.057342928327316134 0.0 0.0 0.029799832842342316 0.0 1.4096000736789257e-07 0.0 0.0 0.0 1.2788251424827146e-07 0.0 0.0 0.0 2.044188734889979e-12 0.0 0.0 0.0 2.6930654350545963e-07 0.0 0.0 0.0 0.0 0.01758528484396064 0.0 0.0 0.0 0.0500621678238903 0.0 0.0 0.0 0.03820786916143406 0.0 0.0 0.0 0.10831120596380052 0.0 0.0011724520297668847 0.0 0.0 0.02134557880976555 1.3817496876889119e-12 0.0 0.0 0.0006563755312124761 0.004033436937767789 0.0 0.0 0.07297057587964677 0.04790627269272853 0.0 0.0 0.01938397361372326 0.0016007420187314956 0.0 0.0 0.050510949236027905 7.641532443769996e-08 0.0 0.0 0.07223478287668991 0.002874362453267764 0.0 0.0 0.12782081662786574 0.12496319129661007 0.0 0.0 0.037557296086880215 0.0 0.010417406588779479 0.0 0.0 0.0 0.009490782219436219 0.0 0.0 0.0 1.9690888377552683e-07 0.0 0.0 0.0 0.00680700757329967 0.0 0.0 0.0 0.0 4.438597168855432e-08 0.0 0.0 0.0 8.748038165266377e-07 0.0 0.0 0.0 9.1628124073841e-08 0.0 0.0 0.0 9.218023285397754e-07 0.0 0.0011623991305745583 0.0 0.0 0.02358279246459115 5.8805280244689944e-08 0.0 0.0 0.03584945345302714 0.0007442603750722324 0.0 0.0 0.010858631781544604 0.008659595199670878 0.0 0.0 0.003172240605664282 0.003367613427557189 0.0 0.0 0.11516165716629233 1.333887094848584e-07 0.0 0.0 0.13908899312625006 0.011473674235281672 0.0 0.0 0.28430697139862643 0.0956641038751663 0.0 0.0 0.03938804410763674 0.0 0.04928705378956104 0.0 0.0 0.0 0.20058931291834892 0.0 0.0 0.0 1.6944762637152581e-06 0.0 0.0 0.0 0.15356245878001495 0.0 0.0 0.0 0.0 0.0038836747296581453 0.0 0.0 0.0 0.10810998013864827 0.0 0.0 0.0 0.014443243900066289 0.0 0.0 0.0 0.037057339777614134 0.0 0.0015451566806400233 0.0 0.0 0.02920635698326255 1.1504607786823978e-07 0.0 0.0 0.059660932040558196 0.0028899178257289905 0.0 0.0 0.03950969572915136 0.01291879851789194 0.0 0.0 0.02718055831776172 9.26569603487975e-05 0.0 0.0 0.008200248754789287 9.671517092249417e-08 0.0 0.0 0.06197691999974181 0.00216457048107435 0.0 0.0 0.033206025485975135 0.05497558090150696 0.0 0.0 0.021689090032743105
0.0 0.0029989919334050983 0.0 0.0 0.0 0.0015258123294928038 0.0 0.0 0.0 9.015469183067832e-08 0.0 0.0 0.0 0.0003078225300635957 0.0 0.0 0.0 0.0 0.010511936335375793 0.0 0.0 0.0 0.05159203408742012 0.0 0.0 0.0 0.09982360333391878 0.0 0.0 0.0 0.08267410513866945 0.0 7.712024527525949e-15 0.0 0.0 2.3071116871589424e-08 2.626345256455924e-08 0.0 0.0 0.014959344981796534 0.00020489542602948965 0.0 0.0 0.04728419888207649 0.010874210207926982 0.0 0.0 0.004047202402159494 1.6982417561192686e-08 0.0 0.0 0.05722673525829533 5.7812080043069846e-08 0.0 0.0 0.038029279896685496 0.007275745826825243 0.0 0.0 0.23446883606985922 0.004954165097898856 0.0 0.0 0.0032490499942092453 0.0 0.0 0.0 0.0 0.0 0.0 0.0 0.0 0.0 3.224575166972162e-12 0.0 0.0 0.0 1.4985538322107324e-07 0.0 0.0 0.0 0.0 0.0 0.0 0.0 0.0 0.0 0.0 0.0 0.0 0.1252155349599853 0.0 0.0 0.0 0.059146693540755156 0.0 0.0 0.0 0.0 0.0 0.0 0.0 0.0 0.0 0.002720554997789274 0.0 0.0 0.05989604983724399 0.017873219542852512 0.0 0.0 0.0054387173289359705 0.0 0.0 0.0 0.0 0.0 0.0 0.0 0.0 0.009009427989803096 0.0 0.0 0.15684695011504568 0.06042203251374659 0.0 0.0 0.03396344616987254 0.0 0.022000517277046047 0.0 0.0 0.0 0.006037646496169368 0.0 0.0 0.0 2.7266138730732553e-07 0.0 0.0 0.0 0.022612554577104677 0.0 0.0 0.0 0.0 7.269194662413892e-08 0.0 0.0 0.0 2.0396980089041825e-08 0.0 0.0 0.0 1.6445018036389863e-07 0.0 0.0 0.0 1.1023725340757405e-06 0.0 4.323959086286553e-09 0.0 0.0 0.008464766052291146 8.458655913924874e-09 0.0 0.0 0.005087878226095419 0.011297834742688171 0.0 0.0 0.1096650316642143 0.08443772508001583 0.0 0.0 0.018122247145604838 0.0027497075056868814 0.0 0.0 0.21436689468123452 3.856873329376083e-08 0.0 0.0 0.059612111433984316 0.016875022370408832 0.0 0.0 0.3573255991754497 0.2674744721675141 0.0 0.0 0.13788467551186442 0.0 0.21960216968493296 0.0 0.0 0.0 0.1767987696750783 0.0 0.0 0.0 9.436586442518389e-07 0.0 0.0 0.0 0.11541012058466006 0.0 0.0 0.0 0.0 0.06685789220724372 0.0 0.0 0.0 0.03433648722242153 0.0 0.0 0.0 0.004969889737467189 0.0 0.0 0.0 0.00840268584080103 0.0 0.0014802467865577444 0.0 0.0 0.03035883776790227 3.3846559136763727e-12 0.0 0.0 0.07778320409430005 0.0019625188343594746 0.0 0.0 0.031986670465772846 0.0039008990733082867 0.0 0.0 0.0005356256651455968 0.0006027413490243431 0.0 0.0 0.03478663010743087 1.8752301325011764e-08 0.0 0.0 0.0647700381556061 0.001304975106072985 0.0 0.0 0.030512705778301688 0.06846145726141241 0.0 0.0 0.015502322316527834
0.0 0.005087824379164864 0.0 0.0 0.0 0.0028380777719803694 0.0 0.0 0.0 8.749552799264979e-08 0.0 0.0 0.0 0.004462526362709302 0.0 0.0 0.0 0.0 0.025858705452857053 0.0 0.0 0.0 0.031021375745616066 0.0 0.0 0.0 0.03369974798140721 0.0 0.0 0.0 0.007833070982287558 0.0 0.0016308169691123425 0.0 0.0 0.07491267309698975 5.823305842364614e-08 0.0 0.0 0.024907319711185223 0.0009029054837525198 0.0 0.0 0.016803724732386723 1.2996774281963387e-07 0.0 0.0 5.221966341706298e-08 0.0012453360128828895 0.0 0.0 0.07042919778554413 2.386378857804906e-07 0.0 0.0 0.08456457285751501 0.011427196917223357 0.0 0.0 0.1879967125648736 0.12238179977477869 0.0 0.0 0.044486974389369285 0.0 7.390718401892909e-07 0.0 0.0 0.0 1.0946987433280057e-06 0.0 0.0 0.0 3.6890682098054975e-12 0.0 0.0 0.0 4.768820927757653e-07 0.0 0.0 0.0 0.0 0.05495925230564529 0.0 0.0 0.0 0.04707609247009854 0.0 0.0 0.0 0.09588681315771488 0.0 0.0 0.0 0.0358986588452848 0.0 8.162968721694187e-05 0.0 0.0 0.010525739945612294 1.872186140471225e-07 0.0 0.0 0.09513316098927792 0.0008736103745364507 0.0 0.0 0.012423533259703417 0.002384891663407174 0.0 0.0 0.0010030021084261851 0.0076166429208539485 0.0 0.0 0.21347928198331304 1.0666551545449978e-06 0.0 0.0 0.5386137020150054 0.014493550076176955 0.0 0.0 0.16298577904266093 0.16808650144642862 0.0 0.0 0.07928975496884207 0.0 0.009124142514793572 0.0 0.0 0.0 0.013859455997661635 0.0 0.0 0.0 0.0 0.0 0.0 0.0 0.004713664339234073 0.0 0.0 0.0 0.0 1.1015598500283849e-08 0.0 0.0 0.0 2.985472396475179e-08 0.0 0.0 0.0 0.0 0.0 0.0 0.0 4.662889459582395e-08 0.0 0.00028113660190939047 0.0 0.0 0.05249906953413697 1.7720777145488827e-07 0.0 0.0 0.07222256505378262 0.0 0.0 0.0 0.0 0.0034861011835343116 0.0 0.0 0.0010975115579873454 0.0009229607252051725 0.0 0.0 0.08050432256559721 3.555558114308418e-07 0.0 0.0 0.20058070224473057 0.0 0.0 0.0 0.0 0.06978281461312646 0.0 0.0 0.02841859389515381 0.0 0.08420019419636925 0.0 0.0 0.0 0.2131236948973262 0.0 0.0 0.0 0.0 0.0 0.0 0.0 0.1169132225840643 0.0 0.0 0.0 0.0 0.03833971163979037 0.0 0.0 0.0 0.03568066034239538 0.0 0.0 0.0 0.0 0.0 0.0 0.0 0.026384408014591198 0.0 0.00014167103553634086 0.0 0.0 0.0026249807383884076 5.7252233602342864e-08 0.0 0.0 0.05713352266506502 0.0 0.0 0.0 0.0 0.00801311390579445 0.0 0.0 0.0022027714907454266 0.00046832205666550266 0.0 0.0 0.017556763290490957 1.0536495542518605e-07 0.0 0.0 0.08822397761043668 0.0 0.0 0.0 0.0 0.04722049438996124 0.0 0.0 0.014263454050704664
0.0 0.0008698426447209524 0.0 0.0 0.0 0.00032379238116648265 0.0 0.0 0.0 4.530763404471392e-08 0.0 0.0 0.0 0.0037838310586632727 0.0 0.0 0.0 0.0 0.023846103562168323 0.0 0.0 0.0 0.041084034393199555 0.0 0.0 0.0 0.0691836332881931 0.0 0.0 0.0 0.14359922705165412 0.0 2.561672658150549e-05 0.0 0.0 0.000773691915653609 9.629768174879429e-10 0.0 0.0 0.01465801471963706 0.003965365445587587 0.0 0.0 0.0299780912779864 0.013239854549968006 0.0 0.0 0.012772031596915069 0.00015904753199745336 0.0 0.0 0.005385646670272973 7.57618044902694e-09 0.0 0.0 0.006054048069629285 0.0022094729952627915 0.0 0.0 0.11208303504509998 0.11887283024556262 0.0 0.0 0.04939166506258018 0.0 4.168307374405103e-08 0.0 0.0 0.0 6.082242797644378e-08 0.0 0.0 0.0 3.3053547706944314e-12 0.0 0.0 0.0 1.4747448295914433e-08 0.0 0.0 0.0 0.0 4.6279377588883144e-08 0.0 0.0 0.0 0.03149846837085147 0.0 0.0 0.0 0.051074678487175215 0.0 0.0 0.0 0.022230156739522854 0.0 8.505986827477802e-06 0.0 0.0 0.0010788880303705646 5.471671841079077e-13 0.0 0.0 0.021616136893207575 0.0012417188220086681 0.0 0.0 0.06907095946732943 0.014757255998136366 0.0 0.0 0.012571877717533717 0.0002092960506541151 0.0 0.0 0.029763171021091352 4.168327258687363e-08 0.0 0.0 0.04006513938387773 0.004893733064432613 0.0 0.0 0.15325845161830226 0.008959493786824852 0.0 0.0 0.0036010991133236005 0.0 0.005992056288727905 0.0 0.0 0.0 0.005644454867965448 0.0 0.0 0.0 2.141726169462146e-07 0.0 0.0 0.0 0.015735319092482908 0.0 0.0 0.0 0.0 3.733198118827994e-07 0.0 0.0 0.0 4.839226811109434e-08 0.0 0.0 0.0 1.0012384710334065e-06 0.0 0.0 0.0 1.3258984886950246e-07 0.0 0.0002752011200154963 0.0 0.0 0.010671622027832112 2.6704160646570507e-08 0.0 0.0 0.016451689239914954 0.0016644865149717059 0.0 0.0 0.0300529260648752 0.0343892644814671 0.0 0.0 0.035427972923234734 0.0004513922266466002 0.0 0.0 0.04472925311975569 1.9576878365887692e-08 0.0 0.0 0.10214355742439181 0.012218770617644205 0.0 0.0 0.26666209190536927 0.20869508926837008 0.0 0.0 0.07847161026133437 0.0 0.2708510576786925 0.0 0.0 0.0 0.09883504180536722 0.0 0.0 0.0 1.261943941275905e-06 0.0 0.0 0.0 0.14117246465113598 0.0 0.0 0.0 0.0 0.051566144033948255 0.0 0.0 0.0 0.047762791759641834 0.0 0.0 0.0 0.002492979870153909 0.0 0.0 0.0 0.05886971388598648 0.0 0.002261685929550279 0.0 0.0 0.1355258223500447 2.3109241530025877e-09 0.0 0.0 0.0033172546290568994 0.0013245158162267158 0.0 0.0 0.012800707461320525 0.05647582706703367 0.0 0.0 0.012993414702855371 0.0015867658199118246 0.0 0.0 0.06622765806156472 1.8441315185146524e-08 0.0 0.0 0.036444585362063756 0.0013327181065857585 0.0 0.0 0.04416771490456151 0.055470210681774296 0.0 0.0 0.016677808576557426
0.0 0.0037727306923235615 0.0 0.0 0.0 0.0014600228499663337 0.0 0.0 0.0 8.864533101684139e-08 0.0 0.0 0.0 0.004345961846568397 0.0 0.0 0.0 0.0 0.0055164521913951756 0.0 0.0 0.0 0.04718250816281975 0.0 0.0 0.0 0.14653778988553337 0.0 0.0 0.0 0.05682714122939618 0.0 2.7926716107769418e-09 0.0 0.0 0.0036276621955357124 1.2301917461441832e-14 0.0 0.0 0.0008129592144582107 0.0012156090635950547 0.0 0.0 0.018740218887519745 0.006943673168911691 0.0 0.0 0.002066046553787341 0.0018839386848971246 0.0 0.0 0.08211222865979145 5.3001993283824615e-08 0.0 0.0 0.047457471987364795 0.008496627794194396 0.0 0.0 0.2611182341985925 0.09603026376903952 0.0 0.0 0.027612943865526214 0.0 0.0 0.0 0.0 0.0 3.592218023657387e-07 0.0 0.0 0.0 5.657397774363334e-12 0.0 0.0 0.0 1.699239784698097e-07 0.0 0.0 0.0 0.0 0.0 0.0 0.0 0.0 0.05842634201407768 0.0 0.0 0.0 0.12948696318931233 0.0 0.0 0.0 0.028538639645812193 0.0 0.0 0.0 0.0 0.0 5.840075483481784e-09 0.0 0.0 0.035263664408656956 0.015278892487823074 0.0 0.0 0.19226739474432855 0.009097906384476117 0.0 0.0 0.0024460356424172176 0.0 0.0 0.0 0.0 2.061757831678491e-07 0.0 0.0 0.19704846798944847 0.012199920065183032 0.0 0.0 0.2807014284156912 0.12255153994524408 0.0 0.0 0.031191738891301276 0.0 0.03195276771480449 0.0 0.0 0.0 0.011955792437591584 0.0 0.0 0.0 2.968245306683648e-07 0.0 0.0 0.0 0.016153676966455765 0.0 0.0 0.0 0.0 6.022980599431129e-08 0.0 0.0 0.0 9.771697078360688e-07 0.0 0.0 0.0 6.413874411688269e-08 0.0 0.0 0.0 2.1163573231976464e-07 0.0 0.0007561373819642143 0.0 0.0 0.05813632199049449 2.4832766129390642e-08 0.0 0.0 0.07217019931455512 0.001717949791699962 0.0 0.0 0.025919272912375328 0.09840745026289552 0.0 0.0 0.025456006785410115 0.005633559685024424 0.0 0.0 0.29117321386436507 1.6606575214623365e-07 0.0 0.0 0.20661188582947124 0.019076486755447306 0.0 0.0 0.3409379904436614 0.2063242122969897 0.0 0.0 0.08976701052728263 0.0 0.2203383930620164 0.0 0.0 0.0 0.20585790799266582 0.0 0.0 0.0 9.276984711840467e-07 0.0 0.0 0.0 0.2535572389272047 0.0 0.0 0.0 0.0 0.027889659455290493 0.0 0.0 0.0 0.14874407216235666 0.0 0.0 0.0 0.006538546058571103 0.0 0.0 0.0 0.09661201525081992 0.0 0.0009456682537769253 0.0 0.0 0.045845325046404796 9.639691353579255e-08 0.0 0.0 0.05469432999703286 0.0010734501722422314 0.0 0.0 0.019451214936937175 0.030760568834828642 0.0 0.0 0.03865584527116985 0.0003594972358550118 0.0 0.0 0.04381701020480769 3.9668137206805624e-08 0.0 0.0 0.07526862986596733 0.0010035978131974627 0.0 0.0 0.020388770928888165 0.0832349443898745 0.0 0.0 0.030200971017483043
0.0 0.0030428399003995395 0.0 0.0 0.0 0.0055775942733959985 0.0 0.0 0.0 3.9494893275310086e-08 0.0 0.0 0.0 0.0023076555386115525 0.0 0.0 0.0 0.0 0.047099340021680695 0.0 0.0 0.0 0.025031922286094185 0.0 0.0 0.0 0.15568015545182087 0.0 0.0 0.0 0.06305392912393513 0.0 7.2494567108352985e-09 0.0 0.0 0.016280236344772325 1.1257290076065227e-08 0.0 0.0 0.00601008049614007 0.00441356366378247 0.0 0.0 0.047877753779231626 0.024527031312393855 0.0 0.0 0.004675571633358875 0.000808261758951996 0.0 0.0 0.045668051643051155 3.820169476218648e-07 0.0 0.0 0.1515445712006527 0.013382496993737714 0.0 0.0 0.11734220137147147 0.0680998284682433 0.0 0.0 0.025500545453977997 0.0 2.45090759636118e-07 0.0 0.0 0.0 2.2338215528925478e-07 0.0 0.0 0.0 3.578330635861386e-12 0.0 0.0 0.0 3.536861459552523e-07 0.0 0.0 0.0 0.0 0.027533730989108485 0.0 0.0 0.0 0.04668802793737803 0.0 0.0 0.0 0.05061981877099777 0.0 0.0 0.0 0.04410791752056516 0.0 0.00031779629912957546 0.0 0.0 0.005034841807491451 8.470463547790187e-08 0.0 0.0 0.031105932896602143 0.002170260760951851 0.0 0.0 0.027487716162160107 0.027070985939401444 0.0 0.0 0.022798639293580628 0.0037694742446236634 0.0 0.0 0.07624264848719958 1.538220853464442e-07 0.0 0.0 0.11037013878766437 0.003985091119133785 0.0 0.0 0.1791674993259072 0.11100228089798865 0.0 0.0 0.0584502088050472 0.0 0.013332429993900784 0.0 0.0 0.0 0.007533974163198479 0.0 0.0 0.0 1.3615251931051033e-07 0.0 0.0 0.0 0.010565613459356065 0.0 0.0 0.0 0.0 2.1507795183006634e-08 0.0 0.0 0.0 1.8161552220855527e-06 0.0 0.0 0.0 5.0668589130086956e-08 0.0 0.0 0.0 9.362979835602222e-08 0.0 0.0008592615737333317 0.0 0.0 0.03453391827271193 1.0437935735784501e-12 0.0 0.0 0.044968717924253214 0.0010353519738251664 0.0 0.0 0.056048459939594474 0.07010756685888363 0.0 0.0 0.023225193545893856 0.00116434637132368 0.0 0.0 0.1006416715049517 7.237128556192998e-08 0.0 0.0 0.1356599809155176 0.003997819981510546 0.0 0.0 0.2023485674266905 0.1810930426492969 0.0 0.0 0.05370470061170859 0.0 0.2744898318984709 0.0 0.0 0.0 0.15583770339929967 0.0 0.0 0.0 1.806310413838212e-06 0.0 0.0 0.0 0.15480930498205286 0.0 0.0 0.0 0.0 0.029151163217841634 0.0 0.0 0.0 0.04426449148525837 0.0 0.0 0.0 0.024478445198531647 0.0 0.0 0.0 0.07205054087667012 0.0 0.0032723017540814852 0.0 0.0 0.08052934092021229 4.046683954131376e-08 0.0 0.0 0.015550658360220064 0.00034944649968966665 0.0 0.0 0.005999468947791491 0.06711446512454361 0.0 0.0 0.016508104416795195 0.0007366799559999227 0.0 0.0 0.06341562992664357 7.75225117921675e-08 0.0 0.0 0.047777414908599575 0.002098122776343444 0.0 0.0 0.04233853487943822 0.04455009030310695 0.0 0.0 0.021296617357872773
0.0 0.007605681458090155 0.0 0.0 0.0 0.0005104150156316931 0.0 0.0 0.0 5.212062028669239e-08 0.0 0.0 0.0 0.0020490842812235315 0.0 0.0 0.0 0.0 0.03428627069060541 0.0 0.0 0.0 0.07002683755620275 0.0 0.0 0.0 0.042356487769338536 0.0 0.0 0.0 0.030709062230816618 0.0 2.6136189244535605e-10 0.0 0.0 8.010824793608913e-09 2.560146033602036e-08 0.0 0.0 0.019641352780230773 0.0021609963899520885 0.0 0.0 0.0322523047504357 0.02595704621268176 0.0 0.0 0.014585444959972388 0.0006890625784770299 0.0 0.0 0.06410740250910699 2.285064103431601e-08 0.0 0.0 0.01650977170429969 0.0017053264318505506 0.0 0.0 0.17046449205755757 0.03743832158938207 0.0 0.0 0.03151227473721194 0.0 1.5338367645139853e-07 0.0 0.0 0.0 2.0148655362498932e-07 0.0 0.0 0.0 3.1036688799187516e-12 0.0 0.0 0.0 2.115177480264778e-07 0.0 0.0 0.0 0.0 0.026585818178233276 0.0 0.0 0.0 0.11919578195952119 0.0 0.0 0.0 0.012497518227132114 0.0 0.0 0.0 0.059954865147943 0.0 0.0009987470090107805 0.0 0.0 0.025806794856548788 8.256557259869393e-08 0.0 0.0 0.08688733540298496 0.005624826308618958 0.0 0.0 0.06831128685055499 0.04939884961895559 0.0 0.0 0.014647454597044767 0.00029772806603705287 0.0 0.0 0.052999184014959934 9.198856665011038e-08 0.0 0.0 0.11398178312219982 0.006061377683165839 0.0 0.0 0.15644465044717917 0.12624474851224096 0.0 0.0 0.03425633862864442 0.0 0.011540520277580311 0.0 0.0 0.0 0.007393816399986719 0.0 0.0 0.0 3.29069020911481e-07 0.0 0.0 0.0 0.008860991398221496 0.0 0.0 0.0 0.0 1.8231311084692544e-08 0.0 0.0 0.0 2.888935141452415e-08 0.0 0.0 0.0 2.0584279150766354e-07 0.0 0.0 0.0 1.282292908601731e-07 0.0 8.218826542714952e-05 0.0 0.0 0.0015251383542371703 1.2948972061823231e-08 0.0 0.0 0.005777484675034013 0.0005828314385619086 0.0 0.0 0.03901390847158322 0.006306691798158918 0.0 0.0 0.001565955887287733 0.007045327843983314 0.0 0.0 0.12205804103874937 1.8514705569026565e-07 0.0 0.0 0.12907970595088852 0.011660298892660093 0.0 0.0 0.5177473623305362 0.15394718150169318 0.0 0.0 0.042695902202280436 0.0 0.15035971050066785 0.0 0.0 0.0 0.21032955061065756 0.0 0.0 0.0 0.0 0.0 0.0 0.0 0.14086587723790572 0.0 0.0 0.0 0.0 0.02841924802135658 0.0 0.0 0.0 0.062452728804216075 0.0 0.0 0.0 0.0 0.0 0.0 0.0 0.03633976427010817 0.0 0.00019051971469145144 0.0 0.0 0.009786792659533344 2.316791726164601e-08 0.0 0.0 0.05685223610038969 0.0 0.0 0.0 0.0 0.04113403242565581 0.0 0.0 0.017743753070461773 0.0008616505157051998 0.0 0.0 0.023758929604978118 1.2212089613886997e-07 0.0 0.0 0.0615562327269664 0.0 0.0 0.0 0.0 0.06793426047974567 0.0 0.0 0.01604758904152172
0.0 0.00012345369933050964 0.0 0.0 0.0 0.001022750128341248 0.0 0.0 0.0 7.543039385255362e-08 0.0 0.0 0.0 0.0023823077521391055 0.0 0.0 0.0 0.0 0.01157411734549247 0.0 0.0 0.0 0.01769823952988616 0.0 0.0 0.0 0.12479888948281001 0.0 0.0 0.0 0.08698857273633497 0.0 0.00022844901251462026 0.0 0.0 0.01585631375586698 3.4726091132880717e-13 0.0 0.0 0.01334273958954268 0.00016134244391978808 0.0 0.0 0.01204269029403291 0.01117656544744168 0.0 0.0 0.0029883073880048443 3.224524976459366e-05 0.0 0.0 0.002509257253674022 6.757841328061537e-08 0.0 0.0 0.028583875806755768 0.00563479306042794 0.0 0.0 0.1302767361382043 0.07605866151579753 0.0 0.0 0.032672439376784275 0.0 2.428511698441266e-07 0.0 0.0 0.0 2.2456031753709775e-07 0.0 0.0 0.0 2.195434633264772e-12 0.0 0.0 0.0 1.4672912017027766e-07 0.0 0.0 0.0 0.0 0.0015170394580588473 0.0 0.0 0.0 0.019809533022462193 0.0 0.0 0.0 0.006326176758537051 0.0 0.0 0.0 0.016939651288092356 0.0 1.6014649014853205e-10 0.0 0.0 4.853568018675094e-09 7.907844602978448e-08 0.0 0.0 0.018117722270651743 0.0006450436978818389 0.0 0.0 0.013478601031677133 0.004806373021326421 0.0 0.0 0.013464978931468679 0.0008235391181254996 0.0 0.0 0.0279830098755745 1.4884361152010764e-07 0.0 0.0 0.08336763749108375 0.008167259260529558 0.0 0.0 0.12300210083239499 0.05879555668301285 0.0 0.0 0.02728863861355232 0.0 0.011486463001373702 0.0 0.0 0.0 0.007136233282244976 0.0 0.0 0.0 1.2724311040673288e-07 0.0 0.0 0.0 0.01436853477823055 0.0 0.0 0.0 0.0 2.895589487504531e-08 0.0 0.0 0.0 6.49017110200462e-07 0.0 0.0 0.0 9.480254311046096e-07 0.0 0.0 0.0 2.82064798075794e-06 0.0 5.9232621398021456e-05 0.0 0.0 0.0016817434898800498 3.7849235298449666e-13 0.0 0.0 0.020587070386443064 0.0029710687207086164 0.0 0.0 0.06482814879159282 0.08611340879859071 0.0 0.0 0.01761195842694903 0.0013071021997591412 0.0 0.0 0.106760774998267 2.8355531427151014e-07 0.0 0.0 0.12389494534172502 0.010470207936410425 0.0 0.0 0.22496786244917874 0.1281496459091285 0.0 0.0 0.0873158309221957 0.0 0.2294496595426495 0.0 0.0 0.0 0.036433192556246684 0.0 0.0 0.0 4.246838998809466e-06 0.0 0.0 0.0 0.2047800686741667 0.0 0.0 0.0 0.0 0.042705222172224576 0.0 0.0 0.0 0.013004381475707795 0.0 0.0 0.0 0.06272671161296142 0.0 0.0 0.0 0.10488759389162496 0.0 0.0006217088841888913 0.0 0.0 0.07942138363743713 2.0380733737734893e-08 0.0 0.0 0.03418591125806909 0.004811623576563877 0.0 0.0 0.06856652971846543 0.02121424568013686 0.0 0.0 0.005089200823344679 0.0004563097643074579 0.0 0.0 0.041555588115554036 1.4705558393118414e-08 0.0 0.0 0.007347988573613885 0.0016871525582350221 0.0 0.0 0.07447058991127789 0.06461979400838805 0.0 0.0 0.023942805355343585
0.0 0.007559268491677905 0.0 0.0 0.0 0.001699310101698994 0.0 0.0 0.0 5.0395998872323964e-08 0.0 0.0 0.0 0.0014976271199750352 0.0 0.0 0.0 0.0 0.050356568521467665 0.0 0.0 0.0 0.08114741322827979 0.0 0.0 0.0 0.1256770690828889 0.0 0.0 0.0 0.21645373118500996 0.0 0.0002949405500022155 0.0 0.0 0.007232216900062245 1.8248491732677726e-08 0.0 0.0 0.012321589067395894 0.0036691438011486406 0.0 0.0 0.03657069745296181 0.0050885349018524 0.0 0.0 0.0012224340879232061 0.001683913280925386 0.0 0.0 0.12451395776997297 6.320448071729685e-08 0.0 0.0 0.04856225528523411 0.0063040542755270325 0.0 0.0 0.11524028326263737 0.09005486148802587 0.0 0.0 0.021054325866903128 0.0 4.9269505592874446e-08 0.0 0.0 0.0 1.9788557831716038e-07 0.0 0.0 0.0 3.0420834930477605e-12 0.0 0.0 0.0 2.6960837907581e-07 0.0 0.0 0.0 0.0 0.0022800863408073717 0.0 0.0 0.0 0.033034352327292786 0.0 0.0 0.0 0.14204448267288214 0.0 0.0 0.0 0.015123143320220512 0.0 6.259945991407334e-05 0.0 0.0 0.00912605819231227 1.466002936089507e-07 0.0 0.0 0.0629562464973262 0.002305397184530406 0.0 0.0 0.0436627277774561 0.11902769126092273 0.0 0.0 0.025820569449608217 0.00022159869368685109 0.0 0.0 0.0362198244223009 1.2306935911762064e-07 0.0 0.0 0.09564979913425833 0.004413924281314607 0.0 0.0 0.14294498273046427 0.1749401199030811 0.0 0.0 0.048369937486004974 0.0 0.009675901418687734 0.0 0.0 0.0 0.0036765696989232988 0.0 0.0 0.0 1.3488205904587862e-07 0.0 0.0 0.0 0.012927011657414772 0.0 0.0 0.0 0.0 7.129253652349644e-09 0.0 0.0 0.0 3.576030144637118e-08 0.0 0.0 0.0 9.546537743559463e-09 0.0 0.0 0.0 1.3284500715941533e-07 0.0 0.0018163278502901941 0.0 0.0 0.03148962203441215 4.906241983187049e-08 0.0 0.0 0.031091509493987108 0.0038790476140902488 0.0 0.0 0.1104466446347962 0.0681317740205845 0.0 0.0 0.02086658659172854 0.0027366608602240315 0.0 0.0 0.09801212984271354 2.1857964372646224e-08 0.0 0.0 0.061052246883458124 0.005708050500473924 0.0 0.0 0.11951719471467832 0.19981165584837535 0.0 0.0 0.08154457006510643 0.0 0.4667237652144703 0.0 0.0 0.0 0.18710598697500216 0.0 0.0 0.0 0.0 0.0 0.0 0.0 0.3338037727201296 0.0 0.0 0.0 0.0 0.02908837948379212 0.0 0.0 0.0 0.1487796351064896 0.0 0.0 0.0 0.0 0.0 0.0 0.0 0.1703606665156168 0.0 0.0003296483873537316 0.0 0.0 0.010885905166669835 7.109446112430512e-08 0.0 0.0 0.11830927582282996 0.0 0.0 0.0 0.0 0.22593851375114815 0.0 0.0 0.04647425964339164 0.0012570202260926363 0.0 0.0 0.06663787806394651 2.3629034563970147e-08 0.0 0.0 0.07281738753598047 0.0 0.0 0.0 0.0 0.104640373735612 0.0 0.0 0.02907652482611619
0.0 0.0 0.0 0.0 0.0 0.005124739882999397 0.0 0.0 0.0 0.0 0.0 0.0 0.0 0.00018718870275622964 0.0 0.0 0.0 0.0 0.0 0.0 0.0 0.0 0.14611259520077358 0.0 0.0 0.0 0.0 0.0 0.0 0.0 0.04201934617109089 0.0 0.0 0.0 0.0 0.0 1.2028558585826864e-08 0.0 0.0 0.028451820389968616 0.0 0.0 0.0 0.0 0.0005425241588237968 0.0 0.0 0.000215030014065749 0.0 0.0 0.0 0.0 1.9654725946668554e-07 0.0 0.0 0.2084504513893961 0.0 0.0 0.0 0.0 0.003844846494903918 0.0 0.0 0.0017085413882288703 0.0 5.662224802504521e-07 0.0 0.0 0.0 5.989415923829522e-08 0.0 0.0 0.0 3.087757355937904e-11 0.0 0.0 0.0 0.0 0.0 0.0 0.0 0.0 0.005296811180014388 0.0 0.0 0.0 0.0032354345909492827 0.0 0.0 0.0 0.056943585974255535 0.0 0.0 0.0 0.0 0.0 0.0011087824894874423 0.0 0.0 0.04029769464078401 2.699217193482746e-23 0.0 0.0 1.0502736583653325e-12 0.007111920367284131 0.0 0.0 0.13601568444675008 0.0 0.0 0.0 0.0 0.0034186131003345697 0.0 0.0 0.14394744008637722 1.0379926852728205e-12 0.0 0.0 0.04528198244267267 0.053980900377467195 0.0 0.0 1.1044372628397106 0.0 0.0 0.0 0.0 0.0 0.0 0.0 0.0 0.0 0.0509603310479962 0.0 0.0 0.0 1.5877156800904502e-07 0.0 0.0 0.0 0.053474127863472984 0.0 0.0 0.0 0.0 0.0 0.0 0.0 0.0 3.4760752587258114e-06 0.0 0.0 0.0 2.3068640640096575e-08 0.0 0.0 0.0 3.761584862819954e-05 0.0 0.0 0.0 0.0 0.0 2.4678575312068652e-08 0.0 0.0 0.06074019523964211 6.781796636394342e-09 0.0 0.0 0.002174347833864904 0.013442113007290231 0.0 0.0 0.03537504733233115 0.0 0.0 0.0 0.0 4.561922217555443e-07 0.0 0.0 1.0041974861533034 0.005659534256694858 0.0 0.0 0.08920088314717387 0.20867176047130773 0.0 0.0 0.4167614894250116 0.0 0.18813137514938422 0.0 0.0 0.0 0.012122692097279248 0.0 0.0 0.0 4.0839379749313057e-05 0.0 0.0 0.0 0.05581554241277937 0.0 0.0 0.0 0.0 0.02391257541140236 0.0 0.0 0.0 0.03518257607943647 0.0 0.0 0.0 0.045565565911280484 0.0 0.0 0.0 0.004816141576889283 0.0 6.602759161420825e-05 0.0 0.0 0.0024004935998261524 1.1389825664863194e-12 0.0 0.0 0.04436896655750032 4.084184007079644e-06 0.0 0.0 3.189031995165016e-05 1.175466637389443e-06 0.0 0.0 4.6587593258157044e-07 0.0007185054043194056 0.0 0.0 0.027358407492801 1.227539029043751e-13 0.0 0.0 0.005360719124261124 0.03570180435517798 0.0 0.0 0.35531310821865875 0.02960802944022908 0.0 0.0 0.006793599087271229
0.0 0.004946422296960779 0.0 0.0 0.0 0.0016533177161679644 0.0 0.0 0.0 6.497993347887575e-08 0.0 0.0 0.0 0.00295453420874271 0.0 0.0 0.0 0.0 0.006899899196632781 0.0 0.0 0.0 0.008833411380458874 0.0 0.0 0.0 0.10076285031002413 0.0 0.0 0.0 0.04797927320952535 0.0 2.0131289346267368e-09 0.0 0.0 0.00425010596433608 4.956178002219714e-14 0.0 0.0 3.592293880360508e-08 0.0009504332834177803 0.0 0.0 0.014947463156548896 0.0024021954127021895 0.0 0.0 0.00013974564466373015 3.094087692912603e-08 0.0 0.0 0.09518967816036696 8.222252445253311e-08 0.0 0.0 0.06370391180606198 0.005131234891619293 0.0 0.0 0.174970989571263 0.01626549539803939 0.0 0.0 0.041544894698629084 0.0 8.22220143904944e-08 0.0 0.0 0.0 3.78672160343755e-08 0.0 0.0 0.0 1.1625950750640612e-12 0.0 0.0 0.0 1.7702094418047018e-07 0.0 0.0 0.0 0.0 0.0007817237783709526 0.0 0.0 0.0 0.02730629605239792 0.0 0.0 0.0 0.008798517636754207 0.0 0.0 0.0 0.010066856907508864 0.0 1.5854929228564772e-09 0.0 0.0 0.004415886818601172 1.463750039493733e-08 0.0 0.0 0.02730630333764764 0.0001322346466195104 0.0 0.0 0.03062579886002246 4.401668360569434e-08 0.0 0.0 3.475716831397212e-08 1.0215012543419365e-08 0.0 0.0 0.031897674904608826 1.9592028857627397e-08 0.0 0.0 0.019578087561410825 0.0008518854326849432 0.0 0.0 0.07087770199505877 0.0577319947387357 0.0 0.0 0.04348703113126184 0.0 0.02411624196393476 0.0 0.0 0.0 0.011815118587545487 0.0 0.0 0.0 6.300136702482781e-07 0.0 0.0 0.0 0.03248721083268945 0.0 0.0 0.0 0.0 1.8423290846262895e-07 0.0 0.0 0.0 8.603073972019056e-08 0.0 0.0 0.0 3.433256694677665e-06 0.0 0.0 0.0 5.089339696736631e-06 0.0 0.0017301349998099327 0.0 0.0 0.03079170707501531 7.81886766751062e-14 0.0 0.0 3.7274664241393974e-08 0.0004078194453506896 0.0 0.0 0.07744135094521166 0.04516886500054422 0.0 0.0 0.040284092465115384 0.004862153158707741 0.0 0.0 0.12397647619012787 1.5770363227904342e-07 0.0 0.0 0.09947073897564256 0.03919430637169628 0.0 0.0 0.7361461890216953 0.23563678970788243 0.0 0.0 0.16575326599148332 0.0 0.12747339280758838 0.0 0.0 0.0 0.03348492020410245 0.0 0.0 0.0 8.100289478401828e-06 0.0 0.0 0.0 0.2196057454938524 0.0 0.0 0.0 0.0 0.00939532533027179 0.0 0.0 0.0 0.0263405251961395 0.0 0.0 0.0 0.11576358363443699 0.0 0.0 0.0 0.10354823339538051 0.0 0.002823241464922915 0.0 0.0 0.04342917579289299 5.404565941051658e-09 0.0 0.0 0.00406311896903502 0.014237304064066791 0.0 0.0 0.0957813110523765 0.0005118104416651986 0.0 0.0 0.0007534856625860636 0.00013875963627246786 0.0 0.0 0.03931238211265641 1.7550957524765514e-08 0.0 0.0 0.010302171723401234 0.00787313395012749 0.0 0.0 0.2114811212987237 0.022854964078768907 0.0 0.0 0.0236795561687552
0.0 0.0034779899420514532 0.0 0.0 0.0 0.003157963213095698 0.0 0.0 0.0 6.996597051800182e-08 0.0 0.0 0.0 0.0004699279172467777 0.0 0.0 0.0 0.0 0.028534553932694662 0.0 0.0 0.0 0.01147695149042446 0.0 0.0 0.0 0.10721105341558537 0.0 0.0 0.0 0.07685679009230711 0.0 1.2099932937759974e-05 0.0 0.0 0.02353259843819758 3.645088522678471e-08 0.0 0.0 0.02003554063766352 0.0010962731570647412 0.0 0.0 0.018097192521995105 0.0007633628018491602 0.0 0.0 0.00020603209639364863 0.0010775640219652513 0.0 0.0 0.059541640123991525 1.0698724734188386e-07 0.0 0.0 0.08150584761252201 0.0077755744830681995 0.0 0.0 0.09817272923999257 0.031015691826677946 0.0 0.0 0.006864641657363588 0.0 4.929343863575579e-08 0.0 0.0 0.0 1.8436693248332546e-07 0.0 0.0 0.0 1.879523626228371e-12 0.0 0.0 0.0 1.5344713791969904e-07 0.0 0.0 0.0 0.0 0.012682053556084719 0.0 0.0 0.0 0.03021453475231759 0.0 0.0 0.0 0.12471828212957607 0.0 0.0 0.0 0.005618990912179822 0.0 0.00018076535317710648 0.0 0.0 0.0038134984403661006 6.250258446128506e-08 0.0 0.0 0.02915269160995533 0.0005824124646806779 0.0 0.0 0.03359557494533515 0.03306232194865147 0.0 0.0 0.014225700208015373 0.0005016856048647033 0.0 0.0 0.011866059350028301 9.98803883886905e-08 0.0 0.0 0.08585298487761955 0.0036112693179014576 0.0 0.0 0.09888946552226317 0.06575861691609583 0.0 0.0 0.02655477455771742 0.0 0.006579259428425998 0.0 0.0 0.0 0.0 0.0 0.0 0.0 1.3275321086473918e-07 0.0 0.0 0.0 0.017909862548346266 0.0 0.0 0.0 0.0 1.180298850247578e-08 0.0 0.0 0.0 0.0 0.0 0.0 0.0 6.22527593122763e-08 0.0 0.0 0.0 1.2591985893470502e-06 0.0 0.0009091074236895756 0.0 0.0 0.01923667644956091 0.0 0.0 0.0 0.0 0.002659245251336637 0.0 0.0 0.08998981671102882 0.09957378760020229 0.0 0.0 0.023109335364872426 0.0016478070629375571 0.0 0.0 0.05875947262627614 0.0 0.0 0.0 0.0 0.007183215368032852 0.0 0.0 0.19060864364322716 0.20555439713047588 0.0 0.0 0.08951303212690721 0.0 0.23644640544722154 0.0 0.0 0.0 0.17007571377013003 0.0 0.0 0.0 1.1305332762554347e-06 0.0 0.0 0.0 0.10154272472315562 0.0 0.0 0.0 0.0 0.02280762341776005 0.0 0.0 0.0 0.07292154123002362 0.0 0.0 0.0 0.0035485710027698715 0.0 0.0 0.0 0.02463919677887626 0.0 0.0023190082635652035 0.0 0.0 0.07107302152746882 3.359380032334079e-08 0.0 0.0 0.010702576669856832 3.1367877409938324e-09 0.0 0.0 4.2310763203287796e-08 0.02550747792388267 0.0 0.0 0.004672080832415336 0.0006229000274780663 0.0 0.0 0.04430449208998061 4.7694482820421645e-08 0.0 0.0 0.06578531461926156 0.0015812615511108198 0.0 0.0 0.023913103063251673 0.03414826476986354 0.0 0.0 0.01279903615752352
0.0 0.008775247935615033 0.0 0.0 0.0 0.005134594027978597 0.0 0.0 0.0 9.123061769743103e-08 0.0 0.0 0.0 0.0008301765229129851 0.0 0.0 0.0 0.0 0.010569308599542793 0.0 0.0 0.0 0.014033041853513782 0.0 0.0 0.0 0.07924616128417156 0.0 0.0 0.0 0.004889081376840589 0.0 0.0006736363099498731 0.0 0.0 0.010965257189943815 3.038218333907653e-09 0.0 0.0 0.0012693423262812179 0.0018259132518058832 0.0 0.0 0.04564721491837358 6.049695875477612e-07 0.0 0.0 2.3318748285402503e-07 0.006122790379583539 0.0 0.0 0.1510159676360819 2.0991655241822927e-07 0.0 0.0 0.13006057527802922 0.009617100006202934 0.0 0.0 0.1646590521899756 0.02227718057571813 0.0 0.0 0.009627164977601292 0.0 7.393519904556966e-08 0.0 0.0 0.0 1.2650453981181483e-07 0.0 0.0 0.0 3.693079057765454e-12 0.0 0.0 0.0 3.8732787366452877e-07 0.0 0.0 0.0 0.0 0.0007688150320420205 0.0 0.0 0.0 0.03036968798148716 0.0 0.0 0.0 0.05839177331577017 0.0 0.0 0.0 0.048572951546419586 0.0 0.00017738319873993448 0.0 0.0 0.002200634400848266 5.021822197915741e-08 0.0 0.0 0.027778891229816513 0.0005197531011827762 0.0 0.0 0.08050519686097964 0.025697437613142537 0.0 0.0 0.00853691911557331 0.002312501861295178 0.0 0.0 0.03216503318201894 8.828302743711608e-08 0.0 0.0 0.054724480613337324 0.00656190122691987 0.0 0.0 0.1926413499827451 0.1473526704415853 0.0 0.0 0.07083516683655282 0.0 0.023325790439693933 0.0 0.0 0.0 0.016726895076443676 0.0 0.0 0.0 2.62276349943367e-07 0.0 0.0 0.0 0.015106073922022855 0.0 0.0 0.0 0.0 8.98930012194006e-07 0.0 0.0 0.0 6.942001279174824e-08 0.0 0.0 0.0 9.081348487811514e-08 0.0 0.0 0.0 1.3870699957819344e-06 0.0 0.00021000368497579787 0.0 0.0 0.0057711959068858084 1.1427166275154813e-08 0.0 0.0 0.019107797182722267 0.006854108602046315 0.0 0.0 0.08610132223022324 0.01829118582725119 0.0 0.0 0.01519169006211666 0.004016472795148129 0.0 0.0 0.19242228790414453 1.8842545440105917e-07 0.0 0.0 0.2275361297392044 0.0206503847775017 0.0 0.0 0.3755115722322582 0.1359097020283855 0.0 0.0 0.07887105236123182 0.0 0.0766364808035607 0.0 0.0 0.0 0.11624161226675685 0.0 0.0 0.0 1.996644178183402e-06 0.0 0.0 0.0 0.2369622448061659 0.0 0.0 0.0 0.0 0.04904318263004608 0.0 0.0 0.0 0.10101346648349122 0.0 0.0 0.0 0.0063502484658436685 0.0 0.0 0.0 0.09649193315627125 0.0 0.0011769211130254551 0.0 0.0 0.08142714602860907 6.646098389844025e-09 0.0 0.0 0.0049055485934881475 0.0013425047908260214 0.0 0.0 0.01802354697781465 0.022414390878160825 0.0 0.0 0.02066520506305209 5.0400374406406945e-05 0.0 0.0 0.017412518711212684 2.9816566366502615e-08 0.0 0.0 0.04121042746460288 0.005816899679389821 0.0 0.0 0.043713686662234456 0.08435355721609258 0.0 0.0 0.02823040981212157
0.0 0.011805166917078301 0.0 0.0 0.0 0.0031737040294286794 0.0 0.0 0.0 2.2462536806669165e-08 0.0 0.0 0.0 0.0027035697982885744 0.0 0.0 0.0 0.0 0.05677332467699775 0.0 0.0 0.0 0.06320214536997132 0.0 0.0 0.0 0.08718190218904485 0.0 0.0 0.0 0.1236449811274876 0.0 0.0008095927283407832 0.0 0.0 0.024154975693716184 3.4940104789025536e-13 0.0 0.0 0.01885412821347946 0.0024118228429756026 0.0 0.0 0.028231285401478668 0.003871317036791686 0.0 0.0 0.0013775748444174196 0.007446176160049358 0.0 0.0 0.14379521830624162 2.284753643948384e-12 0.0 0.0 0.12458526908370691 0.0018135134025701813 0.0 0.0 0.05520749261741102 0.10935118059057343 0.0 0.0 0.03880503886806865 0.0 1.5193218285731583e-07 0.0 0.0 0.0 1.0006635146680453e-08 0.0 0.0 0.0 5.883038090430794e-12 0.0 0.0 0.0 1.0839639324104808e-07 0.0 0.0 0.0 0.0 0.0033619712226296496 0.0 0.0 0.0 0.028131688241589337 0.0 0.0 0.0 0.054208511262701015 0.0 0.0 0.0 0.011043077096055889 0.0 3.2893786808459195e-09 0.0 0.0 7.239263930281286e-08 2.10111035427354e-10 0.0 0.0 0.0002678396053903216 0.0013644879626999564 0.0 0.0 0.0641616533029021 0.04283342901017014 0.0 0.0 0.008116093869878549 0.0017008592002971557 0.0 0.0 0.06487535752927923 4.596749122744268e-09 0.0 0.0 0.006569665122728473 0.013489331330694203 0.0 0.0 0.3213757173167642 0.09141214338881565 0.0 0.0 0.021441187154703615 0.0 0.014030778809024631 0.0 0.0 0.0 0.010378055970828056 0.0 0.0 0.0 1.4237409606747407e-07 0.0 0.0 0.0 0.005690298726231148 0.0 0.0 0.0 0.0 1.7902558750777155e-08 0.0 0.0 0.0 1.1328638944011073e-07 0.0 0.0 0.0 4.148755945122373e-08 0.0 0.0 0.0 6.784699271109959e-08 0.0 0.00013796920782386447 0.0 0.0 0.006240159323520822 2.3488801905951284e-09 0.0 0.0 0.05185486240537191 0.0024462585288054428 0.0 0.0 0.02849187252766001 0.02595447727575896 0.0 0.0 0.006102306834173311 0.005190967914986424 0.0 0.0 0.14924614575810266 1.9012632522835284e-07 0.0 0.0 0.18255123034462917 0.007568182147604566 0.0 0.0 0.20627795741669835 0.13456277759677238 0.0 0.0 0.037505318419292 0.0 0.3049662557052157 0.0 0.0 0.0 0.083193477816084 0.0 0.0 0.0 7.568128144229967e-08 0.0 0.0 0.0 0.11151899764927499 0.0 0.0 0.0 0.0 0.01957538295936307 0.0 0.0 0.0 0.025409632745219998 0.0 0.0 0.0 0.0001385887350321986 0.0 0.0 0.0 0.07706952600032776 0.0 0.0012543998844686702 0.0 0.0 0.03680254584298945 5.996236938853268e-08 0.0 0.0 0.10561345148128881 0.0016063004482761787 0.0 0.0 0.03129283599302375 0.03151840864149298 0.0 0.0 0.010453842039424188 0.0011424948219874245 0.0 0.0 0.055889414184416716 1.3094025162790696e-08 0.0 0.0 0.03056781938343654 8.455651580433563e-05 0.0 0.0 0.0018468504097855353 0.03918160855033187 0.0 0.0 0.010011279384775489
0.0 0.003544211465578764 0.0 0.0 0.0 0.0035794475306304475 0.0 0.0 0.0 8.240423982777353e-08 0.0 0.0 0.0 0.0012032920618832454 0.0 0.0 0.0 0.0 0.04124800438810064 0.0 0.0 0.0 0.08088753454086012 0.0 0.0 0.0 0.06732870900788672 0.0 0.0 0.0 0.05942541471703577 0.0 6.651311276995299e-10 0.0 0.0 0.001069583052094969 2.049066204477395e-08 0.0 0.0 0.009486184705305642 0.00018625669769167485 0.0 0.0 0.08269800793971362 0.02690886453472449 0.0 0.0 0.0037118018214296706 0.001479217364361422 0.0 0.0 0.048335096524205555 2.1301669532725932e-07 0.0 0.0 0.09739882663479132 0.004314665088271029 0.0 0.0 0.22817673270008684 0.0421966288202585 0.0 0.0 0.010068168233877016 0.0 7.969482599988469e-08 0.0 0.0 0.0 2.0858396447392522e-07 0.0 0.0 0.0 2.758467836179582e-12 0.0 0.0 0.0 6.47418511431037e-07 0.0 0.0 0.0 0.0 0.031394527595987036 0.0 0.0 0.0 0.013076002874880999 0.0 0.0 0.0 0.10842468835649502 0.0 0.0 0.0 0.11541660130413157 0.0 1.036384169274e-08 0.0 0.0 0.03344682861542235 3.424344600525376e-08 0.0 0.0 0.008571246828649393 0.0004204862286251569 0.0 0.0 0.011396858904728224 0.046535477327526484 0.0 0.0 0.019955769938814726 8.762195528540167e-09 0.0 0.0 0.03083465842719982 1.5257529482076837e-07 0.0 0.0 0.12186652508297302 0.0035153447290830185 0.0 0.0 0.16327096215672735 0.2695655701220381 0.0 0.0 0.07474455791607604 0.0 0.005100956208117821 0.0 0.0 0.0 0.013104622256416638 0.0 0.0 0.0 4.2372130120029533e-07 0.0 0.0 0.0 0.018805581739825283 0.0 0.0 0.0 0.0 7.659415688248476e-09 0.0 0.0 0.0 6.874205245052605e-07 0.0 0.0 0.0 1.6413200743264064e-07 0.0 0.0 0.0 1.9746972506216186e-07 0.0 1.539920206544295e-08 0.0 0.0 0.03071710891676706 2.1037778453069342e-08 0.0 0.0 0.0373186367901567 0.005043647078756042 0.0 0.0 0.09935366771445579 0.02973615608418293 0.0 0.0 0.009536413216535148 0.003120614299829351 0.0 0.0 0.05673741097614041 2.1380794169426778e-07 0.0 0.0 0.18876610233586305 0.023123348672005595 0.0 0.0 0.542211542897781 0.23725114096806846 0.0 0.0 0.0873749643595528 0.0 0.23002214159062084 0.0 0.0 0.0 0.2529030233057529 0.0 0.0 0.0 5.505533731924066e-07 0.0 0.0 0.0 0.23317311152038855 0.0 0.0 0.0 0.0 0.04424099739225813 0.0 0.0 0.0 0.032518080830100465 0.0 0.0 0.0 0.035952104741444994 0.0 0.0 0.0 0.14047144977680495 0.0 0.0026411564309454876 0.0 0.0 0.15378416237427575 2.459467744178842e-07 0.0 0.0 0.14640652751236 5.172457179724613e-09 0.0 0.0 1.2983621543531465e-07 0.004589948417555348 0.0 0.0 0.007891487577113703 0.0010859999782676924 0.0 0.0 0.04660610953099429 9.105334362248879e-08 0.0 0.0 0.09439065537876683 0.00040783025877124215 0.0 0.0 0.011477436167474169 0.05931504069578126 0.0 0.0 0.032939529309718406
0.0 0.004894023137751189 0.0 0.0 0.0 0.0018169447181126308 0.0 0.0 0.0 6.29728336740416e-08 0.0 0.0 0.0 0.0010284128113861677 0.0 0.0 0.0 0.0 0.00539798937108847 0.0 0.0 0.0 0.019847862930664817 0.0 0.0 0.0 0.09431811665094464 0.0 0.0 0.0 0.06986363517457668 0.0 0.00023998321383160705 0.0 0.0 0.003861903019008477 1.3542702501984383e-08 0.0 0.0 0.018277281046338016 9.592183428022333e-05 0.0 0.0 0.0344147527162306 2.5778238027964327e-08 0.0 0.0 9.750484764800175e-09 0.0041123312824882085 0.0 0.0 0.09091573852734715 1.7738533889816745e-09 0.0 0.0 0.06947986453984376 0.0006578794575565831 0.0 0.0 0.19877917202269962 0.026816677231314038 0.0 0.0 0.01171320780551547 0.0 1.5468994117326275e-07 0.0 0.0 0.0 2.4889238210011655e-07 0.0 0.0 0.0 5.064747637550131e-12 0.0 0.0 0.0 8.775498955000055e-08 0.0 0.0 0.0 0.0 0.0062687915446203914 0.0 0.0 0.0 0.047993988891210114 0.0 0.0 0.0 0.038757186086353985 0.0 0.0 0.0 0.002736705240260014 0.0 9.338518077926534e-09 0.0 0.0 0.027825328275200265 7.081492089482992e-09 0.0 0.0 0.007813113103762388 0.0006919249560903511 0.0 0.0 0.03828709319204938 0.04633071337645963 0.0 0.0 0.016714225095357825 0.0009637334612345508 0.0 0.0 0.037889961724828974 1.335692777102903e-07 0.0 0.0 0.126562456047734 0.007902776438488298 0.0 0.0 0.24262692497649851 0.0599774085497697 0.0 0.0 0.0201368180518501 0.0 0.013873060132837529 0.0 0.0 0.0 0.010863872823677638 0.0 0.0 0.0 3.25542194577936e-07 0.0 0.0 0.0 0.015210922988492515 0.0 0.0 0.0 0.0 6.583773262273016e-08 0.0 0.0 0.0 5.943161980102435e-08 0.0 0.0 0.0 1.5113017857972294e-07 0.0 0.0 0.0 1.5104835585303109e-07 0.0 9.496964523897676e-10 0.0 0.0 3.437330258026801e-08 1.0128316192507186e-07 0.0 0.0 0.026562014660210485 0.00335618395436891 0.0 0.0 0.042118695322045666 0.048260146435699085 0.0 0.0 0.012875385077206243 0.0021820269717226313 0.0 0.0 0.129840769803395 1.6732108469714198e-07 0.0 0.0 0.1814177215832756 0.027243472601585505 0.0 0.0 0.4379170246900306 0.18546132568603396 0.0 0.0 0.06645797441875771 0.0 0.17066036616674474 0.0 0.0 0.0 0.08307560532827216 0.0 0.0 0.0 3.8927793856893344e-08 0.0 0.0 0.0 0.2168819821196331 0.0 0.0 0.0 0.0 0.04522304414767274 0.0 0.0 0.0 0.06982050316543527 0.0 0.0 0.0 9.710818821413935e-05 0.0 0.0 0.0 0.12078432746077569 0.0 9.149732850777174e-07 0.0 0.0 0.08275095910188188 3.103810762608169e-08 0.0 0.0 0.038918603488349385 2.1510422638594594e-08 0.0 0.0 0.035035702692974374 0.031087650692810817 0.0 0.0 0.007362796416804754 0.0002404434493070554 0.0 0.0 0.029390177815653874 3.5732697631982524e-08 0.0 0.0 0.027029158350168198 7.344097459947963e-10 0.0 0.0 0.001341117463356951 0.07285066896248298 0.0 0.0 0.025194438070724825
0.0 0.0040269441220980775 0.0 0.0 0.0 0.0014540100969038792 0.0 0.0 0.0 9.945173656490294e-08 0.0 0.0 0.0 0.004879000671972072 0.0 0.0 0.0 0.0 0.03098639216401092 0.0 0.0 0.0 0.07945087641290667 0.0 0.0 0.0 0.10370566106826005 0.0 0.0 0.0 0.04372576312435558 0.0 0.00013486362447370247 0.0 0.0 0.0031210254952003724 9.045223032222383e-10 0.0 0.0 0.01688287913627197 0.0002322802446993508 0.0 0.0 0.008638047581220176 0.02594481275769646 0.0 0.0 0.005590354919017064 0.0037506555561253817 0.0 0.0 0.06980433873010536 1.7777328184612154e-08 0.0 0.0 0.051311175261418714 0.006819297723448109 0.0 0.0 0.21607727300667712 0.13922637399820725 0.0 0.0 0.041556873810117106 0.0 2.922048723603874e-07 0.0 0.0 0.0 5.247593638119744e-08 0.0 0.0 0.0 2.827966509945722e-12 0.0 0.0 0.0 1.1641021125874117e-08 0.0 0.0 0.0 0.0 0.003495712343723829 0.0 0.0 0.0 0.0377333624307512 0.0 0.0 0.0 0.08238983824687088 0.0 0.0 0.0 0.026177926880675103 0.0 0.0014476576967212191 0.0 0.0 0.06622462684950597 3.0010439549583165e-09 0.0 0.0 0.0006506106620707071 0.0011038910777063978 0.0 0.0 0.06920090514604427 0.0016162913094616505 0.0 0.0 0.0004054508642400757 0.0018757311077969511 0.0 0.0 0.11332967928406934 1.0461103384500705e-07 0.0 0.0 0.03616534661383977 0.005958641340571218 0.0 0.0 0.17681938326202057 0.0070829996750551615 0.0 0.0 0.0019920595268848175 0.0 0.017403968909174693 0.0 0.0 0.0 0.005228183342438673 0.0 0.0 0.0 3.3908474729357363e-07 0.0 0.0 0.0 0.011931266744925477 0.0 0.0 0.0 0.0 7.367633190292072e-08 0.0 0.0 0.0 7.562529883050144e-08 0.0 0.0 0.0 3.100151599127695e-07 0.0 0.0 0.0 9.645618170232708e-08 0.0 0.0008307267928598507 0.0 0.0 0.03200417534552447 4.315234368603809e-14 0.0 0.0 1.0351726065512467e-07 0.0028703379764684483 0.0 0.0 0.09777451455094634 0.045278111065816196 0.0 0.0 0.00865581842839765 0.0014989221103715972 0.0 0.0 0.17191057254976505 1.6591232971449737e-07 0.0 0.0 0.10659569129464275 0.01790006394738349 0.0 0.0 0.5523997525773772 0.2029468527287649 0.0 0.0 0.06666051365195542 0.0 0.23643748753338809 0.0 0.0 0.0 0.13913594647503427 0.0 0.0 0.0 1.1967584123313422e-07 0.0 0.0 0.0 0.11343764200768441 0.0 0.0 0.0 0.0 0.026062086479034744 0.0 0.0 0.0 0.01435265011757842 0.0 0.0 0.0 0.03173746720443345 0.0 0.0 0.0 0.05809571726455652 0.0 0.00013042243224467134 0.0 0.0 0.03007207843413514 3.882340437314883e-08 0.0 0.0 0.05697524520180564 7.079698772407636e-10 0.0 0.0 0.0011090121511221043 0.03217309346315713 0.0 0.0 0.007539612511929953 0.000691075022117221 0.0 0.0 0.0420795091751215 2.529457586458154e-08 0.0 0.0 0.050459273368966925 2.5213497256911033e-09 0.0 0.0 0.004428137636621537 0.034742660693789285 0.0 0.0 0.014934453340248198
0.0 0.007993086265512383 0.0 0.0 0.0 0.0010911462178428372 0.0 0.0 0.0 8.787160446600944e-08 0.0 0.0 0.0 0.0059864187452234085 0.0 0.0 0.0 0.0 0.02240079499449063 0.0 0.0 0.0 0.001222635706514793 0.0 0.0 0.0 0.13745612417531639 0.0 0.0 0.0 0.04494712695010373 0.0 0.00040835835204367323 0.0 0.0 0.013624658243271599 4.398230771849325e-20 0.0 0.0 2.404795791447141e-09 0.005727427529113319 0.0 0.0 0.07546502018047767 0.009918083332449099 0.0 0.0 0.0029226444533337658 0.002008213187445866 0.0 0.0 0.15807964694260918 6.295043260723984e-13 0.0 0.0 0.03858916726729171 0.012680641908623691 0.0 0.0 0.2595061174997602 0.16203812541713916 0.0 0.0 0.060508262281273505 0.0 1.5696222926116338e-07 0.0 0.0 0.0 1.5336834296778395e-08 0.0 0.0 0.0 5.594473370438235e-12 0.0 0.0 0.0 2.571679890257626e-07 0.0 0.0 0.0 0.0 0.036324049332556466 0.0 0.0 0.0 0.030435950789948367 0.0 0.0 0.0 0.08882460901086532 0.0 0.0 0.0 0.011330289531866027 0.0 0.0009742222213045844 0.0 0.0 0.027891330457438614 3.0297842683180344e-14 0.0 0.0 3.949634849725775e-08 0.003800671878919805 0.0 0.0 0.06032298788733462 0.03210167092964353 0.0 0.0 0.006681669977274988 0.0001341397332891381 0.0 0.0 0.057384956084405865 7.161565164851913e-09 0.0 0.0 0.010466938812348028 0.012727858775721699 0.0 0.0 0.16154748521816129 0.11180336245207748 0.0 0.0 0.04259750792652219 0.0 0.025166760875640494 0.0 0.0 0.0 0.013420003084060557 0.0 0.0 0.0 2.0906394464171368e-07 0.0 0.0 0.0 0.015197424379969657 0.0 0.0 0.0 0.0 6.107495006019241e-08 0.0 0.0 0.0 8.674571121030166e-08 0.0 0.0 0.0 1.0587265141865755e-06 0.0 0.0 0.0 9.035635982217618e-08 0.0 0.0030368478542568272 0.0 0.0 0.11519484798076124 3.450405312558421e-08 0.0 0.0 0.03132286916860022 0.002071281946783975 0.0 0.0 0.06731931591030059 0.008844687648025491 0.0 0.0 0.003337766091770325 0.005511469959438429 0.0 0.0 0.21921657662862476 2.7651409745800286e-07 0.0 0.0 0.20067443956592532 0.01677648239376522 0.0 0.0 0.28195821633236323 0.13024264259945345 0.0 0.0 0.0877950985068691 0.0 0.1650094178009549 0.0 0.0 0.0 0.18167915326642514 0.0 0.0 0.0 9.99962391698152e-07 0.0 0.0 0.0 0.20440916856145808 0.0 0.0 0.0 0.0 0.04327228177350987 0.0 0.0 0.0 0.10208699158669539 0.0 0.0 0.0 0.004845859191855895 0.0 0.0 0.0 0.07538813630257908 0.0 0.0014702312532932913 0.0 0.0 0.03822019700977616 5.508055131675496e-08 0.0 0.0 0.0538897741774929 3.2710651866494402e-18 0.0 0.0 3.190604386858028e-12 0.02762241458111533 0.0 0.0 0.010462971035489042 0.00015372219317087772 0.0 0.0 0.038194811148817474 6.947724143420408e-08 0.0 0.0 0.07137347238234033 3.297068764317468e-08 0.0 0.0 0.03605605946894879 0.0685277526313264 0.0 0.0 0.022619072858778497
0.0 0.010002597147625586 0.0 0.0 0.0 0.004184058997385004 0.0 0.0 0.0 1.187995708357977e-07 0.0 0.0 0.0 0.0015478448269253243 0.0 0.0 0.0 0.0 0.09722666262458939 0.0 0.0 0.0 0.19308140351602848 0.0 0.0 0.0 0.15360142870260737 0.0 0.0 0.0 0.023236099142261005 0.0 6.0894168636662e-05 0.0 0.0 0.04234466462639416 9.831634001213868e-08 0.0 0.0 0.02619727768373151 0.003372541333364246 0.0 0.0 0.04899506572686182 0.030881550949668907 0.0 0.0 0.007589858981565906 0.003383548897741268 0.0 0.0 0.18695623343703563 6.818898221652485e-08 0.0 0.0 0.16507949432841584 0.00997180856332029 0.0 0.0 0.3183048382917396 0.06562337483715462 0.0 0.0 0.01682467164900538 0.0 5.578376880966465e-07 0.0 0.0 0.0 1.58914039106066e-07 0.0 0.0 0.0 4.996236569106568e-12 0.0 0.0 0.0 2.0787623645217068e-07 0.0 0.0 0.0 0.0 0.006744016004780715 0.0 0.0 0.0 0.038316552054284955 0.0 0.0 0.0 0.07288143693082424 0.0 0.0 0.0 0.04046020648668857 0.0 0.0006006935022601212 0.0 0.0 0.022495697299709353 1.2637557014900678e-07 0.0 0.0 0.07776439334110032 0.006238468696798396 0.0 0.0 0.04263950426820466 0.05912346186126029 0.0 0.0 0.024950470552906005 0.0014476727866684128 0.0 0.0 0.16298256308433484 7.480740617819168e-08 0.0 0.0 0.07818989502304081 0.014791741172950434 0.0 0.0 0.3005590500859695 0.11427496178997595 0.0 0.0 0.05259749220609509 0.0 0.026458540665299877 0.0 0.0 0.0 0.01723238759502329 0.0 0.0 0.0 1.7361595791697057e-07 0.0 0.0 0.0 0.006474263473848711 0.0 0.0 0.0 0.0 3.049478447063381e-08 0.0 0.0 0.0 1.512277725580844e-07 0.0 0.0 0.0 1.3788209675276948e-07 0.0 0.0 0.0 5.387508066441119e-08 0.0 9.265069093224388e-05 0.0 0.0 0.0026017683489484356 1.4571321260748742e-09 0.0 0.0 0.004314681455693088 0.005568590247675848 0.0 0.0 0.10862968998322332 0.09132793691846335 0.0 0.0 0.02357185616009155 0.006221002384337116 0.0 0.0 0.25603280818886015 5.253549492148693e-07 0.0 0.0 0.3184268538114524 0.010222192289559652 0.0 0.0 0.26412161701236964 0.2213058480613189 0.0 0.0 0.04586244254207994 0.0 0.43564626374158166 0.0 0.0 0.0 0.1369856059701311 0.0 0.0 0.0 0.0 0.0 0.0 0.0 0.04986373129144759 0.0 0.0 0.0 0.0 0.055471242662966366 0.0 0.0 0.0 0.0024147090997232758 0.0 0.0 0.0 0.0 0.0 0.0 0.0 9.57057684342366e-08 0.0 0.0029791613134995554 0.0 0.0 0.05377040633442354 1.2679929501426652e-13 0.0 0.0 0.006538632508392509 0.0 0.0 0.0 0.0 0.0003403829989830012 0.0 0.0 6.78720543732665e-05 0.002041136706888611 0.0 0.0 0.08147319091582535 3.0132453195351146e-08 0.0 0.0 0.04833222280461468 0.0 0.0 0.0 0.0 0.03961808358633531 0.0 0.0 0.00724543462081319
0.0 0.0022225421228230726 0.0 0.0 0.0 0.001770106867610991 0.0 0.0 0.0 7.229654549851755e-08 0.0 0.0 0.0 0.0014545595635748016 0.0 0.0 0.0 0.0 0.0008178199520480773 0.0 0.0 0.0 0.046055473524974515 0.0 0.0 0.0 0.09323713715550226 0.0 0.0 0.0 0.12035384334791484 0.0 1.0623764676260065e-15 0.0 0.0 2.2929945582496354e-09 5.136482625089262e-10 0.0 0.0 0.0003824126884375568 0.0003635206612708536 0.0 0.0 0.008568839728443302 0.04634927745776519 0.0 0.0 0.017559491283732732 1.8785009535552753e-08 0.0 0.0 0.04545718093259356 1.2229529515576013e-07 0.0 0.0 0.04878701228097337 0.007517431566494271 0.0 0.0 0.18129838310456323 0.06642661314494275 0.0 0.0 0.038841599714889326 0.0 3.292862432662567e-08 0.0 0.0 0.0 6.221407861647193e-07 0.0 0.0 0.0 6.1173026897035556e-12 0.0 0.0 0.0 3.800152124645324e-07 0.0 0.0 0.0 0.0 0.03507962944794399 0.0 0.0 0.0 0.17255520846528796 0.0 0.0 0.0 0.022363834603485885 0.0 0.0 0.0 0.09815178440708676 0.0 6.161940372133562e-10 0.0 0.0 2.6629404413741974e-08 5.449234368256907e-08 0.0 0.0 0.08291806351435413 0.002463561084399518 0.0 0.0 0.046368962359168056 0.20633430640017708 0.0 0.0 0.05970611674765207 0.0002713320448790424 0.0 0.0 0.01314654241842413 2.477308409896565e-07 0.0 0.0 0.27799900859655624 0.020076608530697218 0.0 0.0 0.2967075460998915 0.1895813425748796 0.0 0.0 0.07669440296610126 0.0 0.028788440717738197 0.0 0.0 0.0 0.01760221459615104 0.0 0.0 0.0 1.2160167368012435e-07 0.0 0.0 0.0 0.005215472314669055 0.0 0.0 0.0 0.0 2.064467561742959e-08 0.0 0.0 0.0 1.2953047256012734e-07 0.0 0.0 0.0 2.637299427065624e-07 0.0 0.0 0.0 1.2858048142992738e-08 0.0 0.001863849496858303 0.0 0.0 0.041580016807577586 1.9673369783893415e-07 0.0 0.0 0.05248250184381715 1.2395254045338337e-05 0.0 0.0 0.004210619234396581 0.011869202567246823 0.0 0.0 0.0037303877267005968 0.0027170627808095994 0.0 0.0 0.16753842997969032 2.720560096227301e-07 0.0 0.0 0.26939763383814125 0.021172690323241202 0.0 0.0 0.16859416619858025 0.0952340881047551 0.0 0.0 0.029443528684990027 0.0 0.22945325821125412 0.0 0.0 0.0 0.3034611024615531 0.0 0.0 0.0 2.3285880254578047e-07 0.0 0.0 0.0 0.25877543745766224 0.0 0.0 0.0 0.0 0.03732607458162583 0.0 0.0 0.0 0.17066374533129075 0.0 0.0 0.0 0.00014793417540934355 0.0 0.0 0.0 0.0573080952627927 0.0 0.00011769397784086529 0.0 0.0 0.0809131240870624 5.0914029092019186e-08 0.0 0.0 0.07505770332329527 3.5106713280955875e-08 0.0 0.0 0.03982396879567097 0.06597389189182085 0.0 0.0 0.01392726777940973 0.0004773231489619194 0.0 0.0 0.03969303867701423 1.5249214905850374e-07 0.0 0.0 0.08128557858879194 6.703370289691572e-09 0.0 0.0 0.008525386445503505 0.1099213088476848 0.0 0.0 0.027567203700798893
0.0 0.003556083679158781 0.0 0.0 0.0 0.0028850633505589896 0.0 0.0 0.0 4.520504392447308e-08 0.0 0.0 0.0 0.0015731886659612001 0.0 0.0 0.0 0.0 0.002769881660631639 0.0 0.0 0.0 0.04425817611870478 0.0 0.0 0.0 0.04988957912427581 0.0 0.0 0.0 0.0033001761589876635 0.0 5.474286943249071e-05 0.0 0.0 0.0012596454624012323 2.978563935536089e-13 0.0 0.0 0.0057058309125873515 0.00011731405260109776 0.0 0.0 0.0012906504929298642 0.0021828594678362538 0.0 0.0 0.000586956236102109 0.0017609926532628438 0.0 0.0 0.05294994048584387 1.29316615781602e-07 0.0 0.0 0.10302901732806244 0.009049540788447857 0.0 0.0 0.1267067307688942 0.04187516251747134 0.0 0.0 0.012832943764372336 0.0 2.1335744925358315e-07 0.0 0.0 0.0 7.183463939656554e-07 0.0 0.0 0.0 3.513270977925847e-12 0.0 0.0 0.0 1.6582632072149844e-07 0.0 0.0 0.0 0.0 0.002722244729694161 0.0 0.0 0.0 0.007483407883428435 0.0 0.0 0.0 0.04675383762792882 0.0 0.0 0.0 0.10327981672615826 0.0 1.8921552408418582e-09 0.0 0.0 1.0226097101323822e-07 1.3413778594281676e-08 0.0 0.0 0.007081680937892696 0.00340165140008688 0.0 0.0 0.06827585471074865 0.022206028905008012 0.0 0.0 0.01692229484750333 0.0019453594837796615 0.0 0.0 0.08885900849204699 5.758957341608725e-07 0.0 0.0 0.39071696779252285 0.009676221698392475 0.0 0.0 0.18364886861298427 0.11439672821627657 0.0 0.0 0.023775756127022176 0.0 0.016593873354919048 0.0 0.0 0.0 0.013975814736338804 0.0 0.0 0.0 1.325683174379185e-07 0.0 0.0 0.0 0.004696667561047233 0.0 0.0 0.0 0.0 9.259693823279552e-08 0.0 0.0 0.0 9.789216200162428e-08 0.0 0.0 0.0 4.5320508904222824e-07 0.0 0.0 0.0 1.943987499450359e-07 0.0 0.0006080206249064487 0.0 0.0 0.020115319267048057 9.655971540551292e-09 0.0 0.0 0.0039062678500509694 0.0030229392645429905 0.0 0.0 0.06846597910638379 0.025057488599790463 0.0 0.0 0.00677631613158013 0.003036773276110274 0.0 0.0 0.14669978131227068 3.2860331193620636e-07 0.0 0.0 0.26269827191045375 0.0076907879876659405 0.0 0.0 0.17022485511092433 0.05632819118374889 0.0 0.0 0.03184371574654512 0.0 0.07111168824461302 0.0 0.0 0.0 0.14337771053391793 0.0 0.0 0.0 6.831177345448202e-07 0.0 0.0 0.0 0.12246543066590275 0.0 0.0 0.0 0.0 0.0015663646937771022 0.0 0.0 0.0 0.06614594647384921 0.0 0.0 0.0 0.031308903009255845 0.0 0.0 0.0 0.029714238542349752 0.0 2.5596700685897975e-09 0.0 0.0 0.00753087546874752 1.0167944263042658e-08 0.0 0.0 0.005743566752391024 0.0034471775049586895 0.0 0.0 0.06742624339688277 0.041191605364169194 0.0 0.0 0.010954944611482088 8.356884179713442e-05 0.0 0.0 0.01323443040749152 3.0480023078764856e-08 0.0 0.0 0.034137882834798086 0.0003171153130018968 0.0 0.0 0.022202451279628038 0.03371744830786752 0.0 0.0 0.011361479751152244
0.0 0.0 0.0 0.0 0.0 0.0032663108753117026 0.0 0.0 0.0 6.665045670343322e-08 0.0 0.0 0.0 0.0015029147418901161 0.0 0.0 0.0 0.0 0.0 0.0 0.0 0.0 0.08917508981816764 0.0 0.0 0.0 0.035516971593587326 0.0 0.0 0.0 0.1186598415120935 0.0 0.0 0.0 0.0 0.0 3.132577278777521e-08 0.0 0.0 0.027722940647465992 1.2507352761719344e-05 0.0 0.0 0.00023944646907964225 0.020630727275741213 0.0 0.0 0.004395021949510783 0.0 0.0 0.0 0.0 1.1181840798881401e-08 0.0 0.0 0.1253419693555746 0.005630761194730548 0.0 0.0 0.12227114887547316 0.044980380453401636 0.0 0.0 0.014419741737474059 0.0 6.666524862094189e-07 0.0 0.0 0.0 3.041100140241439e-07 0.0 0.0 0.0 1.6144944850567082e-11 0.0 0.0 0.0 9.955611550918621e-08 0.0 0.0 0.0 0.0 0.009880053411717127 0.0 0.0 0.0 0.0030325861267750808 0.0 0.0 0.0 0.04744164053046205 0.0 0.0 0.0 2.120097353348838e-07 0.0 0.00027797446445213263 0.0 0.0 0.009854913494992205 1.176652975985023e-07 0.0 0.0 0.05694943646122425 0.0047170871657865685 0.0 0.0 0.0896607914988439 0.00010276980477839863 0.0 0.0 2.169789785909989e-05 0.0036761060831312763 0.0 0.0 0.1808989135633323 2.6979734345303784e-07 0.0 0.0 0.10368818797543466 0.030595912408729754 0.0 0.0 0.7686922556625446 0.05146260143159383 0.0 0.0 0.03024807036796237 0.0 0.0 0.0 0.0 0.0 0.039408090540938974 0.0 0.0 0.0 1.0929716516018804e-07 0.0 0.0 0.0 0.007488796931094781 0.0 0.0 0.0 0.0 0.0 0.0 0.0 0.0 1.548845004418324e-07 0.0 0.0 0.0 4.2421597287346234e-08 0.0 0.0 0.0 4.9193471396043824e-08 0.0 0.0 0.0 0.0 0.0 1.173632342989483e-08 0.0 0.0 0.036762141024482935 2.5350421092181465e-09 0.0 0.0 0.002777223450658512 0.03291859261375698 0.0 0.0 0.01060953884065509 0.0 0.0 0.0 0.0 5.152307114675111e-07 0.0 0.0 0.7831013227975098 0.003910175651749738 0.0 0.0 0.1569833487798762 0.18927767924916378 0.0 0.0 0.046129421910013776 0.0 0.24335123627136224 0.0 0.0 0.0 0.0213128290598879 0.0 0.0 0.0 7.053580231675068e-08 0.0 0.0 0.0 0.12915285169080148 0.0 0.0 0.0 0.0 0.043120621608615003 0.0 0.0 0.0 0.08867672880944139 0.0 0.0 0.0 0.00010885565527240134 0.0 0.0 0.0 0.006238456846573084 0.0 2.8197392005352493e-05 0.0 0.0 0.08163364510795318 1.4433595038091582e-09 0.0 0.0 0.00420431608800234 0.0019509106657907796 0.0 0.0 0.037081130223092264 2.8917099619189865e-07 0.0 0.0 6.947067368562945e-08 0.0007870143280697608 0.0 0.0 0.040256540632217085 3.677836660253801e-09 0.0 0.0 0.00855929752353897 7.963979460770082e-05 0.0 0.0 0.0016971186594567703 0.05444394755842191 0.0 0.0 0.014753012932644957
0.0 0.0011699871538989749 0.0 0.0 0.0 0.00034753116672323335 0.0 0.0 0.0 3.4095469194418985e-08 0.0 0.0 0.0 0.0008093646683306179 0.0 0.0 0.0 0.0 0.0016551541119314782 0.0 0.0 0.0 0.03963042434212604 0.0 0.0 0.0 0.03630535396668774 0.0 0.0 0.0 0.08713397153142358 0.0 8.659535657245852e-16 0.0 0.0 1.7999778054052888e-09 3.639329501276818e-14 0.0 0.0 0.001843438752850357 0.0012686837813921433 0.0 0.0 0.016889293174939642 0.01877528519484247 0.0 0.0 0.003433070704940785 1.0567875289571725e-08 0.0 0.0 0.024627862610399478 2.833770519844564e-13 0.0 0.0 0.013084638226148344 0.003370432593128359 0.0 0.0 0.07943128360880229 0.01915222398129248 0.0 0.0 0.007961165139589414 0.0 0.0 0.0 0.0 0.0 1.4836240213752503e-07 0.0 0.0 0.0 4.790914169501874e-12 0.0 0.0 0.0 2.559873001619543e-07 0.0 0.0 0.0 0.0 0.0 0.0 0.0 0.0 0.024461556799843392 0.0 0.0 0.0 0.03682133555540162 0.0 0.0 0.0 0.09120348528183167 0.0 0.0 0.0 0.0 0.0 1.9202090785681086e-09 0.0 0.0 0.021698173398624624 0.0008631907037458822 0.0 0.0 0.040021416123851676 0.017842429077409846 0.0 0.0 0.00509015102446525 0.0 0.0 0.0 0.0 9.479401446121878e-08 0.0 0.0 0.06365208970124182 0.009149507040282145 0.0 0.0 0.2425807455009342 0.09739991517121918 0.0 0.0 0.0355409096545287 0.0 0.003767725199408198 0.0 0.0 0.0 0.014739320419299061 0.0 0.0 0.0 1.0093568990855326e-07 0.0 0.0 0.0 0.004316119364610563 0.0 0.0 0.0 0.0 1.8003555236281772e-09 0.0 0.0 0.0 1.801898469909863e-07 0.0 0.0 0.0 2.523150327168557e-08 0.0 0.0 0.0 4.16447094186893e-08 0.0 0.0003710171467587487 0.0 0.0 0.008291618934795355 1.5949728843935202e-08 0.0 0.0 0.013715774464687502 0.0003551976475481027 0.0 0.0 0.027865312552409274 0.020786742376806236 0.0 0.0 0.0070402696583455595 0.0007989818260715977 0.0 0.0 0.04167668758077832 2.27827248257837e-07 0.0 0.0 0.2460746435900281 0.005195395548844037 0.0 0.0 0.18620809803667634 0.13604845559020773 0.0 0.0 0.023979485073907535 0.0 0.18255001887919914 0.0 0.0 0.0 0.13739937768865224 0.0 0.0 0.0 4.7353700052783155e-08 0.0 0.0 0.0 0.1301114015326425 0.0 0.0 0.0 0.0 0.04110034483006067 0.0 0.0 0.0 0.02142320091648993 0.0 0.0 0.0 7.289750807905541e-05 0.0 0.0 0.0 0.0726406982982542 0.0 0.000762060692685613 0.0 0.0 0.05147319223517001 1.4870005342093352e-08 0.0 0.0 0.04804087403321324 0.0014811187814944538 0.0 0.0 0.024695184680500276 0.0991374042782131 0.0 0.0 0.025388347184936842 0.000498382163050741 0.0 0.0 0.025599179884756403 4.8992967459649344e-08 0.0 0.0 0.040213629695426564 6.11253706575499e-05 0.0 0.0 0.0011426425496524804 0.04091838978420289 0.0 0.0 0.016145986338924622
0.0 0.009046104465604853 0.0 0.0 0.0 0.0009404215554746116 0.0 0.0 0.0 8.058069747482025e-08 0.0 0.0 0.0 0.011740255371384739 0.0 0.0 0.0 0.0 0.0316253135720614 0.0 0.0 0.0 0.05920161085287359 0.0 0.0 0.0 0.1890765817393195 0.0 0.0 0.0 0.17515614381513914 0.0 2.791367659915566e-09 0.0 0.0 0.0036812941550940603 2.1514201715641079e-13 0.0 0.0 0.019816637443270887 0.0016918581076232077 0.0 0.0 0.03591091241291397 0.030765338250545424 0.0 0.0 0.007571435129080293 0.008266898998954391 0.0 0.0 0.09791088949439829 4.882305450876172e-13 0.0 0.0 0.03293920775578803 0.015140958887275974 0.0 0.0 0.24740374457398195 0.11162408032740752 0.0 0.0 0.07710163166951467 0.0 0.0 0.0 0.0 0.0 0.0 0.0 0.0 0.0 1.2278594151867653e-12 0.0 0.0 0.0 5.1445800952723944e-08 0.0 0.0 0.0 0.0 0.0 0.0 0.0 0.0 0.0 0.0 0.0 0.0 0.002907993593160998 0.0 0.0 0.0 0.041775624013037846 0.0 0.0 0.0 0.0 0.0 0.0 0.0 0.0 0.0 0.0012194214069408005 0.0 0.0 0.05798225449659819 0.029203431806477716 0.0 0.0 0.0023979688742951834 0.0 0.0 0.0 0.0 0.0 0.0 0.0 0.0 0.00039951967834010797 0.0 0.0 0.08802131430121271 0.06440517058701269 0.0 0.0 0.01274825675085629 0.0 0.02065557015075267 0.0 0.0 0.0 0.002571905986429441 0.0 0.0 0.0 1.507718490049943e-07 0.0 0.0 0.0 0.011408205616919567 0.0 0.0 0.0 0.0 5.015237397866611e-07 0.0 0.0 0.0 7.067439342269624e-08 0.0 0.0 0.0 1.5659818028098815e-07 0.0 0.0 0.0 1.2550042040700658e-07 0.0 0.00523133894966388 0.0 0.0 0.15147631149090623 2.105898523156331e-08 0.0 0.0 0.025867586912485994 0.00045865168943152383 0.0 0.0 0.006228673178887097 0.003267877678818766 0.0 0.0 0.0007062295351371879 0.0043351251608673095 0.0 0.0 0.1569947855484016 8.209333919197452e-09 0.0 0.0 0.04682565889711234 0.010331065091331755 0.0 0.0 0.2464096837559115 0.2648105955093902 0.0 0.0 0.05850059898364538 0.0 0.4178735801387395 0.0 0.0 0.0 0.04117129006429479 0.0 0.0 0.0 6.229429595581223e-07 0.0 0.0 0.0 0.15340624018897114 0.0 0.0 0.0 0.0 0.062011637245373556 0.0 0.0 0.0 0.03160139505704487 0.0 0.0 0.0 0.0012519585636551645 0.0 0.0 0.0 0.07979931881417154 0.0 0.002903982344278496 0.0 0.0 0.0862575959705842 1.0052621828090605e-08 0.0 0.0 0.03048152811341067 0.003611712464917038 0.0 0.0 0.0840812806246502 0.07277728997487469 0.0 0.0 0.016617778968186597 0.0009895066568998872 0.0 0.0 0.06971833742341707 1.2125384460725524e-08 0.0 0.0 0.009643642195353875 0.0017826452000902718 0.0 0.0 0.02216965781183827 0.06067141450403476 0.0 0.0 0.030686842112832995
0.0 0.012702025228375774 0.0 0.0 0.0 0.0015622577247129002 0.0 0.0 0.0 6.552214911750745e-08 0.0 0.0 0.0 0.0022283363816345387 0.0 0.0 0.0 0.0 0.03689007549230939 0.0 0.0 0.0 0.02245031919981249 0.0 0.0 0.0 0.037715914829530545 0.0 0.0 0.0 0.07589712468255644 0.0 0.0021841744666446813 0.0 0.0 0.05571890038448206 2.3578981918464056e-08 0.0 0.0 0.008667171898525035 0.001200077455720891 0.0 0.0 0.018548706252398888 2.2312007924521402e-07 0.0 0.0 0.00805140324235392 0.006862712061382353 0.0 0.0 0.25724699051234684 1.5288150964775238e-08 0.0 0.0 0.041641187938924865 0.005543730480159291 0.0 0.0 0.19711492016191998 0.03680123565725652 0.0 0.0 0.025663628174335713 0.0 5.71839013763453e-08 0.0 0.0 0.0 1.7500862644184602e-07 0.0 0.0 0.0 2.912392498870338e-12 0.0 0.0 0.0 1.9431702572116665e-07 0.0 0.0 0.0 0.0 0.024451835858601837 0.0 0.0 0.0 0.05729903655674549 0.0 0.0 0.0 0.1224529408659131 0.0 0.0 0.0 0.05984026385930466 0.0 0.0011455837872303115 0.0 0.0 0.024142848303023733 1.4280766800116188e-08 0.0 0.0 0.00840084468877874 0.00042761343288894347 0.0 0.0 0.005873363604079869 0.018333846289786338 0.0 0.0 0.034943204664798506 0.001319827224589318 0.0 0.0 0.02326082327176165 6.341127860242949e-08 0.0 0.0 0.08294181731202038 0.011940255309575936 0.0 0.0 0.15658972930106257 0.06979212995352851 0.0 0.0 0.040053287802880845 0.0 0.02013674608982913 0.0 0.0 0.0 0.006895886833318934 0.0 0.0 0.0 2.2726186135955936e-07 0.0 0.0 0.0 0.012597380950865038 0.0 0.0 0.0 0.0 2.515290536909814e-07 0.0 0.0 0.0 6.132387631523136e-08 0.0 0.0 0.0 1.7469810527034746e-07 0.0 0.0 0.0 3.40423500776928e-07 0.0 0.0011798247728033678 0.0 0.0 0.020753847700623333 5.0649057205223153e-08 0.0 0.0 0.04962018082691673 0.00036717647347649215 0.0 0.0 0.00883106602929563 0.08505790183138413 0.0 0.0 0.02753821873781327 0.0027413653432002034 0.0 0.0 0.14099040363726079 1.554211626979393e-07 0.0 0.0 0.09212561620388454 0.01624238484699481 0.0 0.0 0.3461638488358075 0.19445303922959162 0.0 0.0 0.05195799697238608 0.0 0.14011460570210257 0.0 0.0 0.0 0.2555857575739068 0.0 0.0 0.0 5.351876131839227e-07 0.0 0.0 0.0 0.10389888429827437 0.0 0.0 0.0 0.0 0.03302851751922173 0.0 0.0 0.0 0.013517901970918934 0.0 0.0 0.0 0.033179236627821254 0.0 0.0 0.0 0.041333517287923775 0.0 0.00033112290850190857 0.0 0.0 0.030591213017861687 2.7547551639168434e-09 0.0 0.0 0.008777176745313746 0.0028762530054793865 0.0 0.0 0.08022122161293649 0.0431783889448517 0.0 0.0 0.026014889082214405 0.0007280742925201857 0.0 0.0 0.018169393447116447 1.0112831257899256e-07 0.0 0.0 0.09372393797233382 0.0010327501315787121 0.0 0.0 0.03133195469278734 0.06860381906182716 0.0 0.0 0.014254403841341303
0.0 0.002999338714354688 0.0 0.0 0.0 0.001066196061649311 0.0 0.0 0.0 4.267888740782349e-08 0.0 0.0 0.0 0.004923592575978617 0.0 0.0 0.0 0.0 0.025379178025091445 0.0 0.0 0.0 0.050895293115270496 0.0 0.0 0.0 0.15129246152076675 0.0 0.0 0.0 0.17479866510652436 0.0 1.2873645542037455e-10 0.0 0.0 0.00040950544084449996 4.413896180146729e-13 0.0 0.0 0.017816708801209377 0.0006728557518775483 0.0 0.0 0.02448043858738234 0.02594222287863718 0.0 0.0 0.0026303645645732203 0.0007923306979259644 0.0 0.0 0.044541181513870105 9.92229434425982e-13 0.0 0.0 0.04140410380167195 0.012913195170457439 0.0 0.0 0.14418791163433273 0.13755378611160143 0.0 0.0 0.06181980862721262 0.0 0.0 0.0 0.0 0.0 7.72720187765811e-08 0.0 0.0 0.0 2.734534146275969e-12 0.0 0.0 0.0 1.9646885511257869e-07 0.0 0.0 0.0 0.0 0.0 0.0 0.0 0.0 0.05499026537519264 0.0 0.0 0.0 0.0028208701639287413 0.0 0.0 0.0 0.09137150591073201 0.0 0.0 0.0 0.0 0.0 4.9605397293022703e-14 0.0 0.0 0.0030577986427352695 0.002690828238109238 0.0 0.0 0.10319473626099851 0.005144045376202555 0.0 0.0 0.0015334314864541415 0.0 0.0 0.0 0.0 7.182278005960582e-13 0.0 0.0 0.05313416049052023 0.006776222809356115 0.0 0.0 0.1439427133477539 0.11460447519569433 0.0 0.0 0.04677171638494297 0.0 0.03391770566963408 0.0 0.0 0.0 0.0079872445828465 0.0 0.0 0.0 1.0373689615477272e-07 0.0 0.0 0.0 0.007779753081949834 0.0 0.0 0.0 0.0 1.2694208775422595e-07 0.0 0.0 0.0 9.00721729135972e-07 0.0 0.0 0.0 2.183205624023245e-08 0.0 0.0 0.0 4.1240580450425735e-07 0.0 0.00016351883650120611 0.0 0.0 0.00388042595899398 2.1728127721442322e-08 0.0 0.0 0.027093065126582525 0.0018787916815071809 0.0 0.0 0.03465099942785908 0.053211704554186265 0.0 0.0 0.005538440318426847 0.005777237497817941 0.0 0.0 0.2527471231782577 6.086629271585413e-08 0.0 0.0 0.11316177601606774 0.014186997892884256 0.0 0.0 0.17164768899126656 0.12374372029411854 0.0 0.0 0.03209057290798347 0.0 0.3654485533836642 0.0 0.0 0.0 0.14012912353333878 0.0 0.0 0.0 1.3179362284809038e-06 0.0 0.0 0.0 0.10658733068115625 0.0 0.0 0.0 0.0 0.046572791186522806 0.0 0.0 0.0 0.009734380792357066 0.0 0.0 0.0 0.001629829384244843 0.0 0.0 0.0 0.06574344842694371 0.0 0.0014069708214737998 0.0 0.0 0.07698628890203141 1.3800644904114432e-07 0.0 0.0 0.07453606962985403 0.006759265175228482 0.0 0.0 0.06638871754858448 0.09632024372641969 0.0 0.0 0.01676941415419675 0.0008491120484146565 0.0 0.0 0.06464779256406676 5.314053749261496e-08 0.0 0.0 0.0350256057203447 0.004172846081916252 0.0 0.0 0.03223032565503222 0.035506995145585966 0.0 0.0 0.012619473209401861
0.0 0.006739775082699863 0.0 0.0 0.0 0.0023869917481263935 0.0 0.0 0.0 8.072652477768623e-08 0.0 0.0 0.0 0.0014769500634382784 0.0 0.0 0.0 0.0 0.005315133780282351 0.0 0.0 0.0 0.03853101432811264 0.0 0.0 0.0 0.06255334543385989 0.0 0.0 0.0 0.028424975098331445 0.0 1.1034530320234645e-09 0.0 0.0 0.0008348974237081398 5.523664156003458e-13 0.0 0.0 0.02489407035874001 0.0016091957600311967 0.0 0.0 0.01798994394690012 0.0008943180506775486 0.0 0.0 0.00012235275604285955 0.002700692170163029 0.0 0.0 0.10877448060132883 5.6794498626154145e-09 0.0 0.0 0.08964414308706274 0.006038743478561219 0.0 0.0 0.09835616089657559 0.046919845944824755 0.0 0.0 0.01543529320791149 0.0 1.8628056886457187e-07 0.0 0.0 0.0 1.2098592195595395e-07 0.0 0.0 0.0 6.207079999744266e-12 0.0 0.0 0.0 1.034381319403929e-07 0.0 0.0 0.0 0.0 0.023606827248644286 0.0 0.0 0.0 0.035779603075497005 0.0 0.0 0.0 0.11835515587204527 0.0 0.0 0.0 0.0019263310694692076 0.0 1.0011272609257086e-05 0.0 0.0 0.00032906614162363365 1.512162902393859e-08 0.0 0.0 0.020060241696565728 0.007376930704920527 0.0 0.0 0.06450884745650541 0.051215555974522695 0.0 0.0 0.01010109992819251 0.00023859314041313674 0.0 0.0 0.0690890510373672 6.659296001690289e-08 0.0 0.0 0.06852493268906149 0.01014189604907618 0.0 0.0 0.23489460047696872 0.07161427166794042 0.0 0.0 0.020598863123787222 0.0 0.00939176401725638 0.0 0.0 0.0 0.008450942645454717 0.0 0.0 0.0 1.7194934347869786e-07 0.0 0.0 0.0 0.019645013520533643 0.0 0.0 0.0 0.0 1.4545313449300378e-08 0.0 0.0 0.0 1.167595476951405e-06 0.0 0.0 0.0 6.382286359426894e-08 0.0 0.0 0.0 1.3298369983945815e-06 0.0 0.0030420231206916407 0.0 0.0 0.061687037414229755 8.86494782607619e-08 0.0 0.0 0.04080573227685238 8.30879288998959e-05 0.0 0.0 0.027923166111949525 0.04249586799009836 0.0 0.0 0.017902711340938987 0.0037892085507604855 0.0 0.0 0.07754617755379233 1.8888675090203075e-07 0.0 0.0 0.1372893501884396 0.008777533763692176 0.0 0.0 0.24303718178693057 0.14520047020251392 0.0 0.0 0.11675830255341346 0.0 0.11869274326006121 0.0 0.0 0.0 0.1688298618861527 0.0 0.0 0.0 2.2718849258342945e-06 0.0 0.0 0.0 0.10930655390978643 0.0 0.0 0.0 0.0 0.01742280382586519 0.0 0.0 0.0 0.0792899832974822 0.0 0.0 0.0 0.007257497626177896 0.0 0.0 0.0 0.02645833618236503 0.0 0.0006128015280752381 0.0 0.0 0.02424646587944314 2.219223630441369e-09 0.0 0.0 0.025969050942004804 2.340921260254947e-09 0.0 0.0 4.220874133651842e-08 0.004690146601347625 0.0 0.0 0.0012924604674070415 0.00021046673462349463 0.0 0.0 0.0253621890143845 4.3560785777811936e-08 0.0 0.0 0.06791475353884768 0.0029580286824637636 0.0 0.0 0.051964647337587495 0.03380095450900084 0.0 0.0 0.0109990185725458
0.0 0.01847529225639851 0.0 0.0 0.0 0.006668780220889859 0.0 0.0 0.0 8.611297558570409e-08 0.0 0.0 0.0 0.0029490777261280145 0.0 0.0 0.0 0.0 0.04750694584699424 0.0 0.0 0.0 0.07286956058036353 0.0 0.0 0.0 0.14212590137227354 0.0 0.0 0.0 0.1483959215218903 0.0 0.002569795422316912 0.0 0.0 0.07155388464031148 2.729644182891084e-09 0.0 0.0 0.007215287016900691 0.00023291754030322677 0.0 0.0 0.020848303887906115 0.027794258377065176 0.0 0.0 0.0037708454445574834 0.011504074797071755 0.0 0.0 0.3141732397732403 1.1396708884386301e-07 0.0 0.0 0.22376841064266834 0.00850338353198253 0.0 0.0 0.24231894776463303 0.034564835397500215 0.0 0.0 0.04129352416415506 0.0 1.5547639458810552e-07 0.0 0.0 0.0 1.1224260600866894e-07 0.0 0.0 0.0 7.671787604342639e-12 0.0 0.0 0.0 9.7385664267272e-08 0.0 0.0 0.0 0.0 0.02940817851793119 0.0 0.0 0.0 0.0808550716488112 0.0 0.0 0.0 0.050179433982157254 0.0 0.0 0.0 0.01465557866290031 0.0 8.312899077178348e-05 0.0 0.0 0.0016889260317267752 1.7057543621195146e-08 0.0 0.0 0.04649784320453483 0.0008781210807213009 0.0 0.0 0.020824095103860282 0.10120103807183421 0.0 0.0 0.024572259942302003 0.002285419647849675 0.0 0.0 0.07004157638784449 1.2172836299677978e-07 0.0 0.0 0.0796616042231783 0.008339792417740686 0.0 0.0 0.3855617901441818 0.098576704742753 0.0 0.0 0.019762783825842515 0.0 0.04381178641917793 0.0 0.0 0.0 0.009057856599001211 0.0 0.0 0.0 2.834165148285084e-07 0.0 0.0 0.0 0.01582588229005253 0.0 0.0 0.0 0.0 1.5609118696740862e-07 0.0 0.0 0.0 1.3085642325367194e-06 0.0 0.0 0.0 7.466663187738023e-08 0.0 0.0 0.0 2.5111089155271677e-07 0.0 0.0020560929108882258 0.0 0.0 0.056821502585008406 1.1362078597801213e-09 0.0 0.0 0.004451308710050082 0.006206220055100392 0.0 0.0 0.08546347419161225 0.035334293821377025 0.0 0.0 0.013562854235178216 0.008503151105305761 0.0 0.0 0.30283685109850667 2.210038747815329e-08 0.0 0.0 0.1935042729951578 0.03465263436982944 0.0 0.0 0.44296793108916277 0.2553690199546783 0.0 0.0 0.09393723879789627 0.0 0.34981067566070395 0.0 0.0 0.0 0.1593715137493029 0.0 0.0 0.0 1.350796403818192e-06 0.0 0.0 0.0 0.08993198498933644 0.0 0.0 0.0 0.0 0.057070017163785035 0.0 0.0 0.0 0.04201948868988753 0.0 0.0 0.0 0.0024042694665734822 0.0 0.0 0.0 0.007213267070935192 0.0 0.001444610980401076 0.0 0.0 0.04517235575300765 2.5640416000638312e-08 0.0 0.0 0.057539106343768534 0.0026992384537700477 0.0 0.0 0.06340960610739069 6.1093883853187e-08 0.0 0.0 1.3993979512059457e-08 0.00102823641487055 0.0 0.0 0.06301102928982427 6.075268566835007e-08 0.0 0.0 0.051591959981494885 0.0016186025281439511 0.0 0.0 0.033374317700236494 0.046275313736655235 0.0 0.0 0.011840436693987506
0.0 0.008843700686880472 0.0 0.0 0.0 0.003190785353889752 0.0 0.0 0.0 3.508925773390425e-08 0.0 0.0 0.0 0.0026780689563366484 0.0 0.0 0.0 0.0 0.04913701497964937 0.0 0.0 0.0 0.001980842664367601 0.0 0.0 0.0 0.04660089862914267 0.0 0.0 0.0 0.2078636172568026 0.0 0.00034436669226883295 0.0 0.0 0.00821594355737594 5.630706327515782e-09 0.0 0.0 0.0024001332229638323 0.0023273647971841075 0.0 0.0 0.04234983201278638 0.021365255444076556 0.0 0.0 0.012161786128935884 0.006648710306083691 0.0 0.0 0.18498120653628558 9.917694429052896e-08 0.0 0.0 0.09569651105454571 0.0046866531992036135 0.0 0.0 0.1105719704792605 0.08845680494638282 0.0 0.0 0.028913787129426775 0.0 4.18301346788356e-07 0.0 0.0 0.0 7.163576303972891e-07 0.0 0.0 0.0 8.98179164547256e-12 0.0 0.0 0.0 1.6272352688454615e-07 0.0 0.0 0.0 0.0 0.006892151205239758 0.0 0.0 0.0 0.022269604966970627 0.0 0.0 0.0 0.17840782667270044 0.0 0.0 0.0 3.3964021137896843e-07 0.0 9.549980495247315e-05 0.0 0.0 0.020251813794891514 7.782381889156896e-12 0.0 0.0 0.002017476932623393 0.000825386033918697 0.0 0.0 0.06556906786948191 0.004524286135709041 0.0 0.0 0.0030962038909399126 0.003041715522672584 0.0 0.0 0.12462096702602316 3.8828638146391554e-07 0.0 0.0 0.337151133310573 0.013109872496755824 0.0 0.0 0.4133322980903752 0.05406123097844624 0.0 0.0 0.04158615373458407 0.0 0.010582154578967638 0.0 0.0 0.0 0.01911276098409828 0.0 0.0 0.0 3.421309941836861e-07 0.0 0.0 0.0 0.02019471621953572 0.0 0.0 0.0 0.0 2.2026425906295134e-07 0.0 0.0 0.0 2.149767082225955e-06 0.0 0.0 0.0 8.19190827754263e-08 0.0 0.0 0.0 1.5820726704212046e-07 0.0 0.0009955863079496134 0.0 0.0 0.03423551937558786 9.058334696864329e-09 0.0 0.0 0.00502512585469708 0.0030233614378924463 0.0 0.0 0.0859055063893959 0.053336492515933066 0.0 0.0 0.0449621983926399 0.0022800933253224742 0.0 0.0 0.10680899180303964 6.458931603846812e-07 0.0 0.0 0.28566443975287986 0.018287009030635865 0.0 0.0 0.4607597731607951 0.2887882231626159 0.0 0.0 0.10906009701909593 0.0 0.2861562547836271 0.0 0.0 0.0 0.1852656597895038 0.0 0.0 0.0 2.2329284573972174e-06 0.0 0.0 0.0 0.15569035622812566 0.0 0.0 0.0 0.0 0.03313536471586828 0.0 0.0 0.0 0.07212713707187889 0.0 0.0 0.0 0.0024749921115046537 0.0 0.0 0.0 0.07289560299182889 0.0 0.0014306460040296128 0.0 0.0 0.04088100446026148 1.4245858316237406e-07 0.0 0.0 0.17951407240243278 0.00357794584651765 0.0 0.0 0.03936665395656803 0.038240770099414914 0.0 0.0 0.004792683493886412 0.0011759329358185496 0.0 0.0 0.05029430551406502 6.879593154067756e-09 0.0 0.0 0.07943486691509577 0.004052381071487617 0.0 0.0 0.0537941711888822 0.0734566319052948 0.0 0.0 0.01636327514341063
0.0 0.0067417843798069 0.0 0.0 0.0 0.0012713292722923235 0.0 0.0 0.0 1.1906591607815888e-07 0.0 0.0 0.0 0.002216988424852764 0.0 0.0 0.0 0.0 0.009874998718745092 0.0 0.0 0.0 0.03894259668018286 0.0 0.0 0.0 0.13244165779975145 0.0 0.0 0.0 0.07591543166600812 0.0 2.465836095612768e-09 0.0 0.0 0.003101921672612122 4.4832054582769234e-08 0.0 0.0 0.03616677586438828 0.0016149420621821315 0.0 0.0 0.0167941111414268 0.0027535921969002075 0.0 0.0 0.0005582186258604712 0.0019802680206810032 0.0 0.0 0.1425098565263255 1.1225166405163155e-08 0.0 0.0 0.04677586596392062 0.016081703377538222 0.0 0.0 0.24358954601320218 0.09858558181817863 0.0 0.0 0.025231226998208275 0.0 0.0 0.0 0.0 0.0 3.836369083112697e-07 0.0 0.0 0.0 5.990278298266721e-12 0.0 0.0 0.0 1.9466922637479967e-07 0.0 0.0 0.0 0.0 0.0 0.0 0.0 0.0 0.04878937978004183 0.0 0.0 0.0 0.06461227829293512 0.0 0.0 0.0 0.035328245333076574 0.0 0.0 0.0 0.0 0.0 3.396826811788001e-08 0.0 0.0 0.04542803140281178 0.001438494320013899 0.0 0.0 0.03893520431239162 0.05861153720917005 0.0 0.0 0.01109494466448935 0.0 0.0 0.0 0.0 1.6399179873968456e-07 0.0 0.0 0.15209525489618134 0.01022722001982018 0.0 0.0 0.2542566745628639 0.09729842372609937 0.0 0.0 0.04397990207394832 0.0 0.02242561507626612 0.0 0.0 0.0 0.009960404444925429 0.0 0.0 0.0 1.9880375317933507e-07 0.0 0.0 0.0 0.015301159031398852 0.0 0.0 0.0 0.0 7.845039632511188e-08 0.0 0.0 0.0 4.7320932252345503e-08 0.0 0.0 0.0 4.8156840185575086e-08 0.0 0.0 0.0 7.443173984914158e-07 0.0 0.0018221981055660443 0.0 0.0 0.10697646888280199 5.443635155958246e-09 0.0 0.0 0.0034877646658956775 0.0008168042200607869 0.0 0.0 0.06957459313429944 0.014996903243502932 0.0 0.0 0.005357297026116116 0.005712692811993207 0.0 0.0 0.2325328181869915 1.0353157499415171e-07 0.0 0.0 0.15076050637704314 0.016519650981070375 0.0 0.0 0.2825585762179909 0.16088023371141333 0.0 0.0 0.09082911829218192 0.0 0.22800728540861445 0.0 0.0 0.0 0.14566648206162286 0.0 0.0 0.0 6.003699077186558e-07 0.0 0.0 0.0 0.1770797127084491 0.0 0.0 0.0 0.0 0.05111453169211927 0.0 0.0 0.0 0.09644451349330967 0.0 0.0 0.0 0.0059780504723514075 0.0 0.0 0.0 0.046133372928119885 0.0 0.0002649153346656552 0.0 0.0 0.04439428032980364 1.8849407645413828e-07 0.0 0.0 0.07200584758691558 0.0005098360957795058 0.0 0.0 0.016604592759503184 0.016761157735303636 0.0 0.0 0.02065689877537602 0.00045014440412606083 0.0 0.0 0.04523871434468608 3.286830377005348e-08 0.0 0.0 0.05535280700978665 0.0004787262798784796 0.0 0.0 0.017480401968581395 0.08787334821266246 0.0 0.0 0.020965381154103974
0.0 0.009009786513037831 0.0 0.0 0.0 7.75209548928782e-05 0.0 0.0 0.0 1.148843275587258e-07 0.0 0.0 0.0 0.0018283417474173969 0.0 0.0 0.0 0.0 0.019649986772619855 0.0 0.0 0.0 0.016069292429925133 0.0 0.0 0.0 0.0747708211969505 0.0 0.0 0.0 0.08515575264361697 0.0 0.00038935652865420954 0.0 0.0 0.019913627009762975 3.0436821350847183e-13 0.0 0.0 0.01195025857562311 0.0016170938032760338 0.0 0.0 0.02589364685835397 0.001120776989504293 0.0 0.0 0.006800573067985798 0.0054198529617988 0.0 0.0 0.13267692048325183 6.995810211986277e-14 0.0 0.0 0.003079516417372133 0.005736190926198493 0.0 0.0 0.2037480161127693 0.06352319802146962 0.0 0.0 0.028630887799131442 0.0 0.0 0.0 0.0 0.0 0.0 0.0 0.0 0.0 4.742346160138647e-12 0.0 0.0 0.0 1.0683561535971374e-07 0.0 0.0 0.0 0.0 0.0 0.0 0.0 0.0 0.0 0.0 0.0 0.0 0.05018347778554166 0.0 0.0 0.0 0.054284913323479955 0.0 0.0 0.0 0.0 0.0 0.0 0.0 0.0 0.0 0.003256121130446929 0.0 0.0 0.06028753087273693 0.040764769222333255 0.0 0.0 0.017607039552873936 0.0 0.0 0.0 0.0 0.0 0.0 0.0 0.0 0.012555231670256396 0.0 0.0 0.24783669907452677 0.05481398742525498 0.0 0.0 0.019588713909568043 0.0 0.01807590242972257 0.0 0.0 0.0 0.010069246701298962 0.0 0.0 0.0 1.6857493766285683e-07 0.0 0.0 0.0 0.006887681646736294 0.0 0.0 0.0 0.0 4.816097232382817e-08 0.0 0.0 0.0 8.923521976226692e-08 0.0 0.0 0.0 2.768325219152516e-07 0.0 0.0 0.0 7.912462440810676e-08 0.0 0.00034015694267886074 0.0 0.0 0.032110887786684465 2.0582428515853365e-09 0.0 0.0 0.026771791329584172 0.0007312569460592163 0.0 0.0 0.014483601851112414 0.032422275608939094 0.0 0.0 0.012982746211734075 0.004194106020272466 0.0 0.0 0.19469160568517002 7.57886146051855e-08 0.0 0.0 0.18139491353435275 0.012348665024922555 0.0 0.0 0.25302532617413453 0.10365907337333374 0.0 0.0 0.06228426268194549 0.0 0.1685601641003521 0.0 0.0 0.0 0.09061378150632059 0.0 0.0 0.0 2.0988988632900133e-07 0.0 0.0 0.0 0.14464986943521452 0.0 0.0 0.0 0.0 0.04803529789987257 0.0 0.0 0.0 0.09834843724250314 0.0 0.0 0.0 0.00012738809540889702 0.0 0.0 0.0 0.006854876427198956 0.0 0.00013397656314637817 0.0 0.0 0.03310621919527674 8.412386349086147e-09 0.0 0.0 0.06375906712192159 2.2177297271558905e-08 0.0 0.0 0.02332953048203988 0.020789292011232627 0.0 0.0 0.005177505555619473 0.00043831508312494903 0.0 0.0 0.030315322561915575 2.0580252953601564e-08 0.0 0.0 0.027867980540303705 6.545177402630627e-09 0.0 0.0 0.007719431188377813 0.08673065227970586 0.0 0.0 0.01638709969471687
0.0 0.0011163331327053256 0.0 0.0 0.0 0.002220721723432132 0.0 0.0 0.0 2.1138037045546297e-08 0.0 0.0 0.0 0.0015811042194056877 0.0 0.0 0.0 0.0 0.048134751087805475 0.0 0.0 0.0 0.04642664061961893 0.0 0.0 0.0 0.09081790145475445 0.0 0.0 0.0 0.04121268397407625 0.0 0.0013455149738719582 0.0 0.0 0.053711989822061185 3.2249411323891264e-09 0.0 0.0 0.0007969198812822966 0.00039612322003060904 0.0 0.0 0.030935299194571723 0.04162072294804145 0.0 0.0 0.010150154519075598 0.0007236540189980914 0.0 0.0 0.01930835038908412 1.1709721219833817e-07 0.0 0.0 0.043811042521907935 0.00279720688151669 0.0 0.0 0.061564338247878686 0.04659687413191551 0.0 0.0 0.014264201988143169 0.0 0.0 0.0 0.0 0.0 0.0 0.0 0.0 0.0 2.1125699749290492e-12 0.0 0.0 0.0 2.6314689700066184e-07 0.0 0.0 0.0 0.0 0.0 0.0 0.0 0.0 0.0 0.0 0.0 0.0 0.02222582759738145 0.0 0.0 0.0 0.034820625241944174 0.0 0.0 0.0 0.0 0.0 0.0 0.0 0.0 0.0 0.006860704196897792 0.0 0.0 0.08873247194310097 0.0018544873661562088 0.0 0.0 0.02650484680319523 0.0 0.0 0.0 0.0 0.0 0.0 0.0 0.0 0.005576714643076875 0.0 0.0 0.0942003201103511 0.06748241066210225 0.0 0.0 0.05584825691649435 0.0 0.0 0.0 0.0 0.0 0.013615845328415175 0.0 0.0 0.0 2.314753770092538e-07 0.0 0.0 0.0 0.014962292045023886 0.0 0.0 0.0 0.0 0.0 0.0 0.0 0.0 2.69963938308291e-08 0.0 0.0 0.0 1.2381803659237397e-06 0.0 0.0 0.0 8.67799640852233e-08 0.0 0.0 0.0 0.0 0.0 1.208824020056679e-08 0.0 0.0 0.03306580806188224 0.0018385558561069102 0.0 0.0 0.08709974435553056 0.029834560718425704 0.0 0.0 0.01104958462874211 0.0 0.0 0.0 0.0 1.249094800597845e-07 0.0 0.0 0.10874392439624614 0.012561090841297135 0.0 0.0 0.36477636463329544 0.19527599660479017 0.0 0.0 0.059728962784369434 0.0 0.21628595862217684 0.0 0.0 0.0 0.04120988578747833 0.0 0.0 0.0 1.1207460253441733e-06 0.0 0.0 0.0 0.27700820349006394 0.0 0.0 0.0 0.0 0.08645925599672337 0.0 0.0 0.0 0.07752584269333744 0.0 0.0 0.0 0.0498433154191917 0.0 0.0 0.0 0.07972344879213797 0.0 0.0010657525380499272 0.0 0.0 0.05583570086799316 5.085247670220927e-13 0.0 0.0 0.01957421552575569 3.5821289334083864e-09 0.0 0.0 0.005482576418218159 0.058321972672534673 0.0 0.0 0.0154766231829334 0.0012407662724103973 0.0 0.0 0.04321949433235625 5.82862745479118e-09 0.0 0.0 0.01711579194495028 2.1627018360023196e-08 0.0 0.0 0.0379284072758121 0.09351814354177845 0.0 0.0 0.03548427873091926
0.0 0.0031525480541297647 0.0 0.0 0.0 0.0033957213176249047 0.0 0.0 0.0 7.671457526299062e-08 0.0 0.0 0.0 0.0036016532734017715 0.0 0.0 0.0 0.0 0.0028137463180422776 0.0 0.0 0.0 0.0784106539161693 0.0 0.0 0.0 0.03488392878482988 0.0 0.0 0.0 0.012204878123426667 0.0 0.0006632146918308596 0.0 0.0 0.019536582760755587 1.31965124641685e-07 0.0 0.0 0.04176070999506479 0.005128031425030316 0.0 0.0 0.056520912374778194 5.4308999852316325e-08 0.0 0.0 1.6649321372636437e-08 0.001573792671335441 0.0 0.0 0.043680912088102423 1.4336962765796184e-07 0.0 0.0 0.09069502918897769 0.011054206559013503 0.0 0.0 0.17809603047855824 0.09609708691404212 0.0 0.0 0.030937903899200928 0.0 4.663434492625734e-07 0.0 0.0 0.0 3.398068707197179e-07 0.0 0.0 0.0 1.6825974392910777e-12 0.0 0.0 0.0 4.4345060981952037e-07 0.0 0.0 0.0 0.0 0.10297722392948039 0.0 0.0 0.0 0.06116359442925066 0.0 0.0 0.0 0.031203144056400484 0.0 0.0 0.0 0.12754556454040933 0.0 0.00010237709766239262 0.0 0.0 0.028481077711929217 4.7397986253905055e-08 0.0 0.0 0.018322095222805004 0.0015954113754819781 0.0 0.0 0.058706880509597326 0.06973755086663075 0.0 0.0 0.021202991260410874 0.0027053233323625302 0.0 0.0 0.15141671792190153 2.8897863702226613e-07 0.0 0.0 0.20619682050123578 0.005234525424255048 0.0 0.0 0.08181203009307342 0.19888460357959808 0.0 0.0 0.08257442239171554 0.0 0.020016297437912004 0.0 0.0 0.0 0.011843761619061817 0.0 0.0 0.0 9.978419197081986e-08 0.0 0.0 0.0 0.005356259863418358 0.0 0.0 0.0 0.0 5.794350301073372e-08 0.0 0.0 0.0 7.330834926642181e-07 0.0 0.0 0.0 4.6564264191016436e-08 0.0 0.0 0.0 1.3655950917544018e-07 0.0 9.741028601544483e-05 0.0 0.0 0.0025415591283868394 5.2720859428274765e-08 0.0 0.0 0.05387667051941591 4.901987791063349e-05 0.0 0.0 0.0061541115152309745 0.007804918458171093 0.0 0.0 0.002683058795851274 0.004557962706797484 0.0 0.0 0.18704910224997423 2.1032703970714946e-07 0.0 0.0 0.14854096148271947 0.010164599679470174 0.0 0.0 0.16218411403942296 0.05822999414607056 0.0 0.0 0.03305682705327404 0.0 0.1051438953069771 0.0 0.0 0.0 0.30764970421198345 0.0 0.0 0.0 7.015462107078079e-07 0.0 0.0 0.0 0.07559036903572917 0.0 0.0 0.0 0.0 0.017818625979879904 0.0 0.0 0.0 0.05857345001359115 0.0 0.0 0.0 6.746200784309787e-08 0.0 0.0 0.0 0.0030623257979481493 0.0 8.217183507361385e-05 0.0 0.0 0.0018908263996102726 1.846415386472222e-07 0.0 0.0 0.062305329837034594 0.0011265200799658794 0.0 0.0 0.018020427046158555 0.04782327659317703 0.0 0.0 0.01156415533241796 0.0003677467386539385 0.0 0.0 0.01753832690819787 1.9020179904078642e-07 0.0 0.0 0.1071271154755257 0.0008747292294492105 0.0 0.0 0.015687952928305972 0.03195351070785372 0.0 0.0 0.008558353993364866
0.0 0.0 0.0 0.0 0.0 0.004308145234828336 0.0 0.0 0.0 3.298905431827939e-09 0.0 0.0 0.0 0.005989084501555347 0.0 0.0 0.0 0.0 0.0 0.0 0.0 0.0 0.3289721076515152 0.0 0.0 0.0 0.029568853046037936 0.0 0.0 0.0 0.2859505022745587 0.0 0.0 0.0 0.0 0.0 3.757240225861499e-08 0.0 0.0 0.020612965819868517 3.998579482604115e-05 0.0 0.0 0.0009591712226972348 0.0356414554559368 0.0 0.0 0.005125411566543816 0.0 0.0 0.0 0.0 3.413134953183245e-08 0.0 0.0 0.13403471552579438 0.00024969122085737966 0.0 0.0 0.006715218950195853 0.28132121237847374 0.0 0.0 0.06156495742628887 0.0 2.222954094301332e-08 0.0 0.0 0.0 0.0 0.0 0.0 0.0 3.1850388814204993e-12 0.0 0.0 0.0 8.602440547718534e-08 0.0 0.0 0.0 0.0 0.0003302645546059277 0.0 0.0 0.0 0.0 0.0 0.0 0.0 0.00995166836095135 0.0 0.0 0.0 0.040355876418951206 0.0 0.0002535641391455774 0.0 0.0 0.02526715178775442 0.0 0.0 0.0 0.0 0.009850549586103131 0.0 0.0 0.2524979176689254 0.030279070818417474 0.0 0.0 0.02412443429784795 0.00010363567654485057 0.0 0.0 0.011578285145928123 0.0 0.0 0.0 0.0 0.005582513724295925 0.0 0.0 0.1725124330587775 0.07322662583832176 0.0 0.0 0.019678524269655436 0.0 0.0 0.0 0.0 0.0 0.0022114690428603986 0.0 0.0 0.0 0.0 0.0 0.0 0.0 0.01351127128322208 0.0 0.0 0.0 0.0 0.0 0.0 0.0 0.0 3.2992146809904607e-09 0.0 0.0 0.0 0.0 0.0 0.0 0.0 2.8757897188995164e-12 0.0 0.0 0.0 0.0 0.0 1.5159988743686955e-08 0.0 0.0 0.02992968399077597 0.0 0.0 0.0 0.0 0.007906399549004317 0.0 0.0 0.0016844227072202506 0.0 0.0 0.0 0.0 3.5103696941778815e-09 0.0 0.0 0.04292467206383024 0.0 0.0 0.0 0.0 0.3098289056349688 0.0 0.0 0.07993115969142725 0.0 0.644491440742571 0.0 0.0 0.0 0.039481334493332285 0.0 0.0 0.0 0.0 0.0 0.0 0.0 0.07173208888405778 0.0 0.0 0.0 0.0 0.06204876287766874 0.0 0.0 0.0 0.004346910319589706 0.0 0.0 0.0 0.0 0.0 0.0 0.0 0.023051732658866682 0.0 0.007381378980195118 0.0 0.0 0.3224273924276019 6.5852615296285836e-09 0.0 0.0 0.009867088582109993 0.0 0.0 0.0 0.0 0.006549440557566051 0.0 0.0 0.0031328042216075607 0.0025586542394035678 0.0 0.0 0.12461300027167535 1.1297384188728812e-08 0.0 0.0 0.02137049578936202 0.0 0.0 0.0 0.0 0.036074117810864774 0.0 0.0 0.009591510001116616
0.0 0.010947216840471497 0.0 0.0 0.0 0.008377123694601113 0.0 0.0 0.0 4.237028179398398e-08 0.0 0.0 0.0 0.0018172015969606093 0.0 0.0 0.0 0.0 0.12531220146101466 0.0 0.0 0.0 0.06250354506533644 0.0 0.0 0.0 0.05446872884399187 0.0 0.0 0.0 0.04419265111547768 0.0 0.0016442283984110643 0.0 0.0 0.08238106213370652 8.317703068503954e-08 0.0 0.0 0.042431088715294794 1.0457288363337174e-09 0.0 0.0 5.752113752344766e-08 0.0020036884659338757 0.0 0.0 0.0006804469717782715 0.009028444157846156 0.0 0.0 0.1883480299713944 1.9679175359706054e-07 0.0 0.0 0.25214149764847216 0.0035503266532402734 0.0 0.0 0.09860378717668632 0.08578525099120225 0.0 0.0 0.022143704469713872 0.0 7.483629563708886e-07 0.0 0.0 0.0 1.3317364480073954e-06 0.0 0.0 0.0 8.798144884003117e-12 0.0 0.0 0.0 4.3903956368869104e-07 0.0 0.0 0.0 0.0 0.002347178429737554 0.0 0.0 0.0 0.1333268469342683 0.0 0.0 0.0 0.04402387125944494 0.0 0.0 0.0 0.04442016057123266 0.0 4.472546076338143e-05 0.0 0.0 0.042619762340524184 1.1131117570231596e-07 0.0 0.0 0.07692152115277469 0.0049528029703891484 0.0 0.0 0.0662151869847353 0.04466989597170286 0.0 0.0 0.014826745993055042 0.006756963007673021 0.0 0.0 0.20926886175012316 1.1023266230659616e-06 0.0 0.0 0.7816943960754652 0.028047170169715273 0.0 0.0 0.3788374473104726 0.3247241280137307 0.0 0.0 0.09343510911427039 0.0 0.006188035864584952 0.0 0.0 0.0 0.03483791106761843 0.0 0.0 0.0 7.517530205749083e-09 0.0 0.0 0.0 0.0020002988444899573 0.0 0.0 0.0 0.0 6.179273416575173e-13 0.0 0.0 0.0 7.417232117785387e-08 0.0 0.0 0.0 2.6046468623852367e-09 0.0 0.0 0.0 1.9069048145581636e-08 0.0 2.4606192655150825e-09 0.0 0.0 5.6459840062612794e-08 2.1205450888418456e-08 0.0 0.0 0.02601400410151218 0.0035757318770016366 0.0 0.0 0.039070109484705136 0.029765307570437084 0.0 0.0 0.007466705979407826 0.0017219422515743139 0.0 0.0 0.04429761083311903 7.89076249561975e-07 0.0 0.0 0.5134313269507587 0.0007216295086633399 0.0 0.0 0.008840166877808362 0.05146159148838377 0.0 0.0 0.013721372788944329 0.0 0.2699986239552759 0.0 0.0 0.0 0.1722848646697303 0.0 0.0 0.0 4.595002396854533e-08 0.0 0.0 0.0 0.13119207994666435 0.0 0.0 0.0 0.0 0.0019188669700323103 0.0 0.0 0.0 0.0425791386097083 0.0 0.0 0.0 0.00739933643089041 0.0 0.0 0.0 0.08311267741704757 0.0 0.0013191971672844068 0.0 0.0 0.08011212618022748 9.518167413745747e-08 0.0 0.0 0.04242944592409602 0.002127521592897154 0.0 0.0 0.04151247035794843 0.0033551144874293453 0.0 0.0 0.0008695372812491068 0.0020214794606345683 0.0 0.0 0.062290889229389544 4.558551445924034e-08 0.0 0.0 0.055952297251409995 5.1069476587884766e-05 0.0 0.0 0.0011172040620076866 0.03171063753287469 0.0 0.0 0.010798192686512543
0.0 0.00067803180859938 0.0 0.0 0.0 0.004479404209870285 0.0 0.0 0.0 3.3724461686537816e-08 0.0 0.0 0.0 0.002668256310041682 0.0 0.0 0.0 0.0 0.03748374101490589 0.0 0.0 0.0 0.07235486641511274 0.0 0.0 0.0 0.0592544786292335 0.0 0.0 0.0 0.17712022314991163 0.0 2.0427086261689608e-10 0.0 0.0 0.0006151560697439139 4.010010329570435e-08 0.0 0.0 0.039639814084395014 6.522618082310546e-05 0.0 0.0 0.03895572191957515 0.0144874565057692 0.0 0.0 0.0016616882956799956 4.020052188648301e-09 0.0 0.0 0.013573038444169318 1.1021143010144457e-07 0.0 0.0 0.14527562278779624 0.00044031164333377696 0.0 0.0 0.11068411414953895 0.14061097944432022 0.0 0.0 0.029901197226468012 0.0 7.501060455429353e-07 0.0 0.0 0.0 4.866164200722954e-07 0.0 0.0 0.0 1.3427546977684612e-11 0.0 0.0 0.0 3.7816577552931044e-07 0.0 0.0 0.0 0.0 0.01863856377295782 0.0 0.0 0.0 0.006102319394925801 0.0 0.0 0.0 0.03473006074865477 0.0 0.0 0.0 0.11681360996242746 0.0 3.1109951910128305e-09 0.0 0.0 1.0027659356395301e-07 4.823041335954717e-08 0.0 0.0 0.03474107158766007 0.005120870129814297 0.0 0.0 0.0857066817760418 0.015958661317156307 0.0 0.0 0.016539679778247343 0.005893230667604008 0.0 0.0 0.23721720987451156 1.5344149014254964e-07 0.0 0.0 0.2209057785377983 0.025826655802621102 0.0 0.0 0.5815153333938219 0.1804074393827627 0.0 0.0 0.08908000388756304 0.0 0.004893592020689599 0.0 0.0 0.0 0.04214547885019027 0.0 0.0 0.0 1.9922945375328275e-07 0.0 0.0 0.0 0.005568854865739088 0.0 0.0 0.0 0.0 2.3130663070118515e-08 0.0 0.0 0.0 2.024918949562826e-07 0.0 0.0 0.0 1.4224619544840723e-07 0.0 0.0 0.0 3.090557978009113e-08 0.0 1.8929050818608752e-10 0.0 0.0 1.2855971774842435e-08 2.300973165158512e-08 0.0 0.0 0.07010087692936283 0.0028279017940898176 0.0 0.0 0.026748216155761992 0.003938212903653295 0.0 0.0 0.0009285488017464161 0.0006151560847242683 0.0 0.0 0.04684118728040233 1.1616186629373251e-06 0.0 0.0 0.6730018305262804 0.015741892697215484 0.0 0.0 0.26878147724773277 0.15942412794688912 0.0 0.0 0.039540110823358364 0.0 0.3406410958522617 0.0 0.0 0.0 0.1296591842024852 0.0 0.0 0.0 8.34048202140955e-08 0.0 0.0 0.0 0.15037848006683455 0.0 0.0 0.0 0.0 0.04164518848558555 0.0 0.0 0.0 0.07960972790498844 0.0 0.0 0.0 0.00013783906054477403 0.0 0.0 0.0 0.03722321395727207 0.0 0.0013400621927921455 0.0 0.0 0.12568153316988984 3.62747692622779e-08 0.0 0.0 0.12154930917623565 0.0024909910738433764 0.0 0.0 0.04760755974685625 0.02815869589068329 0.0 0.0 0.0043288904501211 0.0012265342494412474 0.0 0.0 0.06531527322918634 4.2015067941085025e-08 0.0 0.0 0.03563150135864426 9.423716946880445e-05 0.0 0.0 0.0020192611062081166 0.07769327013516754 0.0 0.0 0.016317278870370697
0.0 0.0024397044618655293 0.0 0.0 0.0 0.003951328494438798 0.0 0.0 0.0 1.090710649274886e-07 0.0 0.0 0.0 0.004796959558290384 0.0 0.0 0.0 0.0 0.03672450838187755 0.0 0.0 0.0 0.07626102940894039 0.0 0.0 0.0 0.06269147880025792 0.0 0.0 0.0 0.09283236549746601 0.0 0.0011057862005132053 0.0 0.0 0.04114569629311401 1.6059112866312798e-08 0.0 0.0 0.007569277713570989 0.0023022509092370516 0.0 0.0 0.053039764773067634 0.021865807149269226 0.0 0.0 0.0099829936452816 0.0016540753633704271 0.0 0.0 0.02808717888357324 6.327865864766901e-08 0.0 0.0 0.09747986768580147 0.016979641994710463 0.0 0.0 0.16140528667649914 0.07276506026457001 0.0 0.0 0.057123029581855264 0.0 1.5752358888337872e-07 0.0 0.0 0.0 3.7573321325926434e-07 0.0 0.0 0.0 3.4821709437304605e-12 0.0 0.0 0.0 5.267319878036819e-07 0.0 0.0 0.0 0.0 0.017702510114848923 0.0 0.0 0.0 0.02232627157556631 0.0 0.0 0.0 0.049492691773221756 0.0 0.0 0.0 0.09077473363781452 0.0 1.6790870391356967e-05 0.0 0.0 0.0008440693569333049 4.70763063045289e-08 0.0 0.0 0.05361909037867789 0.0010236914220389762 0.0 0.0 0.04362918492110578 0.015564456042758648 0.0 0.0 0.009743696052503789 0.000332975823230636 0.0 0.0 0.05520812936721619 1.9877996830026164e-07 0.0 0.0 0.0722632825686865 0.006868643493474067 0.0 0.0 0.12129968755530506 0.21179421167874804 0.0 0.0 0.11675017419344293 0.0 0.0277121199181754 0.0 0.0 0.0 0.015266097568059007 0.0 0.0 0.0 4.649894312003712e-08 0.0 0.0 0.0 0.009263654558403047 0.0 0.0 0.0 0.0 1.7179720460924932e-06 0.0 0.0 0.0 1.1457989076762623e-06 0.0 0.0 0.0 3.7043906775626734e-08 0.0 0.0 0.0 7.143043554976818e-08 0.0 5.231784149589486e-06 0.0 0.0 0.029919141941151403 7.904479592472102e-08 0.0 0.0 0.03261235130694138 0.0016378381729501676 0.0 0.0 0.025141591909889134 0.038875282459450544 0.0 0.0 0.014496900424653649 0.0033194525705820717 0.0 0.0 0.1613562349825233 4.648335714202891e-07 0.0 0.0 0.21148607714445702 0.014511620073808901 0.0 0.0 0.06986581588481576 0.09436941082330605 0.0 0.0 0.06530857947237896 0.0 0.23151340339235357 0.0 0.0 0.0 0.16107840530574044 0.0 0.0 0.0 2.8166718058756815e-06 0.0 0.0 0.0 0.13136181783266984 0.0 0.0 0.0 0.0 0.07713796019401883 0.0 0.0 0.0 0.025852579337301673 0.0 0.0 0.0 0.03050420942659534 0.0 0.0 0.0 0.011928158816794038 0.0 0.001746005300993949 0.0 0.0 0.054743786434347526 1.3162201122783442e-07 0.0 0.0 0.04380236462977361 0.001481078487400085 0.0 0.0 0.054473193023474836 0.03134390173613411 0.0 0.0 0.005104982852602762 0.0011490402965258115 0.0 0.0 0.04128528619091131 5.929784742565192e-08 0.0 0.0 0.06568499203216285 0.007437153989960866 0.0 0.0 0.09136313104128617 0.06137865263707891 0.0 0.0 0.018248701821452818
0.0 0.017626888841522765 0.0 0.0 0.0 0.0059225301971034495 0.0 0.0 0.0 8.782628901113659e-08 0.0 0.0 0.0 0.002872737049462042 0.0 0.0 0.0 0.0 0.045332427090360096 0.0 0.0 0.0 0.06999909068267395 0.0 0.0 0.0 0.06032295171141109 0.0 0.0 0.0 0.06936855283416597 0.0 0.0016485753611261511 0.0 0.0 0.03492980344599591 2.1696827810929068e-08 0.0 0.0 0.013473236814064418 0.001507521008223979 0.0 0.0 0.05377697758776278 0.03159282451663225 0.0 0.0 0.00823873100818447 0.01359494268890753 0.0 0.0 0.2961149646437282 2.5972203560573425e-07 0.0 0.0 0.1561534221302792 0.008301032287296619 0.0 0.0 0.24441427144349326 0.10688425519763119 0.0 0.0 0.026591460636908572 0.0 6.256165538513179e-07 0.0 0.0 0.0 3.005414714105023e-07 0.0 0.0 0.0 1.7265624387961024e-12 0.0 0.0 0.0 2.59194351092526e-07 0.0 0.0 0.0 0.0 0.06146545376341885 0.0 0.0 0.0 0.008790256446759048 0.0 0.0 0.0 0.05407374925737713 0.0 0.0 0.0 0.05021247920868352 0.0 0.0001852715512288692 0.0 0.0 0.00915027579120623 7.441349124602698e-09 0.0 0.0 0.0025333993301044234 0.00315319968740603 0.0 0.0 0.042053843796171775 0.02598140229467297 0.0 0.0 0.007198295525924898 0.003989778696421733 0.0 0.0 0.21168191603131897 2.5580658978726284e-07 0.0 0.0 0.1523748212623825 0.0019021654798838056 0.0 0.0 0.10344084281325511 0.05929141267295179 0.0 0.0 0.06193995213923612 0.0 0.014333019390457667 0.0 0.0 0.0 0.008707592483875242 0.0 0.0 0.0 1.7258992034028753e-07 0.0 0.0 0.0 0.009130256210461273 0.0 0.0 0.0 0.0 6.060256382772615e-07 0.0 0.0 0.0 5.005019397804386e-08 0.0 0.0 0.0 6.487253049005847e-08 0.0 0.0 0.0 1.1367158183912972e-07 0.0 0.00026976985002725415 0.0 0.0 0.029450278998801694 6.924507602349918e-08 0.0 0.0 0.02595829935900446 0.003515151443814709 0.0 0.0 0.03976928649009181 0.011172964282113807 0.0 0.0 0.004261050079495553 0.0051648955695251285 0.0 0.0 0.15540523120137034 2.343902763039428e-07 0.0 0.0 0.12903279530023035 0.010431129908338508 0.0 0.0 0.2736822763526168 0.17167255403697507 0.0 0.0 0.04931162296235697 0.0 0.20586201418018596 0.0 0.0 0.0 0.16986263461334097 0.0 0.0 0.0 5.742020086706305e-07 0.0 0.0 0.0 0.12847012713163447 0.0 0.0 0.0 0.0 0.031496411735775595 0.0 0.0 0.0 0.0382652269173102 0.0 0.0 0.0 1.0390710659900453e-07 0.0 0.0 0.0 0.0707116370257165 0.0 0.00027261357449668693 0.0 0.0 0.04114414659422888 2.4093003803910254e-07 0.0 0.0 0.059368459211901016 0.0013082179739615763 0.0 0.0 0.013614209055085385 0.05868955127620187 0.0 0.0 0.01589534412423434 0.0008259825640348679 0.0 0.0 0.04779691300859066 1.0201665501999387e-07 0.0 0.0 0.05990141796806733 0.0020526228857892953 0.0 0.0 0.02394903218321255 0.0389103858499912 0.0 0.0 0.014721036249534268
0.0 0.002509089280927959 0.0 0.0 0.0 9.608482796348294e-05 0.0 0.0 0.0 9.472366202534868e-08 0.0 0.0 0.0 0.0028077425307954564 0.0 0.0 0.0 0.0 0.03830236505990496 0.0 0.0 0.0 0.02812202130084096 0.0 0.0 0.0 0.14277601243112262 0.0 0.0 0.0 0.15989027178058218 0.0 2.304996558025867e-09 0.0 0.0 0.0029346776443375066 3.989400442449058e-13 0.0 0.0 0.01603726188716357 0.004285897015638323 0.0 0.0 0.08124862178792196 0.02393981447066734 0.0 0.0 0.007136051273522753 3.9227186995472187e-08 0.0 0.0 0.0528051087251938 8.920033171666095e-14 0.0 0.0 0.004020273104817741 0.006210905559132554 0.0 0.0 0.19995923857398762 0.060936520115019294 0.0 0.0 0.03494344655705639 0.0 2.2284387359239456e-07 0.0 0.0 0.0 3.532537647742835e-07 0.0 0.0 0.0 2.583194045450321e-12 0.0 0.0 0.0 4.041459921243101e-07 0.0 0.0 0.0 0.0 0.008767718867696362 0.0 0.0 0.0 0.031211797752360274 0.0 0.0 0.0 0.03344925670928712 0.0 0.0 0.0 0.15565000917178404 0.0 9.119513432901966e-10 0.0 0.0 3.4140681526660465e-08 5.064288987649064e-09 0.0 0.0 0.0034772696964378174 0.0024319591367567587 0.0 0.0 0.02925934158778701 0.029732111593456515 0.0 0.0 0.02764973929924123 0.0021209940955248495 0.0 0.0 0.0856623113828201 1.7633294759444093e-07 0.0 0.0 0.15841296238529612 0.004303211889381083 0.0 0.0 0.12365879515930044 0.17646474042480087 0.0 0.0 0.09325940657746423 0.0 0.009504920889115392 0.0 0.0 0.0 0.023885324302306325 0.0 0.0 0.0 2.555492708509567e-07 0.0 0.0 0.0 0.019038920374800164 0.0 0.0 0.0 0.0 3.119629617714965e-08 0.0 0.0 0.0 1.2811320343492919e-06 0.0 0.0 0.0 5.272802387028208e-07 0.0 0.0 0.0 1.7782066312902587e-07 0.0 8.160316493626994e-11 0.0 0.0 8.030590221966975e-09 9.085188664287509e-10 0.0 0.0 0.0041396548145841575 0.0056993609189970405 0.0 0.0 0.13012482428921718 0.037917849209094745 0.0 0.0 0.013712465349269001 0.001071754185328048 0.0 0.0 0.08597456785961478 4.5812687357739676e-07 0.0 0.0 0.3099027685646 0.020505274852055416 0.0 0.0 0.32642616832295984 0.2281314280755068 0.0 0.0 0.08740428814085742 0.0 0.3624507916325072 0.0 0.0 0.0 0.20509702011709322 0.0 0.0 0.0 1.6413766622246858e-06 0.0 0.0 0.0 0.18795972815543638 0.0 0.0 0.0 0.0 0.08851221643871321 0.0 0.0 0.0 0.03321536124536561 0.0 0.0 0.0 0.00502184819324293 0.0 0.0 0.0 0.08305736932970241 0.0 0.0023538319825193456 0.0 0.0 0.09463605792648334 2.6148863478768613e-07 0.0 0.0 0.09543696479104893 0.007035094803340636 0.0 0.0 0.0882011604920601 0.07970065322823251 0.0 0.0 0.03123380339041213 0.0009381311205819673 0.0 0.0 0.0786923054757557 7.83244617310559e-08 0.0 0.0 0.05245544300358695 0.0016132042686151484 0.0 0.0 0.042953974229900674 0.11868606416492097 0.0 0.0 0.030394434065308475
0.0 0.0057764718819870485 0.0 0.0 0.0 0.00469835654581458 0.0 0.0 0.0 6.154982150715865e-08 0.0 0.0 0.0 0.0015046530085117188 0.0 0.0 0.0 0.0 0.032370348225531365 0.0 0.0 0.0 0.03625800789452085 0.0 0.0 0.0 0.06500338021468438 0.0 0.0 0.0 0.035146374862074045 0.0 0.00011300534849916242 0.0 0.0 0.0014018149212357929 7.129315226230665e-08 0.0 0.0 0.04302271604242994 0.00019949407071285404 0.0 0.0 0.003255528981127487 0.023976484857023087 0.0 0.0 0.005451447444579002 0.00314107334015994 0.0 0.0 0.10309324275816593 1.220877129784739e-07 0.0 0.0 0.17133864996863324 0.005478546532250307 0.0 0.0 0.18138091248366717 0.06204592897480413 0.0 0.0 0.01777106732858732 0.0 2.55264551305657e-07 0.0 0.0 0.0 3.6873498058188454e-07 0.0 0.0 0.0 5.259294446802035e-12 0.0 0.0 0.0 2.1448412442703524e-07 0.0 0.0 0.0 0.0 0.02627235911763202 0.0 0.0 0.0 0.11549905749042118 0.0 0.0 0.0 0.08696945289771843 0.0 0.0 0.0 0.003322630286635259 0.0 0.0007138564338413843 0.0 0.0 0.027965804596139895 1.0139632522515845e-07 0.0 0.0 0.07083655286823601 0.0026736892707223303 0.0 0.0 0.054847169228925956 0.03448082550373232 0.0 0.0 0.02010254723874043 0.0018619667429909752 0.0 0.0 0.08908171432042372 2.1482305759188e-07 0.0 0.0 0.1784035958759277 0.017353854355436925 0.0 0.0 0.27584370366867483 0.11774998639575748 0.0 0.0 0.0431877308043791 0.0 0.02645604605039203 0.0 0.0 0.0 0.007223415302289243 0.0 0.0 0.0 1.6843745165992687e-07 0.0 0.0 0.0 0.007576060373529485 0.0 0.0 0.0 0.0 6.755321484068529e-08 0.0 0.0 0.0 2.7865234235831253e-12 0.0 0.0 0.0 5.7773790948022334e-08 0.0 0.0 0.0 1.0466274014940111e-07 0.0 0.0001029448117868927 0.0 0.0 0.028465901144239584 6.126236773297393e-08 0.0 0.0 0.035011945169991586 0.0002706690354337684 0.0 0.0 0.03016436306095486 0.043580799036089274 0.0 0.0 0.014376207365330095 0.004756309922082876 0.0 0.0 0.23201064346944233 1.1097888074209551e-07 0.0 0.0 0.14013441287815825 0.015279436899106236 0.0 0.0 0.2460772177444211 0.11257331433183422 0.0 0.0 0.04073744894384566 0.0 0.13654533799988028 0.0 0.0 0.0 0.22014135920932254 0.0 0.0 0.0 0.0 0.0 0.0 0.0 0.06846284129845318 0.0 0.0 0.0 0.0 0.01877778806238135 0.0 0.0 0.0 0.059863481148935 0.0 0.0 0.0 0.0 0.0 0.0 0.0 0.0018280884023274579 0.0 0.0007853449605482884 0.0 0.0 0.03159282907172259 4.4428225519627894e-08 0.0 0.0 0.009910429675930766 0.0 0.0 0.0 0.0 1.3272314786685383e-07 0.0 0.0 3.512877186913491e-08 0.0005050414262253358 0.0 0.0 0.030637593192611168 1.1221919355650726e-07 0.0 0.0 0.07482446450734093 0.0 0.0 0.0 0.0 0.031410402438783326 0.0 0.0 0.007720467365200827
0.0 0.0004917373089710439 0.0 0.0 0.0 0.0 0.0 0.0 0.0 1.784354187397717e-07 0.0 0.0 0.0 0.006943328826957839 0.0 0.0 0.0 0.0 0.044201391615962725 0.0 0.0 0.0 0.0 0.0 0.0 0.0 0.45887054799636506 0.0 0.0 0.0 0.18207240845370193 0.0 1.0819284507865396e-08 0.0 0.0 0.04201045120242625 0.0 0.0 0.0 0.0 0.010275894322038659 0.0 0.0 0.0448312337100062 0.032387837662963596 0.0 0.0 0.008172826318902909 2.8859389210751865e-09 0.0 0.0 0.012563551876337347 0.0 0.0 0.0 0.0 0.033576119851988696 0.0 0.0 0.5443846284823105 0.17274261532579924 0.0 0.0 0.0940167119562783 0.0 0.0 0.0 0.0 0.0 5.918475264326019e-07 0.0 0.0 0.0 1.075397063277602e-11 0.0 0.0 0.0 4.313172911158803e-07 0.0 0.0 0.0 0.0 0.0 0.0 0.0 0.0 0.03997429883480951 0.0 0.0 0.0 0.18814284756634223 0.0 0.0 0.0 0.13183326805222312 0.0 0.0 0.0 0.0 0.0 1.7189326697256958e-07 0.0 0.0 0.040243481711952016 0.0037094662657035206 0.0 0.0 0.15413677063492995 0.010329584588629592 0.0 0.0 0.0020975684916446297 0.0 0.0 0.0 0.0 6.788833373821754e-07 0.0 0.0 0.11831506824694923 0.026219791110287417 0.0 0.0 0.6204625815011903 0.04421320993426031 0.0 0.0 0.1093273747427134 0.0 0.06389411431167852 0.0 0.0 0.0 0.0261922015584055 0.0 0.0 0.0 1.2123668246000694e-06 0.0 0.0 0.0 0.04049380546894412 0.0 0.0 0.0 0.0 1.1531180276230635e-07 0.0 0.0 0.0 4.8189877706804e-07 0.0 0.0 0.0 5.643678724214497e-07 0.0 0.0 0.0 4.664375862739784e-07 0.0 0.00027092946383553264 0.0 0.0 0.11472865823423917 6.977192690202789e-13 0.0 0.0 0.03914130631203133 0.00793727844610097 0.0 0.0 0.46834051015675576 0.030678582412531356 0.0 0.0 0.004692153980580802 0.006031233535441396 0.0 0.0 0.4106778233965271 8.731160552080777e-12 0.0 0.0 0.5302688844748816 0.04434489419155696 0.0 0.0 1.7625198917760658 0.7073284108472874 0.0 0.0 0.20947803794227735 0.0 0.6207584964453802 0.0 0.0 0.0 0.3337576210474429 0.0 0.0 0.0 3.274267169370145e-06 0.0 0.0 0.0 0.2328012508033637 0.0 0.0 0.0 0.0 0.09347674710785663 0.0 0.0 0.0 0.17054226285254007 0.0 0.0 0.0 3.938994151647204e-07 0.0 0.0 0.0 0.016219412556744913 0.0 0.00017601151548383577 0.0 0.0 0.14459259146135878 1.135835670878207e-07 0.0 0.0 0.05981376873013401 2.3792756942537925e-08 0.0 0.0 4.330844322474867e-07 0.0956752835334664 0.0 0.0 0.029867329799056975 0.0009570563513634292 0.0 0.0 0.13271055420776448 5.8805971196728085e-08 0.0 0.0 0.13075619494278978 0.004636788081794367 0.0 0.0 0.09462623258335266 0.09396511825841841 0.0 0.0 0.027807333593553286
0.0 0.004286589935132774 0.0 0.0 0.0 0.0001443627050542489 0.0 0.0 0.0 3.797742917219811e-08 0.0 0.0 0.0 0.0014554829255275824 0.0 0.0 0.0 0.0 0.022978673818923073 0.0 0.0 0.0 0.026717273291450665 0.0 0.0 0.0 0.04264140328269992 0.0 0.0 0.0 0.10503324091416999 0.0 5.556964929855297e-05 0.0 0.0 0.006245889614445419 1.9746260479591845e-10 0.0 0.0 0.00014045457373390731 0.0005030889610263734 0.0 0.0 0.010041851708139385 0.03561473737968994 0.0 0.0 0.013233958604911 0.0014295364542232284 0.0 0.0 0.08782664813484714 4.644192857726812e-09 0.0 0.0 0.0037036314898232763 0.002747653082687714 0.0 0.0 0.06688887259488764 0.03274060866274406 0.0 0.0 0.02686205982498029 0.0 2.5289012567418726e-07 0.0 0.0 0.0 1.1305528155510944e-07 0.0 0.0 0.0 1.1224218153129838e-12 0.0 0.0 0.0 2.485935498068041e-07 0.0 0.0 0.0 0.0 0.0026302933280203085 0.0 0.0 0.0 0.008104488084016502 0.0 0.0 0.0 0.0834792507270533 0.0 0.0 0.0 0.09932168482164577 0.0 0.0003154973093514722 0.0 0.0 0.012281543133764328 1.6514893810660363e-07 0.0 0.0 0.046752304293343844 0.0009592808148297878 0.0 0.0 0.036967509951029 0.038799053673331835 0.0 0.0 0.022002850976639187 0.0017480796290018585 0.0 0.0 0.04443578751317148 8.706936279511353e-08 0.0 0.0 0.037260023054209855 0.0012452043744257755 0.0 0.0 0.06158311554184501 0.06906521339710994 0.0 0.0 0.04716249065318138 0.0 0.00230257156355999 0.0 0.0 0.0 0.0008329951611065066 0.0 0.0 0.0 1.053831696806248e-07 0.0 0.0 0.0 0.008606920862290623 0.0 0.0 0.0 0.0 1.4161087370797492e-08 0.0 0.0 0.0 1.997067352558786e-13 0.0 0.0 0.0 5.52577915458736e-08 0.0 0.0 0.0 6.783039624259172e-07 0.0 9.796710209426033e-10 0.0 0.0 2.0030182653457996e-08 5.457577511394937e-08 0.0 0.0 0.01973214048596417 0.0005561254419427286 0.0 0.0 0.011734683121926532 0.07761945466813633 0.0 0.0 0.020780794726062094 0.001187273315887306 0.0 0.0 0.027215846851329193 2.5016070098247735e-08 0.0 0.0 0.010140511662601947 0.005210141456806491 0.0 0.0 0.13602752384695074 0.14673634654544798 0.0 0.0 0.053313073911276 0.0 0.19078117691842522 0.0 0.0 0.0 0.19255824603929358 0.0 0.0 0.0 6.043613197746854e-07 0.0 0.0 0.0 0.2552382422821591 0.0 0.0 0.0 0.0 0.04022656938067644 0.0 0.0 0.0 0.12325644392556066 0.0 0.0 0.0 0.004302564762115888 0.0 0.0 0.0 0.10112755029274266 0.0 0.0004377478839958618 0.0 0.0 0.01629576491544427 2.2384562227190735e-07 0.0 0.0 0.08599136197267918 1.4313624344386792e-08 0.0 0.0 0.025588801769184197 0.13565900496008365 0.0 0.0 0.029731523864038482 0.0007127683217144761 0.0 0.0 0.027897514695201738 5.404265560957178e-08 0.0 0.0 0.05877957369995194 0.000521084524783587 0.0 0.0 0.030998384072407296 0.09893091855819326 0.0 0.0 0.02413302497885146
0.0 0.002265588720900028 0.0 0.0 0.0 0.004207172858443083 0.0 0.0 0.0 0.0 0.0 0.0 0.0 0.009291682297380796 0.0 0.0 0.0 0.0 0.004790793352389623 0.0 0.0 0.0 0.10187180677065345 0.0 0.0 0.0 0.0 0.0 0.0 0.0 0.493717385313865 0.0 1.977819217059021e-06 0.0 0.0 7.377788791106508e-05 8.226139223578138e-08 0.0 0.0 0.030795451923534337 0.0 0.0 0.0 0.0 0.037628681682651044 0.0 0.0 0.004159601206026484 0.0006648810414455239 0.0 0.0 0.027806739789650526 2.440345757375807e-07 0.0 0.0 0.14795531104351192 0.0 0.0 0.0 0.0 0.4514105745780298 0.0 0.0 0.107508591878976 0.0 5.141707427967738e-07 0.0 0.0 0.0 4.764176007101969e-08 0.0 0.0 0.0 1.9945819122808073e-12 0.0 0.0 0.0 0.0 0.0 0.0 0.0 0.0 0.052898535975554675 0.0 0.0 0.0 0.0024318264822964166 0.0 0.0 0.0 0.02457789099982687 0.0 0.0 0.0 0.0 0.0 0.001685640512902907 0.0 0.0 0.06656240396764625 1.802051243558063e-18 0.0 0.0 7.381079216042964e-13 0.0017141740352107427 0.0 0.0 0.04451958133855413 0.0 0.0 0.0 0.0 0.002710306545069229 0.0 0.0 0.1965764263317087 7.223538161582414e-08 0.0 0.0 0.033171812251337626 0.004273086612115554 0.0 0.0 0.06733030145835352 0.0 0.0 0.0 0.0 0.0 0.0 0.0 0.0 0.0 0.002431826482296416 0.0 0.0 0.0 0.0 0.0 0.0 0.0 0.0069938584675119445 0.0 0.0 0.0 0.0 0.0 0.0 0.0 0.0 7.3810972365554e-13 0.0 0.0 0.0 0.0 0.0 0.0 0.0 1.5567443718585286e-06 0.0 0.0 0.0 0.0 0.0 1.0711761202390398e-09 0.0 0.0 0.0006668577894864628 0.0 0.0 0.0 0.0 0.0020381096675324574 0.0 0.0 0.02364282141068391 0.0 0.0 0.0 0.0 4.6570583950780656e-08 0.0 0.0 0.03250502669723277 0.0 0.0 0.0 0.0 0.13836382517745732 0.0 0.0 0.042582380201525646 0.0 0.5879260431276679 0.0 0.0 0.0 0.0732692064751784 0.0 0.0 0.0 1.5567431153863399e-06 0.0 0.0 0.0 0.022461273965128824 0.0 0.0 0.0 0.0 0.010236507530267735 0.0 0.0 0.0 0.010178166601364145 0.0 0.0 0.0 0.0017698989390520828 0.0 0.0 0.0 0.0011200264745353848 0.0 0.008179580840183352 0.0 0.0 0.3166441731239534 7.26903855685306e-08 0.0 0.0 0.027514374447878107 0.001465783580379565 0.0 0.0 0.06660488317776057 0.0610035082132058 0.0 0.0 0.012599304385682514 0.0019157480954170845 0.0 0.0 0.10760694701641198 4.295100221916722e-08 0.0 0.0 0.031453171280246925 0.0019726407221024984 0.0 0.0 0.03499651267213146 0.0070860739281293494 0.0 0.0 0.00254108886785967
0.0 0.00039263001639448477 0.0 0.0 0.0 0.0024492828356015815 0.0 0.0 0.0 6.081390386695507e-08 0.0 0.0 0.0 0.003129260011330251 0.0 0.0 0.0 0.0 0.03802793313397053 0.0 0.0 0.0 0.051813854038482675 0.0 0.0 0.0 0.13131793290453594 0.0 0.0 0.0 0.051936698061245394 0.0 3.3472975490757263e-10 0.0 0.0 0.001160007980514759 9.818876607610338e-14 0.0 0.0 0.005874921846979104 0.004168302330516987 0.0 0.0 0.04491223541742872 0.005867256349724419 0.0 0.0 0.000876507832347233 2.3011266689836574e-09 0.0 0.0 0.008940744426018901 1.3587595243998377e-12 0.0 0.0 0.08542589585574507 0.006745198368641563 0.0 0.0 0.15250549751425893 0.10102199475072685 0.0 0.0 0.03125355576564643 0.0 1.176527324028114e-07 0.0 0.0 0.0 2.3916044434184053e-07 0.0 0.0 0.0 6.440852354317287e-12 0.0 0.0 0.0 3.484583243572342e-07 0.0 0.0 0.0 0.0 0.0023495761907439193 0.0 0.0 0.0 0.09172150459646095 0.0 0.0 0.0 0.11757796187324353 0.0 0.0 0.0 0.057999345739248864 0.0 5.95688533264686e-10 0.0 0.0 4.251348421056756e-08 2.1310094247370295e-08 0.0 0.0 0.07028098430564317 0.000894581986734011 0.0 0.0 0.10725925738566987 0.039759236303644634 0.0 0.0 0.013609608645792939 0.0005699106810261766 0.0 0.0 0.04560167055907994 2.3542490461883536e-07 0.0 0.0 0.12912492435898354 0.00933847089647706 0.0 0.0 0.3471855461644962 0.1406073927241182 0.0 0.0 0.039151977285401866 0.0 0.018287083326970335 0.0 0.0 0.0 0.01529836861311341 0.0 0.0 0.0 3.026403018726298e-07 0.0 0.0 0.0 0.01239181119067649 0.0 0.0 0.0 0.0 3.889322401012674e-08 0.0 0.0 0.0 1.7799619248361921e-07 0.0 0.0 0.0 4.451716233249636e-08 0.0 0.0 0.0 1.0205406776569687e-07 0.0 0.0005465337301177076 0.0 0.0 0.018120497857939854 8.033264392541747e-09 0.0 0.0 0.02889834227472749 0.002900725167849097 0.0 0.0 0.07357887884055499 0.0957009643978423 0.0 0.0 0.02914998899264598 0.002035354266355841 0.0 0.0 0.15509576469641279 3.4700526089884685e-07 0.0 0.0 0.2469306652339721 0.021930287020843396 0.0 0.0 0.3868029437408396 0.22805629157675741 0.0 0.0 0.07139270552280631 0.0 0.2544165871421373 0.0 0.0 0.0 0.25190057869316823 0.0 0.0 0.0 0.0 0.0 0.0 0.0 0.23792462795151337 0.0 0.0 0.0 0.0 0.022481683874400717 0.0 0.0 0.0 0.09140792168919053 0.0 0.0 0.0 0.0 0.0 0.0 0.0 0.14378355756167557 0.0 0.0020815292053102483 0.0 0.0 0.10326651061407909 8.946328863153457e-08 0.0 0.0 0.10713943836602134 0.0 0.0 0.0 0.0 0.037044464549869226 0.0 0.0 0.015164207830172749 0.0007379025628752535 0.0 0.0 0.05370765033599363 6.639523599973677e-08 0.0 0.0 0.0832864055134019 0.0 0.0 0.0 0.0 0.07084757753100115 0.0 0.0 0.02897006469607462
0.0 0.0023014981585840087 0.0 0.0 0.0 0.004834320502339134 0.0 0.0 0.0 4.681274455365433e-08 0.0 0.0 0.0 0.003504782341420415 0.0 0.0 0.0 0.0 0.032390421779810094 0.0 0.0 0.0 0.070037326765525 0.0 0.0 0.0 0.10649139413425004 0.0 0.0 0.0 0.06111818018754407 0.0 5.855300666977809e-10 0.0 0.0 0.0006861041854568914 1.7010034752474228e-08 0.0 0.0 0.026730114320067902 0.0053302340888458635 0.0 0.0 0.06956676172493802 0.0005342349913535984 0.0 0.0 0.00017285778294268212 1.7113304838135558e-08 0.0 0.0 0.04616998086532697 1.7164492606147423e-07 0.0 0.0 0.14304211782114573 0.005756899993232597 0.0 0.0 0.13904675399804034 0.047103623239062 0.0 0.0 0.05066236683370298 0.0 3.5430398467808083e-07 0.0 0.0 0.0 3.366197455682979e-07 0.0 0.0 0.0 2.638890251667227e-12 0.0 0.0 0.0 1.564985933849172e-07 0.0 0.0 0.0 0.0 0.008202223908902614 0.0 0.0 0.0 0.04468626876321693 0.0 0.0 0.0 0.007930827178882804 0.0 0.0 0.0 0.07177688302584559 0.0 0.0008020960309877597 0.0 0.0 0.014915119918233893 6.55899054881444e-08 0.0 0.0 0.033852484713810055 0.007765681710425735 0.0 0.0 0.07092509761783955 0.05082890055310374 0.0 0.0 0.017658765926555325 0.0035833873918551216 0.0 0.0 0.09481885247805527 1.7304533540218776e-07 0.0 0.0 0.16610473933202513 0.008436680339744493 0.0 0.0 0.14958578121450716 0.07342299014314191 0.0 0.0 0.030956371916798606 0.0 0.03382799021700314 0.0 0.0 0.0 0.004797424178467354 0.0 0.0 0.0 2.706901632198544e-07 0.0 0.0 0.0 0.013801404744820207 0.0 0.0 0.0 0.0 5.799936774359415e-08 0.0 0.0 0.0 3.303016565029247e-08 0.0 0.0 0.0 1.0673272335635452e-07 0.0 0.0 0.0 8.81604222874031e-07 0.0 0.00041584060203721284 0.0 0.0 0.007067728914281278 1.2932172490610547e-13 0.0 0.0 5.159890191045828e-08 0.00023243181397311117 0.0 0.0 0.08161806506417534 0.02461280476670302 0.0 0.0 0.006627481023119469 0.003868737064327356 0.0 0.0 0.15868970192301546 2.29719692068964e-07 0.0 0.0 0.07675028416065655 0.010487460839505292 0.0 0.0 0.3969498009875368 0.24567350017612824 0.0 0.0 0.07625002978106402 0.0 0.23390748018755744 0.0 0.0 0.0 0.15418610663925075 0.0 0.0 0.0 7.618609329605119e-07 0.0 0.0 0.0 0.2061191348066677 0.0 0.0 0.0 0.0 0.062427621001089326 0.0 0.0 0.0 0.08202459181571851 0.0 0.0 0.0 0.00615207573746444 0.0 0.0 0.0 0.07710454582386267 0.0 0.0011819907683086395 0.0 0.0 0.06512161571845558 1.4287557511487568e-07 0.0 0.0 0.04348859832338345 0.01279259120232157 0.0 0.0 0.03493732201709161 0.04755424161227298 0.0 0.0 0.012637771374465393 0.000788578258737117 0.0 0.0 0.044312827505916204 6.069280735951162e-08 0.0 0.0 0.04649259040531625 0.0016251098424052554 0.0 0.0 0.02604016202779699 0.081320613138108 0.0 0.0 0.02377781802869396
0.0 0.005427682847040317 0.0 0.0 0.0 0.002314693484098201 0.0 0.0 0.0 6.953005058558938e-08 0.0 0.0 0.0 0.003911498135133568 0.0 0.0 0.0 0.0 0.011535482972193567 0.0 0.0 0.0 0.04598582326823492 0.0 0.0 0.0 0.11362068309570159 0.0 0.0 0.0 0.0318216585358398 0.0 1.2388160293394558e-14 0.0 0.0 1.9245356466787726e-08 1.20164410428958e-13 0.0 0.0 0.007963740853690353 0.001163817618958293 0.0 0.0 0.07592146377821934 0.020173527749733525 0.0 0.0 0.005485496197978085 0.0003823952301156209 0.0 0.0 0.128075829699338 1.3150300594639187e-12 0.0 0.0 0.08915715238659767 0.01193067585838568 0.0 0.0 0.23362752010085353 0.10663492844155002 0.0 0.0 0.025868104265173494 0.0 2.3929169966751866e-08 0.0 0.0 0.0 0.0 0.0 0.0 0.0 4.630138907387813e-12 0.0 0.0 0.0 6.233594366711273e-08 0.0 0.0 0.0 0.0 0.007581358567084884 0.0 0.0 0.0 0.0 0.0 0.0 0.0 0.1034755688369176 0.0 0.0 0.0 0.040386871232560406 0.0 0.0009011485983890178 0.0 0.0 0.03404753077030959 0.0 0.0 0.0 0.0 0.002319041607454922 0.0 0.0 0.11270142281266575 0.04871111127365704 0.0 0.0 0.02220636668590724 0.000137078983777966 0.0 0.0 0.005806662482620675 0.0 0.0 0.0 0.0 0.013410495300786895 0.0 0.0 0.25283150475106586 0.01987257036459533 0.0 0.0 0.014244428101392677 0.0 0.03670055700622734 0.0 0.0 0.0 0.004442042860882529 0.0 0.0 0.0 4.260137078966748e-07 0.0 0.0 0.0 0.020980026611969838 0.0 0.0 0.0 0.0 8.456837691868649e-08 0.0 0.0 0.0 6.033150093774073e-08 0.0 0.0 0.0 1.4912637294530341e-07 0.0 0.0 0.0 9.751044696050882e-07 0.0 0.0007284605132178156 0.0 0.0 0.047407608361620654 4.491254175969504e-19 0.0 0.0 2.754741659533476e-08 0.008281635298530068 0.0 0.0 0.10441334957808703 0.05437826260351517 0.0 0.0 0.03268940562967862 0.010213971415471734 0.0 0.0 0.3412135481172545 1.3307489542080008e-12 0.0 0.0 0.09250547592157343 0.023880783084935436 0.0 0.0 0.5420569035372964 0.2235538056864921 0.0 0.0 0.10466175434604369 0.0 0.16590616001356973 0.0 0.0 0.0 0.13175473002171453 0.0 0.0 0.0 7.735823317856473e-07 0.0 0.0 0.0 0.3964678859524847 0.0 0.0 0.0 0.0 0.09159116076598842 0.0 0.0 0.0 0.16479635314644528 0.0 0.0 0.0 0.03080234847307385 0.0 0.0 0.0 0.13416961065002433 0.0 0.00012678332820251792 0.0 0.0 0.049876745337511325 1.2966853019522302e-08 0.0 0.0 0.040710040609404814 0.0005177804359895012 0.0 0.0 0.007066006187425088 0.08223201501052936 0.0 0.0 0.02584973164697849 0.0002483823344012116 0.0 0.0 0.03156739153979161 2.0751677462275903e-08 0.0 0.0 0.0505292691547218 0.0006188232877468124 0.0 0.0 0.009468071364785082 0.13857332844002834 0.0 0.0 0.046762084932940776
0.0 0.007922667711246466 0.0 0.0 0.0 0.004669019399224919 0.0 0.0 0.0 3.0849188215133604e-08 0.0 0.0 0.0 0.003300063520308269 0.0 0.0 0.0 0.0 0.014124435325641126 0.0 0.0 0.0 0.051723747380366086 0.0 0.0 0.0 0.04946242809220963 0.0 0.0 0.0 0.027435206746136986 0.0 0.0011203300154043472 0.0 0.0 0.027872420675166043 1.0383764334918429e-08 0.0 0.0 0.018260139213102912 0.0002490383522527806 0.0 0.0 0.007299617457197507 0.033690303804816704 0.0 0.0 0.012096935983828216 0.00331635447479102 0.0 0.0 0.13000359086989807 2.8059617877310573e-07 0.0 0.0 0.1711598684568925 0.0015894326707577287 0.0 0.0 0.09503261847185007 0.09689342607606669 0.0 0.0 0.0416704961196814 0.0 7.025077292633101e-07 0.0 0.0 0.0 4.2399176796428854e-07 0.0 0.0 0.0 4.147355497856453e-12 0.0 0.0 0.0 8.135563464442514e-08 0.0 0.0 0.0 0.0 0.06837540617869207 0.0 0.0 0.0 0.029276815946518958 0.0 0.0 0.0 0.029907910085845004 0.0 0.0 0.0 0.0021895563305272593 0.0 0.0007751229436074026 0.0 0.0 0.028998446833733586 7.641117910434754e-09 0.0 0.0 0.009744679202632703 0.0007106061579860317 0.0 0.0 0.043155668699579056 0.016958372013187388 0.0 0.0 0.006439293750201522 0.0032240444719855836 0.0 0.0 0.1751659756724728 2.916616311151466e-07 0.0 0.0 0.23751748016455201 0.010162642114996378 0.0 0.0 0.22332950472435806 0.05111110901757808 0.0 0.0 0.015481487068944646 0.0 0.011947249243642495 0.0 0.0 0.0 0.012412674856850913 0.0 0.0 0.0 1.8685717966172525e-07 0.0 0.0 0.0 0.003819607015976868 0.0 0.0 0.0 0.0 2.882960268059273e-08 0.0 0.0 0.0 1.3086216332647316e-07 0.0 0.0 0.0 8.20571369952393e-08 0.0 0.0 0.0 4.046428073756975e-08 0.0 7.175169071499874e-05 0.0 0.0 0.001368021207336302 8.033350177946392e-08 0.0 0.0 0.03172987433277292 0.0018840472894671157 0.0 0.0 0.028320650264358465 0.018044694902307933 0.0 0.0 0.002475400627020574 0.00481483048367838 0.0 0.0 0.10470465125978987 4.272167103309515e-07 0.0 0.0 0.20166987782753026 0.013729824635190672 0.0 0.0 0.2940581738622701 0.05399279363321227 0.0 0.0 0.013847362893275175 0.0 0.12287519808173558 0.0 0.0 0.0 0.1126675702937395 0.0 0.0 0.0 0.0 0.0 0.0 0.0 0.0622003535688349 0.0 0.0 0.0 0.0 0.01808892555159698 0.0 0.0 0.0 0.025781503052997246 0.0 0.0 0.0 0.0 0.0 0.0 0.0 0.025449676856160456 0.0 0.002271564659869653 0.0 0.0 0.04724305813522729 2.89844262556566e-09 0.0 0.0 0.003176019863785165 0.0 0.0 0.0 0.0 0.0019281913183888742 0.0 0.0 0.00045564352139182835 0.0002977827399164822 0.0 0.0 0.02430990308249229 1.0712793235793501e-07 0.0 0.0 0.042734595835250175 0.0 0.0 0.0 0.0 0.025124231178752048 0.0 0.0 0.007748436271236661
0.0 0.0009124184326003839 0.0 0.0 0.0 0.0029873761566028534 0.0 0.0 0.0 6.067594825554607e-08 0.0 0.0 0.0 0.0013098939373496446 0.0 0.0 0.0 0.0 0.016447741679404222 0.0 0.0 0.0 0.0033015577142603914 0.0 0.0 0.0 0.08593324725616804 0.0 0.0 0.0 0.07421703692458531 0.0 0.000764142340900909 0.0 0.0 0.019235379981862345 2.678051958511025e-09 0.0 0.0 0.001149169513414045 0.002200937463877284 0.0 0.0 0.01755765410606742 0.014527787244209339 0.0 0.0 0.008874584365401126 0.00028803456637775996 0.0 0.0 0.015563824402790617 1.4076161881424924e-07 0.0 0.0 0.0723790652819563 0.008399958998312787 0.0 0.0 0.1253600778173394 0.044591163386683313 0.0 0.0 0.016114158353580026 0.0 2.6736612893685907e-07 0.0 0.0 0.0 6.280135118991224e-07 0.0 0.0 0.0 3.180942942685868e-12 0.0 0.0 0.0 6.485575575909026e-08 0.0 0.0 0.0 0.0 0.037809057353398595 0.0 0.0 0.0 0.00497668794371356 0.0 0.0 0.0 0.04235794646514143 0.0 0.0 0.0 0.03040854195580752 0.0 3.4448166060524665e-05 0.0 0.0 0.0010173033633697518 1.282536563520724e-08 0.0 0.0 0.007292827071238377 0.0017145351726208715 0.0 0.0 0.02058731120280648 0.032707029909713504 0.0 0.0 0.007702897345075494 0.0015907764714686715 0.0 0.0 0.09257700078941417 4.714330325025256e-07 0.0 0.0 0.3336043918387237 0.002351561492854202 0.0 0.0 0.09262326987520485 0.050232573472122864 0.0 0.0 0.011977745971365503 0.0 0.01197872935240476 0.0 0.0 0.0 0.006840004512417544 0.0 0.0 0.0 4.645073760916138e-08 0.0 0.0 0.0 0.010963448686554512 0.0 0.0 0.0 0.0 5.429739016440839e-07 0.0 0.0 0.0 8.470438049106721e-08 0.0 0.0 0.0 7.9345568674854e-09 0.0 0.0 0.0 9.921002521152357e-07 0.0 0.00016779516679283339 0.0 0.0 0.012026909071981744 5.068148411295465e-09 0.0 0.0 0.001791091137831396 0.00164142836750123 0.0 0.0 0.05753827731242182 0.04514891193103928 0.0 0.0 0.016908144417882992 0.0018430058185232169 0.0 0.0 0.10701187112623649 2.6903747319626566e-07 0.0 0.0 0.12439739904958966 0.00504241711924737 0.0 0.0 0.06880667632537578 0.08264402494819616 0.0 0.0 0.08378641423378806 0.0 0.1895158924313558 0.0 0.0 0.0 0.1057242250355288 0.0 0.0 0.0 1.5205832243102214e-06 0.0 0.0 0.0 0.06742642227977629 0.0 0.0 0.0 0.0 0.010052330818213537 0.0 0.0 0.0 0.0627780346938962 0.0 0.0 0.0 0.00693136081773339 0.0 0.0 0.0 0.0015907094827740881 0.0 0.00023651775938811128 0.0 0.0 0.011506266927539152 1.0886523523317769e-08 0.0 0.0 0.004262577347272648 0.004757903969162158 0.0 0.0 0.04470635733334333 0.037791338640557115 0.0 0.0 0.00788919699978058 0.0003874043797520138 0.0 0.0 0.027753524001464518 4.754836349664248e-08 0.0 0.0 0.04008127010416034 0.0036734864185385212 0.0 0.0 0.04635245368587075 0.03857750661733053 0.0 0.0 0.0063594501915901335
0.0 0.004021645807286317 0.0 0.0 0.0 0.00427647692176223 0.0 0.0 0.0 3.8320956349609436e-08 0.0 0.0 0.0 0.0024739943560743876 0.0 0.0 0.0 0.0 0.02942866094911964 0.0 0.0 0.0 0.03874592660117349 0.0 0.0 0.0 0.04336823542363985 0.0 0.0 0.0 0.09909144184185449 0.0 0.00018859122686233138 0.0 0.0 0.006877460155130712 1.4688433804929643e-13 0.0 0.0 0.004922953689523326 0.0010353068730144873 0.0 0.0 0.03884948948513259 0.024506782772645133 0.0 0.0 0.009487300529816552 0.0012994787526403172 0.0 0.0 0.060863410276936564 8.398632452688246e-08 0.0 0.0 0.08896022169170408 0.0020064968986870393 0.0 0.0 0.051646095889204206 0.07803694788348711 0.0 0.0 0.025988442674732742 0.0 8.76851515556607e-08 0.0 0.0 0.0 8.53493110921328e-08 0.0 0.0 0.0 4.5073082108763405e-12 0.0 0.0 0.0 1.3235159709407994e-07 0.0 0.0 0.0 0.0 4.145486299591537e-08 0.0 0.0 0.0 0.003733947198174521 0.0 0.0 0.0 0.1190510444460415 0.0 0.0 0.0 0.061178514438364445 0.0 1.589123553883907e-05 0.0 0.0 0.0011127822579444166 1.178120877114097e-08 0.0 0.0 0.004024890893089321 0.004272330786019576 0.0 0.0 0.05427372794971448 0.0406642696877041 0.0 0.0 0.025589699514058938 0.00041627544957558154 0.0 0.0 0.03268133763958526 7.590444233811923e-08 0.0 0.0 0.060693820319091214 0.010499868686012834 0.0 0.0 0.22262001679960788 0.04811181937439602 0.0 0.0 0.029814058969831206 0.0 0.015957361905011146 0.0 0.0 0.0 0.00955723887683654 0.0 0.0 0.0 1.4649628587557641e-07 0.0 0.0 0.0 0.011092268553688549 0.0 0.0 0.0 0.0 2.253035676992804e-08 0.0 0.0 0.0 9.155401291839253e-08 0.0 0.0 0.0 5.156955555413657e-07 0.0 0.0 0.0 1.3782192120501562e-07 0.0 0.0006869145182254657 0.0 0.0 0.01953802741364542 1.2796760078522923e-10 0.0 0.0 0.014248974154324317 0.005167273844380059 0.0 0.0 0.10201984354356682 0.010212154133802802 0.0 0.0 0.010628699835437173 0.005493793721688903 0.0 0.0 0.12945595852436545 9.820671500076e-08 0.0 0.0 0.1473256756934368 0.011020432530902569 0.0 0.0 0.1556031136705782 0.16218473392596977 0.0 0.0 0.07969333151044954 0.0 0.19065516941833846 0.0 0.0 0.0 0.1701297463895336 0.0 0.0 0.0 6.284501262145746e-07 0.0 0.0 0.0 0.19199723840717708 0.0 0.0 0.0 0.0 0.05643915979793261 0.0 0.0 0.0 0.08747363875191752 0.0 0.0 0.0 0.004963289194774173 0.0 0.0 0.0 0.05729908483591409 0.0 0.0020356577296013925 0.0 0.0 0.03217451203428789 1.1199523898013014e-08 0.0 0.0 0.0237488495325466 0.003931884988242402 0.0 0.0 0.07418075952865913 0.0660937903589497 0.0 0.0 0.017130702293234205 0.0006355527719464542 0.0 0.0 0.02609768975182087 2.418423803004542e-08 0.0 0.0 0.0609118871688267 0.00019456512101506226 0.0 0.0 0.01940811988515892 0.09233932444743913 0.0 0.0 0.020083264051848033
0.0 0.004823004921922102 0.0 0.0 0.0 0.0012953705281857216 0.0 0.0 0.0 1.0443731788971137e-07 0.0 0.0 0.0 0.002565189548585722 0.0 0.0 0.0 0.0 0.0015556660590824553 0.0 0.0 0.0 0.10181601218561437 0.0 0.0 0.0 0.041345792639910596 0.0 0.0 0.0 0.09959910162892087 0.0 1.6595745525236994e-09 0.0 0.0 0.00010488494185836923 4.1074466208333984e-08 0.0 0.0 0.03170680892822936 0.0013739337705979016 0.0 0.0 0.014169189869103814 0.014304296500188078 0.0 0.0 0.006279642210105503 0.0015858074577128787 0.0 0.0 0.10068456953407284 1.3361713368846916e-08 0.0 0.0 0.04643831154549625 0.009721897746138465 0.0 0.0 0.1871482622101187 0.06617022663727727 0.0 0.0 0.028589412623368872 0.0 2.0669648241006264e-07 0.0 0.0 0.0 2.6547792120953535e-07 0.0 0.0 0.0 5.33930066592507e-12 0.0 0.0 0.0 7.821302695606596e-08 0.0 0.0 0.0 0.0 0.0018307601271199065 0.0 0.0 0.0 0.0354517944816371 0.0 0.0 0.0 0.059444280717168556 0.0 0.0 0.0 0.02984850876310301 0.0 0.0011771745929318573 0.0 0.0 0.05150785803957152 2.7680406312527147e-08 0.0 0.0 0.03939452541336293 0.0015843139832476371 0.0 0.0 0.056495213978231706 1.1216096786774107e-07 0.0 0.0 2.95166616734186e-08 0.0021642806705412187 0.0 0.0 0.08832496597231736 2.387943419081383e-07 0.0 0.0 0.14266101730077685 0.008164949118166126 0.0 0.0 0.27307566896999824 0.06440147235952594 0.0 0.0 0.014503733560937704 0.0 0.010372476899757774 0.0 0.0 0.0 0.01225415130359613 0.0 0.0 0.0 2.0301495213359042e-07 0.0 0.0 0.0 0.02103862702268064 0.0 0.0 0.0 0.0 3.0716145564835575e-08 0.0 0.0 0.0 7.746772140923717e-07 0.0 0.0 0.0 3.6827327089858626e-08 0.0 0.0 0.0 2.1337674882804867e-07 0.0 2.2643342808408008e-09 0.0 0.0 0.006754274375711592 5.221184726890047e-09 0.0 0.0 0.004429816393454644 0.0004627565259077681 0.0 0.0 0.02623255717416414 0.0488462830043589 0.0 0.0 0.015260826262816869 0.0009926944377318327 0.0 0.0 0.0906344558805421 1.6409006567088946e-07 0.0 0.0 0.2370742689876721 0.011239697407954647 0.0 0.0 0.21582392972288159 0.1790716772048706 0.0 0.0 0.09829548837593464 0.0 0.22912088399536606 0.0 0.0 0.0 0.10701684523818407 0.0 0.0 0.0 7.48139826251147e-07 0.0 0.0 0.0 0.12853173863972084 0.0 0.0 0.0 0.0 0.06455234205177586 0.0 0.0 0.0 0.004675473817750604 0.0 0.0 0.0 0.0011964110375266752 0.0 0.0 0.0 0.0811735435629186 0.0 0.0020509155584490135 0.0 0.0 0.06773265156856802 8.362721372226452e-13 0.0 0.0 0.03331078260568626 0.009909920569259285 0.0 0.0 0.04294462700150703 0.04302411988257924 0.0 0.0 0.011648345313504662 0.0007127927947358002 0.0 0.0 0.034594840803256886 2.869759375552736e-08 0.0 0.0 0.036253427263654256 0.0012079891197148535 0.0 0.0 0.017242927181648007 0.07450482202042305 0.0 0.0 0.023630545828264068
0.0 0.008275956002604647 0.0 0.0 0.0 0.004499661286992657 0.0 0.0 0.0 0.0 0.0 0.0 0.0 0.010509240636979224 0.0 0.0 0.0 0.0 0.017605658420128713 0.0 0.0 0.0 0.1605721590588993 0.0 0.0 0.0 0.0 0.0 0.0 0.0 0.5322034925535116 0.0 1.918726736594198e-05 0.0 0.0 0.0009043799305528365 6.960282797529981e-09 0.0 0.0 0.003988523366222095 0.0 0.0 0.0 0.0 0.0474666481251887 0.0 0.0 0.010475117305991233 0.002754226198388842 0.0 0.0 0.21229289535326387 1.5123445993390302e-07 0.0 0.0 0.16953272253436988 0.0 0.0 0.0 0.0 0.49123150308266167 0.0 0.0 0.1173755141571915 0.0 6.49687527354873e-07 0.0 0.0 0.0 0.0 0.0 0.0 0.0 3.548565208747603e-12 0.0 0.0 0.0 1.494864089686561e-07 0.0 0.0 0.0 0.0 0.006179235020982483 0.0 0.0 0.0 0.0 0.0 0.0 0.0 0.016584560819039113 0.0 0.0 0.0 0.007809736450413287 0.0 0.0034813026895844632 0.0 0.0 0.0626793691878459 0.0 0.0 0.0 0.0 0.008641937776579301 0.0 0.0 0.12118395773493028 4.5188095776668517e-07 0.0 0.0 1.3532981271880025e-07 0.0047229557056215924 0.0 0.0 0.1647887908807429 0.0 0.0 0.0 0.0 0.00745927075255146 0.0 0.0 0.18472349735457794 0.05637549281615465 0.0 0.0 0.03255495530517456 0.0 0.005758852935305921 0.0 0.0 0.0 0.020084604743843885 0.0 0.0 0.0 7.182387784639811e-08 0.0 0.0 0.0 0.004304145806943971 0.0 0.0 0.0 0.0 2.229614086573887e-08 0.0 0.0 0.0 1.6498297991207535e-06 0.0 0.0 0.0 4.9527797591699845e-08 0.0 0.0 0.0 1.8488852281026613e-07 0.0 7.372565605532596e-10 0.0 0.0 2.3902250889480794e-08 7.771909310947798e-08 0.0 0.0 0.03889502318158549 8.367715273940604e-09 0.0 0.0 0.009121188506065565 0.0038756560650006137 0.0 0.0 0.0006039752171730842 0.0011409171883663997 0.0 0.0 0.04147064357514035 6.254476780659557e-07 0.0 0.0 0.27961124351922695 0.005758891503238963 0.0 0.0 0.1302311721746877 0.15561907115954104 0.0 0.0 0.029078809400662306 0.0 0.6883909023841447 0.0 0.0 0.0 0.009121171985490695 0.0 0.0 0.0 1.8347148339768514e-06 0.0 0.0 0.0 0.08957973054637743 0.0 0.0 0.0 0.0 0.031121886922046208 0.0 0.0 0.0 0.03541334571116544 0.0 0.0 0.0 0.03591134334930388 0.0 0.0 0.0 0.0019466904941940447 0.0 0.007033771748642237 0.0 0.0 0.36167665745548705 1.4661001669628118e-18 0.0 0.0 8.275965638734325e-08 0.00595550922660803 0.0 0.0 0.15152939772287774 0.0066029643298611915 0.0 0.0 0.009161721143509096 0.002185955383565417 0.0 0.0 0.11885234196763841 6.060957451341511e-14 0.0 0.0 0.003835860178087846 0.002332057683278598 0.0 0.0 0.046122160475402574 0.02592185217148105 0.0 0.0 0.011898423217960155
0.0 0.03133319571805505 0.0 0.0 0.0 0.004432169332843971 0.0 0.0 0.0 8.343732188478202e-08 0.0 0.0 0.0 0.0030815999770179453 0.0 0.0 0.0 0.0 0.06653837199769316 0.0 0.0 0.0 0.05414186925779076 0.0 0.0 0.0 0.06360231649678083 0.0 0.0 0.0 0.0370443972372065 0.0 0.0038117375108592468 0.0 0.0 0.08134936762141035 9.053901842359899e-09 0.0 0.0 0.004043462788500063 0.0006159654284855223 0.0 0.0 0.027172020093452723 0.041104115738491806 0.0 0.0 0.017969198694794165 0.02437266852088977 0.0 0.0 0.5695821817924016 2.116331529431893e-07 0.0 0.0 0.14185267876573382 0.010165715997133808 0.0 0.0 0.22559653987790265 0.10516309378955963 0.0 0.0 0.04100207556123807 0.0 4.1051770879100066e-07 0.0 0.0 0.0 2.1064974809326037e-07 0.0 0.0 0.0 3.066867519422517e-12 0.0 0.0 0.0 1.9673068682626525e-07 0.0 0.0 0.0 0.0 0.059152402544752826 0.0 0.0 0.0 0.07151991981618105 0.0 0.0 0.0 0.03308852288937585 0.0 0.0 0.0 0.003890652611126415 0.0 9.339067415918415e-05 0.0 0.0 0.0045648974203741565 2.4898268466520014e-08 0.0 0.0 0.015050436546221055 0.007295451378812375 0.0 0.0 0.10205613945938165 0.009306004470846075 0.0 0.0 0.0031436632837244178 0.005943967564135332 0.0 0.0 0.13471533211079317 1.7488454375308834e-07 0.0 0.0 0.11789963403696102 0.006686613345542453 0.0 0.0 0.17802591425489825 0.07870042494013284 0.0 0.0 0.02764129846263748 0.0 0.01735906395522235 0.0 0.0 0.0 0.010533941214167016 0.0 0.0 0.0 1.7296126524382856e-07 0.0 0.0 0.0 0.013925050323930772 0.0 0.0 0.0 0.0 3.0304889709303484e-08 0.0 0.0 0.0 1.4457090759884847e-06 0.0 0.0 0.0 2.4046265494214195e-08 0.0 0.0 0.0 1.526491276480769e-07 0.0 0.0013201217865799334 0.0 0.0 0.06015042720584695 3.96648883816554e-13 0.0 0.0 0.005094074000133741 0.002674171912709938 0.0 0.0 0.02216740673625227 0.007783451673699973 0.0 0.0 0.002467690508305015 0.0017740950738206487 0.0 0.0 0.16476074267194846 1.9545504001508697e-07 0.0 0.0 0.18884074445311005 0.012689005981202171 0.0 0.0 0.16693961919422826 0.14093359827221363 0.0 0.0 0.08025453757103103 0.0 0.1726342847984851 0.0 0.0 0.0 0.17483631219738222 0.0 0.0 0.0 1.396307704843949e-06 0.0 0.0 0.0 0.07741261077995532 0.0 0.0 0.0 0.0 0.05037507208256001 0.0 0.0 0.0 0.008584431033405731 0.0 0.0 0.0 0.004966480391502282 0.0 0.0 0.0 0.030493474304122838 0.0 0.0008104110950460652 0.0 0.0 0.06314738981041522 6.054095711038333e-13 0.0 0.0 1.62639349814225e-07 3.794673402474006e-09 0.0 0.0 6.851020726661312e-08 0.00549475006879547 0.0 0.0 0.0019758908824907646 0.0007206562397486717 0.0 0.0 0.03946482730482242 1.5124946106384133e-07 0.0 0.0 0.0619434238781039 0.0016913006160257074 0.0 0.0 0.03423483054627118 0.036399165129788004 0.0 0.0 0.011800429500386386
0.0 0.0 0.0 0.0 0.0 0.00018433258864287435 0.0 0.0 0.0 3.446362279380521e-09 0.0 0.0 0.0 0.006049823107631908 0.0 0.0 0.0 0.0 0.0 0.0 0.0 0.0 0.022383765299314202 0.0 0.0 0.0 0.046409042136789445 0.0 0.0 0.0 0.34663324465474615 0.0 0.0 0.0 0.0 0.0 4.591355117136241e-15 0.0 0.0 0.0002584836501225854 7.601403074443922e-05 0.0 0.0 0.0011283803427377958 0.01069195160051008 0.0 0.0 0.002149238294507764 0.0 0.0 0.0 0.0 1.0718060709765024e-13 0.0 0.0 0.006765110636268885 0.00048671586661538376 0.0 0.0 0.011083228525671264 0.2803528702466319 0.0 0.0 0.06432348428301987 0.0 0.0 0.0 0.0 0.0 0.0 0.0 0.0 0.0 6.788717279982116e-13 0.0 0.0 0.0 5.3068709595202574e-08 0.0 0.0 0.0 0.0 0.0 0.0 0.0 0.0 0.0 0.0 0.0 0.0 0.02540638369042155 0.0 0.0 0.0 0.06399459622279378 0.0 0.0 0.0 0.0 0.0 0.0 0.0 0.0 0.0 0.00019798718548212152 0.0 0.0 0.033598778029688546 0.0010950962759891522 0.0 0.0 0.00710854815232995 0.0 0.0 0.0 0.0 0.0 0.0 0.0 0.0 0.0008135588235156003 0.0 0.0 0.0583500609680546 0.029137896242954195 0.0 0.0 0.017030578735064597 0.0 0.0005627256937207764 0.0 0.0 0.0 0.0 0.0 0.0 0.0 8.989315057210263e-08 0.0 0.0 0.0 0.007116222660521274 0.0 0.0 0.0 0.0 1.596562118006419e-09 0.0 0.0 0.0 0.0 0.0 0.0 0.0 1.5958516330930146e-07 0.0 0.0 0.0 3.440548392616756e-07 0.0 0.0003243137825298787 0.0 0.0 0.02274104337552482 0.0 0.0 0.0 0.0 0.001201728881128777 0.0 0.0 0.03650901812719922 0.02240421289550902 0.0 0.0 0.0028179395445519493 7.490454766564885e-05 0.0 0.0 0.005888703178457065 0.0 0.0 0.0 0.0 0.003920604257589642 0.0 0.0 0.13591855230253036 0.16749208790399567 0.0 0.0 0.036902730336265385 0.0 0.4148633263971289 0.0 0.0 0.0 0.08921664732457246 0.0 0.0 0.0 4.118963729657722e-07 0.0 0.0 0.0 0.14293607425462287 0.0 0.0 0.0 0.0 0.014304066322065141 0.0 0.0 0.0 0.01961664434417557 0.0 0.0 0.0 0.014182671194069347 0.0 0.0 0.0 0.11061899818430565 0.0 0.004601083533324648 0.0 0.0 0.2519866032571587 3.56879238315249e-08 0.0 0.0 0.07671528814675553 0.00072848414198446 0.0 0.0 0.06129969281024713 0.08470403635417609 0.0 0.0 0.022478368832922695 0.0012338572791168853 0.0 0.0 0.08239505974717391 1.7381352863443448e-08 0.0 0.0 0.021593212336442 0.0002539450603322002 0.0 0.0 0.01230987142037485 0.03906231366630786 0.0 0.0 0.014483899150109314
0.0 0.003921270724452049 0.0 0.0 0.0 0.001277966841978746 0.0 0.0 0.0 2.309301851132993e-08 0.0 0.0 0.0 0.006378231525339727 0.0 0.0 0.0 0.0 0.005369161601403538 0.0 0.0 0.0 0.025178126046412008 0.0 0.0 0.0 0.02200030286089956 0.0 0.0 0.0 0.14828973746142946 0.0 6.292162998401334e-10 0.0 0.0 3.013162662593145e-08 7.853128462218098e-09 0.0 0.0 0.016070089994934637 1.9553749551802327e-05 0.0 0.0 0.002932579153093493 0.014194598376006045 0.0 0.0 0.004204267109519629 0.0005566670764832405 0.0 0.0 0.060895004707531314 1.808790755023077e-07 0.0 0.0 0.06358683069054026 0.004777462088690796 0.0 0.0 0.07638328136081544 0.021847450042375396 0.0 0.0 0.08805425496818195 0.0 0.0 0.0 0.0 0.0 0.0 0.0 0.0 0.0 3.0889356387929595e-12 0.0 0.0 0.0 2.3547075094396083e-07 0.0 0.0 0.0 0.0 0.0 0.0 0.0 0.0 0.0 0.0 0.0 0.0 0.025111693269342768 0.0 0.0 0.0 0.08414477596786721 0.0 0.0 0.0 0.0 0.0 0.0 0.0 0.0 0.0 0.001553330491272349 0.0 0.0 0.018656615827859123 0.011053578822003139 0.0 0.0 0.00239934184337269 0.0 0.0 0.0 0.0 0.0 0.0 0.0 0.0 0.004970378921764177 0.0 0.0 0.0558211837927422 0.06470865815536267 0.0 0.0 0.014548746917426036 0.0 0.05191884638962153 0.0 0.0 0.0 0.0016442073166455802 0.0 0.0 0.0 2.5078075878221753e-07 0.0 0.0 0.0 0.01806836176890018 0.0 0.0 0.0 0.0 1.5550393340765963e-07 0.0 0.0 0.0 6.485756558754939e-08 0.0 0.0 0.0 3.2355563006579437e-06 0.0 0.0 0.0 6.088403725144981e-06 0.0 0.0009357123586973457 0.0 0.0 0.020964874328722214 7.703420660208213e-15 0.0 0.0 8.644582643899215e-05 0.0022452352881510056 0.0 0.0 0.08242241821629775 0.013082760403917577 0.0 0.0 0.03641866213844782 0.009651024655726086 0.0 0.0 0.19949792624615173 2.6738287232937314e-12 0.0 0.0 0.03364034943202483 0.04395803491691514 0.0 0.0 0.43730790420728105 0.2348034081744865 0.0 0.0 0.12207352833480112 0.0 0.14499721085607098 0.0 0.0 0.0 0.10633429507858566 0.0 0.0 0.0 9.248389322875828e-06 0.0 0.0 0.0 0.23618106498649788 0.0 0.0 0.0 0.0 0.03205180989174005 0.0 0.0 0.0 0.008484676080529703 0.0 0.0 0.0 0.1015100144808854 0.0 0.0 0.0 0.09480862847849547 0.0 6.38012128673347e-05 0.0 0.0 0.01674370519311616 5.13201446387801e-10 0.0 0.0 0.00016219147649399647 0.007756342897137054 0.0 0.0 0.17868917650886929 0.08095711049290481 0.0 0.0 0.040670762413283275 0.0003702862517987266 0.0 0.0 0.017999591206545908 4.622575293654202e-08 0.0 0.0 0.026503060366862376 0.005899000392201231 0.0 0.0 0.20133116142657564 0.0534629492602142 0.0 0.0 0.024485495898952367
0.0 0.0092289424294984 0.0 0.0 0.0 0.002861002221427745 0.0 0.0 0.0 9.230662625244323e-08 0.0 0.0 0.0 0.003580096800087815 0.0 0.0 0.0 0.0 0.04524800109078514 0.0 0.0 0.0 0.07660042083381614 0.0 0.0 0.0 0.03323370452148434 0.0 0.0 0.0 0.06247257539064441 0.0 0.000732627459097268 0.0 0.0 0.05449883743136143 3.682306924469121e-09 0.0 0.0 0.01781034534081344 0.00168300702720876 0.0 0.0 0.029374839490276385 0.016985713034378215 0.0 0.0 0.008468048418944085 0.0040697736000238965 0.0 0.0 0.1784463814213492 8.051336505673428e-08 0.0 0.0 0.08536849955334276 0.010384565512592153 0.0 0.0 0.181020284144913 0.1273106378475327 0.0 0.0 0.03687942151151371 0.0 4.851683384836436e-07 0.0 0.0 0.0 2.5542583049309167e-07 0.0 0.0 0.0 3.2789629034145172e-12 0.0 0.0 0.0 9.087768063883153e-08 0.0 0.0 0.0 0.0 0.025871174707582708 0.0 0.0 0.0 0.08834584590475154 0.0 0.0 0.0 0.011093417239708145 0.0 0.0 0.0 0.027719449800892505 0.0 0.0002381751332070566 0.0 0.0 0.03504091110998747 1.9182606870815938e-07 0.0 0.0 0.058648080287641374 0.004806233538362414 0.0 0.0 0.10369514667783421 0.01811258882583173 0.0 0.0 0.013024524672602988 0.0037410470715450693 0.0 0.0 0.1542766293834257 2.513699868895653e-07 0.0 0.0 0.14522993861783628 0.008669873632854031 0.0 0.0 0.16395989234007757 0.03422444863512068 0.0 0.0 0.01650310847491468 0.0 0.012692248228167096 0.0 0.0 0.0 0.007846677234942305 0.0 0.0 0.0 2.9129452205805257e-08 0.0 0.0 0.0 0.011773563556939079 0.0 0.0 0.0 0.0 7.050783943507735e-08 0.0 0.0 0.0 2.232744649342431e-08 0.0 0.0 0.0 1.7748558330869004e-09 0.0 0.0 0.0 7.893316439935435e-08 0.0 0.0003450850902185634 0.0 0.0 0.00806678940853036 1.4680455181823407e-09 0.0 0.0 0.0006652238988555828 0.0022924959226890158 0.0 0.0 0.02792819128733305 0.00886855714677942 0.0 0.0 0.0029442974672159662 0.005041959606198841 0.0 0.0 0.11996612887510334 1.5256351461177717e-07 0.0 0.0 0.13760020422325317 0.002051337854418808 0.0 0.0 0.04078408488927992 0.18341520594472235 0.0 0.0 0.08522286038329409 0.0 0.19563302601072607 0.0 0.0 0.0 0.14232195277073434 0.0 0.0 0.0 0.0 0.0 0.0 0.0 0.1914816288568614 0.0 0.0 0.0 0.0 0.0584341755781792 0.0 0.0 0.0 0.06861956300552177 0.0 0.0 0.0 0.0 0.0 0.0 0.0 0.07891915101142144 0.0 0.0005804048070485549 0.0 0.0 0.03921685976567368 5.950438418015316e-08 0.0 0.0 0.035290606023583054 0.0 0.0 0.0 0.0 0.06829174531956926 0.0 0.0 0.021130744171871968 0.0009210609903009669 0.0 0.0 0.03396710670920128 9.054745668942941e-08 0.0 0.0 0.04599229158043525 0.0 0.0 0.0 0.0 0.09401993090949942 0.0 0.0 0.02102171530796386
0.0 0.00525456747074966 0.0 0.0 0.0 0.0028841309818171527 0.0 0.0 0.0 7.256660549393277e-08 0.0 0.0 0.0 0.0009392441288794893 0.0 0.0 0.0 0.0 0.027330613506518674 0.0 0.0 0.0 0.027515460403961772 0.0 0.0 0.0 0.021719341583383272 0.0 0.0 0.0 0.00184742474227619 0.0 8.332141077475073e-05 0.0 0.0 0.004688502745713563 5.01576719641458e-08 0.0 0.0 0.040372712379458164 0.0004276739143253079 0.0 0.0 0.010357613183350182 0.004455490692901121 0.0 0.0 0.0007901042589310644 0.0035004805451214855 0.0 0.0 0.09674231512151919 1.5066528599275979e-07 0.0 0.0 0.09434725637228182 0.006902360822181359 0.0 0.0 0.1807526192107902 0.037393634745679166 0.0 0.0 0.009614021751491918 0.0 3.0443005689967025e-07 0.0 0.0 0.0 2.0909687332578094e-07 0.0 0.0 0.0 2.532421207005953e-12 0.0 0.0 0.0 2.8879304991461493e-07 0.0 0.0 0.0 0.0 0.025416898695233062 0.0 0.0 0.0 0.03464228265334061 0.0 0.0 0.0 0.04041281550763835 0.0 0.0 0.0 0.04108188514591232 0.0 7.367236350850419e-05 0.0 0.0 0.026461383748697605 2.5609050272699343e-08 0.0 0.0 0.030296759554389454 0.0021807481827109286 0.0 0.0 0.053262924367964405 0.0027616399649246365 0.0 0.0 0.0007982835002410975 0.002009485570864221 0.0 0.0 0.08363805599203708 2.0407838320001698e-07 0.0 0.0 0.10018027996843994 0.003886535752193178 0.0 0.0 0.147936617627676 0.10872484449989432 0.0 0.0 0.03927277921653403 0.0 0.012122205798741393 0.0 0.0 0.0 0.008344533406879715 0.0 0.0 0.0 1.5824024945973637e-07 0.0 0.0 0.0 0.0081204532364866 0.0 0.0 0.0 0.0 4.750545192636856e-08 0.0 0.0 0.0 5.087262538537487e-08 0.0 0.0 0.0 5.0763978110948726e-08 0.0 0.0 0.0 8.1667331952184e-08 0.0 2.664352689835044e-09 0.0 0.0 5.563523224839789e-08 2.598819953122996e-09 0.0 0.0 0.0007058835318454347 0.0022020900243354268 0.0 0.0 0.04903725267173753 0.0072799875725626205 0.0 0.0 0.0029069331561138168 0.0026706261732993663 0.0 0.0 0.12280686302331974 1.9988061466831367e-07 0.0 0.0 0.1285491305096122 0.012987941986610968 0.0 0.0 0.23849206807396278 0.1317129791379558 0.0 0.0 0.042619286350105534 0.0 0.08381753447714513 0.0 0.0 0.0 0.12578286445409123 0.0 0.0 0.0 0.0 0.0 0.0 0.0 0.11248328647906268 0.0 0.0 0.0 0.0 0.009018195926028233 0.0 0.0 0.0 0.04743587822137707 0.0 0.0 0.0 0.0 0.0 0.0 0.0 0.06508919849007337 0.0 0.00025935939079834645 0.0 0.0 0.08228390107477923 6.852637826851618e-08 0.0 0.0 0.02475070331186088 0.0 0.0 0.0 0.0 0.0005200562725161965 0.0 0.0 0.00020450146926094043 0.0005846882420962134 0.0 0.0 0.016676042009709194 5.81938092900535e-08 0.0 0.0 0.04971006873319852 0.0 0.0 0.0 0.0 0.029235052523865178 0.0 0.0 0.012627586045857429
0.0 0.0 0.0 0.0 0.0 0.001901716569788897 0.0 0.0 0.0 2.6042141124007072e-09 0.0 0.0 0.0 0.009462049029513421 0.0 0.0 0.0 0.0 0.0 0.0 0.0 0.0 0.16511199910724067 0.0 0.0 0.0 0.02333662864835953 0.0 0.0 0.0 0.2908157458515771 0.0 0.0 0.0 0.0 0.0 5.707464447203199e-09 0.0 0.0 0.0024684628538245985 3.0170866703181416e-05 0.0 0.0 0.0007495119795864186 0.04131426956302576 0.0 0.0 0.009996699495215937 0.0 0.0 0.0 0.0 1.1754383814208417e-07 0.0 0.0 0.06735896540268838 0.00019024099810883576 0.0 0.0 0.0052986033011335485 0.2621117871308469 0.0 0.0 0.09682325048435603 0.0 1.232504874775293e-07 0.0 0.0 0.0 0.0 0.0 0.0 0.0 1.8115963743334911e-12 0.0 0.0 0.0 2.153992887070859e-08 0.0 0.0 0.0 0.0 0.0007177533963747335 0.0 0.0 0.0 0.0 0.0 0.0 0.0 0.022433170279834685 0.0 0.0 0.0 0.01907471771263572 0.0 0.0017229425275884758 0.0 0.0 0.059201898296039765 0.0 0.0 0.0 0.0 0.00522039112951684 0.0 0.0 0.1208013092569961 0.0010199095250783723 0.0 0.0 0.00016024442124182192 0.0009171199349340547 0.0 0.0 0.026255637788892394 0.0 0.0 0.0 0.0 0.0038185745686092577 0.0 0.0 0.08456782194807662 0.03368755486397781 0.0 0.0 0.0052678687333486615 0.0 0.0009452420955502238 0.0 0.0 0.0 0.0017888790382924 0.0 0.0 0.0 0.0 0.0 0.0 0.0 0.00754156084905649 0.0 0.0 0.0 0.0 2.294354640661421e-13 0.0 0.0 0.0 2.6043827234629794e-09 0.0 0.0 0.0 0.0 0.0 0.0 0.0 5.489795364572834e-07 0.0 0.0001475786061743749 0.0 0.0 0.014676308626121883 1.2878180481663901e-08 0.0 0.0 0.023525055552428474 0.0 0.0 0.0 0.0 0.006741924500621741 0.0 0.0 0.00309587083447543 0.0001229911179083853 0.0 0.0 0.013713037952121343 2.9775424232041123e-09 0.0 0.0 0.03389636374538478 0.0 0.0 0.0 0.0 0.1730607563959537 0.0 0.0 0.046400605625201256 0.0 0.4783190082611396 0.0 0.0 0.0 0.038535045780763846 0.0 0.0 0.0 5.489781229074354e-07 0.0 0.0 0.0 0.10043701590027504 0.0 0.0 0.0 0.0 0.05384136706921618 0.0 0.0 0.0 0.02301469344483802 0.0 0.0 0.0 0.002416952069808163 0.0 0.0 0.0 0.039500535116321164 0.0 0.006564152098118018 0.0 0.0 0.21292417671848982 2.5758005808165397e-13 0.0 0.0 0.00890433855290115 0.0005493476095368992 0.0 0.0 0.028559167123554906 0.03754176303487508 0.0 0.0 0.03255426891434512 0.0018889839187931261 0.0 0.0 0.10501190547930662 5.68494487039874e-09 0.0 0.0 0.018361391730611437 0.00046695681042409966 0.0 0.0 0.02721734420476429 0.043129610921049125 0.0 0.0 0.013283231696085189
0.0 0.0 0.0 0.0 0.0 0.004166635831026457 0.0 0.0 0.0 0.0 0.0 0.0 0.0 0.006513913327432809 0.0 0.0 0.0 0.0 0.0 0.0 0.0 0.0 0.15344312275738148 0.0 0.0 0.0 0.0 0.0 0.0 0.0 0.3040155435713681 0.0 0.0 0.0 0.0 0.0 2.7955017820133135e-09 0.0 0.0 0.0021937091803681634 0.0 0.0 0.0 0.0 0.023885039877287313 0.0 0.0 0.004321098310880556 0.0 0.0 0.0 0.0 1.144478698950719e-07 0.0 0.0 0.13666255814206973 0.0 0.0 0.0 0.0 0.27232858320514347 0.0 0.0 0.07080795096258806 0.0 1.7277219114622156e-07 0.0 0.0 0.0 3.395006377191509e-08 0.0 0.0 0.0 1.763272868935799e-12 0.0 0.0 0.0 7.187637087975635e-08 0.0 0.0 0.0 0.0 0.002398807217110613 0.0 0.0 0.0 0.005272852548936925 0.0 0.0 0.0 0.011486211771363459 0.0 0.0 0.0 0.03595576048922472 0.0 0.0007286619961817493 0.0 0.0 0.024493734137881536 6.617595507480673e-09 0.0 0.0 0.0066209597776297115 0.006748621962628487 0.0 0.0 0.12872397926218204 0.02443863992631282 0.0 0.0 0.005101010551047686 0.0011168238944828251 0.0 0.0 0.06020164292841738 1.58262601556048e-08 0.0 0.0 0.017752745594935688 0.0036033078839851867 0.0 0.0 0.11625740795687331 0.040962515301636006 0.0 0.0 0.01212845911709491 0.0 0.003416101479299843 0.0 0.0 0.0 0.003049109666726601 0.0 0.0 0.0 0.0 0.0 0.0 0.0 0.0038867187005872297 0.0 0.0 0.0 0.0 5.904300703511678e-14 0.0 0.0 0.0 6.664023072515122e-13 0.0 0.0 0.0 0.0 0.0 0.0 0.0 1.0378275546491697e-12 0.0 0.00020326757558604587 0.0 0.0 0.007182080569360475 1.6599621003244645e-09 0.0 0.0 0.0007865664690784899 0.0 0.0 0.0 0.0 0.0029043584944453337 0.0 0.0 0.0004099370029310137 0.00046400665155936564 0.0 0.0 0.018381158039556988 9.16804570557339e-08 0.0 0.0 0.05545745915395285 0.0 0.0 0.0 0.0 0.14404226158117403 0.0 0.0 0.026636410112355055 0.0 0.4540423920772586 0.0 0.0 0.0 0.04262500002988197 0.0 0.0 0.0 0.0 0.0 0.0 0.0 0.09806660414895338 0.0 0.0 0.0 0.0 0.02800104294686816 0.0 0.0 0.0 0.03151867252924953 0.0 0.0 0.0 0.0 0.0 0.0 0.0 0.048853285916208564 0.0 0.006610874330686729 0.0 0.0 0.2720010175492736 2.761393646344853e-10 0.0 0.0 0.0013058904916823718 0.0 0.0 0.0 0.0 0.06365119548805474 0.0 0.0 0.019614750957225518 0.001556914709962553 0.0 0.0 0.0975395735331811 1.134653943798331e-08 0.0 0.0 0.013490268272772608 0.0 0.0 0.0 0.0 0.025276867247101844 0.0 0.0 0.011356825081251727
0.0 0.0010476761904308115 0.0 0.0 0.0 0.002129551460947528 0.0 0.0 0.0 7.579053095435109e-08 0.0 0.0 0.0 0.003947563161509318 0.0 0.0 0.0 0.0 0.07184531022268054 0.0 0.0 0.0 0.08793432878257373 0.0 0.0 0.0 0.12399738396554476 0.0 0.0 0.0 0.10162126057974977 0.0 1.5042356731841519e-09 0.0 0.0 0.003202747172063651 6.6750781168159e-08 0.0 0.0 0.038372792788547806 0.00496833359903402 0.0 0.0 0.07387313831870222 0.02505288398229184 0.0 0.0 0.0034644322066976927 9.387332002009589e-09 0.0 0.0 0.022223982720663952 4.233857058949435e-08 0.0 0.0 0.06820267227339245 0.004200288329735603 0.0 0.0 0.13707982518737577 0.08376421310260083 0.0 0.0 0.027948964960667216 0.0 0.0 0.0 0.0 0.0 4.789219399396148e-07 0.0 0.0 0.0 4.178872501305809e-12 0.0 0.0 0.0 2.0570470625385661e-07 0.0 0.0 0.0 0.0 0.0 0.0 0.0 0.0 0.019425643201302106 0.0 0.0 0.0 0.07703962321024405 0.0 0.0 0.0 0.04538278862972436 0.0 0.0 0.0 0.0 0.0 1.0175281361124056e-07 0.0 0.0 0.08850913838421069 0.0035255626026002036 0.0 0.0 0.03052548468744164 0.10440141678885494 0.0 0.0 0.019937963423909535 0.0 0.0 0.0 0.0 3.0111635140049426e-07 0.0 0.0 0.2853432454130089 0.006531843570674235 0.0 0.0 0.2264965311157843 0.1869091106317638 0.0 0.0 0.03664742361066772 0.0 0.01841829627756485 0.0 0.0 0.0 0.014566407225539337 0.0 0.0 0.0 2.0962020640808737e-07 0.0 0.0 0.0 0.012671732125760296 0.0 0.0 0.0 0.0 3.9106418533185993e-07 0.0 0.0 0.0 5.7830988265115356e-08 0.0 0.0 0.0 5.3428626293089435e-08 0.0 0.0 0.0 1.4593768641988108e-07 0.0 0.00013869100791419028 0.0 0.0 0.0396594209999362 8.844313001316868e-10 0.0 0.0 0.0033804416639337783 0.008131465170530964 0.0 0.0 0.11140567644882993 0.051081889148145175 0.0 0.0 0.022132694477168126 0.003537688251004888 0.0 0.0 0.13488496679420786 1.8516278246259027e-07 0.0 0.0 0.2278522252258415 0.01710041028296317 0.0 0.0 0.25664109383847 0.14050222555716999 0.0 0.0 0.06857049434629 0.0 0.3659323110825532 0.0 0.0 0.0 0.12515169766789264 0.0 0.0 0.0 3.6284657007500603e-07 0.0 0.0 0.0 0.35165234193349965 0.0 0.0 0.0 0.0 0.07708869503548821 0.0 0.0 0.0 0.13953973485956805 0.0 0.0 0.0 0.03489321919647456 0.0 0.0 0.0 0.12221588928078024 0.0 0.0019221278336461227 0.0 0.0 0.07894871233891655 2.1417389562669042e-08 0.0 0.0 0.033659016248135186 1.7453619837855453e-09 0.0 0.0 1.6970213492803604e-08 0.11462761107501918 0.0 0.0 0.04909994884582435 0.0015263486192857376 0.0 0.0 0.06450016827455018 3.336463573752763e-08 0.0 0.0 0.04576854163330216 0.0011987399481707033 0.0 0.0 0.013067522891912528 0.1083182073108143 0.0 0.0 0.040643819133315634
0.0 0.014868311035383943 0.0 0.0 0.0 0.005573849511376289 0.0 0.0 0.0 1.5330529014803044e-07 0.0 0.0 0.0 0.0005559182405842126 0.0 0.0 0.0 0.0 0.015554763737021398 0.0 0.0 0.0 0.10071755566213929 0.0 0.0 0.0 0.21233896069964142 0.0 0.0 0.0 0.004085648469996887 0.0 0.00012359179225770238 0.0 0.0 0.009793718851734367 1.5882859799149234e-08 0.0 0.0 0.011156348624966554 0.0012810758120623236 0.0 0.0 0.02182608083572827 2.1759907939343247e-08 0.0 0.0 4.329209221051259e-09 0.007665137414248496 0.0 0.0 0.2919624597777648 1.6952767866051023e-07 0.0 0.0 0.17395318874104568 0.021881590033256116 0.0 0.0 0.4226081045308429 0.0359142885286287 0.0 0.0 0.008010973330017405 0.0 3.3681464261593786e-07 0.0 0.0 0.0 1.5367890225050872e-07 0.0 0.0 0.0 5.252077720015564e-12 0.0 0.0 0.0 4.1983786684706293e-07 0.0 0.0 0.0 0.0 0.0019818648540018283 0.0 0.0 0.0 0.003315620982929983 0.0 0.0 0.0 0.04210537703101819 0.0 0.0 0.0 0.0743715397830187 0.0 4.767337716550927e-10 0.0 0.0 0.00027765123048482303 1.7544177789544506e-07 0.0 0.0 0.06069957876696397 0.0001852984202229111 0.0 0.0 0.0035531770742078883 0.03554135155491819 0.0 0.0 0.008006168776028815 0.0008868188080739292 0.0 0.0 0.09398703713275182 2.0568670936675948e-07 0.0 0.0 0.08168482941774968 0.012768376969218573 0.0 0.0 0.23278889845014658 0.22161298195665557 0.0 0.0 0.04900237535826688 0.0 0.03390505815215481 0.0 0.0 0.0 0.01129996888813773 0.0 0.0 0.0 9.640546994162684e-08 0.0 0.0 0.0 0.012449452119846317 0.0 0.0 0.0 0.0 1.0829654841539857e-06 0.0 0.0 0.0 2.0700146732654003e-06 0.0 0.0 0.0 5.404225712737048e-08 0.0 0.0 0.0 5.809423506982765e-08 0.0 0.0035065253439201254 0.0 0.0 0.0987204516351113 5.4107067911963145e-08 0.0 0.0 0.08325467231209967 0.0013662917500736785 0.0 0.0 0.04175290428838257 0.030661344267630987 0.0 0.0 0.050573970475685875 0.006205031921272285 0.0 0.0 0.343330396565501 2.2797824636507586e-07 0.0 0.0 0.2454109893081857 0.014497490924880759 0.0 0.0 0.18521743588065778 0.14740114269992458 0.0 0.0 0.05031516029274338 0.0 0.27511952130546224 0.0 0.0 0.0 0.10490043057255244 0.0 0.0 0.0 3.0154006374492066e-06 0.0 0.0 0.0 0.1923393889735879 0.0 0.0 0.0 0.0 0.020246957080952855 0.0 0.0 0.0 0.004228155081595725 0.0 0.0 0.0 0.0553918224070554 0.0 0.0 0.0 0.12547824460228135 0.0 0.0019895613369602157 0.0 0.0 0.08355973439398674 1.0977972734913934e-09 0.0 0.0 0.0005214767853876435 0.00039124997000951963 0.0 0.0 0.004348730813809859 0.07137546056876796 0.0 0.0 0.04174927598281277 0.0004164092869359626 0.0 0.0 0.05576950852080126 6.061452651883505e-08 0.0 0.0 0.03605043982317355 0.005283201685884924 0.0 0.0 0.08028254369763597 0.029855764915806163 0.0 0.0 0.02487041154018754
0.0 0.009513848137683523 0.0 0.0 0.0 0.0026623583201149824 0.0 0.0 0.0 2.5687427234657813e-08 0.0 0.0 0.0 0.004877657377061016 0.0 0.0 0.0 0.0 0.05518065116578158 0.0 0.0 0.0 0.04864976894174587 0.0 0.0 0.0 0.05998996050808165 0.0 0.0 0.0 0.08269319640077065 0.0 0.00026634421975117967 0.0 0.0 0.004555786475785537 8.826315321726443e-09 0.0 0.0 0.0034263162414986514 0.0042040414932561585 0.0 0.0 0.028853472314299144 0.017743874855259863 0.0 0.0 0.038781806877708803 0.002585221114997833 0.0 0.0 0.03860752614165539 4.7496447642124015e-08 0.0 0.0 0.0928740031814176 0.00579791609419705 0.0 0.0 0.048767086910278826 0.05673181965426023 0.0 0.0 0.05749352509813458 0.0 6.517685360740625e-08 0.0 0.0 0.0 8.139630944324108e-08 0.0 0.0 0.0 3.1940157668330452e-12 0.0 0.0 0.0 3.177365785175444e-07 0.0 0.0 0.0 0.0 0.0013477605173860326 0.0 0.0 0.0 0.03709840345367563 0.0 0.0 0.0 0.049336822375292716 0.0 0.0 0.0 0.1000391794823178 0.0 6.692240011929413e-09 0.0 0.0 2.4000295781325956e-08 9.538851125325066e-08 0.0 0.0 0.05279716850620129 0.0024389491827911066 0.0 0.0 0.04033414160045691 0.0799946875025054 0.0 0.0 0.012941143891945799 0.007081606036821273 0.0 0.0 0.02847366332828831 4.4565429003540105e-08 0.0 0.0 0.05771670969741344 0.005808455224267982 0.0 0.0 0.16040351187719237 0.1606261981539004 0.0 0.0 0.05233285650348723 0.0 0.013534861230495809 0.0 0.0 0.0 0.008515844638888008 0.0 0.0 0.0 1.5603450157320564e-07 0.0 0.0 0.0 0.013582730519827325 0.0 0.0 0.0 0.0 2.781228630325143e-08 0.0 0.0 0.0 1.7252508327824215e-07 0.0 0.0 0.0 2.704361070488753e-06 0.0 0.0 0.0 4.8769701813076595e-06 0.0 0.00047764918949982053 0.0 0.0 0.016495072929661837 5.273061347476577e-10 0.0 0.0 0.0001869751359739292 0.00034624339754660136 0.0 0.0 0.02635216483475952 0.020892060086720524 0.0 0.0 0.025414775053735586 0.002064031773174812 0.0 0.0 0.1150408600724215 1.7376782868768007e-07 0.0 0.0 0.13890933641246 0.009833839470516699 0.0 0.0 0.22178677216480022 0.11568350319638324 0.0 0.0 0.08274393443634714 0.0 0.22346480247134679 0.0 0.0 0.0 0.1766438814733598 0.0 0.0 0.0 7.603054313991731e-06 0.0 0.0 0.0 0.1883295927200663 0.0 0.0 0.0 0.0 0.04130321180842073 0.0 0.0 0.0 0.10275787184444278 0.0 0.0 0.0 0.009307139072760815 0.0 0.0 0.0 0.05805677212874432 0.0 0.0017455071054800634 0.0 0.0 0.05641507822536641 5.088044312596666e-08 0.0 0.0 0.0690839284596841 0.0031599260574365824 0.0 0.0 0.039728917858626596 0.06862244521538183 0.0 0.0 0.014271588037061031 0.00283352339032176 0.0 0.0 0.04326913451791441 4.2860654414922945e-08 0.0 0.0 0.05744860775215102 0.004438072120545534 0.0 0.0 0.12787397059574157 0.05623609836846724 0.0 0.0 0.020417886801014484
0.0 0.0026623897757639455 0.0 0.0 0.0 0.0022675541464864312 0.0 0.0 0.0 4.904346401635082e-08 0.0 0.0 0.0 0.0022627501820082444 0.0 0.0 0.0 0.0 0.031791970902196376 0.0 0.0 0.0 0.05706369317749494 0.0 0.0 0.0 0.03800068204116318 0.0 0.0 0.0 0.039193363257731574 0.0 0.00028130449647164745 0.0 0.0 0.010684756364846686 9.225001536107627e-10 0.0 0.0 0.036245939683754926 4.669091357289146e-05 0.0 0.0 0.008335660854234506 0.010585613591620944 0.0 0.0 0.0032782468220945637 0.00042169926350964356 0.0 0.0 0.04441212573335156 1.1323863039987776e-08 0.0 0.0 0.08493129381818017 0.004134065345898371 0.0 0.0 0.12999134487394676 0.025395599655941955 0.0 0.0 0.009538673026742545 0.0 2.1318270317875094e-07 0.0 0.0 0.0 1.8153607298998502e-07 0.0 0.0 0.0 2.816553521054576e-12 0.0 0.0 0.0 2.157315601312742e-07 0.0 0.0 0.0 0.0 0.004011088200384281 0.0 0.0 0.0 0.09195846126286643 0.0 0.0 0.0 0.04242740556639164 0.0 0.0 0.0 0.06359458845705604 0.0 0.0016436399210812424 0.0 0.0 0.022297899599272027 5.804835026832902e-08 0.0 0.0 0.025058056707178037 0.0034185314098113275 0.0 0.0 0.04655712464905784 0.05024804823383566 0.0 0.0 0.01329890010669935 0.0011168188276152282 0.0 0.0 0.06118458680508388 1.44505730443538e-07 0.0 0.0 0.09357633985746135 0.008575884775731806 0.0 0.0 0.1396990443592304 0.10505212547066856 0.0 0.0 0.03856886160859977 0.0 0.006059248489461813 0.0 0.0 0.0 0.006065947794985744 0.0 0.0 0.0 7.69187033497915e-08 0.0 0.0 0.0 0.007452515598876595 0.0 0.0 0.0 0.0 1.473013875065994e-08 0.0 0.0 0.0 1.1874925586387699e-08 0.0 0.0 0.0 1.5003646841134795e-08 0.0 0.0 0.0 1.4782701345411253e-07 0.0 0.0009240768453369097 0.0 0.0 0.018330436619862115 7.0030813193619e-09 0.0 0.0 0.0019260695671713035 0.0001512920653365996 0.0 0.0 0.00662840299335032 0.06233416621566846 0.0 0.0 0.009939361714781714 0.0004528077343720321 0.0 0.0 0.06448766211696823 2.0507532709767634e-07 0.0 0.0 0.08226200522064882 0.0045354491592264155 0.0 0.0 0.07893901039587631 0.1171709332141765 0.0 0.0 0.04378086619252283 0.0 0.15088915902318006 0.0 0.0 0.0 0.19365786000915322 0.0 0.0 0.0 6.347085938551405e-08 0.0 0.0 0.0 0.190977611119765 0.0 0.0 0.0 0.0 0.029143416175795682 0.0 0.0 0.0 0.013500092359998779 0.0 0.0 0.0 0.019805718712827672 0.0 0.0 0.0 0.13824386538358785 0.0 0.001446166470839811 0.0 0.0 0.033773795026815205 1.254620134984022e-07 0.0 0.0 0.06056770771161686 0.00019382087971425935 0.0 0.0 0.007583337608830443 0.11159489817711211 0.0 0.0 0.025872113588446672 0.0009062226629972431 0.0 0.0 0.024519231403411536 5.8112287032625175e-08 0.0 0.0 0.06320639364410997 5.576199756956353e-05 0.0 0.0 0.002446046175578635 0.05314330906393347 0.0 0.0 0.021693681883994
0.0 0.0 0.0 0.0 0.0 0.0034392270944300063 0.0 0.0 0.0 6.049284502672123e-08 0.0 0.0 0.0 0.008791410672224989 0.0 0.0 0.0 0.0 0.0 0.0 0.0 0.0 0.04955150976611478 0.0 0.0 0.0 0.01882191255206334 0.0 0.0 0.0 0.1363382264601873 0.0 0.0 0.0 0.0 0.0 1.1938869007928473e-08 0.0 0.0 0.012360488550915675 0.00011462569005676768 0.0 0.0 0.011299673840752695 0.003843686553135975 0.0 0.0 0.0012624881565967449 0.0 0.0 0.0 0.0 4.187911350999966e-08 0.0 0.0 0.12127653484334999 0.00927336006533775 0.0 0.0 0.1471181814317374 0.18951966985583613 0.0 0.0 0.08015709996580288 0.0 8.081674798591473e-07 0.0 0.0 0.0 1.0572385437096412e-07 0.0 0.0 0.0 8.675481644029674e-12 0.0 0.0 0.0 2.591913348293116e-07 0.0 0.0 0.0 0.0 0.01778965893786208 0.0 0.0 0.0 0.0708725843556467 0.0 0.0 0.0 0.11295675391360513 0.0 0.0 0.0 0.14853818003779448 0.0 0.0007709771711053702 0.0 0.0 0.06684166568052262 3.447405437347952e-08 0.0 0.0 0.048403109541228416 0.0020776960552610986 0.0 0.0 0.04427365275393778 0.0021816664150641017 0.0 0.0 0.001221588474184848 0.0039138644694157 0.0 0.0 0.1906247466828038 4.401554847901497e-08 0.0 0.0 0.0673519359624606 0.02112309972997904 0.0 0.0 0.42610919327511854 0.1268907808330694 0.0 0.0 0.04776619967594006 0.0 0.010560882064591872 0.0 0.0 0.0 0.025215834281190102 0.0 0.0 0.0 2.15166185245737e-07 0.0 0.0 0.0 0.01748248802550306 0.0 0.0 0.0 0.0 1.1653572764176137e-08 0.0 0.0 0.0 2.562734916680828e-06 0.0 0.0 0.0 1.075126828277733e-07 0.0 0.0 0.0 4.3005340781338466e-07 0.0 0.00028064164974007705 0.0 0.0 0.0068339032778028394 5.363447412742206e-08 0.0 0.0 0.027052023896779475 0.004671122845434786 0.0 0.0 0.06827146036482816 0.031481524363823614 0.0 0.0 0.009639023746655644 0.0035587368995994894 0.0 0.0 0.07207973149108943 8.641140584145044e-07 0.0 0.0 0.46095515003876186 0.00980427958030699 0.0 0.0 0.15053758212155322 0.2126184276292342 0.0 0.0 0.10203373432696168 0.0 0.2033325834405724 0.0 0.0 0.0 0.32150201014543384 0.0 0.0 0.0 2.7647937831950477e-06 0.0 0.0 0.0 0.06829697852424658 0.0 0.0 0.0 0.0 0.011191558424405746 0.0 0.0 0.0 0.04534373370868045 0.0 0.0 0.0 0.007140874470139041 0.0 0.0 0.0 0.030894969810084234 0.0 0.00414647603927063 0.0 0.0 0.19039204977511573 2.8207047223490375e-08 0.0 0.0 0.04928497595832218 0.0029793071338107646 0.0 0.0 0.05762819263316619 0.007245803435918716 0.0 0.0 0.004094973178822432 0.0005987770556949309 0.0 0.0 0.05690809044692298 9.482817940522756e-08 0.0 0.0 0.09709564585251745 0.00321589228947795 0.0 0.0 0.06900382923421756 0.019352777817953967 0.0 0.0 0.010085357787568815
0.0 0.0 0.0 0.0 0.0 0.00016976536227888799 0.0 0.0 0.0 5.641722689874146e-08 0.0 0.0 0.0 0.002500905031202106 0.0 0.0 0.0 0.0 0.0 0.0 0.0 0.0 0.03583230926440742 0.0 0.0 0.0 0.14164382604519854 0.0 0.0 0.0 0.11400212968207278 0.0 0.0 0.0 0.0 0.0 9.696997975386805e-10 0.0 0.0 0.0006294684732801821 0.00048115068999842164 0.0 0.0 0.01490540010411182 0.001974862299936847 0.0 0.0 0.00036256699570565235 0.0 0.0 0.0 0.0 7.0930966682197296e-09 0.0 0.0 0.005162250257231422 0.00533020001005074 0.0 0.0 0.17198977809336863 0.06427409512913823 0.0 0.0 0.02585444796191627 0.0 1.9910763574328116e-07 0.0 0.0 0.0 2.801641656332399e-07 0.0 0.0 0.0 2.178469233078196e-12 0.0 0.0 0.0 2.802807978301072e-07 0.0 0.0 0.0 0.0 6.262747848222873e-08 0.0 0.0 0.0 0.06641345562930999 0.0 0.0 0.0 0.07689648398365566 0.0 0.0 0.0 0.08193031709649343 0.0 1.766006065985049e-05 0.0 0.0 0.0006234868119192409 3.8876784140752894e-09 0.0 0.0 0.004536630191117662 0.0023012129019239908 0.0 0.0 0.09228131934603939 0.05993322253379576 0.0 0.0 0.04877474979923338 0.001014046562125989 0.0 0.0 0.040138346250175067 2.936250460825445e-07 0.0 0.0 0.13801834360265405 0.002438724484105161 0.0 0.0 0.11863886922205799 0.14041050622377996 0.0 0.0 0.04509513684584908 0.0 0.0022667532164541353 0.0 0.0 0.0 0.010671257459739568 0.0 0.0 0.0 2.6279508324079045e-07 0.0 0.0 0.0 0.01198586658051138 0.0 0.0 0.0 0.0 2.071490765266281e-09 0.0 0.0 0.0 1.4103327559052316e-07 0.0 0.0 0.0 1.5486522642051393e-07 0.0 0.0 0.0 1.3330573794290847e-06 0.0 1.762702214525363e-08 0.0 0.0 0.05866020015184574 5.0936592029267527e-08 0.0 0.0 0.03273024339598531 0.0010384353627901125 0.0 0.0 0.059600788726475604 0.05891266954192866 0.0 0.0 0.015879944230883073 6.484342220332999e-09 0.0 0.0 0.022660623288833764 2.5521863479952366e-07 0.0 0.0 0.16556705905574456 0.012323086138869581 0.0 0.0 0.3449752863114988 0.26619917016085026 0.0 0.0 0.06495903062839099 0.0 0.2892113126675888 0.0 0.0 0.0 0.2145687817130323 0.0 0.0 0.0 1.2426811590329705e-06 0.0 0.0 0.0 0.2409845038199881 0.0 0.0 0.0 0.0 0.018353384833763472 0.0 0.0 0.0 0.1420546888697821 0.0 0.0 0.0 4.573971797818718e-08 0.0 0.0 0.0 0.09506343626923584 0.0 0.0010536356713116797 0.0 0.0 0.09366902480571113 3.999734748971414e-08 0.0 0.0 0.07705434787958006 2.3488233193735733e-09 0.0 0.0 8.448120843886838e-08 0.09097245131738851 0.0 0.0 0.02824762960381084 0.0005853604052460075 0.0 0.0 0.056859097236317 1.1588947886073617e-07 0.0 0.0 0.0678476426907117 0.0010113066862006152 0.0 0.0 0.040781119482884993 0.06208886367495009 0.0 0.0 0.02596253377455353
0.0 0.0062005245464959455 0.0 0.0 0.0 0.000696689715471605 0.0 0.0 0.0 5.5463737709742616e-08 0.0 0.0 0.0 0.002101178290322829 0.0 0.0 0.0 0.0 0.10670408821150561 0.0 0.0 0.0 0.005785335983537044 0.0 0.0 0.0 0.06791923383302276 0.0 0.0 0.0 0.05738246845310207 0.0 0.0001105338993611402 0.0 0.0 0.017759544361725617 1.850233753589179e-10 0.0 0.0 5.8163352706097807e-05 0.002008348522037855 0.0 0.0 0.07850500415258614 0.0009174531941785529 0.0 0.0 0.044751958127150215 0.0007478843698744908 0.0 0.0 0.07884545462378746 6.671233613143405e-08 0.0 0.0 0.023512319767032927 0.0012232456746449237 0.0 0.0 0.18092244523114964 0.04875144165466554 0.0 0.0 0.02641095457722388 0.0 9.419894078702505e-08 0.0 0.0 0.0 1.22272569725969e-07 0.0 0.0 0.0 3.4834506064356982e-12 0.0 0.0 0.0 5.528062388211776e-08 0.0 0.0 0.0 0.0 0.0006967044170636393 0.0 0.0 0.0 0.021911493977051954 0.0 0.0 0.0 0.01442722705958719 0.0 0.0 0.0 0.005535653262055491 0.0 8.39413659639059e-05 0.0 0.0 0.025238444500411173 1.8355629752528867e-14 0.0 0.0 7.057793023508984e-09 0.00042318440387365187 0.0 0.0 0.028979891208157613 0.018281934871498078 0.0 0.0 0.005276829516611364 0.0003054949002248023 0.0 0.0 0.03378047204961004 7.808841550024875e-08 0.0 0.0 0.0381934500363658 0.005945232179537877 0.0 0.0 0.16059249515811044 0.01750900623674267 0.0 0.0 0.013501672264682865 0.0 0.013683391750903849 0.0 0.0 0.0 0.009525269408508756 0.0 0.0 0.0 3.4048367746639057e-07 0.0 0.0 0.0 0.012112173947353328 0.0 0.0 0.0 0.0 6.284463590547881e-08 0.0 0.0 0.0 1.2813511494823461e-06 0.0 0.0 0.0 9.280865456765228e-07 0.0 0.0 0.0 9.203456465123606e-07 0.0 4.2841840933833214e-08 0.0 0.0 7.579477313435017e-07 1.0657030421056834e-09 0.0 0.0 0.002902938283716813 0.003054594791220863 0.0 0.0 0.05183589274463313 0.026712653974239668 0.0 0.0 0.00714791997702212 0.0033583589571991477 0.0 0.0 0.13322026423822472 1.0650819953331795e-07 0.0 0.0 0.16788585767936542 0.02193159829737505 0.0 0.0 0.40401785705426263 0.1742772216532402 0.0 0.0 0.08027486726356997 0.0 0.2179071159848269 0.0 0.0 0.0 0.032348997319208185 0.0 0.0 0.0 2.7464611635130454e-06 0.0 0.0 0.0 0.10231739780993929 0.0 0.0 0.0 0.0 0.03671015032156383 0.0 0.0 0.0 0.05058612161258869 0.0 0.0 0.0 0.00472865620645075 0.0 0.0 0.0 0.024505877187636065 0.0 0.0007745994032525784 0.0 0.0 0.024594878429583807 1.0181332664059145e-08 0.0 0.0 0.02727182191452196 7.609326085336674e-05 0.0 0.0 0.0027489527610326777 0.0263194760015181 0.0 0.0 0.005639087296344998 0.0036175922783110927 0.0 0.0 0.046973996459640815 9.014589243564024e-09 0.0 0.0 0.01000334282218795 0.0019983878638758414 0.0 0.0 0.0806028905949454 0.03980706998905507 0.0 0.0 0.011779121728256702
0.0 0.0028926728884371656 0.0 0.0 0.0 0.0007757285564937511 0.0 0.0 0.0 8.573015132399733e-08 0.0 0.0 0.0 0.002888322244628495 0.0 0.0 0.0 0.0 0.005308385441501509 0.0 0.0 0.0 0.00375074038534249 0.0 0.0 0.0 0.05811184226879802 0.0 0.0 0.0 0.07981376016985399 0.0 9.403521334077753e-15 0.0 0.0 2.9544257255401463e-08 1.234911421041932e-19 0.0 0.0 7.616373221849083e-09 0.00028554075416266226 0.0 0.0 0.01915995819941185 0.0011254334481682882 0.0 0.0 0.00030520563814320453 1.7042790462784685e-08 0.0 0.0 0.060034050089457267 4.2793934331348337e-13 0.0 0.0 0.02959110094458912 0.008693870448516767 0.0 0.0 0.2890420551344512 0.02337101765473625 0.0 0.0 0.02896657085737589 0.0 7.799292909385362e-08 0.0 0.0 0.0 4.232961823727461e-08 0.0 0.0 0.0 6.055565769651e-12 0.0 0.0 0.0 1.454569548829998e-07 0.0 0.0 0.0 0.0 4.232961823727461e-08 0.0 0.0 0.0 0.0022610954934516093 0.0 0.0 0.0 0.03580375473356177 0.0 0.0 0.0 0.03446364444517067 0.0 1.0799073642922765e-09 0.0 0.0 0.0022610944135442452 2.019353113505489e-18 0.0 0.0 7.35676212283074e-13 0.0013193273101766948 0.0 0.0 0.03856701553591973 0.022851068983009707 0.0 0.0 0.009239941261874733 1.3570545234533768e-08 0.0 0.0 0.03185634811668235 7.799292909183429e-08 0.0 0.0 0.03185636168649192 0.00872429053139028 0.0 0.0 0.22264380941193473 0.04980161175645684 0.0 0.0 0.020113898109439282 0.0 0.03151099462644497 0.0 0.0 0.0 0.010538506591248685 0.0 0.0 0.0 2.3112530570250408e-07 0.0 0.0 0.0 0.013730578075150202 0.0 0.0 0.0 0.0 1.1196874593942745e-07 0.0 0.0 0.0 8.761128427354316e-07 0.0 0.0 0.0 8.479281325478294e-07 0.0 0.0 0.0 2.9240990998504505e-07 0.0 7.267885892807752e-05 0.0 0.0 0.00249885878722507 2.010678057122786e-09 0.0 0.0 0.02322763048923047 0.002995328634258635 0.0 0.0 0.024674964911059007 0.07896859977668363 0.0 0.0 0.023658021555817674 0.005074154552580384 0.0 0.0 0.2337838212318878 1.1803389171842391e-07 0.0 0.0 0.17093833178146753 0.031091534046657158 0.0 0.0 0.3847656008965318 0.15932243000545504 0.0 0.0 0.06549585320924876 0.0 0.11258098275768477 0.0 0.0 0.0 0.05770943089280494 0.0 0.0 0.0 1.811558118615462e-06 0.0 0.0 0.0 0.22311597518169418 0.0 0.0 0.0 0.0 0.015567635460660199 0.0 0.0 0.0 0.05982050059212372 0.0 0.0 0.0 0.0621796400933883 0.0 0.0 0.0 0.10216724134416712 0.0 0.0011037729362938407 0.0 0.0 0.0880232352476397 5.7407470036005514e-08 0.0 0.0 0.06322218051965546 0.0009208416633139679 0.0 0.0 0.013500954755971208 0.028106541259208848 0.0 0.0 0.013552850182045948 0.0003061713786559679 0.0 0.0 0.021241244741651216 1.0338228701842667e-08 0.0 0.0 0.02395328526907635 0.001749577029673401 0.0 0.0 0.05811748491244061 0.048729473015313884 0.0 0.0 0.027856426559514938
0.0 0.012983104335042983 0.0 0.0 0.0 0.006419151409048363 0.0 0.0 0.0 6.708668102723297e-08 0.0 0.0 0.0 0.006474344142182619 0.0 0.0 0.0 0.0 0.09719715497360674 0.0 0.0 0.0 0.16561312269732364 0.0 0.0 0.0 0.0862726263813973 0.0 0.0 0.0 0.00871329772474116 0.0 0.001506684206227923 0.0 0.0 0.04058946624240677 2.821189200691968e-07 0.0 0.0 0.09565583591986304 0.0004800006619420411 0.0 0.0 0.010027039796666717 0.0004842154705482829 0.0 0.0 0.00017203536328543273 0.005629851745273835 0.0 0.0 0.23994411765392168 2.839280352756308e-07 0.0 0.0 0.17989300047784945 0.007468316776547049 0.0 0.0 0.19413973366412585 0.12891492890798134 0.0 0.0 0.05416636796950109 0.0 5.583636492561845e-07 0.0 0.0 0.0 1.8452979515609996e-07 0.0 0.0 0.0 6.686463795370266e-12 0.0 0.0 0.0 2.65852648304168e-07 0.0 0.0 0.0 0.0 0.03546291384201847 0.0 0.0 0.0 0.01970593530381703 0.0 0.0 0.0 0.13911713573604353 0.0 0.0 0.0 0.03800971188894313 0.0 0.0011820763011476732 0.0 0.0 0.03385456073503156 5.673976023474806e-13 0.0 0.0 0.03517888146697467 0.0034663664084639057 0.0 0.0 0.10848681896023753 0.03288592770208782 0.0 0.0 0.012236662554753308 0.004238170031330369 0.0 0.0 0.17391820769962266 1.7586653892327805e-07 0.0 0.0 0.14404001241054673 0.016239572703109648 0.0 0.0 0.37919697231473876 0.05267012562733979 0.0 0.0 0.06312249595246755 0.0 0.01974245840159696 0.0 0.0 0.0 0.01715393002017128 0.0 0.0 0.0 2.4555365055185804e-07 0.0 0.0 0.0 0.00976403315877067 0.0 0.0 0.0 0.0 3.3274500081642896e-08 0.0 0.0 0.0 7.808398565054536e-08 0.0 0.0 0.0 1.3977297443925132e-06 0.0 0.0 0.0 1.3299973165640754e-07 0.0 0.0029255423759300446 0.0 0.0 0.06541954876397815 3.7132695647116235e-08 0.0 0.0 0.03859358013116631 0.0030642605357752897 0.0 0.0 0.03619386724593773 0.0642873103386824 0.0 0.0 0.014907216889931456 0.005705638315587693 0.0 0.0 0.154863265841207 2.2764253852761983e-07 0.0 0.0 0.29237122875136257 0.015942103874359223 0.0 0.0 0.3426485042170127 0.24734700936426818 0.0 0.0 0.06154467640509547 0.0 0.32507008067677956 0.0 0.0 0.0 0.20929938402358578 0.0 0.0 0.0 1.3294409437382224e-06 0.0 0.0 0.0 0.04449350007681588 0.0 0.0 0.0 0.0 0.016255457689735017 0.0 0.0 0.0 0.041972214631060246 0.0 0.0 0.0 2.0356691184704574e-07 0.0 0.0 0.0 0.007398025005516697 0.0 0.002765956427632335 0.0 0.0 0.03849131323321607 4.202329862686298e-09 0.0 0.0 0.011458626470297373 1.457830883425286e-09 0.0 0.0 0.001405217373137437 0.01737124410320221 0.0 0.0 0.002384985254189889 0.001922747569825118 0.0 0.0 0.06307612095385166 7.072264911692153e-08 0.0 0.0 0.08538878171199751 4.4716161418523204e-08 0.0 0.0 0.04832450083957465 0.02283496845958418 0.0 0.0 0.004979871889811104
0.0 0.0 0.0 0.0 0.0 0.0006864930492991924 0.0 0.0 0.0 1.1074005897501352e-07 0.0 0.0 0.0 0.0034539408892014277 0.0 0.0 0.0 0.0 0.0 0.0 0.0 0.0 0.0038402904080846933 0.0 0.0 0.0 0.00804496745233158 0.0 0.0 0.0 0.06874724384551156 0.0 0.0 0.0 0.0 0.0 1.808274920869322e-19 0.0 0.0 6.811500589293316e-09 0.0004283274847379743 0.0 0.0 0.01287998160244286 0.021618398067495184 0.0 0.0 0.013596963083671188 0.0 0.0 0.0 0.0 6.137610670852113e-13 0.0 0.0 0.025920547647444652 0.010318376310693132 0.0 0.0 0.1510122639113928 0.04599164191044998 0.0 0.0 0.02927583970532801 0.0 4.334352185787101e-08 0.0 0.0 0.0 6.672774037535812e-08 0.0 0.0 0.0 3.2755279010041244e-12 0.0 0.0 0.0 1.0632967224177014e-07 0.0 0.0 0.0 0.0 0.03299601587046411 0.0 0.0 0.0 0.0724734690710907 0.0 0.0 0.0 0.046823511709724874 0.0 0.0 0.0 0.04856084673206739 0.0 0.00010642253119867147 0.0 0.0 0.044714300733197876 7.867779497017389e-14 0.0 0.0 0.001331967377541755 0.0008851230721910378 0.0 0.0 0.052785079452472815 0.0559061872571483 0.0 0.0 0.013536225405123418 0.00022132405467801283 0.0 0.0 0.013303907217768174 1.6244572339963585e-08 0.0 0.0 0.04798383224674769 0.007944454926386894 0.0 0.0 0.16558787208843484 0.05181722764924752 0.0 0.0 0.012863434128398445 0.0 0.020166243128334007 0.0 0.0 0.0 0.006399957574935168 0.0 0.0 0.0 8.795870221650991e-08 0.0 0.0 0.0 0.014688963971155272 0.0 0.0 0.0 0.0 1.4654975289850642e-07 0.0 0.0 0.0 5.345513558494988e-07 0.0 0.0 0.0 5.334594991635764e-07 0.0 0.0 0.0 1.3859784327366316e-06 0.0 8.0985858039243e-05 0.0 0.0 0.028934222491852846 1.9051077997550154e-13 0.0 0.0 0.004469114921543753 0.003934600975511112 0.0 0.0 0.032379721855369 0.031679460531065115 0.0 0.0 0.006663840909927726 0.002569950541760348 0.0 0.0 0.16137981684886085 7.129514036456095e-08 0.0 0.0 0.1109196733246059 0.013090411092744766 0.0 0.0 0.13327867215983105 0.1627926954704559 0.0 0.0 0.08864703230839213 0.0 0.06046621523407197 0.0 0.0 0.0 0.1937673260313724 0.0 0.0 0.0 2.355048243385653e-06 0.0 0.0 0.0 0.23361335971902128 0.0 0.0 0.0 0.0 0.015527514629630795 0.0 0.0 0.0 0.09295101179842132 0.0 0.0 0.0 0.04719887905036876 0.0 0.0 0.0 0.09116302155968523 0.0 0.000754880177138434 0.0 0.0 0.008147168029682466 2.1186666026871236e-08 0.0 0.0 0.043703320415330024 0.0025044255416462836 0.0 0.0 0.04096098172648597 0.045457521835410054 0.0 0.0 0.044830501090443536 0.00040698151574488544 0.0 0.0 0.006039254164560138 1.0767694832168165e-07 0.0 0.0 0.06539360581151954 0.002149511460057328 0.0 0.0 0.05942053675791272 0.07501818540162447 0.0 0.0 0.027522154981844613
0.0 0.009024276509667471 0.0 0.0 0.0 0.004487222868953167 0.0 0.0 0.0 7.649754061258063e-08 0.0 0.0 0.0 0.001862865931651884 0.0 0.0 0.0 0.0 0.010073411384337894 0.0 0.0 0.0 0.03877407209330696 0.0 0.0 0.0 0.0860402948496389 0.0 0.0 0.0 0.06919314305133492 0.0 8.015733804712528e-05 0.0 0.0 0.0027834204300895126 5.953185581149624e-09 0.0 0.0 0.007514926400640256 0.00011197120147602749 0.0 0.0 0.027789739310615708 0.024364849999959158 0.0 0.0 0.00597936335402975 0.0065529752211742846 0.0 0.0 0.13513501372014108 6.066708530671369e-08 0.0 0.0 0.11287296662028613 0.008304340047452358 0.0 0.0 0.2050520873001911 0.08436266618275248 0.0 0.0 0.018798679734593534 0.0 2.273666489826798e-08 0.0 0.0 0.0 6.870551742230931e-08 0.0 0.0 0.0 6.125214298109713e-12 0.0 0.0 0.0 1.5739092617033412e-07 0.0 0.0 0.0 0.0 1.1546147056283702e-08 0.0 0.0 0.0 0.04243120187269504 0.0 0.0 0.0 0.04477176125187869 0.0 0.0 0.0 0.0612517152718253 0.0 1.0993697599705833e-08 0.0 0.0 0.03212700344155598 1.3189838018143403e-13 0.0 0.0 5.1760689418170835e-08 0.0027203111094991255 0.0 0.0 0.082094999529058 0.012261872850598734 0.0 0.0 0.003871730527363243 2.681401203031766e-09 0.0 0.0 0.008785262251397563 6.199895096918639e-08 0.0 0.0 0.039393242963743844 0.01774804165815458 0.0 0.0 0.3436126502556565 0.0936011337868519 0.0 0.0 0.0335749584267563 0.0 0.021515213336193627 0.0 0.0 0.0 0.008906865761935055 0.0 0.0 0.0 3.093737553630224e-07 0.0 0.0 0.0 0.014899534141201369 0.0 0.0 0.0 0.0 4.153040440174829e-08 0.0 0.0 0.0 7.965618454534596e-08 0.0 0.0 0.0 1.1454505138314548e-07 0.0 0.0 0.0 1.5014578085966146e-07 0.0 0.0003489766808779212 0.0 0.0 0.014575804050976044 6.531747721339878e-13 0.0 0.0 0.0407783878927235 0.0026265279312342417 0.0 0.0 0.040330272853588804 0.025005530624538013 0.0 0.0 0.007146670611977271 0.00711291307468903 0.0 0.0 0.2428332468829094 1.8477673084440844e-08 0.0 0.0 0.19578853011601668 0.013810730665269081 0.0 0.0 0.3932674947906088 0.17130885343165317 0.0 0.0 0.06802545660089968 0.0 0.16497953622779832 0.0 0.0 0.0 0.16423520751917267 0.0 0.0 0.0 0.0 0.0 0.0 0.0 0.19528505292122852 0.0 0.0 0.0 0.0 0.05196559973809769 0.0 0.0 0.0 0.05393658729899545 0.0 0.0 0.0 0.0 0.0 0.0 0.0 0.10614542334791484 0.0 0.0005475804524434008 0.0 0.0 0.07967430886306955 6.006293766145021e-08 0.0 0.0 0.09667760241695957 0.0 0.0 0.0 0.0 0.04706454331040979 0.0 0.0 0.012626336711035946 0.0003729021483116049 0.0 0.0 0.029758581777194208 5.4967797212514264e-08 0.0 0.0 0.05336131059191636 0.0 0.0 0.0 0.0 0.06653034648143635 0.0 0.0 0.022383747387482358
0.0 0.0027985333493111358 0.0 0.0 0.0 0.0013746541219723457 0.0 0.0 0.0 3.188778162469953e-08 0.0 0.0 0.0 0.001566999080253993 0.0 0.0 0.0 0.0 0.028674770786261752 0.0 0.0 0.0 0.053602619920973905 0.0 0.0 0.0 0.04765227486749552 0.0 0.0 0.0 0.10541626095748675 0.0 4.2324692137205266e-05 0.0 0.0 0.0015404273635115256 4.251895808144585e-13 0.0 0.0 0.002660674585065874 4.0577956645175e-08 0.0 0.0 0.05070407541792218 0.005708198058515321 0.0 0.0 0.0028538937084338478 0.0008054460586655851 0.0 0.0 0.0414043201696583 8.901061863042701e-08 0.0 0.0 0.055260695990262364 0.0017998546617063358 0.0 0.0 0.08800827863600146 0.05341299889969714 0.0 0.0 0.019206205344476666 0.0 1.9102617334968e-07 0.0 0.0 0.0 9.09451075854121e-08 0.0 0.0 0.0 2.5926622918497677e-12 0.0 0.0 0.0 2.1928629786949405e-07 0.0 0.0 0.0 0.0 0.008721644660887738 0.0 0.0 0.0 0.004363555865340521 0.0 0.0 0.0 0.004253604037307072 0.0 0.0 0.0 0.05650575092891717 0.0 0.0008839630995261418 0.0 0.0 0.028118543311225618 2.520949009766155e-08 0.0 0.0 0.012257042410727694 0.003684963040502423 0.0 0.0 0.04753873206567913 0.02352099549246713 0.0 0.0 0.0047934218750621226 0.0025192803928226993 0.0 0.0 0.07265511113868271 3.854628586839946e-08 0.0 0.0 0.021012158232820974 0.002514459395569476 0.0 0.0 0.0925398862974403 0.1370992841222482 0.0 0.0 0.041510706763416776 0.0 0.003026556923263921 0.0 0.0 0.0 0.0071092591985652985 0.0 0.0 0.0 4.0667791776702084e-07 0.0 0.0 0.0 0.023174857391837292 0.0 0.0 0.0 0.0 1.7846205713957886e-08 0.0 0.0 0.0 1.624515005317288e-07 0.0 0.0 0.0 1.125260070851998e-06 0.0 0.0 0.0 5.317079057464644e-06 0.0 2.7019859505877704e-19 0.0 0.0 5.212034478478139e-13 2.3898543297403786e-09 0.0 0.0 0.0031194658229062077 0.00157336752177814 0.0 0.0 0.061229573545652026 0.011025900848409478 0.0 0.0 0.006407675683707425 1.6001648785137626e-08 0.0 0.0 0.03460632043813313 1.0376755398808078e-07 0.0 0.0 0.14030265120871063 0.016353226353783265 0.0 0.0 0.44770305757761647 0.1850455645401328 0.0 0.0 0.15066979655458312 0.0 0.22952064523346954 0.0 0.0 0.0 0.06536055122680728 0.0 0.0 0.0 6.184068542508318e-06 0.0 0.0 0.0 0.29287970035703226 0.0 0.0 0.0 0.0 0.026113201110612584 0.0 0.0 0.0 0.06283134826686541 0.0 0.0 0.0 0.03144898164795537 0.0 0.0 0.0 0.20112355489263564 0.0 0.0007624203893019765 0.0 0.0 0.046694356416025935 2.0166344821170414e-07 0.0 0.0 0.11008670561878706 0.002618751416575319 0.0 0.0 0.08719895593030212 0.11068215139970204 0.0 0.0 0.01443793321934011 0.0007267678052167056 0.0 0.0 0.03487880993332805 4.067249515128383e-08 0.0 0.0 0.02515153102000616 0.004766417223712679 0.0 0.0 0.09975817697154854 0.07079179671470119 0.0 0.0 0.025110176402271055
0.0 0.0020973587517199277 0.0 0.0 0.0 0.0018847863189263687 0.0 0.0 0.0 2.7852982799989805e-08 0.0 0.0 0.0 0.004118698316851254 0.0 0.0 0.0 0.0 0.009192841764657969 0.0 0.0 0.0 0.08576517376389348 0.0 0.0 0.0 0.1297706531936072 0.0 0.0 0.0 0.05265647230131198 0.0 0.0006704001140598107 0.0 0.0 0.023279562135320248 5.701367844205367e-13 0.0 0.0 0.022121979138576074 0.0013048730044086445 0.0 0.0 0.029002063980487564 0.01656406821052963 0.0 0.0 0.004437756552284092 0.0002696958412873149 0.0 0.0 0.035463166532030924 1.1275183026444325e-12 0.0 0.0 0.06766062362459689 0.0015604581278769885 0.0 0.0 0.08676751182740354 0.04735055445190219 0.0 0.0 0.016818500445273204 0.0 2.3727832442517807e-08 0.0 0.0 0.0 1.281137856614931e-07 0.0 0.0 0.0 4.491065937242937e-12 0.0 0.0 0.0 1.5626855935591755e-07 0.0 0.0 0.0 0.0 0.02394995581492308 0.0 0.0 0.0 0.015802099336639213 0.0 0.0 0.0 0.05258897702563204 0.0 0.0 0.0 0.0358241355818498 0.0 6.748962167953739e-05 0.0 0.0 0.0008529503674349101 8.276939330620025e-09 0.0 0.0 0.015333582725683808 0.003504991386274158 0.0 0.0 0.09370073942085755 0.0020137313979164593 0.0 0.0 0.00046827661815530017 0.0006998333389566906 0.0 0.0 0.009916259698711433 3.02840461554903e-08 0.0 0.0 0.07532368897152011 0.009662860340755357 0.0 0.0 0.23089407008690885 0.10316201464354015 0.0 0.0 0.0359642483376694 0.0 0.00480406024922213 0.0 0.0 0.0 0.009791904985986146 0.0 0.0 0.0 3.9426712416583406e-07 0.0 0.0 0.0 0.01989522674622421 0.0 0.0 0.0 0.0 1.9167387284408408e-08 0.0 0.0 0.0 6.779819141209732e-08 0.0 0.0 0.0 1.3363146906911074e-07 0.0 0.0 0.0 8.134375149287895e-07 0.0 0.0015280339621855715 0.0 0.0 0.020847112944305256 4.877655409209478e-08 0.0 0.0 0.02926030410376669 0.003598793575678309 0.0 0.0 0.08844015628816755 0.0323535178799185 0.0 0.0 0.01096054314571157 0.0007049160385528065 0.0 0.0 0.04308888277742314 8.254031331433461e-08 0.0 0.0 0.1383801546428788 0.014338211374025136 0.0 0.0 0.4259199994066073 0.23861010674631647 0.0 0.0 0.12401794287877158 0.0 0.27048369829469615 0.0 0.0 0.0 0.11235499908809726 0.0 0.0 0.0 6.119099646626448e-07 0.0 0.0 0.0 0.12789855696132305 0.0 0.0 0.0 0.0 0.06423788638926788 0.0 0.0 0.0 0.005857543073117168 0.0 0.0 0.0 0.004628746825579242 0.0 0.0 0.0 0.052583711240752146 0.0 0.0034600061222602014 0.0 0.0 0.0694669400692515 9.65258964110525e-08 0.0 0.0 0.05006908163695745 1.8313270350942004e-09 0.0 0.0 9.503523676167906e-08 0.011098619672518835 0.0 0.0 0.005413622746736387 0.0007004962014984165 0.0 0.0 0.05297563632702113 4.170881498356551e-08 0.0 0.0 0.04463731338434524 0.0005213966082110223 0.0 0.0 0.0303356603592194 0.06612689657561575 0.0 0.0 0.020770693359358553
0.0 0.0 0.0 0.0 0.0 0.0032743605419937195 0.0 0.0 0.0 2.2325433375920093e-08 0.0 0.0 0.0 0.008308607436529563 0.0 0.0 0.0 0.0 0.0 0.0 0.0 0.0 0.14035327573603787 0.0 0.0 0.0 0.15137590504264378 0.0 0.0 0.0 0.233436754905949 0.0 0.0 0.0 0.0 0.0 3.708852556148016e-14 0.0 0.0 0.0009950792349572328 6.822781142280745e-05 0.0 0.0 0.0011612930639844652 0.03769884801814523 0.0 0.0 0.005943289504617588 0.0 0.0 0.0 0.0 7.338370974001685e-08 0.0 0.0 0.11465866046255467 0.003556740273013277 0.0 0.0 0.05126297097093456 0.32055831063204565 0.0 0.0 0.06818595783686782 0.0 2.207484595973419e-07 0.0 0.0 0.0 1.0024340034398252e-07 0.0 0.0 0.0 7.280422049486844e-12 0.0 0.0 0.0 1.4811972208805419e-07 0.0 0.0 0.0 0.0 0.0013372386209237466 0.0 0.0 0.0 0.048037581434349975 0.0 0.0 0.0 0.11298383891149996 0.0 0.0 0.0 0.14711777305022886 0.0 0.0014334238329393543 0.0 0.0 0.06251061255815045 1.0938933729950519e-08 0.0 0.0 0.04664083259016752 0.006978043391514838 0.0 0.0 0.1222426026763037 0.030103867403032156 0.0 0.0 0.005193526695373307 0.0032907586577874564 0.0 0.0 0.08699661519731365 7.71366162782406e-08 0.0 0.0 0.06089026727210637 0.011069216648921578 0.0 0.0 0.21343290721120198 0.14581066326224043 0.0 0.0 0.03476805057240954 0.0 0.0010664532397539595 0.0 0.0 0.0 0.0033170959834916964 0.0 0.0 0.0 7.456846958495148e-08 0.0 0.0 0.0 0.026097149457484124 0.0 0.0 0.0 0.0 2.6164145901800847e-09 0.0 0.0 0.0 5.758066556697104e-08 0.0 0.0 0.0 9.41526527025156e-09 0.0 0.0 0.0 2.320341299657987e-06 0.0 0.0011581957973547244 0.0 0.0 0.04031884669237682 6.673784809975681e-08 0.0 0.0 0.034206930160464326 0.0021632397525626896 0.0 0.0 0.06670733668907534 0.12260998983274708 0.0 0.0 0.04582945139979278 0.00023264840556332965 0.0 0.0 0.009080143120394638 6.318027283479088e-08 0.0 0.0 0.06618836610097363 0.0034847911378955722 0.0 0.0 0.08321341805230568 0.28790652397289573 0.0 0.0 0.13983004345807737 0.0 0.5133616030742506 0.0 0.0 0.0 0.30288487524811686 0.0 0.0 0.0 2.293052461702468e-06 0.0 0.0 0.0 0.18309837824538738 0.0 0.0 0.0 0.0 0.036409479104603105 0.0 0.0 0.0 0.08671200533536162 0.0 0.0 0.0 0.04863430369281284 0.0 0.0 0.0 0.04574849512634563 0.0 0.005089918788124949 0.0 0.0 0.2693985200188536 1.0362190533077841e-07 0.0 0.0 0.13181405111266958 0.0001399277539129725 0.0 0.0 0.002367442234425067 0.011718398849853477 0.0 0.0 0.0057769810440781635 0.001234701319521999 0.0 0.0 0.10791899538809087 7.411953934936849e-08 0.0 0.0 0.10086436902470393 0.003020586479955631 0.0 0.0 0.04954802653014792 0.04294054764925684 0.0 0.0 0.02185493831622692
0.0 0.011229758879317223 0.0 0.0 0.0 0.019238844423124075 0.0 0.0 0.0 1.1332647663164201e-07 0.0 0.0 0.0 0.0014103657945961166 0.0 0.0 0.0 0.0 0.060306434789628785 0.0 0.0 0.0 0.1723497808798436 0.0 0.0 0.0 0.1441883344614872 0.0 0.0 0.0 0.14449140888426543 0.0 7.286532198505236e-05 0.0 0.0 0.002603524270147311 9.700216425573308e-13 0.0 0.0 0.054074698233107066 0.0006052827499984918 0.0 0.0 0.01176669984069873 0.002161604692374303 0.0 0.0 0.01819067379564773 0.0025897009632620278 0.0 0.0 0.17625616152080664 6.543140675497941e-07 0.0 0.0 0.5978641746327116 0.011070824637251174 0.0 0.0 0.3384856364743821 0.06714019837419377 0.0 0.0 0.019664194204069757 0.0 3.4302019695065116e-07 0.0 0.0 0.0 5.908586478330437e-07 0.0 0.0 0.0 1.5376046242791677e-11 0.0 0.0 0.0 6.096931608480256e-07 0.0 0.0 0.0 0.0 0.005506840954402085 0.0 0.0 0.0 0.020510586187808277 0.0 0.0 0.0 0.134347853297428 0.0 0.0 0.0 0.07826340881871363 0.0 0.0007383496042584041 0.0 0.0 0.00933761111212983 1.5617213248302393e-08 0.0 0.0 0.012889683251635507 0.004974352443141268 0.0 0.0 0.15826233250516014 0.023749876677845786 0.0 0.0 0.008428133218595726 0.004783537135559676 0.0 0.0 0.1483389486702177 9.84448132236143e-08 0.0 0.0 0.3883631018817941 0.03954544950583974 0.0 0.0 0.9281622409587911 0.1804428110324649 0.0 0.0 0.13087923680113123 0.0 0.0740000422871025 0.0 0.0 0.0 0.04835017998218499 0.0 0.0 0.0 6.318978260332227e-07 0.0 0.0 0.0 0.018066121130619835 0.0 0.0 0.0 0.0 1.720654801207352e-07 0.0 0.0 0.0 1.5357395403250195e-06 0.0 0.0 0.0 1.6095603932403895e-07 0.0 0.0 0.0 1.5256855359896473e-07 0.0 7.326746237130764e-05 0.0 0.0 0.1116533892057223 6.409235549756982e-09 0.0 0.0 0.07013196434253538 0.002979426767486088 0.0 0.0 0.02064342549759736 0.07813694381767344 0.0 0.0 0.06136143219480521 0.0184764224561347 0.0 0.0 0.5549720437586306 7.529037073970864e-07 0.0 0.0 0.5563380826098556 0.07401765739723848 0.0 0.0 0.9145924804644017 0.26628526381006146 0.0 0.0 0.08226697796858079 0.0 0.4361058148286084 0.0 0.0 0.0 0.16113862789209196 0.0 0.0 0.0 3.457591066152898e-06 0.0 0.0 0.0 0.08403987713277976 0.0 0.0 0.0 0.0 0.02366190109541772 0.0 0.0 0.0 0.005293945192860341 0.0 0.0 0.0 0.06644375721204365 0.0 0.0 0.0 0.008117370250834845 0.0 0.003432713806413398 0.0 0.0 0.1313200588616696 1.959146109889207e-09 0.0 0.0 0.006856196138903541 0.006239816614571307 0.0 0.0 0.08302353129313214 2.1035866593628487e-08 0.0 0.0 8.126647930504482e-10 0.0017122256735294806 0.0 0.0 0.07858980772142046 1.3937378351209077e-08 0.0 0.0 0.07976966062476704 0.005022075665602494 0.0 0.0 0.0923258073687314 0.06337105800406599 0.0 0.0 0.013177303260552805
0.0 0.011813692851728277 0.0 0.0 0.0 0.004473664591994941 0.0 0.0 0.0 2.5411732067518796e-08 0.0 0.0 0.0 0.01111637341074588 0.0 0.0 0.0 0.0 0.03956647098777477 0.0 0.0 0.0 0.18934844745123164 0.0 0.0 0.0 0.03801526242832516 0.0 0.0 0.0 0.6104594420175256 0.0 2.9817267603547394e-05 0.0 0.0 0.0009642700608838761 1.0314754516608683e-09 0.0 0.0 0.008396981433927787 0.0008539873998489742 0.0 0.0 0.02924482492717857 0.0753230571112162 0.0 0.0 0.014189550041732153 0.005498119575197097 0.0 0.0 0.19742900654764978 2.6247847998973994e-07 0.0 0.0 0.15520257122006248 0.003689248636462987 0.0 0.0 0.0813774775709546 0.6316792189154941 0.0 0.0 0.13798034679014307 0.0 3.755455139619622e-07 0.0 0.0 0.0 0.0 0.0 0.0 0.0 1.6894015772724757e-12 0.0 0.0 0.0 0.0 0.0 0.0 0.0 0.0 0.039368590267373424 0.0 0.0 0.0 0.0 0.0 0.0 0.0 0.03667237997855752 0.0 0.0 0.0 0.0 0.0 0.002226601699167229 0.0 0.0 0.058763098591835566 0.0 0.0 0.0 0.0 0.0077221576894912405 0.0 0.0 0.12537143566723347 0.0 0.0 0.0 0.0 0.0028628395925014982 0.0 0.0 0.1520798715944456 0.0 0.0 0.0 0.0 0.002853639018985527 0.0 0.0 0.08268176493488022 0.0 0.0 0.0 0.0 0.0 0.007638955857144417 0.0 0.0 0.0 0.002740696774753914 0.0 0.0 0.0 1.8522382257038704e-08 0.0 0.0 0.0 0.010328999643321981 0.0 0.0 0.0 0.0 1.9027268480849876e-08 0.0 0.0 0.0 1.603943777874696e-13 0.0 0.0 0.0 8.005085636677419e-09 0.0 0.0 0.0 1.6903289214229696e-08 0.0 0.0005932571102693736 0.0 0.0 0.008837165998602911 2.7648345969832497e-10 0.0 0.0 0.00016012255402441072 0.0037823938936243436 0.0 0.0 0.05854318767397789 0.0022207383298044107 0.0 0.0 0.0005507845751815087 0.004878630375536707 0.0 0.0 0.08017252254751299 7.417047351265776e-08 0.0 0.0 0.048159381682271726 0.0018072441591895 0.0 0.0 0.037987698662075305 0.1861569924325041 0.0 0.0 0.05604384540673624 0.0 0.8460852944003153 0.0 0.0 0.0 0.06882660887918209 0.0 0.0 0.0 0.0 0.0 0.0 0.0 0.03353939641125835 0.0 0.0 0.0 0.0 0.04645998784200013 0.0 0.0 0.0 0.004734846196335462 0.0 0.0 0.0 0.0 0.0 0.0 0.0 0.0037899354269906233 0.0 0.008779914500623978 0.0 0.0 0.5620783604021687 3.669814585625044e-18 0.0 0.0 1.529739086684473e-07 0.0 0.0 0.0 0.0 0.036517814175684477 0.0 0.0 0.006873152295419168 0.002763678973811537 0.0 0.0 0.16776157854243934 3.759029094611277e-08 0.0 0.0 0.028558905276617797 0.0 0.0 0.0 0.0 0.016553478726052555 0.0 0.0 0.00484677388092974
0.0 0.0037112415582556514 0.0 0.0 0.0 0.002447159231996464 0.0 0.0 0.0 3.8718403322695335e-08 0.0 0.0 0.0 0.0042848980863154345 0.0 0.0 0.0 0.0 0.0011773074411193347 0.0 0.0 0.0 0.03419358739545086 0.0 0.0 0.0 0.08733590125200663 0.0 0.0 0.0 0.20886294210964265 0.0 4.117376056795938e-15 0.0 0.0 2.0459983481263952e-13 6.420269933773705e-10 0.0 0.0 0.0012718303745858548 0.003650542248055507 0.0 0.0 0.024947309080071704 0.05141496237321795 0.0 0.0 0.004356447378436022 0.0007682395528775082 0.0 0.0 0.042800407556040726 2.0819680542873975e-08 0.0 0.0 0.10745898986176503 0.004999722315078999 0.0 0.0 0.07289527082039149 0.12121419533924561 0.0 0.0 0.045981319689659524 0.0 0.0 0.0 0.0 0.0 5.274464794711284e-08 0.0 0.0 0.0 7.572864951909004e-12 0.0 0.0 0.0 2.1742651076820078e-07 0.0 0.0 0.0 0.0 0.0 0.0 0.0 0.0 0.047979405482294145 0.0 0.0 0.0 0.15657838829515225 0.0 0.0 0.0 0.08739312997499571 0.0 0.0 0.0 0.0 0.0 6.832138276312417e-08 0.0 0.0 0.06935705007473011 0.0021743707105778094 0.0 0.0 0.06682436219361415 0.044297992950664646 0.0 0.0 0.01172392148314761 0.0 0.0 0.0 0.0 2.4350517672015855e-08 0.0 0.0 0.028034987351933074 0.028056999257465694 0.0 0.0 0.37630942894614217 0.10884031473256192 0.0 0.0 0.038487600083130895 0.0 0.024350401320873353 0.0 0.0 0.0 0.010142295463107076 0.0 0.0 0.0 1.265097356756234e-07 0.0 0.0 0.0 0.020247096995261334 0.0 0.0 0.0 0.0 2.2391839062274965e-08 0.0 0.0 0.0 1.8187213008399702e-06 0.0 0.0 0.0 1.1681982649259819e-07 0.0 0.0 0.0 2.986907229706624e-07 0.0 0.0030111755195020647 0.0 0.0 0.0734048591220218 7.064714376887974e-08 0.0 0.0 0.04063639622178176 0.001895054294965248 0.0 0.0 0.05022421919947791 0.053740840459246215 0.0 0.0 0.0353109126407121 0.004885821724409737 0.0 0.0 0.18509089657236547 8.673221881464529e-08 0.0 0.0 0.1915053127569573 0.009661787034082962 0.0 0.0 0.18050467668442127 0.22679513940181287 0.0 0.0 0.10002047678876175 0.0 0.3035080953190905 0.0 0.0 0.0 0.28220807286056365 0.0 0.0 0.0 2.004573382320606e-06 0.0 0.0 0.0 0.23918488854316108 0.0 0.0 0.0 0.0 0.08446376226364435 0.0 0.0 0.0 0.11220295413602885 0.0 0.0 0.0 0.004686007297286371 0.0 0.0 0.0 0.062364377354289034 0.0 0.001059351220345538 0.0 0.0 0.04464264413237214 9.762320741849628e-09 0.0 0.0 0.09320730501587254 0.0020337897227760164 0.0 0.0 0.03965423320414845 0.14288635942315828 0.0 0.0 0.035137055648656636 0.0007187495778319084 0.0 0.0 0.0501793585717347 5.1741225828591586e-08 0.0 0.0 0.09386795978601141 0.0022676406628947994 0.0 0.0 0.04827071675651585 0.07571325661629008 0.0 0.0 0.02620041571646793
0.0 0.00321270083831478 0.0 0.0 0.0 0.00407602740295381 0.0 0.0 0.0 6.309814694959261e-08 0.0 0.0 0.0 0.0027382949032436345 0.0 0.0 0.0 0.0 0.022909030496199172 0.0 0.0 0.0 0.052273446948084015 0.0 0.0 0.0 0.023446941817730767 0.0 0.0 0.0 0.06445667035367955 0.0 0.0007570804931249911 0.0 0.0 0.015095224245148198 5.075070989173222e-08 0.0 0.0 0.02569985415551174 0.0007698558396128123 0.0 0.0 0.014866783309647915 0.010530105642857463 0.0 0.0 0.0061780771059459505 0.0012607098033081481 0.0 0.0 0.04881075451515926 1.3666958895283568e-07 0.0 0.0 0.10204148485566066 0.015365319405392135 0.0 0.0 0.16032387077573007 0.030732642057464964 0.0 0.0 0.038773377255566004 0.0 2.530786485562209e-07 0.0 0.0 0.0 3.280298725703532e-07 0.0 0.0 0.0 3.7399767008697e-12 0.0 0.0 0.0 1.624735903922384e-07 0.0 0.0 0.0 0.0 0.0027553962363138706 0.0 0.0 0.0 0.0017832820334368644 0.0 0.0 0.0 0.057466760550227196 0.0 0.0 0.0 0.06423793372685756 0.0 5.1665985101085876e-05 0.0 0.0 0.017770771004341795 7.164977450111332e-09 0.0 0.0 0.0030743430134526325 0.0033031294023310614 0.0 0.0 0.06819413886876505 0.054546682942875166 0.0 0.0 0.014883090707664528 0.0019523754560832813 0.0 0.0 0.10019687209451744 2.896276538470552e-07 0.0 0.0 0.17923275091311566 0.007304021230725739 0.0 0.0 0.13986845111797458 0.08253175928310931 0.0 0.0 0.029255038575915177 0.0 0.023920115006437696 0.0 0.0 0.0 0.007712107148639982 0.0 0.0 0.0 1.0658657473436592e-07 0.0 0.0 0.0 0.008344865152743342 0.0 0.0 0.0 0.0 2.7228892872230163e-08 0.0 0.0 0.0 8.205586200364601e-07 0.0 0.0 0.0 1.4795467152245829e-08 0.0 0.0 0.0 8.18501548330998e-08 0.0 0.0001956497829517564 0.0 0.0 0.011077055511342799 3.4108019348670875e-08 0.0 0.0 0.02465313181311197 0.0004691864701604549 0.0 0.0 0.026365743411555637 0.014110372881586215 0.0 0.0 0.005428145532502257 0.0031014289637464874 0.0 0.0 0.11511489082538595 1.9155774804475043e-07 0.0 0.0 0.15172471559636969 0.01133515588844153 0.0 0.0 0.11523896016655805 0.09697177049928964 0.0 0.0 0.05923576486623278 0.0 0.1359530206922925 0.0 0.0 0.0 0.11445490996536915 0.0 0.0 0.0 7.747446732333763e-07 0.0 0.0 0.0 0.16592332447256827 0.0 0.0 0.0 0.0 0.04823257758115304 0.0 0.0 0.0 0.10776627954936785 0.0 0.0 0.0 0.0013856023478053126 0.0 0.0 0.0 0.023788616772851774 0.0 0.002089847255644071 0.0 0.0 0.0642970318861871 9.468231262818643e-09 0.0 0.0 0.012291204020731979 0.0004915605217672084 0.0 0.0 0.008869653693901428 0.03723981112285496 0.0 0.0 0.01076531748391635 0.0006183285026993535 0.0 0.0 0.024945695255787586 2.4238922697538902e-08 0.0 0.0 0.04162407393114072 0.0009389651359648118 0.0 0.0 0.018995277019639503 0.08016428258252226 0.0 0.0 0.019618815666553057
0.0 0.004219893865385092 0.0 0.0 0.0 0.00512766663813607 0.0 0.0 0.0 1.7625242703571265e-07 0.0 0.0 0.0 0.0020294771643939273 0.0 0.0 0.0 0.0 0.06610547148591986 0.0 0.0 0.0 0.05123428048462662 0.0 0.0 0.0 0.10849642591466942 0.0 0.0 0.0 0.08173794168066395 0.0 0.00032233716917898323 0.0 0.0 0.029650727614571267 6.324437609280718e-08 0.0 0.0 0.04777474572435651 0.0006686825293627792 0.0 0.0 0.0066475215126712605 0.007102900650832761 0.0 0.0 0.0016262701354283291 0.0016345607846284887 0.0 0.0 0.06170995336783998 1.2000262466982098e-07 0.0 0.0 0.1413275403371656 0.014218930675930878 0.0 0.0 0.19725415168998622 0.12518452611295813 0.0 0.0 0.027783300687008437 0.0 2.3691205886431464e-07 0.0 0.0 0.0 6.034570432272683e-08 0.0 0.0 0.0 2.922776166834389e-12 0.0 0.0 0.0 1.8769617983035776e-07 0.0 0.0 0.0 0.0 0.00886655904210128 0.0 0.0 0.0 0.01278852192446659 0.0 0.0 0.0 0.014041289235977195 0.0 0.0 0.0 0.0947714186643537 0.0 0.0012274789447599716 0.0 0.0 0.06308436439669801 4.113967359741515e-08 0.0 0.0 0.026654118675182033 0.004592924816349902 0.0 0.0 0.03460523973198921 0.021915304024196308 0.0 0.0 0.0067992689403293125 0.0007032431789359656 0.0 0.0 0.0897610618129697 3.973937207797452e-09 0.0 0.0 0.042378726084798125 0.004854871056825372 0.0 0.0 0.1873700915872211 0.09000022588536778 0.0 0.0 0.03197801122085864 0.0 0.014894680039801943 0.0 0.0 0.0 0.004307254343574633 0.0 0.0 0.0 2.2587636573367776e-07 0.0 0.0 0.0 0.02882995929249126 0.0 0.0 0.0 0.0 8.860513535501449e-07 0.0 0.0 0.0 4.696853795262841e-08 0.0 0.0 0.0 1.1996937259189659e-06 0.0 0.0 0.0 3.285043439679505e-06 0.0 0.00018335607172388822 0.0 0.0 0.011978885658853527 8.974352335307445e-08 0.0 0.0 0.03363852833528647 0.0025428435006186797 0.0 0.0 0.049040635281419644 0.03831033878724569 0.0 0.0 0.037782829469234266 0.0011599870539994955 0.0 0.0 0.1354251494117913 1.1334229154058759e-07 0.0 0.0 0.0847861754824289 0.011889646474176173 0.0 0.0 0.22290060167686043 0.21598597783062576 0.0 0.0 0.1700164424395347 0.0 0.27877024522218924 0.0 0.0 0.0 0.15005310418034626 0.0 0.0 0.0 5.015625341555686e-06 0.0 0.0 0.0 0.1636273148208895 0.0 0.0 0.0 0.0 0.012486608733481876 0.0 0.0 0.0 0.09712585985551192 0.0 0.0 0.0 0.050938592003532984 0.0 0.0 0.0 0.033935878381427725 0.0 0.004341194676038868 0.0 0.0 0.09502196030871689 9.14797533171002e-09 0.0 0.0 0.03736910647467213 2.202982151689023e-08 0.0 0.0 0.000729851793612542 0.05807344573340972 0.0 0.0 0.014912933605638048 0.0014318072588621756 0.0 0.0 0.05796628059140122 5.758128065740486e-08 0.0 0.0 0.042737751335261136 0.009264198469148268 0.0 0.0 0.14361600043794784 0.03588296082413041 0.0 0.0 0.020853355209552057
0.0 0.006437862493683003 0.0 0.0 0.0 0.006839679709851725 0.0 0.0 0.0 1.1965647797863898e-07 0.0 0.0 0.0 0.004274096816837696 0.0 0.0 0.0 0.0 0.07649488315821434 0.0 0.0 0.0 0.0943291282102423 0.0 0.0 0.0 0.1376296033837049 0.0 0.0 0.0 0.052478670228281316 0.0 0.00016272666806698793 0.0 0.0 0.04184966169548296 9.910004341919582e-09 0.0 0.0 0.03810576151222638 0.0018014185337285591 0.0 0.0 0.025205721579563214 0.0008997164575846451 0.0 0.0 0.0001975542468209699 0.004515025209810043 0.0 0.0 0.10980990352826206 3.672398899819888e-07 0.0 0.0 0.19570314127271238 0.016546826639934276 0.0 0.0 0.39306446081503743 0.07913313983941894 0.0 0.0 0.054432872613871905 0.0 1.6528061641102736e-07 0.0 0.0 0.0 2.6396389780003807e-07 0.0 0.0 0.0 3.558549931831276e-12 0.0 0.0 0.0 1.3141560322901498e-07 0.0 0.0 0.0 0.0 0.0010046138558558687 0.0 0.0 0.0 0.014450902749118023 0.0 0.0 0.0 0.07276343325191234 0.0 0.0 0.0 0.005321459606375137 0.0 0.00011832384320041516 0.0 0.0 0.002722620168587051 2.747619625251996e-09 0.0 0.0 0.03341318859765868 0.009109739427955107 0.0 0.0 0.12336706248611468 0.004283370942526343 0.0 0.0 0.0017451954862019686 0.0016422401995742656 0.0 0.0 0.042366049202869877 1.5995790925616889e-07 0.0 0.0 0.14355153218661212 0.00835849539413124 0.0 0.0 0.21708738239266295 0.0614937835581069 0.0 0.0 0.02286408409259417 0.0 0.05023666290579869 0.0 0.0 0.0 0.005812837396264452 0.0 0.0 0.0 3.2587133891810444e-07 0.0 0.0 0.0 0.013457398731466324 0.0 0.0 0.0 0.0 1.7229107780987094e-07 0.0 0.0 0.0 8.003201596175453e-09 0.0 0.0 0.0 1.4742739527885258e-07 0.0 0.0 0.0 1.0844926264056306e-06 0.0 0.0027659046815010414 0.0 0.0 0.06135833526658446 2.6749370286658533e-10 0.0 0.0 0.0001465259739602787 0.0051309923236467405 0.0 0.0 0.1186217746171106 0.018940856301596202 0.0 0.0 0.006606766442824252 0.0065561739868505 0.0 0.0 0.45333090147663396 7.220077390632991e-08 0.0 0.0 0.08974858125971381 0.027462507122802807 0.0 0.0 0.5187404283475598 0.2624906871838917 0.0 0.0 0.08133530725322605 0.0 0.2947445994227645 0.0 0.0 0.0 0.08228420147364827 0.0 0.0 0.0 9.666829256438545e-07 0.0 0.0 0.0 0.1291121226939905 0.0 0.0 0.0 0.0 0.02334636162421557 0.0 0.0 0.0 0.07106260008345129 0.0 0.0 0.0 0.0031779718117047346 0.0 0.0 0.0 0.049256816138526144 0.0 0.0003919965955752034 0.0 0.0 0.04975449212222717 9.766558116497215e-14 0.0 0.0 1.8881028215166752e-07 0.000181268971087913 0.0 0.0 0.006537957730649872 0.03352233415892914 0.0 0.0 0.01666979207695989 0.0013993585045553997 0.0 0.0 0.061049304686996965 5.189424217783686e-09 0.0 0.0 0.03806905464591187 0.0009159764915817315 0.0 0.0 0.037039870862753975 0.04537800183127506 0.0 0.0 0.013185008404542476
0.0 0.006853606771754943 0.0 0.0 0.0 0.0009764530072108125 0.0 0.0 0.0 5.807711887031813e-08 0.0 0.0 0.0 0.005703436839031606 0.0 0.0 0.0 0.0 0.014260770500759957 0.0 0.0 0.0 0.046248245494399674 0.0 0.0 0.0 0.07789905023384593 0.0 0.0 0.0 0.051005413466215996 0.0 9.961586251558135e-10 0.0 0.0 2.586884348681992e-07 4.807830185406445e-13 0.0 0.0 0.022328465708770815 0.0009693451007403418 0.0 0.0 0.028024001240964783 0.004989825422497957 0.0 0.0 0.008195015796077587 0.001943898194090641 0.0 0.0 0.15533653343940226 9.325825731781461e-13 0.0 0.0 0.03748387694256617 0.013480800302346536 0.0 0.0 0.20073786850806602 0.13703550138709483 0.0 0.0 0.042823903115923885 0.0 6.755475717906516e-08 0.0 0.0 0.0 1.8256690528397013e-08 0.0 0.0 0.0 3.517722593264809e-12 0.0 0.0 0.0 1.9230101650892976e-08 0.0 0.0 0.0 0.0 0.0016554330979421455 0.0 0.0 0.0 0.023360906898224513 0.0 0.0 0.0 0.05091482221834743 0.0 0.0 0.0 0.04439488548269442 0.0 6.60114869066736e-15 0.0 0.0 2.6577129266692034e-08 5.876858825093529e-20 0.0 0.0 3.3446802707867536e-09 0.0017910291808759852 0.0 0.0 0.07224701838317267 0.030947510776036646 0.0 0.0 0.015229965585153483 7.537436528203173e-09 0.0 0.0 0.03402347895084854 1.9304891124650845e-13 0.0 0.0 0.012318085218331934 0.006633424197913387 0.0 0.0 0.18952482947925536 0.011529904425345428 0.0 0.0 0.004934755655029188 0.0 0.03718998877310717 0.0 0.0 0.0 0.00539836589850671 0.0 0.0 0.0 2.988398335568141e-07 0.0 0.0 0.0 0.013220080048483686 0.0 0.0 0.0 0.0 1.1890458130042058e-06 0.0 0.0 0.0 6.193790079003225e-08 0.0 0.0 0.0 7.43000347697578e-08 0.0 0.0 0.0 2.7314929779572364e-06 0.0 0.0007077804118131733 0.0 0.0 0.03393968169226985 5.087015319660858e-13 0.0 0.0 0.027558510083774218 0.0015187309299349325 0.0 0.0 0.04840352727021651 0.027306675369458026 0.0 0.0 0.05188518084621794 0.009124777932628548 0.0 0.0 0.3115057330436912 6.755580652158243e-08 0.0 0.0 0.10975904939598415 0.019804863842697636 0.0 0.0 0.358420669434726 0.11696649397509887 0.0 0.0 0.07605094801272587 0.0 0.14536981659560225 0.0 0.0 0.0 0.11395121053480045 0.0 0.0 0.0 3.64575232595669e-06 0.0 0.0 0.0 0.17137228832615953 0.0 0.0 0.0 0.0 0.048589520309610654 0.0 0.0 0.0 0.05060633951652996 0.0 0.0 0.0 0.07942440140910528 0.0 0.0 0.0 0.011675563208530597 0.0 0.0013898114922537557 0.0 0.0 0.028623109868138943 1.653748551604003e-08 0.0 0.0 0.0114967505780609 0.002884863524988629 0.0 0.0 0.030567907789068535 0.01958769551687738 0.0 0.0 0.012528438343545313 0.00036727813072836126 0.0 0.0 0.02541355963050792 2.094965992723227e-08 0.0 0.0 0.03801974419218496 0.005908463440538342 0.0 0.0 0.05960578667457467 0.08233335433647909 0.0 0.0 0.023613783731490562
