0.026465017255779665 0.0924928967537006 0.05546327827545129 0.1028065304873457 9.132179635186374e-05 0.03359668950708665 0.02811250776899166 0.12631829280875798 0.040186998655943204 7.2314090899142486e-06 0.050684401722499675 0.19625008108375433 0.1143208957479555 0.05385719966069467 0.04461421236645454 0.034732444700142806
0.015069936214549532 0.06405053675674559 0.039124465228402905 0.05997288358248018 6.878978322204521e-05 0.01642722625792721 0.02173439650878293 0.10038344883620644 0.040932599907445535 2.2813104774575724e-05 0.061501940948847596 0.19457234900922932 0.16868489583550741 0.10149538148161628 0.06695852190621275 0.0489998146380497
0.0343046704623148 0.12188364571004465 0.04741096787120352 0.13303437932277362 0.00011450778729692323 0.04225608831724969 0.044035947194065 0.1611182091766359 0.02876474100455752 6.090188798102416e-06 0.04711761717218823 0.14193333381267392 0.10552386267413434 0.017972034902659476 0.04234896645185004 0.03217493795155417
0.033051003615535916 0.0822303700675044 0.021956131557501864 0.13008922743272514 6.55884535630446e-05 0.040300861977430394 0.024661900430538855 0.09338749072262613 0.05012030569334331 1.780334381133474e-05 0.08382021011523239 0.24227930460998925 0.10486359369199225 0.03330599771817719 0.02741786066207035 0.03243234990795821
0.034759003607549514 0.07931074747960748 0.039711067772977386 0.13334789401115277 6.996107860229217e-05 0.03757435650911563 0.023638332194125342 0.09713319180231515 0.039409619310594814 1.2911083748506294e-05 0.08377621056027694 0.1936329422136966 0.11358374301447532 0.05633090412144572 0.033181939749816994 0.0345271754904996
0.020296795758134357 0.06703006077749604 0.05004392754124053 0.0804509981013469 0.00013824102423119455 0.05141835115901242 0.03002616764109412 0.20554595304694936 0.03407001033349996 3.914637497591484e-06 0.03621392778105696 0.1574349195251732 0.11766239322544528 0.05809990107034136 0.05588492606076742 0.03567951231671327
0.02080571698284783 0.07448895760869888 0.021236667531280437 0.08148845985737087 0.00013344451949815218 0.05471170254760739 0.040189453266752675 0.20199510263643886 0.03163105895723983 4.522628285142662e-06 0.049061718240550986 0.14702547245115177 0.1267477347178198 0.050419549325952835 0.062411470829223936 0.03764896789928069
0.02395923052559408 0.0681284505654542 0.05188874053316575 0.09364734075202358 0.00012282761570948824 0.04939354765344857 0.039548270384508685 0.18816307711861047 0.029544792776466978 5.222731380132403e-06 0.01774198252926471 0.14082681384407628 0.1292004601163457 0.06679021890445971 0.06399968294035684 0.03703934100913478
0.022444601088366493 0.05956224279620759 0.03646527869482304 0.0894486694998108 0.00013571291782811255 0.06828437192364825 0.07677167434578713 0.19144190417907314 0.030622454167930278 3.4422816895877164e-06 0.041637635401510345 0.1455582503270876 0.12235294219779046 0.05326919575191569 0.02461785608222644 0.037383768344305054
0.011732531650775143 0.0647431292268801 0.03686254694218287 0.04507763376432033 0.00014770491127115296 0.04596585056479499 0.03423008848886433 0.21668605900536664 0.03349988877836913 9.579295126554996e-06 0.051962804131343805 0.16205248027040806 0.14119445671303918 0.06320900603973859 0.050777479130832325 0.04184876108668696
0.03344131045360869 0.07119594606173933 0.05595594319589929 0.13643650325904974 0.00022038957436729944 0.057236776764645815 0.05190737297955817 0.3262790250378644 0.013987849533049417 1.436032965100858e-06 0.02854249321001516 0.06637911231307923 0.09070882794919569 0.023925238241423532 0.016914126015378884 0.026867649378160295
0.019583533083410758 0.07204963296573008 0.03523298649172998 0.08105463953833711 0.00019242476694759 0.05837113904984358 0.07561493602108796 0.2915640744195466 0.03577515109166447 2.0231299994497586e-06 0.023052596836838687 0.16889300121872514 0.08388602333653897 0.01954301544610471 0.010273836780318455 0.024910985823176468
0.03390761665539688 0.09693890025666968 0.04529198002374155 0.13079219613349885 9.001278808530488e-05 0.03674084896282935 0.035090931329743134 0.12609800889954023 0.03595821750184995 8.071772037570229e-06 0.06510848556127467 0.17615294793711503 0.10473234529449994 0.04489996133926389 0.0364396375627929 0.03174983798166109
0.01647219315080241 0.07936660802813193 0.03142043631212005 0.060859574390133744 5.1903021354157924e-05 0.031424087601965446 0.022860452950924332 0.07437642771288477 0.04219807101159196 9.104987242238471e-06 0.05766532965138749 0.19715719732007533 0.15904831617975174 0.09155279428665081 0.08807814325598509 0.04745936013899854
0.041501932316227064 0.08574422817901119 0.08489042223367163 0.16410104103346632 0.00011639419696670495 0.04159462729623474 0.04088647126081665 0.16492725972122946 0.028528063401059997 4.064827209771315e-06 0.022885354895836766 0.13670132875708157 0.08805097686365057 0.048276568873655376 0.024492518930321915 0.027298747213560254
0.032148942114090494 0.06608803017998884 0.05268206846705139 0.1263086820111465 9.102457314045362e-05 0.03535455783321724 0.04047138572190032 0.13200382395094992 0.041658807382879845 1.0810561141592209e-05 0.035306629688022395 0.20025147514023342 0.10215983875697944 0.06656958976958463 0.037628914605066587 0.03126541924460696
0.03399564924896663 0.07863095687274008 0.03946480851711844 0.13503729823246197 0.0001694110362986419 0.058989340863487685 0.042199723662724946 0.24517617790283527 0.027044018431193743 5.524959086202786e-06 0.046343979724340484 0.13452726896458747 0.08789083629593543 0.016189924817942257 0.027466639015902176 0.02686844145437857
0.012858819325809002 0.0660052066247403 0.03162822905065995 0.047923586582949165 6.476369055013906e-05 0.04297264256006486 0.04761429693678568 0.08756611859477755 0.026713452712090923 6.63934784637365e-06 0.06035413669235309 0.13074755342592742 0.19154034608235748 0.11579277122116753 0.08397134338866571 0.05424009376325477
0.039490261911216254 0.06952242846286753 0.030477958532401532 0.15753905406381175 0.00010334710109922254 0.04917662193496043 0.029519631700195177 0.1489231715409729 0.04959919663387714 8.716425016448572e-06 0.061753479044547796 0.2450742514609151 0.06104000116691362 0.020085545297136 0.018273232221267928 0.01941310250280125
0.03299207938704292 0.07489957354180223 0.04627077037058005 0.13296628957186196 0.0001893902173405755 0.03707328691576176 0.03963087949567483 0.2795420869355793 0.028885481152223617 3.2579598289477896e-06 0.035207047318390125 0.14382500564876527 0.07423599068542121 0.03312766230878922 0.0184958200506403 0.0226553784402978
0.01055347618771213 0.05720944625304304 0.02949711360162124 0.04135382534376222 0.0001976323455694868 0.05483838405622703 0.037459865599114704 0.2936427318604749 0.03829471478495901 5.5622454435606525e-06 0.030042356421696146 0.1890831091221587 0.1045945489494167 0.03596078531843271 0.045824630325414555 0.031441817584953846
0.02753443137065906 0.06144973682612979 0.04809471454921514 0.11044586972924351 0.0001623950408641003 0.0736461188516268 0.07168392320096834 0.23074518666891697 0.020686573641541472 3.975937192459559e-06 0.02010192019595019 0.09782139161145449 0.12022219728606261 0.042637607776992256 0.037772610514428796 0.036991346798753995
0.038204279436063686 0.13870241245182974 0.06428599650209547 0.14494592547139723 0.0001129574194547324 0.02843379486136696 0.04311288874498574 0.16596412135043015 0.014418239888496238 2.0090500100333728e-06 0.03498553250263416 0.06940609974697837 0.12626475120008104 0.03761928500408271 0.05670259896446237 0.03683910740563133
0.030006009806964405 0.08768484658909713 0.05347090912997093 0.11596694734525466 8.01654617320984e-05 0.0385353421432703 0.017999385482651342 0.11170193859551455 0.04035919403738433 1.3302565207998554e-05 0.06966619700426634 0.19689199946244823 0.11558563598966373 0.05094955960055734 0.03574008890620977 0.03534847787980679
0.02603474939666248 0.07803932488274329 0.03195823722935487 0.10159145086747698 0.0002110729494399562 0.03789740684406371 0.02516058152246236 0.3228695525454201 0.02889970628838657 9.42939873996327e-06 0.04096313141058627 0.1380485249814951 0.08333806479154604 0.020658682067214284 0.03840718073150107 0.025912904092906926
0.03813522645880381 0.07858395975184701 0.06468029152642966 0.1453331955302463 0.0001253633138488303 0.05984014298695689 0.054659032317035144 0.18240516435245616 0.030388258440372413 4.287014015927986e-06 0.028054327075845046 0.14947391954897452 0.09304524446429825 0.027464938380425803 0.018493045903011467 0.029313602935432805
0.03274024531867084 0.08341670500305455 0.044975851373408884 0.1259959111761528 0.00013751520365039196 0.056816079514683995 0.0659745149278022 0.20380456362119012 0.028551485103823625 8.894976721910284e-06 0.031749247801897224 0.1377101740977552 0.10069876225159319 0.02873190834448867 0.02807662980158445 0.03061151148352182
0.035974238789102685 0.0528068280418901 0.053087184916552996 0.14526046112374139 0.0002146884353973288 0.04227286794943479 0.03610527895073673 0.3174467686248272 0.022802531883532567 8.902086395697014e-06 0.023396487973663786 0.11220791964056637 0.07756049360209227 0.03624888244936842 0.0201211261874428 0.02448533934525493
0.0219997862676783 0.08339653854089661 0.06999448286830055 0.08203493489738199 8.336442500947593e-05 0.027245108015986848 0.019772146442773468 0.12121621279939854 0.04477021831634637 8.218334190657088e-06 0.046166216629388225 0.21598603978938172 0.12187605985442677 0.06873194329380823 0.03961001826084416 0.037108711264188146
0.039771809827725824 0.07601322178827094 0.023195501278953968 0.15804917007534625 0.00015674096079266162 0.039571510755498314 0.05672671272429928 0.23027770882673648 0.030955373153014845 1.712546409664442e-05 0.0462582413221995 0.15049203233791675 0.08433912052381377 0.02404466089177536 0.012975443801592422 0.027155626267966956
0.03853303274519271 0.09616886141577594 0.04075183559511937 0.15127894351123872 0.00014566543542270357 0.03319846682424975 0.0515868851443957 0.21209868556622888 0.0220743103382254 2.519480690172741e-06 0.025291556307308446 0.11104745545793439 0.09431656186665353 0.0445296236970669 0.05137976251267963 0.027595834101817745
0.0280533291179247 0.07769760771775988 0.06254765255952154 0.10892913337707112 0.0001581182056035235 0.06773089448007505 0.051823227651465485 0.2268224131282025 0.023902034644264433 1.1475511500773966e-06 0.027474567396620835 0.11693908209113298 0.10816162967897627 0.034063194539027626 0.032853650880244306 0.03284231698095974
0.013515361519525423 0.06428577119753626 0.04860111918214704 0.051815569882969495 0.00013467513841791817 0.06469903766688563 0.04019362180100734 0.19200236836398613 0.030089945411780013 1.01147948290472e-05 0.04033442874813673 0.14738729322347202 0.14972127866139748 0.05980037213402379 0.05273827649336868 0.044670765780517006
0.04460646588525513 0.10471517208820058 0.060668897463950364 0.17614807842398003 9.787708119622112e-05 0.04224868776304269 0.07408075582700549 0.14099842190301304 0.030505619536847172 3.237487409640336e-06 0.024010637616319844 0.1435003073396214 0.08431525552037047 0.030944577580803722 0.017374473480454962 0.02578153500252927
0.03074642488414817 0.11326273599906447 0.033310951405010315 0.11970959068207405 0.00011634322441887359 0.03397109734323092 0.05740989498948754 0.16592840701712008 0.02205441215981948 3.1857842786876806e-06 0.04154287007045098 0.10471636366861917 0.12789257385122535 0.052270685919906815 0.059166200242838085 0.03789826275830699
0.040835060620902634 0.054337651620572185 0.06497078523004621 0.16658917579580568 0.00020553845020232058 0.05658976892765776 0.024803443012820017 0.30453986347070605 0.02692084721914884 4.9106706633802215e-06 0.028997079232325314 0.1321959747590506 0.05382606674048267 0.015889407147116362 0.01209777555208701 0.01719665155041297
0.040522650343170506 0.12423397990397973 0.0648701141647013 0.15651186944953463 6.607291659237906e-05 0.031115805985116547 0.03454503250917159 0.09268893017327791 0.03685469212895643 4.641358770582781e-06 0.02033399902485514 0.18043042986365546 0.09170348696327936 0.03290831646427058 0.06583247128286263 0.02737750746780524
0.02540501313147965 0.022996610980828464 0.011951446142881095 0.1079637614279791 0.00026569293240261957 0.0716066688577927 0.060148628881687816 0.3927314845756416 0.027168359793959096 2.2021091142042432e-06 0.016854091048674347 0.13419316883043053 0.0618974008562176 0.021908691437819833 0.025349703142461398 0.019557075850629876
0.04067742065391606 0.06860750521307382 0.05533052174052479 0.1621172256598121 0.00011997314554357135 0.04522711891184653 0.026559851317716324 0.185518799199151 0.041359642768312645 6.031136217634234e-06 0.03461987528382713 0.20124217358391983 0.06862365243397597 0.028457784087472803 0.0213491688464062 0.020183256018283642
0.017313416544562782 0.06652960398095088 0.013407532041179764 0.0710662791164749 8.8781191988947e-05 0.0370630254241391 0.03815512693040095 0.12271286843366902 0.05755536625446876 1.591813826321799e-05 0.06415367779339279 0.28421563187328114 0.1087340929313603 0.04783990408387128 0.03838687372637038 0.03276190153562577
0.020842014741172216 0.07183202079094254 0.047256958320763674 0.0778907883253394 0.00011542189647318451 0.06873280999234252 0.08231992676280185 0.16566352451669927 0.023301149022084168 1.5437759025415437e-06 0.02446978789869044 0.11064336088748127 0.1497917859242634 0.06815620142818399 0.04456565725306199 0.044417048463797515
0.04597511219520156 0.10746702654545351 0.08096289265008731 0.1715355626686636 9.721815357709575e-05 0.04795611492805464 0.028195159305737637 0.1415732897908485 0.024841068293942677 3.807654083448854e-06 0.04958922438310894 0.12358570164906296 0.09777613953255895 0.02736385897694464 0.022605172392920935 0.030472650879753684
0.03179203902373416 0.06780352070148825 0.03988844438420398 0.12784272856384093 0.00013168837319891072 0.042505256580534966 0.040397977900128806 0.1941927999184146 0.0457061205510136 8.08756396358377e-06 0.03869574310443739 0.2225207418498924 0.07061680244447574 0.03237684444783786 0.023546472136287033 0.02197473245654789
0.03861783814584992 0.08223846167046064 0.06294854066728826 0.15282882288273786 9.41480294060037e-05 0.040253671980435966 0.03521532557062636 0.1323576464987396 0.052846866923623906 1.1684960816585275e-05 0.02761152326609049 0.26606457831481556 0.061370467884272736 0.015018631918891141 0.013130746753536001 0.01939104453240903
0.02941519993214514 0.09130195399657452 0.03317718302633551 0.11343239571821212 8.931514002245646e-05 0.03287511129177662 0.02059598890102596 0.12465740644935319 0.041800447960092905 1.258402658356086e-05 0.06816004606942364 0.20685860511221674 0.10757646316076082 0.04759413971269104 0.04965993082103769 0.032793228681748034
0.0241966589404252 0.07266818181105163 0.024329208504935664 0.09662773292180535 0.00016560114980153294 0.05402474690696325 0.05964591853974357 0.24259937696784808 0.026527429434662457 3.1065539360676756e-06 0.0289818293362605 0.12270545645731917 0.1117076207364813 0.044756152289693756 0.05682087116690397 0.034240108282168474
0.034550138638583285 0.06590518301195765 0.06761574365987738 0.13885962775888858 0.00018957610269470284 0.04728143957140322 0.04023339420733737 0.278632223781931 0.03282397659263689 2.0333459477221807e-06 0.023166650788310334 0.1618291214513229 0.06162953188851631 0.023048482633812865 0.004712762321817659 0.01952011424496209
0.029418214896247182 0.061198125557293294 0.03087672987088322 0.11613069205181394 0.00014608096725949996 0.07497496540064626 0.06335262623126388 0.198159990767167 0.018424217482440122 4.311946835725217e-06 0.020153879783683604 0.09013046207416923 0.12947450298216606 0.05411302958332121 0.07346449750146704 0.039977672903342774
0.03167713984813741 0.07760998997940276 0.04140143583786101 0.12653915710687608 0.00010549524163406583 0.040910644251770996 0.041693058610224154 0.1549145642726084 0.05332640473638929 6.583384508157271e-06 0.04427397476859016 0.25882868067486886 0.06587182664308577 0.02711044752234886 0.014588669784788186 0.021141927336905897
0.05102161357525138 0.11842787776557978 0.0873725695683191 0.19862348364530513 0.00011830180244148478 0.0377046097324223 0.04620476397566778 0.17339806706372585 0.019796777343027087 1.8759026259432131e-06 0.015321517998210242 0.09359270004326543 0.07998507029792858 0.024681839824369303 0.029276080697390308 0.024472850764470224
0.0411646708343538 0.08991406524340037 0.08001467999250286 0.1651442076921192 0.0001242289704777695 0.05423774212358647 0.03494226583278334 0.17802249574641976 0.027590683021573015 2.8155359359729105e-06 0.030562282479452214 0.12996303084422695 0.08795361966603275 0.02778860998090308 0.02572629191008465 0.026848310126147835
0.020119389521719804 0.03378149351367489 0.041136473928934186 0.08318046481784935 0.0001523344805230826 0.08376288243828464 0.05867174052490264 0.223749676219656 0.03517740638303315 3.919320471228464e-06 0.030628930074281344 0.17181350659845193 0.11029920798461626 0.04442830980330449 0.030948243434567403 0.032146020955729666
0.029597814249373588 0.07187783571242387 0.04236938211692715 0.11358071049553282 8.339353273086457e-05 0.03956412954217169 0.04090774384097533 0.11746453506432016 0.04306447305717838 6.208550509553532e-06 0.043044758860890944 0.21091426250171816 0.10707879803791483 0.06239143192244033 0.04535237933756994 0.03270214317732243
0.033220498677623424 0.11419400027372159 0.05051172715997007 0.1288064471560116 0.00011297344989273064 0.04078055491575918 0.05546629458430577 0.16106591962429972 0.02871341241565682 3.883596988618287e-06 0.04790926538426704 0.1411952207813054 0.10988230546407723 0.029443150300341427 0.025681217736880858 0.03301312847889852
0.030578835073897623 0.08602749182285696 0.06225435391948393 0.11816902215405849 7.736711022308754e-05 0.03413570361384056 0.025992542965528297 0.10811121799357636 0.04036541802234372 1.5050049750935518e-05 0.04558842990839907 0.19125882479178352 0.11688793597237324 0.05834012361464282 0.04553557437178438 0.03666210861545699
0.028851310898277006 0.08440020436735733 0.04039764928290208 0.11367756812473094 0.00013907465237131156 0.05667322963690297 0.04163035942118322 0.19858703925983956 0.034381505308663775 6.623891057229227e-06 0.04578961365733787 0.16734700961818866 0.10066115795176823 0.02342199563640075 0.03271827258085911 0.03131738571216002
0.02075994858216851 0.060577617756879816 0.023683020264860796 0.08309822527727899 0.0001989082671392713 0.052489231450638954 0.03733150762581794 0.29611896651778996 0.039606696449427735 5.1841813570599296e-06 0.05317916600416802 0.1943376662363343 0.07700985873941332 0.023013453843993528 0.014414154479779638 0.024176394322952117
0.034936693954200224 0.07769814653978886 0.05755902409733217 0.13673682847798568 0.0001230093123165654 0.04464752788019699 0.029551725350896882 0.18310348003084703 0.034323283603696624 2.6891931711996773e-06 0.05023930176597775 0.16295947791240195 0.08867868753678891 0.0460949083137442 0.026113340713755484 0.027231875316899527
0.04747635327309629 0.11382192858021904 0.06935330410323493 0.18518999820186555 7.99723020203273e-05 0.03602052155591922 0.02834324301504716 0.11377408490919153 0.028836005098450895 5.747754215107955e-06 0.03898352461899913 0.1400955146075428 0.09121264192574029 0.03236941203862377 0.04716934153351084 0.027268406482323117
0.032449687244062685 0.07106976975133215 0.067467985887687 0.12604226008721514 0.00021280998132930295 0.049457484635062166 0.04897372539679711 0.3171975641452273 0.01830082869077618 1.614260777723353e-06 0.01228160976087918 0.08822782847568571 0.08588021975544055 0.032939108264608115 0.02278454495682938 0.026712958706290268
0.025487296542574856 0.07919801173768147 0.0559825170529286 0.09675791724107248 0.00012101592105449121 0.07087255415311505 0.06204148873406328 0.17389563426107407 0.0286345497937541 5.930472056580707e-06 0.01730890826982909 0.13226843324653847 0.12744119665232156 0.03852233454514188 0.051598730903226746 0.03986348047356726
0.03224744210380272 0.07987521514871819 0.037272035531437576 0.12783302998831875 0.0001295242636797315 0.049106840196195205 0.05668483090429105 0.19110850760613102 0.03916326448553937 5.7630987324939955e-06 0.0344912972118866 0.19366640787710887 0.086943657191269 0.026602393393020167 0.018571096162569047 0.026298694837300213
0.04290069940080935 0.11465973698780556 0.0796075712505459 0.16877258642024512 9.656260054649113e-05 0.04519989720549365 0.04904322325854151 0.14328407931165593 0.017115367018479464 3.808626105098079e-06 0.019756085082336356 0.0819366204611979 0.12001253401586222 0.039665783766813484 0.04429161125345365 0.033653833340108255
0.029822943740533125 0.11553574672576433 0.06560581987533243 0.11576816292569682 6.189925792138478e-05 0.056819085588647074 0.04162262581746387 0.08961520121715577 0.02914966219016818 8.063814667665776e-06 0.04942555139843153 0.13923850477495042 0.14093372411795818 0.036199423767708655 0.05031048022752569 0.039883104560074774
0.034644728359393424 0.05702716253103064 0.04647305179917376 0.1390827800826794 0.00019027279237806318 0.05418984858900853 0.04206420072498923 0.27979330165600036 0.0337790809609667 2.5031316761248e-06 0.02648201051558154 0.16745917766900337 0.06108956165441503 0.02143852347670089 0.016729690003185953 0.019554106053816935
0.035318080528292016 0.0682571229948716 0.06060141060167996 0.14275407894446335 0.00018225457938860742 0.04485198733570162 0.03893949874461162 0.2724619029046545 0.030344991808938817 3.1925514920694617e-06 0.023503266596323038 0.1441683510234441 0.06901653673213906 0.029658249043827075 0.018242710770090303 0.021696364840082163
0.011686711175931936 0.05236942816017046 0.02710252398275094 0.04745519806728526 0.00012594325433161092 0.056139758414770737 0.045975925810486144 0.17498609529268874 0.03710143559179617 1.4839329373834152e-05 0.05727096791967353 0.18284047993143365 0.1474585980548378 0.06867419889296149 0.04646165919887937 0.044336236922628225
0.026476819120794602 0.05834951915410844 0.039916980916570095 0.10297945308575458 0.00011641547829566394 0.06767439817800822 0.05667358559151447 0.1725653037224787 0.03612671463446894 5.542245419742678e-06 0.03809892523318617 0.17329357036217272 0.11010863774572263 0.04756767910490721 0.036872946869076446 0.033173508557521436
0.032758539582453415 0.07766023633889002 0.06498634698773981 0.13152557016022376 0.00012909810389602223 0.04238805956267234 0.0447034889173084 0.19000707618840051 0.03471171907932091 3.374754660681686e-06 0.03814757999820354 0.1647610885440525 0.09033224470023381 0.046914408778159694 0.013531115558634276 0.027440052745150448
0.035363738625812026 0.08521080628767322 0.05515482553340748 0.14110231272142415 0.00010199700525339984 0.05151406066814399 0.05290717553777796 0.14300151926407212 0.03289119067688066 3.5466904188142664e-06 0.049115223723813516 0.15561380128512464 0.10296015090168176 0.04743547422377482 0.01571932845979144 0.031904848394950024
0.05350316215234437 0.11547090592787804 0.054977209667015484 0.2116922866091977 0.00011390760359256653 0.03258985531015297 0.05218982077491382 0.16263116878658818 0.0235324266287594 4.306576570268521e-06 0.03976368864116514 0.11491739993568342 0.06865105395078266 0.022917803436488707 0.02577476675732661 0.021270237241540632
0.03678874794094285 0.07429839236725697 0.03953467218237594 0.14640789047972128 0.0001365913160222285 0.04372220920802738 0.04122102447328929 0.19214789777493826 0.02067055027257929 3.0861218618686462e-06 0.03736114384474025 0.100381061344977 0.11014315198355577 0.06367764734498511 0.060188303786351836 0.03331762955837462
0.027913868936638195 0.07761678322800049 0.06650319169537827 0.10519387891226026 0.0001078989679751191 0.03811640004133344 0.032488526169196924 0.15700994709872218 0.03503462603968345 9.585283048576865e-06 0.0443330062713517 0.16814753488116382 0.11930983680042519 0.05905768288564312 0.03213818404652993 0.03701904874264929
0.03319336285639983 0.08266725128341483 0.0589361316823402 0.13213394724715208 0.00013962221031400962 0.05399748318862619 0.05474767480702654 0.1980459128633402 0.018882262624207787 4.652056226643679e-06 0.021738004906262924 0.08808795170043136 0.1197395807534901 0.05134173668963185 0.05036803892649557 0.03597638620463988
0.01643716437066852 0.08027890885286602 0.04754240122781579 0.06366231762785758 0.00013482549947279698 0.052006811627061764 0.04701178636700465 0.1978762794767578 0.03143871342569903 6.214816320292661e-06 0.0365036499150426 0.1498732040211559 0.13631988352296348 0.05389874198853726 0.04655146943500735 0.04045762782576917
0.02276268472457793 0.0588343763890651 0.038359450875408166 0.08796428009015674 0.00017530998855816744 0.061248433286881725 0.024342672587787786 0.26076823760211887 0.02909563582435684 3.2296157259441937e-06 0.037267096401138254 0.14155483023798685 0.10513419882946697 0.04312886410639318 0.05739637998538387 0.03196431945499363
0.02745629437825161 0.09251679776156588 0.06442941051650014 0.1126272003139794 0.00014252229676558353 0.03879846758187529 0.04539620510428482 0.20279151788836144 0.026300499586774113 3.8553262103255e-06 0.04931529915726101 0.12240014790995259 0.11793191778836745 0.04842729713042093 0.01587222614278773 0.035590341116641715
0.013519196861390755 0.05620834823469119 0.014303820783147533 0.05458249550690915 0.00025029350073864815 0.0644413133153513 0.06524897302831965 0.3651089251060855 0.019694916815584492 1.1629559064787092e-06 0.012106145690751585 0.09691064582488616 0.10949310335208508 0.034472173713495695 0.05981299811535659 0.03384548719530025
0.03657681756308563 0.10531260819707708 0.03331118354928564 0.14163107385886844 0.0001022090140703708 0.044046134461082895 0.03201331074086299 0.15156111806121145 0.035996587605991774 6.694150508311289e-06 0.06742567703540657 0.17379876398037053 0.09242763839015335 0.021045135474824724 0.03645663423002783 0.028288413687172338
0.05272108053542741 0.13437364626844467 0.08790112525236966 0.21015266279524344 6.574677864984429e-05 0.029155289978034973 0.03379308493684661 0.095401719890627 0.025783035375035707 2.827983539276074e-06 0.040291387986538744 0.12204156053607439 0.08396116930500937 0.030636976548940747 0.029848801408415355 0.02386988442080285
0.0594127517809707 0.1023882631230832 0.07527957059347645 0.23816693925494492 0.0001215316334937892 0.031576605922546026 0.03633605027435436 0.17949056464485338 0.03158814910022985 6.467492627688101e-06 0.030896146771043836 0.15533101881431646 0.03800809664214351 0.008687663440879323 0.0009531908148992576 0.011756989696137317
0.04708129121632255 0.08818766525256812 0.06327584452534814 0.18759381286714738 0.00015536286478764973 0.0529453413855445 0.04687033188768364 0.22676163712931097 0.023318493129467294 1.936945897098974e-06 0.026811622002964212 0.11818477960483968 0.06722675529107279 0.017220350259552226 0.014316268139504982 0.020048507497988814
0.009723999223768945 0.04756176145762987 0.033339393071583075 0.03808771753414682 0.00017627378476595137 0.07579673969786452 0.03729658780484607 0.2629680224748997 0.03437871541392516 5.433508147372087e-06 0.030929710343573943 0.16240891301158125 0.12632580732163204 0.044461155819292726 0.05820976474837211 0.03833000478397046
0.042818074409034027 0.11008356148928115 0.054930998802246576 0.16840498906181453 9.211454902481906e-05 0.04983804161608189 0.0613111448459832 0.1263824613651477 0.023099528892956585 5.472547009149407e-06 0.02165909593398678 0.1136517442102059 0.1114792584147451 0.029964633228006986 0.053434684807828564 0.03284419582664707
0.034806371842289005 0.09431462251109703 0.03952920627433153 0.1382804924415894 8.418783111606883e-05 0.030917468511488508 0.028482855057836116 0.1187333103817375 0.040513880612875926 2.0370343536791692e-05 0.05117788006019226 0.1954165818546822 0.10710346109455222 0.04115156008383096 0.04647821431614183 0.03298953678270269
0.02760808176792429 0.08955730426570158 0.049398551885487314 0.1106637848531641 0.0001557893740484901 0.045295286852426786 0.07521491206502603 0.2258686651738452 0.020462188013054203 3.752392684668137e-06 0.020915875481230212 0.09723204549916953 0.11971586418872612 0.04708897645024873 0.03552043814966079 0.035298483587602
0.03738765544676274 0.09729951837382562 0.06765425356749889 0.14419322607725923 9.778307039172944e-05 0.0380126937244454 0.026715257878590352 0.14309505740578038 0.03489212209509256 3.580685213741232e-06 0.04410902922927161 0.16852002046566958 0.09007832257920796 0.044299416207321286 0.03627733836919945 0.027364724824469312
0.019106897995225216 0.07838791231392428 0.03962460424895886 0.07080137752109958 9.694313752605299e-05 0.06072835423617528 0.05529841051845892 0.13140104458308727 0.027282789861033753 2.2697624808963405e-06 0.06382096391383185 0.12671575864087134 0.1527354212689745 0.0765513575708174 0.05059202304584806 0.04685387138168677
0.04032435456269098 0.08298118312060021 0.06612647782907899 0.15710263795297633 0.00013735613254782332 0.05762347932437742 0.04106216200982465 0.1982067055035471 0.020338688857800314 5.518308234383332e-06 0.037846621779227554 0.10022501263889616 0.10507904035321021 0.03582170766198953 0.024989922723500174 0.03212913124149808
0.03249194999330974 0.07818888066627704 0.06779918445518625 0.12845067795453385 0.00016385439752142426 0.044519715953492744 0.020026108165358103 0.24222101455293463 0.024275033549387072 2.8020980058417027e-06 0.0247310371759863 0.1193079588597891 0.09838897094432082 0.04235264875220672 0.047974507268128505 0.029105655213561763
0.029772956206084396 0.09409667191088573 0.06909484636205193 0.11396621859028486 7.326660624715682e-05 0.036321546451991975 0.03661008179795796 0.10521292692598112 0.04196466460619147 1.0064539007901335e-05 0.03688991631594004 0.19836307731113784 0.1174863883075282 0.049927774559705894 0.033303216669116356 0.03690638283988718
0.020369363012131794 0.05337188158025126 0.0367037224655087 0.07767384482329637 0.00013340715487120727 0.04891461920741493 0.04462341880509377 0.20335825780291714 0.03343022726143351 9.070290164044676e-06 0.05656869154243506 0.15751676338121492 0.1238258760426914 0.07113955344628956 0.03545003299352909 0.03691127019075726
0.028394396211182508 0.06499494141229788 0.05533979542952838 0.10869660952124868 0.00013640101540024802 0.05404928140606492 0.045890693636421245 0.19695332691241063 0.024848980864941857 2.0138734086407893e-06 0.045385537148491285 0.11788227999434632 0.12057910449261094 0.06844478964611983 0.03117657862750952 0.03722526980801713
0.039700390161479145 0.07926553337925354 0.07263191437868337 0.15493681554593045 0.00012102234528282544 0.03653884401322639 0.03298866310836155 0.17787622300837677 0.032652494396243945 6.925210048265261e-06 0.02583404912613 0.15932831344579562 0.0849649495720288 0.04685137006339827 0.0305057874466654 0.025796704799095654
0.0227568515200549 0.06024769599175659 0.034917958418605524 0.08999828614879093 0.00019811907060154525 0.07367703914863491 0.04447120084217737 0.2875942349979921 0.015282089987793164 9.822224733968495e-06 0.020915226099450377 0.07270375277713138 0.1302946581210933 0.038423241995833815 0.06867846350408696 0.03983135915126316
0.02943366003418283 0.08030796486198469 0.03275872241832733 0.11492539525976259 0.00024521237094245055 0.031022907867860532 0.06481700815271407 0.3692614062619482 0.020620993196611224 2.2473556218920906e-06 0.024122332540085677 0.10376927839282973 0.07283350668734505 0.0228194149683951 0.010553640958176595 0.02250630867321197
0.03439951937541616 0.07285048950949695 0.05115245948379662 0.13862723460158724 0.00015012657569006503 0.058818817078581186 0.04478880563121139 0.21307393388283416 0.02979380984469624 5.945914914322984e-06 0.045236962905744596 0.14278506351286263 0.09259256624788596 0.0272439201478801 0.018908585576001752 0.029571759711400497
0.012031641813022607 0.06595012410955066 0.051753843295029404 0.04848221256457554 0.00011960944824622312 0.05298658228676632 0.046719768588179236 0.16750077235007557 0.03229005437577996 1.2481594408313079e-05 0.04047740391222308 0.1549428323948164 0.1629388233769902 0.06769091379782437 0.0476390069610209 0.04846392913149123
0.046638842103706786 0.12230068125155859 0.07623548516899092 0.18056756573316943 0.00010602639470658048 0.04536270322651945 0.032096317508263486 0.1501577251477382 0.02183688507455939 3.13227170373385e-06 0.04866083993919296 0.10771696449672213 0.09452103689307231 0.017471186951799212 0.027776489723846647 0.02854811811445015
0.029983951364146277 0.08330989778131669 0.049686560085791344 0.11424731354102292 7.892628359512566e-05 0.03556333936620407 0.03047058089217719 0.11210497524020183 0.03869107092287633 5.124676165350897e-06 0.05077047837782576 0.1877610487954098 0.11546576123872493 0.06690646938634734 0.0498374345561884 0.03511706749200661
0.04336893413433459 0.062244601748195245 0.03298870958044709 0.16832844760633 0.0001735660702755588 0.04216468702724492 0.045685074664601345 0.25851132570322466 0.02075010995282677 5.3720715609409926e-06 0.04619875225290438 0.10136259740587622 0.0832139061861693 0.043410840566360846 0.025188887022239325 0.02640418800740872
0.020292188333387497 0.08055565215355667 0.05896467748375809 0.07781124440553536 0.00014372929304819117 0.04635645691839277 0.038015421842196 0.21251409491666004 0.027954056913040606 4.927907441668743e-06 0.037571118206832656 0.13248969895288312 0.12683508981620092 0.055946973701179493 0.04685355161032602 0.03769111754556088
0.030138076545307587 0.078021616357035 0.03918013236238034 0.1199869074085444 0.00015147814809126915 0.07552848066765673 0.05528641572567034 0.2155682789239281 0.03017165706325779 1.922680404258983e-06 0.05330548098685016 0.1442437115467155 0.09328459882070654 0.01717845167505304 0.018318346153797592 0.02963444493460124
0.03474504538650997 0.08121786766261842 0.055789627010704196 0.13517815300947433 8.46680760609765e-05 0.043708327256552486 0.032159423409534586 0.12206738323804998 0.03490868230767471 7.41671861769257e-06 0.04694666534424142 0.16566198810471372 0.11146089730062081 0.057439875879802815 0.04451122113612032 0.03411275815870355
0.015123163271243304 0.06480820098043948 0.021874904631128442 0.05660957270134719 0.00012043317470437448 0.07270950988815902 0.028728831512120304 0.1756689481972935 0.03286991317036557 7.011109997273259e-06 0.050297283926149614 0.15444955416972517 0.14586884536482972 0.05335796700893338 0.08350012337871794 0.044005737514845676
0.02141918792384435 0.05953745104391946 0.030011989236287128 0.08705117377614707 0.0001294674761472772 0.09670146832737803 0.07085895324089661 0.17884476442092453 0.014557060546409956 1.0117180243589687e-06 0.02594923042148389 0.0684035884031907 0.16585228451493217 0.05362328342677058 0.07889584356319546 0.04816324196044833
0.040035090019837724 0.08649705326580656 0.03115067250076621 0.15914886738190637 0.00014331211356712056 0.05455851913859289 0.04813203933359727 0.20409682248354957 0.02798291929790147 2.55662611562808e-06 0.04131756799960613 0.13861774815558472 0.0785827008317162 0.024665220228610486 0.040878379989700175 0.024190530633141447
0.011576795076713477 0.05363009027068585 0.046789705493744276 0.04641925074301481 0.0001346030329675461 0.07774241122974057 0.04146752422288176 0.19748714468272696 0.035145501077660936 9.212959408327646e-06 0.036014368062721167 0.1664546802764472 0.145417570554665 0.049471725779981185 0.04902912576994371 0.043210290766697225
0.02423754544491984 0.06309719788574704 0.03643166768412205 0.0940553711634289 0.0002387545032400945 0.0447419099652283 0.04945924732553133 0.36100563276045566 0.026683910265354674 1.807652232123019e-06 0.01955039167291074 0.1319817121916807 0.07429424694106519 0.026359270903195044 0.024811850950507766 0.023049482690380506
0.0365293728321219 0.061195972987093984 0.05262983341801364 0.1466745237330675 0.00015771596628737615 0.05536684482456834 0.04455580514723327 0.22665230732923775 0.01788806257103788 9.834796271105845e-07 0.022484076432429636 0.0883397488040341 0.10276407240109774 0.059219425910794085 0.05544769538340102 0.030093558779954715
0.03164156731041606 0.09292829624349395 0.03855699951540585 0.12400184980197122 0.00011363166820662341 0.06706605052600245 0.06370160170774035 0.1661484190683476 0.031231895030047436 2.781149023296968e-06 0.05719186972017737 0.14919721647698952 0.10596508316314855 0.022669034467288643 0.01817352211690929 0.03141018203483174
0.028972739045309195 0.04661507098424061 0.023638068705713923 0.11859590344295409 0.0001801762678131514 0.05959812661457143 0.043743566736869 0.27271575414312266 0.044809965867101315 6.920712212081269e-06 0.03555482673290472 0.21665798965807898 0.060326115808903735 0.012128494262608957 0.017250595035224622 0.019205685982371584
0.026312876613670415 0.08091725976052327 0.06167087053331565 0.098425725765758 0.0001264920468244207 0.07763250035376107 0.07494280757122021 0.17403087329552105 0.018287457110786987 1.5128104605097444e-06 0.0126961820344037 0.0878267292324676 0.14189857831565644 0.047721308126328535 0.05338548644467596 0.044123339984626204
0.01686946820991867 0.04977412265396784 0.05578690603415195 0.06568831498314963 0.00015582049283506254 0.08131106011610256 0.06894752794706897 0.22582321520636958 0.023552056898688483 1.7563738170219327e-06 0.02406953126009616 0.11079249705155678 0.14350652859099539 0.05477702821466612 0.035915950002114956 0.04302821596450079
0.040924557941189994 0.07603842389616244 0.06376611375679707 0.16580555787119697 0.000128267146627659 0.056835074607717945 0.05267460229077686 0.1873917589251746 0.028886745902806352 2.828732881445451e-06 0.019996543955708383 0.13923269328979193 0.08360429219514999 0.03256254195069873 0.02798773533154403 0.024162262205775564
0.024200210022553032 0.09774037138728536 0.03568935144556867 0.08989481961984049 0.00011262785986229251 0.05946197897666378 0.0499801836702746 0.16767293226547655 0.026683966774121506 4.402858710911331e-06 0.0627774428770715 0.12835596966831392 0.13590854749287495 0.04130302217931539 0.040302351049233014 0.03991182185283408
0.024809138788613082 0.07016671890912066 0.03181506180512416 0.10093185277436983 0.00019244129814371055 0.0561115735255061 0.053551753404857266 0.2762828456328792 0.03139059968157009 3.2797569864049575e-06 0.03782147879072395 0.1585074140479473 0.08699189279678582 0.02164676685196536 0.02337529550095886 0.026401886434448362
0.026817916403975534 0.047847354502845156 0.03793258399980535 0.10522392727159183 0.0002584851857026412 0.07062935725021358 0.05768782108371748 0.3862758216288811 0.0153915315776424 7.264058523977762e-07 0.019028732657592227 0.0744899004480219 0.08752201693171897 0.01994306159870365 0.023079561346876838 0.027871201706858972
0.022956954460174817 0.08208276655760875 0.033380257653227906 0.08930279360621621 0.00014373745571561155 0.04951082343768835 0.047205695499616326 0.21007043667628658 0.03755166930766346 6.868491230053845e-06 0.04644006326256958 0.18332813161180425 0.10387167914943382 0.032434918024715736 0.02980419747995732 0.03190900732609116
0.02140450806532268 0.06927599381143806 0.04237883682002001 0.08476244348143709 0.00014331152685714648 0.03750204150910565 0.049483973485006584 0.21980136654833754 0.03277489675044607 9.310601969672316e-06 0.032595825971658055 0.15244174885414405 0.12107622710910287 0.060256340062934184 0.04018938067017668 0.035903794732043665
0.040843289674527765 0.07299635886040699 0.038866201706295 0.16412583292708707 0.00015048189613074104 0.05818732794336758 0.057150057247461576 0.22114579627937672 0.027706341467368716 5.19203861554516e-06 0.045073011143959604 0.13513624742926406 0.07757339081752902 0.023080485134082875 0.014686742688907356 0.02327324274561937
0.022900268638543757 0.07299203646537675 0.02908429874855597 0.09284517832574136 0.0001636635545282312 0.07529690293668664 0.05404588012394036 0.22692919694920125 0.02393288138752367 1.8204313612795521e-06 0.021173393073965596 0.11330774669130786 0.11964485685180747 0.03492605968836408 0.07526129873001708 0.037494517403078735
