0.013934849262105718 0.009777281861383177 0.07192651127167723 0.09248016948602199 0.012786215297570082 0.004953777925030319 0.03324338211525255 0.06782850585026587 0.042702908472644505 0.000261233687679295 0.00015408571970501825 0.22420850479323848 0.0712013878504309 0.18371834901169418 0.05811492771983792 0.11270790967546275
0.03074170211046738 0.015622210918314807 0.05766443180609351 0.2029023482344312 0.03770045389111907 0.012418817332253073 0.06013889309865451 0.2164745089453 0.02414277426401333 0.00010278231441239031 1.3394540710255998e-05 0.1341568904650224 0.037281936946594804 0.08752256973244782 0.023006547453415335 0.06010973794674997
0.020549034122313445 0.011080717865492747 0.03999606729579846 0.13629497279560326 0.02388180984681239 0.007833982602027282 0.061449924155611756 0.13455705567277626 0.03774925094172606 0.00022444536033739088 9.436805829393103e-05 0.20945668811489015 0.05301450864594407 0.1343138165286983 0.04579174032058498 0.08371161767308945
0.019712143657606353 0.014150357609659298 0.06676233817626753 0.1270979328336945 0.022387008378674488 0.008611932381684962 0.07828590727656685 0.1283389143393113 0.03212991325160494 0.00010200127167345325 1.4391383223526082e-05 0.16577349607369607 0.06095261886408255 0.13917583488628363 0.04256284218867725 0.09394236742729319
0.04278642559802383 0.0249430324977765 0.0812307155686931 0.28668339069194226 0.01656022977263719 0.005432786018674236 0.031203326485769355 0.09531850920806774 0.033361354557373206 0.00014360176593136343 1.6158729348237038e-05 0.18430066712556503 0.03781677207790932 0.07689808304347219 0.02316318505750042 0.06014176180131607
0.010686203249301574 0.006486282356245162 0.019384748576913934 0.07235365690664823 0.011896870209460068 0.006833619727529231 0.05282471883387167 0.06705865261527764 0.04723431650851821 0.00029806574031672267 0.00020419485432560366 0.2492931258671365 0.07461161039599716 0.1915092493846688 0.07328578868860681 0.11603889608518263
0.017240554388173485 0.01026646799587308 0.04935827271431351 0.11125351678282806 0.017640986377733488 0.00674866889474431 0.029281955845765862 0.10474423046591476 0.04555632235747041 0.00029109182033207353 0.00015326821155261345 0.2510290205809419 0.060115712348393635 0.1478761108641233 0.053623532667291154 0.09482028768454832
0.02453339930033449 0.015776252653165426 0.07279499593936839 0.16412307487940894 0.034116715747114376 0.011239140938598667 0.03921166574877536 0.20256119043679874 0.03836217679194586 0.00015028481721232978 1.3724678012478951e-05 0.20899856618807683 0.035591129044039826 0.07801589634596028 0.01760520788984593 0.056906578601342066
0.016171704442711165 0.010639988445519827 0.05470761615065715 0.10659950284229996 0.016852547548558413 0.006511164425337169 0.02540757805380439 0.09974356145744853 0.04751149250735395 0.0003410435459178498 0.0001842435551621055 0.258893913460873 0.06379663035435108 0.15141943768268254 0.04002633188341868 0.10119324364390415
0.017479939864635634 0.012010439139093616 0.06231125817946959 0.11611915489600907 0.013381819464043297 0.004628583214713122 0.03634134109784311 0.07436112751052919 0.04637826926252212 0.00026083752391455826 4.096024019392856e-05 0.26025062604267635 0.06233557614615071 0.14108468480126696 0.05888709474980751 0.09412828786713125
0.016420239761897507 0.008068330930688419 0.02994626517721991 0.10398100571435258 0.02072034057771067 0.007296466273443998 0.07155694306334906 0.11824803226371408 0.04347212489045916 0.00027893242747396114 0.00014378996994371336 0.23333287548440032 0.05563873364342864 0.1549821761966833 0.044944280134761025 0.09096946349047354
0.024728595393740872 0.015287027915928626 0.048651560849949774 0.16875855841463816 0.023680227207222838 0.00791703266020776 0.060135233110103783 0.13599027929969335 0.0390340055930851 0.00014815008140839058 1.6780346297993904e-05 0.20832581645445605 0.04484999501012983 0.11400693636721848 0.037050322826282844 0.07141947846963619
0.0054587820047790996 0.0033629313030688565 0.0012846433522234375 0.03939859383497811 0.012475621920575521 0.004516654290609215 0.02848306324564814 0.07333654173128595 0.06064598964479025 0.00040816471482969926 0.0002183568525673554 0.32486610264919885 0.06464965563173677 0.1898666624778767 0.08781657242254455 0.10321166392328758
0.021369219849943204 0.01492601386024946 0.06640680489007418 0.14482271387498064 0.03770037131041138 0.013180695438423748 0.07342196398867175 0.2123306326288298 0.018509153954736884 9.151050290972674e-05 1.2367786155121998e-05 0.10019884894431708 0.06171790973186488 0.11084376972299748 0.031150689795664183 0.09331733371977054
0.02627638543864629 0.016022462084278093 0.06478975096451575 0.180040114383847 0.02742381836196391 0.007426366706588946 0.04110038068687687 0.15177220652179801 0.04049637262689521 0.00019009855882264743 3.126538590898998e-05 0.2266089961016405 0.03842698356124596 0.09390269909434414 0.02314322141267842 0.062348878109949296
0.011773997254761207 0.008959984986992237 0.03834011766605822 0.07953976147832693 0.008928323704888688 0.0031941413330066064 0.02639669100011609 0.050589754853077734 0.060413667860058834 0.00035081465161384027 0.00013482315305066216 0.3252393081966628 0.06034961270698058 0.16247776278907547 0.06673034976364657 0.09658088860168354
0.01791730656464328 0.01167365596800419 0.06486997208577834 0.11345985746078212 0.025279041643165374 0.008012321891267408 0.05009457071318154 0.1443368380296134 0.033964449510229235 0.00013678097670638697 1.1548159451340232e-05 0.18370900353183087 0.05557041041356696 0.14469774667291402 0.05937345405824038 0.08689304232062524
0.009922674532126759 0.007910409397617982 0.04367568809915824 0.06720409925822574 0.0159430771571342 0.005920407827827632 0.04453781448848624 0.09201454211071033 0.05535223652018438 0.0003652492940564431 8.387243779574494e-05 0.3105352754113298 0.06263968244260548 0.14010967783449116 0.047870638379513275 0.0959146548087366
0.026580669985983938 0.011994515552233987 0.04949560027564535 0.16935495676039408 0.024305366131391348 0.010608071756670064 0.08062492578128687 0.14188737890490913 0.024368029852749797 7.587777377573644e-05 8.785160864130459e-06 0.12406215869775887 0.0552889970602101 0.14136980985258216 0.05204749644872575 0.0879273600048186
0.021610232965101506 0.011893004788242557 0.055373449419098456 0.13884608510478522 0.031077201549289817 0.011795716913692479 0.06936772354507208 0.18478906096224268 0.029704462268534848 0.00012176778540159401 2.6683754095256998e-05 0.15826589807315644 0.05235940048802544 0.11881525862403039 0.035224549828445036 0.08072950393078626
0.01578158832433827 0.00866699580961857 0.054079656801738055 0.09968958084648331 0.04006900357009998 0.012856272502457066 0.07970687018965875 0.22380349730214058 0.027135680163148608 0.00012173872963415597 7.5578525282312305e-06 0.15095284503686723 0.05148117246350214 0.12098864540481272 0.032932258298002275 0.08172663670496999
0.015940723816079926 0.01105234007249945 0.05170779928087523 0.1094179487117335 0.021860450994900995 0.005496826409938513 0.03108619795360097 0.11977434642373772 0.04650837976744652 0.0002894841141031556 0.00011954167297710248 0.25011229741577023 0.05146006205857861 0.1464669197397799 0.05395016494513096 0.08475651662284714
0.017315337973399545 0.010439929975149233 0.03479911807640141 0.11566343575722804 0.021734966765610576 0.008556320375846114 0.07237250028539662 0.1250589848503744 0.05546076941491025 0.0003056190471382292 8.584471600561103e-05 0.31048440048531223 0.04457987207350414 0.09809647320079506 0.01392350932977996 0.07112291767314856
0.033237124462067745 0.018585481878047375 0.05909601307689666 0.22571504394932482 0.03476043195440034 0.00992463571001348 0.0451518789167814 0.1972917662900919 0.03127711927292472 0.00013644676787185497 1.2213426637498938e-05 0.1764950126117739 0.02943161912416489 0.07252424046604654 0.017835867866662296 0.048525104226294566
0.028538717213634567 0.015535561355097365 0.060490610988697166 0.1924648134128679 0.026972703714449667 0.009266183522310947 0.04266461342948692 0.15872026170999007 0.037582687576356466 0.00019935977607961114 3.697803426014191e-05 0.20970572708855129 0.04091443256169553 0.08968111919008112 0.023735163060845887 0.06349106736559526
0.016955380930231294 0.01035631744382755 0.03401870720231402 0.11688741620580534 0.028860491790605045 0.00998952307230543 0.04841300743110255 0.1701627202802444 0.04556466211456637 0.0002949595821883409 0.00015395084853052875 0.24111514032600195 0.046811513136441385 0.12136112689048373 0.031186383049486194 0.07786869969586596
0.035467951527867636 0.019120017484910448 0.06472186745446219 0.2371258070971162 0.016776860832986865 0.006568625035685342 0.04718387750072997 0.09778746831376613 0.044039833177987896 0.00017372054387119616 1.4448905614798162e-05 0.24290071024381318 0.03386829362405461 0.0815781356902979 0.017045953945241013 0.055626428621594594
0.024698262466328034 0.015440349670547809 0.0754677674033892 0.16162134323201216 0.028177823374726785 0.009366021106699441 0.06340431622062587 0.16637857197121528 0.030846196228782305 0.00015225022508792179 3.053007855229192e-05 0.16699082544777546 0.05372534041876151 0.1058097085612012 0.015600933429366625 0.0822897601649281
0.019937168952900836 0.014311042297569111 0.06117435072751332 0.1323002102992445 0.03988179923720259 0.013299964868586573 0.07822074658577158 0.22503313287279575 0.02013422544947428 7.66349421757476e-05 9.223003736678838e-06 0.108492787891742 0.05477723931290826 0.11443693812321847 0.03260413608617205 0.08531039934898836
0.009657885560523483 0.007300313471199535 0.025597321240319774 0.06635537081706612 0.023516126443597307 0.008708476122776537 0.05649179523027112 0.13900637448058278 0.05177314843723752 0.00028310426820695535 0.00011360917839075547 0.2745628113834915 0.055292628913812224 0.14307471960390697 0.049764678493744434 0.08850163635487303
0.019050129188282625 0.012039818017790721 0.05985184892704839 0.12687998604509607 0.02338552937199315 0.008935031021403611 0.04423968216705447 0.1412615396177666 0.05432655170478734 0.0002048732448763605 2.0823211066414648e-05 0.2919824053046164 0.03695407249964852 0.09639176059653715 0.023287328574259483 0.06118862050777268
0.015119668383289075 0.008312651597520832 0.048533631975621785 0.09635087972673664 0.01542385080567494 0.00604560862123721 0.038236539608642386 0.08880885244959398 0.05841549891976578 0.00035210998712515573 8.875367032666209e-05 0.3272822512841686 0.05048802137511708 0.12471593220780318 0.04055530498877331 0.08127044439860343
0.017301777112240718 0.011112358121137325 0.0558123667670654 0.11379329997975456 0.02277402103190829 0.0100258666928218 0.07332813970417165 0.13149573494733588 0.03839836286419516 0.0001368032244071512 5.8746945228239324e-05 0.19902984934240706 0.056339948831766726 0.1391947058933062 0.0417471357173218 0.08945088282493201
0.015169653654070478 0.00943173224070696 0.04159473767835814 0.10212070811003275 0.03291101673992898 0.010973551437675751 0.03578718662114107 0.19755596797353142 0.04611343481510962 0.00023864604525656162 9.063335659842372e-05 0.25058698875333246 0.041441619773995554 0.11100654815657768 0.038352612102674516 0.06662496254100964
0.025391653138910304 0.014116688506839833 0.058143580570777245 0.16967481045673996 0.012512801508228278 0.005589629052730226 0.036660390366555204 0.07395005035961501 0.03922479502908289 0.0001708882430429891 5.108081455833514e-05 0.20807798838856337 0.056520617380549844 0.14607830736489752 0.0673398789834076 0.0864968398355015
0.02130865621536072 0.013288875225774752 0.06085720042326961 0.14216903051183255 0.038999964607101915 0.013428536481220938 0.0592117199088923 0.22499344236912144 0.03701322455201886 0.00014659692690324782 3.0329575065353833e-05 0.20043361132225013 0.0367837319111998 0.0791325050376595 0.01106839788484736 0.061134177047481454
0.034393127226089344 0.019818198155845748 0.030761432890271584 0.2417599149951201 0.025221395899047594 0.008509269988696552 0.03205501315934748 0.1520361031311262 0.04915549963508114 0.00024347129410948496 7.428296954709656e-05 0.27725941936858906 0.024507466625191057 0.051159078294952365 0.014482622881373279 0.038563703485612014
0.017007920561860537 0.016163339711825542 0.10711598163939814 0.1171385006611732 0.020977113138820405 0.007347718943016094 0.016798994884271713 0.12319300471706009 0.05169692444117362 0.00023979632388335296 7.559974006800241e-05 0.2747203527622018 0.04933080155241956 0.10417153101333512 0.014400606439832882 0.07962181346965992
0.030415375440082812 0.01743515399995585 0.07413436427145102 0.2047477795558371 0.029835487594035412 0.008649159169831078 0.03994739231956642 0.16909271339181467 0.03801955831295494 0.00018346467055139107 3.08237469511454e-05 0.2092909057447901 0.032199482743125424 0.07851046562387409 0.012669938331949022 0.05483793508322965
0.026208876643193303 0.015990786023008043 0.06349459406116313 0.17153346604491276 0.027296321573230063 0.009190820592553998 0.06739694330757438 0.15354165710089898 0.029692811737538773 0.00016943771746923134 4.596272834994414e-05 0.16811158979684007 0.05118436313270369 0.11027745583380273 0.025019001001862492 0.08084591270489845
0.029147698656875796 0.018666727311002388 0.06619230829709181 0.19292395880433696 0.03549537180542232 0.011384689128478747 0.05442813411744185 0.20562249801796398 0.02864561980968714 0.00013849624238523154 1.4584589558664423e-05 0.15932011123955706 0.04065425715070193 0.07541631755164925 0.017232661077308104 0.06471656620053874
0.01319729614162942 0.009791786372709763 0.05965452052144329 0.08567322864738587 0.019945500301375204 0.008543861757097242 0.07005957064739829 0.10937185937333718 0.04503303586846724 0.00018144270325623645 1.8884213385990116e-05 0.2418953500861776 0.05976300271674663 0.13901995551659763 0.04435341391616132 0.09349729121683104
0.019575081114634216 0.013307634340833223 0.04966766574793025 0.13527140097482016 0.013502831830119128 0.004403716516865666 0.00857252152623927 0.08243182121588485 0.07615482649180702 0.0003827630222885491 8.922797246636357e-05 0.4283236775629431 0.028152199882888237 0.07474075206934264 0.01794161909655932 0.047482260634378125
0.027085244292036025 0.015867945713092347 0.06879415087756031 0.1753813719885985 0.030976095705353653 0.007878943050173776 0.04640203646199914 0.17216866735673084 0.025134894541732074 0.00011882293770148442 7.3121020498258656e-06 0.1430558021016849 0.04726482676080253 0.11762796813415963 0.047950738693410176 0.07428517928291482
0.019838429778326575 0.010361702066298677 0.024841931571676107 0.13307674846488676 0.034516436016894 0.010844475304214053 0.09001168015430396 0.19136008179191472 0.027610460407281524 0.00011287206404532034 6.238068868129894e-06 0.15048825124198323 0.04835544096942995 0.128995866698867 0.05328663480772577 0.0762927505932842
0.01245771882925692 0.0075123726880931205 0.037279729540837955 0.08136404032795062 0.019754576509008036 0.008276128970188696 0.07517165060317829 0.11461942609584282 0.055261937530550996 0.0002771870323585431 0.0001357673011094183 0.3007607517003374 0.05073162998439576 0.13204714853506358 0.02198808088514447 0.0823618534666833
0.029661407835461936 0.019412314463184255 0.06763135125196078 0.20012660961770984 0.033799397478768 0.012495781861755048 0.06751927904210327 0.19311623468668057 0.027718094326409804 9.973573178668258e-05 1.4289048616149036e-05 0.1503857026753656 0.043347306501566964 0.07587296762884789 0.010479445414208664 0.06832008243557451
0.02835819858484684 0.017245579738875392 0.04335071302892122 0.1981742215186437 0.019349803286817697 0.006952036120861062 0.06501656074359047 0.10670140182892879 0.04817419136745485 0.00018745763851938925 3.660276228020983e-05 0.2585324413010525 0.036103352807070464 0.0916530602326913 0.02030990006209528 0.05985447897735085
0.019159903145224897 0.010365361393724275 0.03053346160897055 0.12806008573326838 0.025036261629225197 0.009932760482151104 0.06626822698884992 0.14628750337502133 0.04609767307938719 0.0002077557940165809 9.131739906472433e-05 0.25063295669782854 0.04449852867928776 0.11633493055532995 0.03530796328956942 0.0711853101490802
0.023958936332106034 0.016984126368187198 0.07395764304545796 0.16232701702652605 0.02007876620139991 0.005787374361873404 0.02682064143196929 0.1156300496879257 0.048324985664510337 0.00030261320213070597 8.302292014312044e-05 0.2681210613815327 0.04560048795987995 0.09722717788950326 0.0213653195408959 0.0734307769859585
0.034087474381136705 0.022938119965665995 0.0899131081862003 0.22929892122937326 0.029365486487256138 0.00951828306046199 0.034590353653425374 0.17405062927410403 0.02918867475344743 0.0001119938577698439 1.760128733706405e-05 0.15880054198263374 0.04070345268806916 0.07300275196799175 0.011267549532342167 0.06314505769278504
0.022345519083690056 0.014904243966015309 0.047384464287662804 0.15298953503886942 0.022356819903139164 0.008665584838294575 0.04587822596994255 0.13102016136783162 0.0583574750792356 0.00024928231071100687 3.613041240915936e-05 0.3274957260590304 0.03291654734242322 0.07085160486551804 0.011886164295487795 0.052662515179739265
0.03180498049624257 0.018361072346206615 0.06072843754862028 0.21583818287625728 0.02050145694961054 0.007427014790979541 0.05702250706556884 0.11306882317403907 0.03711532558790949 0.00015850468065718357 3.578858892235787e-05 0.20031414351874863 0.04187562962893939 0.10257363558544774 0.023839562895424778 0.0693349342664257
0.016888426924313703 0.008023152842327934 0.02256200498206252 0.11094225683545426 0.014230870272135243 0.005466952987912138 0.03381986501516109 0.08509617311093015 0.06110782501185758 0.0004581696113696678 0.00020031178365396483 0.3441742876525246 0.0504897675425514 0.12905763560270359 0.03353333119260427 0.0839489686324378
0.007396132410985689 0.008084708055347858 0.06329661417891269 0.0499354166418825 0.025040103154794068 0.008749330427611895 0.0618053675742253 0.14202896121960634 0.05053373140368301 0.00025268206288655296 8.223918295956111e-05 0.2659630305187877 0.0554009129694916 0.13983742993728177 0.03131659384079326 0.09027674642075016
0.037496808555496315 0.021508296370937836 0.07936453226456036 0.24776897667039163 0.02398130958707058 0.007472280325723865 0.037671211665109325 0.13879599050130417 0.026944123896168962 0.0001160866680575034 1.1518314911710748e-05 0.15114609290304004 0.04223478035114923 0.09268613626633587 0.025952513228585907 0.06684934243115673
0.016988276408403447 0.013571608016829165 0.04768833958215515 0.11977157797281028 0.017976746341791583 0.00854514811278947 0.06712177457411295 0.10437613295150401 0.05564882120474607 0.00020926296147374404 4.0246845137332696e-05 0.3005373125529993 0.04826245145865566 0.10475816420928812 0.01958013633845429 0.07492400046884945
0.023257978554492527 0.013470001408616266 0.019410916893568605 0.16168288532154043 0.023648602533848005 0.007811246256612686 0.04674745055586284 0.1396144828318943 0.06443683998747358 0.00037845038360015805 9.113353553668051e-05 0.37073714044982525 0.025720904222856084 0.056333856864651775 0.004042010866263853 0.042616099333357
0.028761001420768813 0.016595704874756746 0.04683636841295092 0.19493563816281068 0.03932720811794229 0.012120531987703628 0.04446951884634197 0.23081541431533878 0.028557402315065 0.00013986621204038456 1.5912585165638157e-05 0.1594056307689171 0.03505307618842428 0.07638701457646115 0.03160481777096302 0.054974893444349575
0.024698262466328034 0.015440349670547809 0.0754677674033892 0.16162134323201216 0.028177823374726785 0.009366021106699441 0.06340431622062587 0.16637857197121528 0.030846196228782305 0.00015225022508792179 3.053007855229192e-05 0.16699082544777546 0.05372534041876151 0.1058097085612012 0.015600933429366625 0.0822897601649281
0.011615282507600017 0.007512497978825185 0.0560394920915608 0.07334757890716251 0.03984113156567906 0.013480186197838442 0.0937976187698385 0.21921769713001035 0.023374761008558172 0.00010103079569235827 2.5143170104088905e-05 0.1250139165107939 0.06079066506240153 0.1442478269403774 0.03595617507884497 0.09563899628471277
0.018126439584191988 0.01105318285924913 0.034136932135174484 0.12480225730257254 0.011836887380071161 0.00324478166909649 0.017585113250290253 0.06634311869064109 0.0633553717675303 0.0004525157890007224 0.0001742944040599826 0.3617603922968347 0.0478629851870678 0.12147072959064088 0.04108910071362359 0.07670589737995483
0.027329717798547763 0.016222954693326654 0.0477787051513066 0.1858963451290962 0.01431697763048829 0.005245457949797972 0.023933794733477797 0.08521664097336465 0.059210320172512404 0.0002856200299197304 3.9138594429219474e-05 0.3365045251635347 0.03354694545887022 0.08131950900763851 0.029868317603334055 0.053285029910355226
0.03466456372026738 0.016836161330515652 0.045661856557587976 0.22957009165895573 0.030920086101529656 0.010560179620656118 0.0512428102481224 0.18450464680196904 0.03292233240815824 0.00015912163093826718 2.602371531059273e-05 0.18471430442381073 0.03126993858445315 0.07419845656568348 0.022277376911967208 0.05047204972007436
0.01584543427685867 0.009707164498194606 0.053746737188740804 0.10881947591739403 0.00900234667631418 0.003401530866940298 0.03481054116159236 0.051795482285252166 0.04872285830668094 0.00031643469309043177 0.0001230626589047776 0.26766932750964073 0.06875010038489451 0.16736795073487257 0.056035934128256866 0.10388561871237213
0.019434454994509992 0.012417223846580958 0.04053054582407683 0.1355385674140402 0.030728357474858716 0.010203993433743477 0.03319077245321821 0.18330261921243704 0.05435148636929985 0.00023762285961572094 3.6733134729707055e-05 0.30180980120071116 0.031157317031043585 0.07531453578759052 0.02155182338118725 0.050194145582356846
0.020859701944763467 0.01137241469630546 0.05742579525954212 0.13806486037661667 0.03288972680376865 0.011369300717832391 0.0711809200476436 0.19149074550006231 0.031469094174658006 0.00011502328638193687 1.043083831381934e-05 0.1664252536808443 0.04651465896278619 0.11652388584611736 0.030665980713534713 0.07362220715082908
0.010969768846007902 0.006333774488243444 0.041200752185067496 0.07020857576780988 0.010620445126032156 0.006606047862389731 0.05220968054781173 0.059276697750895085 0.043397993157927854 0.0002854896948732811 0.0002157591118519893 0.2234274907086142 0.08097913192280537 0.20138776722181717 0.06595618548829782 0.1269244401195549
0.019971005680134088 0.016184432818058023 0.06401252266345277 0.13745580121459278 0.03324376645111018 0.011012757978967063 0.05450537911218086 0.18836680932902908 0.03319431049221287 0.0001766049221094298 3.772895321337198e-05 0.1844131378106822 0.05262243846578986 0.09771975137893767 0.026524154232737275 0.08055939849679258
0.045824682974366704 0.025262491792958707 0.07412161541711434 0.31023675437001574 0.02960750953894281 0.008602386407614482 0.040044922719217245 0.169269933809473 0.021252579674893156 8.912070667255882e-05 2.3778179547064352e-05 0.11724838282502582 0.030703502082343525 0.06448613460375889 0.013130931824234606 0.05009527307382138
0.003981304535563038 0.005032217383405968 0.043894258099829817 0.02630014077328039 0.019887049819850476 0.006143866538515413 0.033163667737723855 0.10912224758707856 0.041593125402808934 0.00026565277025295583 0.00016497851738624036 0.2154019858838093 0.07648055107889153 0.2082544957701615 0.09014502799819703 0.12016943010324505
0.028456571533640982 0.016788619487197242 0.08080650607440094 0.1907799860730777 0.02852526104209145 0.00893618661627031 0.04464100173766777 0.16542230307921799 0.03613287479019596 0.00012676580317008896 2.6259534206930933e-05 0.1914368721496547 0.03607928107296156 0.09533993274012396 0.01646050217931835 0.06004107608680403
0.01832898979873542 0.012379832281182186 0.05600218598558194 0.12120978401370834 0.03730392856059729 0.011461644270859826 0.08968576016743106 0.20808332046645836 0.02174734637240531 9.034745256941718e-05 9.066025172089042e-06 0.11676710153599178 0.057693007735249255 0.1277180831814081 0.03316183281903707 0.0883577693336125
0.01711517878378514 0.009678488510554662 0.036548616369430534 0.1148755381184079 0.0231954851271216 0.00738385549134719 0.05814580108873279 0.12909664047101624 0.05119492269388215 0.000257583401806322 4.915910165395411e-05 0.2851319981689942 0.042648896178899616 0.11777360704473541 0.036925796914133224 0.06997843253549907
0.022813959696067306 0.012626539719154969 0.04044872184336862 0.15183355101863683 0.024009077611528318 0.008167347400470811 0.06158909244776809 0.13395725481746049 0.0409970439181847 0.0001999379026891907 4.790831066732255e-05 0.2260818425417261 0.0458553130981378 0.11628073072750963 0.04157459182271535 0.07351708712391446
0.028466532153539236 0.017253373286108452 0.07042791638034993 0.19078287124930932 0.035836854540497544 0.012747536161215716 0.05752806779869605 0.2107192246679076 0.03072319741372023 0.0001230215068502453 1.1809465329748656e-05 0.16716177359429776 0.0377588843460257 0.07187600328328962 0.008548561059639014 0.060034373093223896
0.01308504115582106 0.009432591552808255 0.04989992057569797 0.08599828829983112 0.030754892582040637 0.013292630638069895 0.07586333958150007 0.1771188401686864 0.0384932918211845 0.0001716059881427161 3.475683172996832e-05 0.20882509783419034 0.05758249529617508 0.11684533003325145 0.03382244697822081 0.08877943066264966
0.01601703245217931 0.008603580681838538 0.048569271002721834 0.10502793764543854 0.02846195667127052 0.009912609520627868 0.06332612105386139 0.16562604542750758 0.041567848201373145 0.00023099791454772267 2.6779284175043244e-05 0.22550110727317144 0.050418703994166134 0.11967306285965451 0.03680161364838712 0.08023533236907941
0.028652993341283593 0.015616341313956018 0.050414929573530574 0.192444448642517 0.040258422952428444 0.01191808015220274 0.06608246344458515 0.2282756869161302 0.025101482996557935 0.00013673750418522512 1.534518157619068e-05 0.143063266000849 0.03689562089889599 0.08383994608697724 0.01798713769106637 0.05929709730325843
0.03415933382016343 0.02345066324723177 0.08150253329232339 0.22722410330364773 0.019560036877361405 0.005706918755663496 0.039826826859919236 0.11312403928923405 0.02890449187786931 0.00014834825026496803 4.110230750195649e-05 0.1590248694455519 0.05315054593240692 0.1031865033950565 0.03000206620004138 0.08098761714576255
0.01575626162567565 0.008701534163994527 0.047949438604598146 0.10581058738790991 0.041311602129045936 0.013140905383915137 0.0538321560938785 0.238249989858507 0.03442288859085453 0.00015036747130253017 1.0988973528334956e-05 0.19313852724154226 0.04208617582220756 0.10369591211121852 0.037068313305656915 0.06467435123616451
0.026394905972355786 0.015731060728701923 0.04226074301777225 0.18294002295443734 0.026380970081584205 0.009877352923700896 0.07188591057507163 0.14928150899390066 0.03861499473750748 0.0001476999757155556 3.0333845514570903e-05 0.20873172391650988 0.041953428353432874 0.09626254363804906 0.023364175857420403 0.0661426244283254
0.017156154463986648 0.011641606632089439 0.05374756088799324 0.11547447999612871 0.024441839360488247 0.007938406427499453 0.053601404494294055 0.14174112199494593 0.047272249340995 0.00027092563163991294 9.202135080359073e-05 0.25929549674586844 0.048425264737500084 0.11555952858448677 0.026295914114820244 0.07704602523646022
0.023015765296765096 0.015317027771563544 0.03816423465665637 0.16112673465125263 0.030977537924818565 0.00925329079349338 0.07191548495178822 0.17498239920118697 0.0470407953197327 0.00019053089698853258 2.1868392197556696e-05 0.2596774984603882 0.031302375698648244 0.07644879925965657 0.008864318131115404 0.051701338593748106
0.014409058014076267 0.00987886799191685 0.031278279729671433 0.10284963584849385 0.023172141959753777 0.008574904149054556 0.054543195057315544 0.13153154101209397 0.0547823138364172 0.00030779007374987264 8.485964363044736e-05 0.30126068001055895 0.046878436644287126 0.11215979492011315 0.03275457983535664 0.07553392127351037
0.017940775730580335 0.011858845170716819 0.04945720592104 0.11876297515786088 0.020869276680709096 0.008606164501502703 0.058803534472852144 0.11964181642414401 0.04763383170143044 0.00021787303681857834 8.979847383924902e-06 0.26897099858268386 0.05214705464250303 0.10704602452933795 0.03987191742039262 0.07816272618004363
0.016899102243498516 0.010064315886975837 0.038370706931623755 0.1128836967200801 0.02198935232457163 0.008423899326500502 0.06241669982077277 0.12499183070637293 0.03125509029253823 0.00016158329519263675 6.571127770366274e-05 0.1665374171147635 0.06744170039572375 0.16396810989941354 0.0732566173530895 0.1012741664111791
0.039984950406358265 0.020989645970997672 0.04397065291424597 0.2712923744707743 0.023924600683088822 0.006613998939292087 0.040191268183390444 0.13719092427343657 0.04099142731458559 0.0001906680052270433 1.2964513714191823e-05 0.2360326629387505 0.0237194549466165 0.05887678907960717 0.016495369912569467 0.03952224744734547
0.017343004329666616 0.009288102287951579 0.03884769161155699 0.11273902355300303 0.021805149831129442 0.008068399636501406 0.04973038181198629 0.1283168607995908 0.039487123134992544 0.0003803955905361495 0.00020832052975465603 0.21734990331897408 0.06548275916617932 0.14779351715310543 0.03884087028601536 0.10431849695905628
0.028783314000394945 0.018432625939960742 0.06520736522102169 0.19450738790792954 0.026252115836589526 0.0092186267253843 0.04019155539782052 0.15206047431743336 0.0401221171086211 0.00021181635289304368 3.991886419882898e-05 0.22695288034755431 0.040905338128102944 0.07589701715677143 0.017375289822512487 0.06384215687281117
0.013037062988101485 0.00694561921085308 0.03162575496045998 0.08700542422672404 0.029576092033035885 0.01028082613446362 0.07235572154150474 0.165015083063273 0.043134001078586275 0.0002804523177711453 7.570129097235672e-05 0.24363855818395738 0.05297580799989803 0.1260795684995493 0.034397979001832696 0.08357634746901697
0.028860861868772108 0.017098968309452057 0.06831132567454157 0.19265953721654122 0.03361989159351597 0.0103023813241193 0.0624787010800395 0.1906287289726222 0.024323188709695395 7.561586507751524e-05 2.5509085215311142e-05 0.1240905378251603 0.04261583483022219 0.10724332670757648 0.02818655703614474 0.06947903390130415
0.01813552854944047 0.013272055275741053 0.0669110740427081 0.11950312431032818 0.020372755265518745 0.008409421772980227 0.052760024719589994 0.11647760022210904 0.035964941961566084 0.00013311441540141407 1.8279932109011496e-05 0.1916064359681512 0.06260380806202386 0.1434962974694588 0.05382018252604338 0.09651535550683042
0.01245771882925692 0.0075123726880931205 0.037279729540837955 0.08136404032795062 0.019754576509008036 0.008276128970188696 0.07517165060317829 0.11461942609584282 0.055261937530550996 0.0002771870323585431 0.0001357673011094183 0.3007607517003374 0.05073162998439576 0.13204714853506358 0.02198808088514447 0.0823618534666833
0.017438247845360525 0.013294651553833253 0.08096095562531717 0.11602891725271679 0.028877792387405777 0.008524140427398803 0.05090938752344335 0.15921343213699965 0.03480406271781906 0.0001852477199136723 9.19852171418748e-05 0.1926414766223531 0.05668717745994355 0.12536427921958193 0.026521880766588433 0.0884563655241831
0.025409263601345974 0.015366404030840851 0.052458842371585844 0.1740922226694947 0.017671998324880287 0.006009749601683048 0.035774212829995156 0.09895988082759993 0.05630227584003483 0.00025017728073739587 1.6367159861907997e-05 0.31966880348174204 0.034571393613016636 0.08317018521003679 0.025154791270802997 0.0551234318863416
0.025391653138910304 0.014116688506839833 0.058143580570777245 0.16967481045673996 0.012512801508228278 0.005589629052730226 0.036660390366555204 0.07395005035961501 0.03922479502908289 0.0001708882430429891 5.108081455833514e-05 0.20807798838856337 0.056520617380549844 0.14607830736489752 0.0673398789834076 0.0864968398355015
0.010356478026890504 0.006969192386018393 0.052117830599872496 0.06917036037335723 0.019694827250866107 0.005211970188712078 0.03162785133856148 0.11178218290502864 0.05265788738085299 0.00038570657704265296 0.0001953014188965063 0.29329575808855435 0.059338957789417696 0.15523368919545283 0.03750590782790951 0.09445609865256652
0.014843763647809394 0.010837709206113306 0.05619023256803586 0.09634611636021966 0.014956121714953106 0.005177318387000669 0.044535412661619284 0.08384599872157546 0.03528283605739164 0.00029736385473807435 0.00019241345074822534 0.19195015891434972 0.07693995760557298 0.18778065164203042 0.06097278916811268 0.11985115603972951
0.016799010983364494 0.011826806685409173 0.07992466515522123 0.10927129935422297 0.03738801541521784 0.01322954175116615 0.03440928770910571 0.2219038481938172 0.03858028583612502 0.00015093637634924745 1.4918630380259313e-05 0.208778611632393 0.04295040587052482 0.09116386168713608 0.025843906293981107 0.06776459842558569
0.013439034525068403 0.009094418529701007 0.03714942317573128 0.08883197525464784 0.02253300611713217 0.007611360871308263 0.07323674634980087 0.12434165893898641 0.05331902286988674 0.0002505874238013861 8.230872154495512e-06 0.3028578023985138 0.04854811515611061 0.11202128881198717 0.031760537004312625 0.07499679170085694
0.030189472096462548 0.017457760763565276 0.06457296157486302 0.20461148873342602 0.03771759991279813 0.010612159175782553 0.04149090352677789 0.21711003045394844 0.030176134747691794 0.00014266120623854586 2.182909979642801e-05 0.16767917692647122 0.03204839852861712 0.075187246460938 0.01896976073889091 0.052012416053732205
0.025255841178969687 0.016501436267608572 0.06287129496762098 0.17259915035807802 0.023727013679326725 0.009117631810987481 0.06110590866168379 0.13377221812522977 0.037963245526014246 0.00015529417850672627 4.31751005169639e-05 0.19946204757119967 0.04820927839716777 0.10732981270278594 0.024286104011670515 0.0776005474626332
0.01762774772310454 0.011947197406241934 0.06053637312971552 0.11780947382014592 0.025650415433652228 0.009102291690669461 0.044720072883367754 0.14824999226953828 0.04181335814524448 0.00020070815745959752 5.83537587066968e-05 0.22525431261185652 0.05100314670686268 0.12366813518872145 0.041653377305244654 0.08070504376946822
0.020485845756007218 0.013872829933516628 0.07115842420185141 0.13210666248486236 0.011850361358278185 0.0042966949528284 0.028008787766855663 0.06475504701114666 0.05454777377684906 0.00028983417130634285 8.453016892780046e-05 0.3015135054472733 0.050801810804849405 0.12374537629772688 0.03949442316363577 0.082988092704085
0.020512626293667485 0.01287386941191968 0.07837495910109314 0.13576329766856723 0.017575658045469966 0.008240757591278248 0.06558510714427031 0.09671728910016963 0.039086996426151946 0.0001403227948724309 2.279192233250135e-05 0.20827464133189072 0.0591654096811479 0.13548177543191464 0.03022917500976967 0.09195532304548461
0.04454517857024138 0.025290858333698648 0.07158818874711102 0.30412032880439455 0.021003956470526806 0.006343934831480207 0.031091438969834274 0.11977849151033694 0.02982039252258578 0.00016461856380066178 3.0690694875651254e-05 0.16800410019893594 0.03550524345357029 0.06894499032051524 0.0176769798935086 0.05609060811458411
0.015499360378512213 0.008659458336722084 0.029185140051434626 0.10507188281748948 0.02026275693378598 0.007775765379636942 0.02855112753775471 0.12162817193100059 0.05759534837259193 0.00042764025289017936 0.0002088248828547239 0.3180058102540394 0.048881886740475444 0.1244142645038605 0.03183337577633745 0.08199918585061373
0.02308381395813459 0.014264755890344255 0.05533041260797155 0.1548457700187971 0.05537241319456998 0.018446826557908 0.06392831663110823 0.32759897826987916 0.020062461338288894 7.629360340673846e-05 7.133439554234508e-06 0.10856698290587885 0.034668525563058696 0.05972167536190594 0.010041571619676207 0.05398406903951758
0.01921752829260251 0.011546822078873033 0.05367097602431118 0.12348546568342121 0.017149980079820396 0.00675824122721373 0.042085737688941714 0.10232287268719248 0.054036852128071244 0.0003712534374222139 0.0001325310120873885 0.3018950069867756 0.051036394749521624 0.111904499654859 0.02118273492975821 0.0832031033391285
0.031992107749715885 0.02006571798963464 0.07916466630180892 0.21531216142418702 0.02686600241481387 0.008216868921990651 0.03528616233032318 0.15735373861010005 0.03790282605454062 0.000159528848082274 1.1675404498568071e-05 0.2094507221681261 0.035120746837527556 0.07388141426182615 0.01252992968264897 0.05668573100017552
0.016328483337015684 0.00967994018718603 0.05376232192871934 0.10834806642826704 0.01875609002076769 0.007716236737899246 0.05383382330222234 0.10781266182029885 0.04817953563077851 0.0002394575803293674 6.504466914273136e-05 0.2584466551890564 0.054150143695885174 0.13422752495307821 0.04158052942677677 0.08687348509257667
0.02800604187514359 0.01473232167431717 0.04783941751118835 0.18664994171162813 0.02462164610768467 0.010274741010595544 0.05381969215128459 0.14890768310667282 0.03750707636042243 0.0001565516872566925 2.2904882758591688e-05 0.19993722944579992 0.04260052253832734 0.09935084502693162 0.037846507915138536 0.06772687699485003
0.01398921084067878 0.009987075735832879 0.05060666514792691 0.09373387995872975 0.02984812614672408 0.010022302882419334 0.044025916051853436 0.17352939749326055 0.046020201013407785 0.0002142630494180719 3.219551083913732e-05 0.25076304339663197 0.04677562623170894 0.11254648863663701 0.044077489193698915 0.07382811871023238
0.013699633249778175 0.011225865918282788 0.05955486097237429 0.09373746164174296 0.012996074636814837 0.004771661292476447 0.03629762849300788 0.07464750686482954 0.05181836256932448 0.00035271236901166994 0.0002181056204818402 0.2743434927085087 0.06435231815278065 0.16152403230459553 0.036710220546556684 0.10375006265943347
0.02424998611833386 0.016457772435840318 0.07010055714791269 0.1664194070701904 0.028844663057105233 0.0075463741284117454 0.03207886471615516 0.1592528703755556 0.04731012887207973 0.0002497939837118764 3.073165196615692e-05 0.26924102866055905 0.033802944185058054 0.07376383175668257 0.014983359236268683 0.055667686604168924
0.026923679314721245 0.01820924618134887 0.06949305133466227 0.1824037261395647 0.03240139276582502 0.010992676617041067 0.04260240023272308 0.19123125315668807 0.03363274642464051 0.00013346526935020402 1.3966815865175298e-05 0.18404160366836192 0.04163403501841446 0.08087776328750987 0.020658233495517795 0.06475076027776579
0.019000822072841223 0.01115933556664212 0.022896965293341332 0.13506168894836346 0.015073759780442172 0.0051808580918554555 0.015624171011319687 0.09283408240351142 0.07201010819648235 0.0004629983764800611 0.00018935558798286747 0.40258506259153004 0.034964785220519164 0.09330298747906741 0.02079173880570714 0.05886128057391424
0.013364638876857765 0.008640724396076528 0.027773296621162718 0.08883520149204162 0.026240655641783343 0.00887995359843426 0.07540399362537256 0.14690113970866722 0.04207749263903714 0.0002323882333315234 6.020916169807194e-05 0.2348576327382105 0.05494019360311249 0.13612797829849552 0.04995511436548262 0.08570938700023614
0.01591970740966164 0.00933029773568085 0.04945547599427379 0.10351234064256196 0.03246365608633542 0.00923059750413669 0.056263164781562146 0.18917129449925285 0.034561228288790664 0.0001576829889826127 5.033328139075497e-05 0.18305253761905377 0.04998247986322298 0.14015584864837546 0.048117763323917484 0.07857559133280091
0.01105247652645644 0.00944860796446903 0.06555943900591857 0.0723553180873144 0.01213890150742355 0.004511960047747303 0.03320118425756178 0.06895983537538618 0.05731776116367386 0.00032180019647776935 0.0001728732925330627 0.3085241990106816 0.06126968537104872 0.1558461627842653 0.04185054903390758 0.09746924637513485
